-25.172509296 -6.395781492 37.459827372 -0.465138666 0.655497620 -0.008818414 -0.594887491
-28.839561301 -8.140883750 38.796993391 0.335676131 -0.078660758 0.715111928 0.608069857
-26.954052248 -4.336298016 45.100422971 -0.363147079 -0.158549907 0.893762779 0.210176642
-16.351617017 -3.182679744 41.609999079 0.481287877 0.044486420 0.698753913 -0.527376438
-15.122910056 -10.292275636 39.559999442 0.111270946 0.606801898 0.607645054 -0.500177690
-12.395288661 -5.177984331 39.675726073 0.942404732 -0.054585235 0.322574877 0.069564518
-26.969773290 -5.840522306 43.585848735 0.017458397 0.759214130 0.650582641 -0.005597964
-27.756225451 -6.052343409 42.111904501 -0.281799487 -0.555611436 0.665089062 0.411754199
-21.100281764 -11.977166108 45.637536985 0.152294154 -0.944013516 -0.247795981 -0.155698823
-16.476278108 -14.063491252 39.447882774 -0.110288397 0.259751761 -0.049588760 -0.958074343
-14.324697940 -1.356299307 37.539062408 -0.442617233 -0.165532965 0.712098185 -0.519235011
-17.437412133 -1.285762892 39.835546056 -0.609611275 -0.459541269 0.362948599 -0.534288527
-19.672597982 -9.585654560 41.437493276 -0.839759331 -0.267597356 0.007601182 -0.472375002
-26.128653224 -10.737879922 41.267663824 -0.648188437 -0.281656250 0.408731081 -0.577460310
-21.677094038 -13.490618712 45.051604275 0.395501212 0.353008405 -0.754195748 -0.387495330
-15.154665422 -8.100085907 44.767185960 0.890527900 0.102187986 0.175850639 -0.406932707
-19.743960185 -11.789246232 42.940980648 0.542424236 0.169260334 -0.610544124 -0.551690820
-17.556462476 1.104777063 45.042494527 -0.000850355 -0.711579247 -0.536991268 -0.453094505
-27.299592755 -2.652002254 43.495863332 0.105579330 -0.415187051 0.896261098 -0.114842337
-14.836181409 1.812428778 41.511538810 -0.562796036 -0.261897574 0.371800739 0.690242344
-21.496657719 4.253261706 38.330316545 -0.562502732 -0.671846706 0.016327992 0.481607804
-30.362205558 -4.877289246 37.270595052 -0.794449779 0.186820002 0.521628982 0.248698697
-15.069491485 -6.032465831 31.872639517 -0.093825943 -0.499176712 -0.842895047 0.177615435
-28.060680402 -6.739240554 41.255574828 -0.662342015 -0.208591638 -0.645688754 0.317613942
-12.702008588 -6.838415998 39.145065670 0.241336856 0.094202095 0.384210338 -0.886151739
-18.126488466 -3.897871884 40.288391822 0.602002569 0.077684429 0.772379604 -0.187050219
-21.192491759 0.455561352 37.559940456 0.562398214 0.395521801 0.387207466 0.614280988
-30.141574510 -3.287620103 37.127142874 0.238027958 -0.231878045 0.408554537 -0.850093203
-19.797867755 -7.083959945 41.843332941 0.035988216 0.466880242 0.438291455 -0.767221147
-24.438131263 -3.951065739 38.391372845 0.262318607 0.565178962 -0.515746497 -0.588019761
-16.968221168 -8.133762980 47.428462203 -0.609711842 0.391008497 -0.602642153 0.334942174
-19.413124005 -9.215809328 33.826187838 -0.796654377 -0.500407983 -0.129649040 0.313248751
-16.341109848 -2.686578228 32.781077139 -0.026713267 -0.926125594 -0.353813286 0.128038838
-22.904213166 -1.794996155 31.055158908 -0.813355767 0.200340243 0.253616531 -0.483730129
-15.859459105 -3.197986567 39.285476008 0.268604058 0.286915793 0.813813799 -0.428063417
-15.930729316 -6.489256839 45.134834872 0.294743602 0.424501978 -0.671542414 -0.530994412
-19.767087045 -13.799408800 43.155504539 0.577665997 -0.292230975 -0.295953066 -0.702363749
-27.210011122 -4.636863501 32.251417133 -0.711644407 0.311539769 -0.457150688 -0.433034016
-15.816398410 0.863496302 34.099044073 -0.795162600 -0.575348813 0.189706666 0.026487042
-12.745781554 -6.144850933 44.312536383 -0.239688697 0.887743418 0.392975018 0.005620260
-23.802405312 -4.772456973 48.319615519 0.526358284 0.642968147 -0.034236763 -0.555307809
-22.304954696 -3.546780027 36.773063881 0.155979142 -0.467007121 0.038333911 0.869543195
-19.566257692 -12.544336775 40.244023432 0.819064826 0.474668954 -0.134627609 -0.292741526
-23.276366106 -9.343918741 31.282392493 0.084360416 0.959432007 0.199992893 0.179934397
-13.812052356 -10.086102194 38.343870557 -0.016695104 -0.331722247 -0.745116453 0.578345135
-19.472687824 -1.433235674 34.642110503 0.434230447 0.260858638 -0.371610007 -0.778012013
-18.037432424 -4.733500790 36.424266467 0.709426862 0.130378015 -0.511219353 -0.467300625
-18.840188411 -14.655871060 38.225919915 0.362376156 0.837306540 -0.315231379 0.261209605
-24.019727790 -1.626610326 32.409124743 0.277283316 -0.365437552 -0.351845858 0.815949662
-27.040716941 -5.985552544 39.364568067 -0.377897045 0.315333496 0.843418707 -0.215414702
-17.576437349 -13.416699774 41.564304994 -0.961824737 -0.140973323 -0.169958406 0.161659636
-12.898862568 -8.886403803 36.881545105 -0.678879837 -0.583244462 0.336866396 0.292350980
-24.778801053 -5.064146797 30.978502626 -0.751605591 -0.079328145 0.131825571 0.641418817
-13.016742422 -0.911349815 38.455162336 -0.559507143 0.488543039 -0.619962827 0.252831068
-17.933723757 -5.428100709 39.240024779 0.075753782 0.129753037 -0.899473876 0.410331890
-13.195119066 -3.302221841 35.137265265 0.076226774 -0.982575388 -0.084225369 -0.147109390
-24.857524397 2.286922869 43.946606176 -0.501384110 -0.842064203 -0.114854610 0.162327665
-26.055376557 -1.940898397 40.292669348 -0.420434280 -0.832226158 0.352112158 0.081557753
-28.153777224 -6.898396267 44.443866066 -0.341269833 0.688827324 0.227711443 -0.597661541
-26.900470528 -6.474781775 39.880386283 0.432440849 -0.408169749 0.679982416 0.428971189
-25.498176472 -9.550970608 45.019829115 -0.067433882 0.522174705 -0.683832842 -0.505132551
-29.015708384 -4.701029882 34.255034232 -0.529214298 -0.441836290 -0.667555476 -0.281216297
-23.684655117 -3.827902021 36.029438723 0.363312150 0.447142833 0.710187267 0.404600562
-15.566287584 -0.257495702 38.571943446 -0.489969411 -0.017910516 -0.850412517 0.190808124
-13.811766918 -8.263167258 45.653764001 0.626866067 -0.533291120 -0.029850169 0.567228775
-22.430088870 0.168754511 42.405067123 -0.061610189 0.451684697 0.023400628 -0.889740147
-18.330755873 -12.733011070 42.573569034 -0.468197010 -0.220684680 -0.771157025 -0.370684063
-17.572557116 -11.821792356 40.925448746 -0.250984409 -0.071909149 -0.957301701 0.124134417
-23.281825626 -5.565080567 47.479383637 0.130845221 -0.420834722 -0.157351075 0.883752400
-17.412453759 -3.478402073 31.793975293 0.075909977 -0.233252206 0.936587447 0.250269931
-13.515715220 0.243518594 38.793831899 -0.126405058 0.336689759 -0.598766187 -0.715640148
-19.151767550 -4.015421219 35.198662932 -0.424538484 -0.040382784 0.898808162 0.101391293
-29.506412198 -3.862780107 35.757247664 0.754402642 0.583212207 0.016657202 -0.300770200
-21.811209041 -0.834313821 36.796814534 0.493289456 -0.699829134 0.340158314 -0.388840606
-24.134798453 -9.053730426 44.926718935 0.073048559 0.455463449 0.004656218 -0.887240257
-25.433043869 2.895283562 43.044502731 -0.358654296 -0.923344172 -0.107191635 -0.085513676
-15.154106444 0.460513011 44.790552490 -0.944975913 -0.271038744 -0.174814559 0.054757586
-18.213845613 -12.221800786 40.689041838 0.958982312 -0.069620603 0.093378328 -0.258430619
-19.752327095 -11.572225402 34.587157327 0.935838604 0.052385671 0.084826196 -0.338033084
-19.613712366 -7.105617813 44.489449263 -0.170896870 0.918715092 -0.014510467 -0.355733449
-24.143502582 -0.397554991 40.459063660 -0.363911031 -0.623739464 -0.585997456 0.367593286
-16.366444421 -5.352543056 37.634660778 0.301815106 0.544276943 -0.765671689 0.162533429
-11.778231409 -3.241170338 36.744784373 -0.781155931 0.088883669 0.093781432 -0.610819243
-15.647197628 -5.325181343 43.406975369 -0.307471326 -0.815934294 0.282209288 0.400088151
-17.171252342 -4.903852749 46.569194087 -0.977089687 0.064925157 -0.202359769 -0.011445184
-15.836776418 -6.828486889 31.090937513 0.969763094 0.106819725 -0.044617553 0.214844974
-16.243320287 -9.997193158 38.666357379 -0.049725064 -0.942344821 0.186507591 0.273365279
-29.940781980 -3.930387315 35.956408845 0.773072300 -0.122451315 -0.086281573 0.616376821
-20.663917011 -4.591007144 46.099283007 0.132592773 -0.327150778 -0.786855404 0.506211515
-27.273497018 -2.498912684 34.262704379 -0.067636114 0.631356667 0.529858034 -0.562196211
-13.414217810 -8.761825679 34.270075797 -0.636779075 -0.156264594 0.263440121 -0.707596700
-19.275055708 -7.654130808 41.699854477 -0.297955219 0.231995392 0.024111349 -0.925645433
-20.829871810 -10.860877818 33.269737112 -0.985905415 -0.155388190 -0.034790914 0.051328512
-21.691269049 -10.718156496 39.843870616 0.732639553 -0.180057355 -0.629293346 0.186570415
-16.116502418 -6.379621405 35.988045856 -0.395964147 0.701351930 -0.455948136 -0.378720427
-17.812861227 -12.388820855 41.816500105 -0.893029503 -0.019692157 0.299361934 0.335399700
-21.557014774 -1.656218720 33.954922101 0.151645318 0.666627672 0.653527954 -0.324826811
-15.673469450 -4.516679505 41.489993212 0.065389298 0.012216182 -0.943561801 0.324447427
-25.636472066 -10.556130004 40.543113464 -0.517945273 -0.672325749 -0.486799373 0.206729660
-16.230707781 -10.788681154 41.252090064 0.483961425 0.499089442 0.137186477 0.705599701
-18.757550604 -9.567333896 32.361150423 0.126740087 -0.750749151 -0.429793184 0.485376638
-27.533281475 -7.943873756 40.494147347 -0.186800717 0.366884119 -0.021498937 -0.911064943
-27.647835757 -1.047041715 35.722165046 0.353573076 -0.068714919 -0.912982281 -0.191644707
-18.765345375 -10.514803047 33.474796847 -0.840412991 -0.426106958 0.012581890 -0.334634967
-27.984191008 -8.869461810 40.334947361 -0.225916050 0.065522107 0.452332123 0.860269982
-30.355801379 -6.893027942 40.940514512 0.855978544 -0.153374356 -0.470885350 0.148472309
-24.613432186 -7.378810362 36.711239092 -0.295848193 0.889929551 -0.168670621 0.303396544
-16.328833784 -8.849810445 42.510711763 0.618354378 0.415303453 0.576034148 0.336668332
-15.752214864 2.682492702 42.204766943 -0.113057042 0.342859021 -0.632075240 -0.685672435
-21.805406637 -8.608538440 39.011025019 -0.552565238 0.525615251 0.627250637 -0.157977542
-20.848371422 -0.125673525 38.364161474 0.539380267 0.045683184 -0.759226695 -0.361326445
-25.577733822 -5.970431692 43.915182736 -0.434956617 0.314267787 0.800801146 0.266018842
-19.127906416 -8.008804682 41.243431852 0.330946851 -0.588045257 -0.737618657 -0.024406444
-23.541567403 -5.012811272 34.662303289 -0.417300377 0.703442573 -0.444512477 0.365291117
-20.571135795 -3.910636215 34.881713236 0.407328153 -0.368832961 -0.040415434 0.834513400
-16.534630346 -11.867411622 37.353115701 -0.292112731 -0.125421758 0.900421560 0.296952099
-25.614579331 -13.209004114 37.010463380 -0.713343125 0.514026676 0.337977019 0.335692860
-17.879054856 -0.872986827 47.815954129 -0.043587384 0.726881618 -0.355851913 -0.585758200
-21.627391341 -10.183692015 30.934350096 -0.734063552 0.388524495 -0.535686505 0.152444703
-20.255464878 -2.732507659 41.041203464 0.469314832 -0.299739469 -0.115402293 -0.822546138
-25.514014573 -10.209972769 41.497079418 -0.988163002 0.018542895 0.119037873 -0.094973824
-18.825820400 -1.082450368 40.510463668 0.641576635 -0.711214927 -0.147468476 -0.246588318
-20.614252655 0.563428002 42.266221742 0.167408820 -0.020677188 0.052801895 -0.984255404
-22.195802713 -14.753728009 40.020253805 -0.047131950 0.199982063 -0.848554681 0.487586614
-27.632472105 -1.501850383 43.271927740 0.936063424 -0.012756255 -0.261473035 0.235062536
-16.830459389 1.027726491 43.596363598 0.374740139 -0.727892062 0.569866367 0.070677420
-25.624344940 -1.066760845 46.156050450 -0.712833420 0.091582107 0.147411938 -0.679522592
-23.939055584 -1.466207110 34.637190460 0.466886389 -0.372947173 -0.132532424 0.790798750
-29.907062029 -2.298470595 39.087342763 0.895771244 -0.190008873 0.282758877 -0.285548462
-18.687384817 -0.086563263 40.106159142 0.305178905 0.007070575 0.143662482 0.941369712
-28.291570289 -3.878795624 42.085338580 -0.765505340 -0.024825257 0.574698666 0.288282369
-11.980722125 -7.516910143 41.106012825 -0.237869521 -0.242171144 -0.897227959 -0.282406121
-23.091086687 1.129187540 32.363304397 -0.216176484 -0.836144766 -0.480342390 0.152973353
-15.819627989 -5.106628425 34.892794018 -0.389013260 -0.306983150 -0.456318563 0.739055748
-26.312848293 -3.157919657 43.526042029 0.097911485 0.066449151 -0.975257690 -0.186735880
-21.250609289 -0.661342314 42.280283445 0.332635072 0.059227302 -0.941091670 0.013874550
-23.963431943 -6.803643994 37.155616485 -0.796155519 0.101937779 -0.506727319 -0.314598956
-24.410003288 -8.294718796 38.252544589 0.026116425 0.488057521 0.234449999 0.840327904
-14.080712439 1.604281895 38.882601374 0.402661210 -0.018704713 -0.896891522 -0.181933177
-22.416755389 -0.285023282 44.920647817 0.298004933 0.425888451 0.318634563 -0.792643743
-30.642570120 -7.085588839 41.223552605 -0.703969140 0.324345101 -0.313382288 0.548652210
-15.818308524 -11.681971911 37.647477673 0.133756211 -0.789878845 -0.470325765 -0.370127493
-22.357652804 0.428216989 32.321508044 -0.759918656 -0.404628575 0.381247775 -0.336822634
-17.848205991 -7.917646623 30.530479865 -0.893898517 -0.285400422 0.027475743 -0.344582535
-26.206072342 -7.640064449 46.411707515 0.519110580 -0.237679197 0.225431121 0.789438797
-19.534686363 3.242377516 37.223045430 0.016433568 -0.592906426 -0.229137940 0.771808080
-13.673995399 -4.845995171 44.508245641 0.643306725 -0.086430386 -0.649213885 0.396494108
-19.195957599 -13.007625099 45.470177214 -0.334163331 0.565101899 0.145456400 -0.740160218
-20.969563632 -0.054040530 41.113520737 0.777250664 0.542749875 -0.219758914 -0.230239004
-16.249654777 -6.747624318 40.380539229 0.387291885 0.439305406 -0.756982165 -0.289816766
-25.135075371 2.140819978 35.026855740 -0.352754653 -0.054958514 0.807820002 0.469010193
-24.460586265 -0.422554212 46.063861571 -0.779481547 -0.228961449 -0.537039166 0.227099334
-15.138840943 -8.330030545 35.399462460 0.908419372 0.268551274 -0.112345484 0.300054912
-24.583513376 -3.251840417 37.386347897 -0.162312841 -0.358562329 -0.908424267 0.140900493
-23.963993962 -1.648999991 35.128574637 0.729395842 0.144096613 0.503229119 0.440429705
-23.923911120 -13.891342215 36.744617294 0.228941791 0.832439005 -0.498390961 0.078977274
-26.657296167 -7.114281776 47.478481995 -0.600836946 0.542591234 -0.371498176 -0.454509430
-17.103626686 -4.177729166 46.520594978 0.844083861 -0.461822197 0.191367726 -0.193961563
-22.628628095 1.203002271 39.307919026 0.845639442 -0.395038949 -0.062650774 0.353430394
-28.413251971 -11.191211377 39.036945786 -0.272442829 0.517873230 0.490301763 0.645899686
-20.155944515 -1.109931239 31.894304694 -0.754308487 0.034940006 -0.344343738 0.557875696
-19.603221159 -10.623380408 47.327572025 -0.814689764 0.337716970 -0.309721906 0.355387362
-26.283913483 -2.512696218 33.250446901 -0.882516140 -0.424146408 0.125353903 0.159848324
-24.906462735 -8.904487486 34.931311030 0.046486412 -0.425229344 -0.653249156 0.624727588
-21.016122665 -4.265106318 43.286521649 0.177158528 0.948256233 0.218449152 0.147325966
-22.772987114 -7.789989132 44.201460304 -0.349174923 0.751514873 -0.179048194 -0.530324442
-19.551363403 -3.269317431 43.077069318 -0.773471558 -0.501837593 -0.323407174 0.212858121
-19.368414391 2.922613633 33.967903408 -0.451384507 0.768351268 0.411973828 0.190173399
-25.349976067 -10.556615439 46.238499225 0.307280239 0.421006501 0.801382594 0.293459229
-28.065193659 -1.099196471 43.539307324 0.486097763 -0.556043017 -0.672020644 0.053975762
-23.238818088 -1.278095363 38.251477242 -0.683183201 -0.476651013 -0.552663891 -0.025042957
-27.448802620 -2.829363641 35.781341143 0.412780442 -0.256871783 0.399701619 0.777089319
-20.270569029 -12.538767970 42.866887709 0.844113136 0.026115133 0.500165721 0.191377284
-19.756509500 -13.628553039 34.290502784 -0.693024593 0.426538678 -0.578683447 -0.053917880
-17.391624492 -1.080487897 31.167874854 -0.605337805 -0.251208208 -0.728067469 0.200943620
-16.757357998 -6.268274775 42.073220668 0.205388575 -0.752027932 0.170912521 0.602543304
-11.307854721 -4.311049390 39.915528645 -0.321400822 0.139431413 -0.841301061 -0.411670885
-17.765789500 -6.899140971 42.564269624 -0.673593065 0.151803389 0.003675465 -0.723335748
-27.757700454 -7.404992198 44.269214237 -0.108104654 -0.762745047 0.191973773 0.608012703
-12.192675639 -2.678084658 38.043952758 0.084272561 -0.911502748 -0.249805060 0.315687040
-18.500261355 -10.374559157 39.139939449 0.075876757 0.796782406 -0.238213564 -0.550122544
-19.759961735 -1.420468742 38.435646221 -0.130462663 0.564587819 0.580711152 0.571834457
-15.575553759 -0.365609005 34.629265529 -0.868961317 -0.417344757 -0.173800823 0.201302900
-17.818741018 0.210874121 42.871756321 0.607108125 -0.683797588 -0.401713792 0.049665005
-17.459316787 -13.242743870 39.341681674 -0.792060614 0.171252348 -0.474882332 -0.343219153
-25.224662489 -3.203206573 33.061958930 -0.931966306 -0.260620324 -0.249530314 0.035362038
-19.572092161 -5.624961784 39.597706818 0.965671644 -0.038331700 0.242956966 -0.083551595
-15.994532012 2.615405948 40.872430461 0.242527095 -0.416160424 0.865600111 -0.136848664
-17.494447080 -8.868806161 45.919872965 -0.139186699 -0.612692202 0.161617688 -0.760996092
-18.790625688 -3.620643320 45.345897894 0.063267178 -0.510396053 -0.258248108 -0.817802573
-16.765142865 -6.458206608 37.777482385 -0.861895529 -0.293300069 -0.356709414 0.209450616
-17.045991141 -0.137395677 32.529348107 -0.554306286 -0.033601156 -0.824660922 0.107470308
-15.739659308 -13.075080694 36.353193484 -0.419961377 0.154800133 -0.894212725 -0.007277564
-20.326852122 -11.286641123 35.605719484 0.712531535 0.411233518 -0.514579552 -0.241647862
-16.073810772 -13.113635255 42.796212812 -0.923665137 -0.054417269 0.194560799 -0.325618751
-18.455543144 -1.129617149 47.066163679 0.028157334 0.386539325 0.113378513 0.914844155
-25.581810064 -2.041872351 43.570803787 -0.625900992 -0.504479379 -0.546205231 0.235389783
-18.032794715 1.439321052 33.117126183 -0.649016717 -0.409776955 -0.267866309 -0.582329622
-18.256058942 -2.255467466 40.085703344 0.644929105 0.269537726 -0.304485116 -0.647073935
-22.370564660 3.911287489 38.159710148 -0.474805535 0.068527377 0.521613650 -0.705537315
