-5.185245039 15.569120476 -18.219154176 0.686716007 0.375055683 0.338406721 -0.522719094 -0.485247693 0.384982819 1.268117435 -1.150538884 -0.207748006 -1.082148880 -0.443147355 0.340313533 1.684653741 0.614988724 -1.756570179 0.712936330 -0.753745504 0.904129242 2.584042000 1.293735206 -0.488640126 -0.908064653 -0.064679613 1.256684203
-8.558004451 12.983641689 -27.775148890 -0.524307779 0.426795604 0.520023473 -0.522036830 1.416548234 -0.886369468 0.430407258 0.011716958 0.712119728 1.341801405 0.334247041 0.121465255 0.345142744 0.584620919 0.860111414 0.201438698 -1.644233459 0.589156390 -0.253738910 0.705048044 2.201667316 -0.174023399 -0.755636320 0.553211854
-14.927640862 10.193054158 -28.237106242 0.035377422 -0.662117928 0.131920054 -0.736848280 0.992323674 -0.831023983 0.075987566 1.889287010 0.361324325 -0.073556489 1.800141441 1.454017212 0.795055994 0.857375693 -0.098034534 -0.494242677 -1.394956817 1.649299786 0.623718364 0.677939564 -0.029763428 1.631123709 -1.283423615 0.265999201
-16.245453109 14.428295624 -30.714891090 -0.315857106 0.537616716 0.479114215 -0.617779996 0.576954131 -0.864236659 0.077074694 1.083237029 -0.222670527 0.342709361 0.124273873 -0.133759694 -0.238055093 0.441803208 -0.250984272 -1.270638235 1.238544382 2.022146534 1.600005751 0.628422204 -0.185213519 -0.138724053 0.183707323 -1.402937925
-16.043695509 21.865936333 -26.229241457 0.726004387 0.214643911 0.648992210 0.075197958 0.860586107 -0.431337814 0.732046724 0.685197993 0.476551529 -0.857428710 1.013055529 -0.577354439 0.639921870 1.311790677 0.360036063 -0.554661346 0.303273785 0.292075685 1.387775144 0.336080503 -1.206290674 -1.124289173 -0.171985869 -1.550957892
-6.919236200 19.475994956 -20.242860184 0.752604268 0.385186213 0.419183468 0.330913308 -0.543353197 -0.507139805 -0.540820221 0.574256275 -0.482824504 0.351095787 -0.850597025 0.730851101 0.804202082 0.120264586 -0.006133086 1.978351835 -0.351483116 0.840613105 0.867165961 1.547314597 3.495925219 -0.199543864 -0.746979448 -0.636807282
-11.583083686 21.030074355 -22.708591567 0.005253941 -0.666859975 -0.690999308 -0.278908813 -0.261635425 -0.984871844 1.589540194 0.799059885 1.289468026 0.917428666 1.072084147 0.608017082 0.725715841 0.541202143 -0.638811937 0.906774713 -0.270626068 -0.301902086 -0.131401395 -0.038548211 0.094234646 0.178148089 0.945311373 -0.401966736
-8.560078594 22.745548115 -21.126527668 -0.413301087 -0.081469322 -0.399465579 -0.814231056 0.782972763 -0.777742191 -1.179217107 -1.428071444 -0.770488227 -0.029101248 -0.492087156 0.033423653 -1.982721335 1.186928304 -0.099957540 0.088462080 0.047541467 -0.429358077 -0.812164574 1.754129443 -0.440033882 -1.263499261 0.471327876 2.562483055
-0.111453666 16.745700598 -26.421147451 -0.021287944 0.966880170 0.208194167 -0.146098426 0.444617968 -0.154836074 0.447450089 -0.299584828 -0.460668230 -1.210167972 -0.388732856 0.138059869 -0.745943458 0.586718568 0.192491671 -0.386580198 1.576893959 2.104316907 0.420270783 0.549132387 -0.546159301 -0.692288179 -0.018919660 -1.793792185
-1.605553506 12.357178774 -29.054143712 0.320429576 0.465207469 0.625624907 -0.538052389 -0.234540415 0.607868261 0.750757270 -1.057403592 -0.487542161 0.520088878 0.154148144 -1.749424376 -1.019045730 -1.506487885 -0.316242793 -0.056158434 0.981825919 0.342129558 -0.822206870 -1.554270427 0.502029462 2.365995384 0.551065447 0.402570031
-14.535113852 13.779469896 -18.843290131 -0.367263508 -0.180350977 0.763502499 -0.499654856 1.249646675 0.406335416 0.267063757 1.182335286 0.201305788 -0.698125036 -0.031269636 -0.954427507 0.402736352 1.466576145 -0.341871193 -0.242686564 -0.685096327 0.873984899 -0.438802792 0.638201835 1.392452991 -0.935862119 1.148882895 -0.160153505
-5.482579949 20.990767042 -22.075389275 -0.016430146 -0.319980271 0.914280690 0.247857814 0.778190983 0.066658857 -2.037256765 -0.187732315 -0.054382317 -2.203007170 -0.237612862 -1.081216315 0.604946469 -0.287222773 1.035992435 0.207526891 -2.614032195 0.339779588 1.263574351 1.048159712 0.697755951 0.181574474 0.409746804 1.812626359
-11.064542239 11.218768675 -30.227919353 -0.364933493 -0.225836382 -0.304625564 -0.850308614 0.835986464 0.623623674 0.164636531 1.646391193 0.392855227 0.509378844 -0.057145347 2.600666903 -1.081404596 0.983352580 -0.761641599 0.469864663 -1.142508872 1.250182576 -0.191980139 0.826595421 -0.821064462 1.159543635 -0.380702816 0.389542594
-4.105726119 19.003564859 -32.221974180 -0.728203332 0.143605489 -0.616951453 -0.261664435 0.263927086 0.497665040 -1.368268345 -1.699809378 0.140620688 -0.577923956 -0.881099744 -0.590965537 -1.618660446 -0.267287305 0.947045033 -0.297498431 -2.426591924 1.886529606 1.148350133 0.336271548 -0.497414685 0.406019911 -0.506371026 2.004138035
0.920096121 18.956391210 -24.622844107 0.787512931 0.455290501 -0.358490579 0.209805738 -0.111200028 -2.313042078 -1.567075610 -2.258798713 -1.325418512 1.230755863 -0.101803332 -0.650350860 1.318623755 -0.891473653 1.035474456 0.678197859 0.597946484 0.911589908 0.877311267 -1.403468921 -1.120568429 -2.195213628 1.346107318 2.109544053
-14.171001387 18.319483822 -24.703991976 0.926806584 0.277584970 -0.008933888 -0.252777225 -0.665001002 0.000562093 -0.388577591 0.081223632 -1.111246688 2.047739000 0.237830277 0.042378780 0.802954992 -1.151020096 1.760818925 -0.969194423 0.858244564 0.132625725 -0.065074299 -0.894149556 -0.379035065 -0.421178054 -0.955875588 1.078941117
-0.941821187 16.341105633 -23.002738767 -0.212627200 0.680858346 0.509503193 0.481277553 -1.307482578 1.893825498 -1.356010823 -0.713075867 1.162162470 2.701849375 1.062942982 0.041549605 0.629728674 1.634231910 -1.865596976 0.713511088 0.389512881 0.344351717 -0.636494695 -0.845804953 0.576089768 0.889574601 -0.152045034 1.243169339
-15.417199758 13.948270028 -26.015052368 -0.775546379 -0.251203477 0.091204146 0.571932191 -0.801220734 -0.392104804 -1.476294978 -0.255705522 -0.775333352 -0.179209685 0.225092253 0.662233823 1.559661622 -1.932804424 0.017012107 -0.070493143 1.009562067 2.861966798 -1.330070697 0.085159252 0.419021916 -1.713755938 -1.389397623 1.009046739
-2.379563486 14.632372826 -28.690815385 -0.894558924 0.219094329 0.293500183 0.256163326 0.182869044 -0.261864240 1.215518860 -0.022600893 -0.316326973 -0.573365584 -0.993307273 -0.561136848 -1.284647093 -0.501971688 -1.992630750 -0.202838551 2.512748219 -1.250028010 -0.892003100 -0.519205128 1.436611196 -1.716456662 -0.657320028 0.785488912
-3.823613985 14.762373372 -29.302480846 -0.544895567 0.739922817 -0.394463460 -0.001274462 1.019174401 -0.532450032 1.195957549 1.141776384 2.372666730 -0.857652871 1.236998752 0.012752589 1.778735092 -1.244872749 -0.663063772 0.248588388 0.454896510 1.743000994 -1.613827356 1.918452649 0.640496910 -0.588114385 -2.281889106 -0.033194373
-8.707164544 12.308139884 -16.928807672 -0.745129339 0.617314495 -0.145823308 -0.206011276 2.272197142 0.511526094 0.809202424 -0.293022145 -2.039042453 -1.410144482 0.022932741 -1.246410608 0.423084890 1.183212049 -0.741105095 0.566952352 0.073329772 0.120729751 -0.192522257 -0.197502589 1.765249988 -1.048599090 -0.708766273 1.808632854
-1.583375000 12.506193476 -28.318498652 0.090186284 -0.491349686 0.421843591 0.756630626 0.990606737 -0.444742812 1.261675129 0.285284730 1.466974110 0.588367871 1.152377400 -1.187284599 1.613185410 2.149521343 -0.361475649 -0.354170489 0.126603633 -0.967419564 -0.451790189 0.492904139 -0.971683631 -0.584612041 1.052569730 1.344650834
-5.621829819 20.446494005 -33.597543595 0.131295602 0.000983469 -0.876328639 0.463474502 -1.878764177 0.112631744 0.049703753 0.934262858 -0.261424765 -0.306166695 1.369405817 0.540764255 -1.300900735 -0.545491738 0.818485363 2.122199238 -0.014561956 0.038187081 1.597780418 1.555277928 0.130676132 -0.103742281 -0.089957825 -2.252712212
-9.254835722 17.018764581 -26.019042011 0.368967000 -0.639786914 -0.540084310 0.403540575 0.518707925 1.196636779 -2.305149863 0.326592967 0.230035083 0.474031134 0.127554935 -0.618378145 1.464382409 -0.182687754 -0.560750318 -1.252867600 -1.789644743 -0.960368138 1.018085683 -1.175800562 -0.332503836 -0.538121745 0.422307170 -0.403060388
-10.695990058 17.724542426 -16.920312838 -0.436811669 -0.381882876 -0.644494998 0.497983164 -0.955888424 -0.257084638 0.016221155 2.119238187 -0.578118219 -0.527238047 1.646483939 0.470862775 -0.105806549 -0.112354871 -1.219172601 -0.221833907 -2.178187997 0.642528160 0.388057722 -0.732172601 0.383665347 -0.051184911 0.002608532 -0.702622552
-12.356932417 12.631266462 -30.107517345 0.572706403 -0.533703156 -0.582754898 -0.218094124 0.905045777 0.664183801 -0.388369406 -0.665128989 0.659474427 0.735082249 -0.147688318 -0.919675402 1.483537677 -1.748694599 0.865917600 -0.018448812 -0.878837374 0.196138279 -1.202235740 0.837077902 1.683390309 0.128150143 0.854492774 0.205559616
-6.803381650 15.194169762 -29.896969449 -0.346496409 0.230218592 -0.658374055 -0.627282426 0.598476320 -0.770103782 -0.151880739 -0.114960483 1.961447600 -0.670586819 -0.092403007 -0.038473302 1.143183692 -0.532334667 0.286715788 1.844355300 1.298894948 -1.519826531 -0.466165011 -0.878806464 -1.816338029 -0.176966436 -0.605385238 1.454079500
-7.569547233 16.295061780 -27.154798608 -0.718229253 0.278056301 0.172532600 -0.614055319 -1.474396114 0.433186542 -0.777393792 -0.092483398 -0.526001060 0.834924986 -0.256203687 -0.320502425 -0.251718246 1.167236586 0.493570544 -1.680129887 0.415246196 -0.272113996 -0.334981955 -0.329008523 -0.089493878 0.682791900 -1.212387484 0.735337749
-10.924334843 7.484035749 -29.581251902 0.176867644 -0.353812828 0.843540023 -0.363283015 -0.503298115 -1.917783276 0.320111342 -0.477371620 0.547907825 0.279651522 0.392337175 0.270971073 -0.488006738 1.351005659 0.590357955 -0.947425563 -0.868248597 0.271292304 0.714949909 -1.123142179 2.467825953 -0.415784450 0.206785761 0.291864954
-2.880383272 12.088269097 -24.082844964 0.162674101 -0.851071968 -0.476017046 0.150404167 -0.879402118 2.136250426 0.962207090 1.021306748 1.342568002 -1.067306987 -1.716594659 0.209114706 -1.237350329 -0.581411516 -0.391154620 -0.917938427 -0.237172254 0.021285761 -0.639449616 0.584832039 -0.418286286 -1.764285635 0.930925729 -0.104562358
-7.310153143 13.193363227 -28.523807457 0.078988967 0.287839514 0.903599784 -0.307272824 -0.961652519 -0.743166108 -0.988699079 0.642728557 0.498536228 0.543200524 0.581236027 -0.947926234 0.872869870 1.899694880 -0.843793276 1.123473285 -0.664494098 0.344728354 1.593853733 1.589978822 1.691418255 0.149466905 1.425284108 0.171204384
-2.612503489 19.335315874 -25.704842476 0.044958799 0.831719566 0.527234149 0.168063743 -0.081507085 -0.593357028 0.633895625 2.175276754 -0.350407168 -1.406913906 1.049481799 -1.159884051 1.687249653 -0.016447123 0.308792333 0.088861375 -0.767131617 0.518846846 -0.745209707 0.746521096 -1.558477291 -1.276704286 -1.664180662 -0.773985167
-6.204672591 10.335800824 -19.930625445 0.482787565 0.406860700 0.135552885 0.763548265 -0.793751921 -0.197430235 -1.744589969 -0.604474856 -0.473951114 -0.111681689 0.454920550 1.283305796 0.078040944 0.969152236 0.111567422 1.266099258 -0.979048595 -0.534735103 -0.895427129 -0.064585328 0.610908311 0.011929549 -0.192531206 -0.896100639
-12.539233205 22.296643784 -21.874026663 0.005894073 -0.070238120 -0.909375951 -0.409960054 -1.093261042 0.311953583 -0.048609154 0.617525427 -0.197296942 -0.046265855 0.969780962 0.167696369 1.592171953 1.000491862 2.572179258 0.710679470 -0.240972920 1.344022327 -0.221822226 -0.875957770 -0.835453978 1.207744769 -1.087052455 -1.161542761
-7.636668286 19.219600579 -24.208087798 0.646844180 -0.109563482 -0.222505809 -0.721165457 -0.401242967 -2.507890850 0.344771560 1.527911657 -1.753950206 -0.099693658 1.440019344 1.902729534 1.096015320 0.739623091 -1.374596503 -0.208256984 -0.666786090 -1.059066525 -0.064787601 0.767878501 1.308748825 1.482842690 0.521709654 -2.332500711
-4.907697188 11.467964197 -30.505706637 -0.094199956 -0.407350071 0.820447540 -0.389946306 -0.866630870 -0.042715470 -1.690833959 -1.825941639 -1.035774684 -0.633007333 -0.409282394 1.759311977 -0.512693594 -0.167999240 -0.333412005 0.935111816 1.351280926 -0.900645260 0.834874184 -1.975449765 -0.076085999 0.587805251 0.477005962 0.353895442
-1.372988959 14.535686008 -29.520310631 -0.154298992 -0.496129177 0.266683562 0.811743518 0.306736884 -0.675959517 -0.032814739 0.665005506 -0.230238795 0.390496209 1.358850265 1.191633067 -1.442755680 0.604451613 0.488058894 -0.302681447 -0.006219901 -0.560022626 1.186341706 0.019786335 0.036045948 0.684825720 0.130612915 -0.445129234
-6.239176333 7.600901453 -23.962900646 -0.432680880 0.534483484 0.603513356 0.403591736 -0.817950889 1.253204845 -0.039463626 0.341441338 -1.705403763 -0.491636974 -0.419090301 0.394086143 0.306359901 -1.431613801 -0.087899966 1.430997632 0.189079747 0.924915705 -0.721299331 -1.676518769 1.033629878 -0.397673764 -0.041433499 -0.565233021
-8.802116738 13.154072246 -34.178395759 0.002042992 -0.602928181 0.765385785 -0.225073399 -0.152474370 -0.355089001 0.107825390 -0.095637067 0.134718698 0.235218628 -0.691602647 0.745614437 1.056840848 2.392022592 0.502364031 0.168743585 -0.497119322 1.933774014 -0.727520910 -1.172053552 -0.362040849 -0.046829361 -0.944905399 -1.359021341
-2.333002201 19.665860201 -19.684895699 0.729379765 0.319139509 -0.100555711 -0.596693959 -1.234721215 -1.794294973 1.537457792 1.218242111 -0.570622065 -0.304309611 1.672400014 -0.369659362 1.126509546 0.223639565 1.012163638 0.673285494 0.482736546 -2.251956219 0.037678206 -0.641738037 1.114951640 0.228456930 -0.296428156 2.670668249
-11.872256453 16.630374828 -19.019669195 -0.551506011 -0.657987119 -0.512686116 -0.006856911 1.240077758 -0.506500436 0.042247052 -0.304089145 -0.664162053 1.165795944 -2.099233033 0.494487880 1.150276125 0.037804299 -1.302529078 -0.801462978 0.793272712 0.456146665 -1.554244136 0.258447071 -1.622753994 0.275692612 -0.906025352 0.881223291
-8.359586575 19.752900931 -29.739566749 -0.884610285 -0.134107144 -0.302625101 0.328478257 -1.115454798 0.108717377 1.250858439 -0.928137462 1.942559445 1.707999073 1.183655651 0.314912442 -0.800248569 -1.838138340 0.419111273 -1.643212066 0.058853896 -0.047901050 -0.892099042 1.208967796 3.215491972 1.609753627 -0.367233439 1.040950701
-8.987627877 19.582486770 -25.167451555 -0.235028134 -0.548742428 0.531330385 -0.601108598 0.270960766 0.251181262 -0.968667102 -0.414843029 -1.231816741 -1.033622884 -0.504680903 0.705232507 0.246996250 0.333712191 0.689294180 -1.207696876 -0.804349375 -0.228200588 -0.756022556 -2.216730985 -1.233324174 -0.422959205 -0.633837816 0.916303198
-3.726894789 20.229142264 -22.761046955 0.176454143 0.911975467 0.276446377 0.246459090 -0.299041277 -0.102439211 0.085035588 0.862755817 0.699131798 0.550422293 0.806581755 -0.597005156 1.835561393 0.771091866 -0.674636462 1.838387855 -0.350682462 -0.128771304 1.812509858 0.530849167 -0.789544736 0.280541005 0.127733388 -0.475737766
-14.996453330 12.442279353 -22.407066198 0.345347809 -0.644749810 -0.317630134 -0.603443180 -0.009022827 0.662803775 -0.655067074 -0.140710412 1.482474800 1.092534484 -0.776648699 1.176709991 0.374794487 0.137770507 0.440651044 -1.094800501 -0.323678968 -0.893752457 -1.478481655 0.537644075 -0.582028988 1.342512310 -0.067047813 -0.376403740
-10.076479019 20.929357968 -23.095183952 0.090796228 0.273665068 0.723949322 0.626706354 2.626453059 -0.222786985 -0.613763996 0.406246546 1.655763417 -0.636778840 -0.246712628 0.520214898 1.199956702 0.555102506 0.839628494 0.365841352 -0.380337634 -0.505673123 -2.073871178 -0.278183364 0.408546873 -0.651780805 -0.658464163 -0.204741098
-3.432163215 19.592335252 -25.156528463 -0.100511434 0.954522175 -0.262811808 0.098563803 -0.952867702 1.405453367 -0.965648138 -0.293777504 1.732865638 0.377124880 0.710290335 -0.069451886 0.330826075 0.164964026 0.658152253 -0.568448985 0.410760484 0.725326413 -1.223978941 0.898046680 -2.078540933 1.498776850 1.876082295 0.511971546
-3.750884336 24.154717070 -24.595477036 -0.972592009 -0.062589883 0.124380815 -0.186216819 -0.197260261 1.320175586 0.350379192 0.019976314 -1.014671692 0.336724359 -0.024390969 -1.811238115 -0.015431748 -1.006045439 -1.660205191 -1.292539310 -0.285924754 0.352853672 -0.518267809 -0.658235109 1.032395502 -0.779032058 1.624247754 -0.298644260
-8.645773569 25.749550363 -25.340655763 -0.515378968 0.405191287 0.539902059 -0.527930210 0.149335699 0.695036133 1.870850228 0.754397165 -1.965502449 -0.429359501 0.011385329 -0.586200217 -1.035016274 -0.803063961 0.990409736 -0.166881159 0.121344614 0.674097664 -0.208474225 -0.463625942 -1.961015269 2.584955879 1.550801897 -0.472619108
-6.030314248 16.894002615 -20.603368537 0.973378879 0.025544986 -0.192788291 -0.121299984 1.002266153 -0.176230090 1.042302993 -0.250728285 0.810395134 2.125988517 -0.226894624 -2.515370059 0.417042078 -0.879429381 -0.318667947 1.045288550 -0.395830988 0.255019826 -0.821784960 0.817536126 -0.734960830 -0.117152801 0.847685050 -0.648307624
-7.347480633 22.137880490 -22.161270967 0.304208077 -0.707706481 0.526406204 -0.359868713 -1.182815907 -1.095132898 -0.258903326 1.202977324 -1.707833994 0.082054461 -0.062909727 -2.024618821 -0.031863613 -1.237041921 0.465424694 -0.292726564 -0.275186614 -0.489684736 0.641352648 0.119878322 -1.017280115 -1.439409191 0.598929397 0.937905551
-13.669029407 16.360639228 -29.415956246 0.699777590 -0.605381860 0.250532386 0.284706255 -0.015175222 0.144350443 0.454936065 -0.848046091 -1.527082551 1.035555428 0.070788905 -0.271197206 -1.852793305 2.166307812 -0.423129126 -1.903990362 -1.192699140 0.821713058 0.761018824 -0.375277789 -0.430820329 -2.894413883 -2.383921008 1.617299867
-8.939183911 23.532668731 -20.472725233 0.575014817 -0.464479669 0.622508238 0.257099379 -0.009442423 -1.498457989 -1.113102563 0.272164688 0.218000943 0.810027138 0.593421193 -1.357156548 0.033626906 -0.650092936 0.828973431 0.721698257 0.239923860 1.830130084 0.493235286 -0.288590489 -0.514298790 -1.833305867 -0.040567254 0.488466925
-14.143625093 8.393897814 -24.186911882 0.215968070 -0.096954234 0.959169980 0.154759876 0.140799105 -0.383067852 3.031447723 0.724778656 -0.910595947 -0.422201072 -0.228206501 1.444561446 0.438053357 -0.533682055 0.762526261 -0.932305244 0.957903557 1.845162592 -0.065934690 1.923585997 1.162781956 2.383386584 0.122552029 -0.142945045
-7.435290021 18.962365347 -30.141416098 0.387495057 -0.418636634 0.272530230 0.774802054 -0.565956792 -1.518826795 0.418906690 -0.886900915 2.366009748 1.010635872 0.029543597 -1.930787030 0.170378745 -0.150105183 -0.104718933 1.652741562 0.121005541 0.371725711 0.677224505 -1.038140241 1.899343838 0.003947523 0.302078568 -0.269641818
-5.733037239 14.184374481 -30.777612422 -0.550568767 0.664528888 -0.502814094 -0.049531579 -1.301591210 -1.005551827 1.165832259 0.193247751 0.386685185 -1.226518796 -1.540469654 0.054856166 -0.382844984 0.625120500 -0.482206046 0.382078306 0.438179854 0.433025730 -0.006700381 -0.686011689 -0.016280152 -0.945009285 -1.463439537 -0.006367795
-10.138600354 11.045649932 -20.480776600 0.227820915 -0.764559309 -0.601107203 -0.047083163 -0.577882029 -0.267527095 -1.967553631 -0.135695157 -1.035802242 0.024787103 1.193781639 -0.142987278 -0.377204838 -1.522778488 1.240520774 0.723397115 -0.799818583 0.448285769 -1.269542432 0.125266113 0.718411097 -0.165494649 2.068056252 -0.260535699
-14.577561947 11.094995096 -24.948456380 -0.371760932 -0.806286800 -0.308295602 0.341539497 -0.870466135 0.036570387 -0.942592313 0.565365730 -1.730708010 -0.500593544 -1.498810483 0.520433595 -0.533029266 0.815347801 0.522812130 -1.749532341 -1.709099410 -0.345389052 -0.845318636 -0.190946541 -1.763142218 -0.276606078 0.990801161 1.162854642
0.582422353 18.603722083 -23.600811504 0.742545225 0.221808338 -0.630871618 -0.037797503 -0.005449646 -1.791207210 -0.730660829 0.056110809 1.162703136 0.664952866 -0.262068244 -0.451520843 2.746307614 -1.552136367 0.302799692 1.366457797 -0.461003090 0.589268471 -1.321606599 -0.216675801 -0.101815851 -0.070251148 1.361759851 1.025765897
-3.639939404 25.081304506 -25.392096481 -0.023570390 0.461557939 -0.798111862 0.386556802 -1.246824538 2.445100786 0.707504304 -0.075817047 -0.278537638 -0.503587122 0.076829744 -0.171144378 -0.198813674 0.157157336 0.460369341 0.653155611 1.043471905 -1.108266200 1.424287459 -1.688460519 0.646405355 1.761834758 1.190190466 0.743281203
-3.171055077 12.045739562 -32.662270530 0.057843510 -0.521814267 -0.569334093 0.632631559 0.170503953 -0.928995629 1.576778456 -1.054498599 -0.266485369 1.178676997 -0.035077687 -0.669017500 -0.481675677 -1.408918538 -0.549576190 0.267958224 1.116419129 2.783013554 -0.059005471 1.283260783 -2.343534278 1.130120845 -1.229166690 0.713056818
-8.811373871 9.183359176 -21.538020609 -0.686613458 0.455802387 -0.489391940 0.285134482 -0.279205756 -2.007754616 -0.013249359 0.427936701 0.816601558 -1.046983830 -0.919974203 0.129814800 0.131858432 0.645790193 1.011403912 -1.909932044 -1.278863230 2.067898092 -1.021425921 0.208418781 -0.223485930 0.212198548 0.091240709 -0.659675598
-8.025850297 23.507056097 -30.844554783 -0.168326409 -0.889314294 0.087880640 0.416008773 0.562524040 -1.691351233 1.101858853 -1.170895657 -2.245393614 0.589165626 0.263554709 0.020442151 0.327823500 0.904040178 -0.088332105 1.877344333 0.214166206 -1.508551536 -0.909937761 1.288709229 0.294612822 0.234747575 0.033727794 -2.197350245
-10.750627377 22.988118874 -20.867210614 0.623848692 0.459881876 0.477582085 -0.413807711 0.648080022 -1.290099297 -0.917816870 0.146935758 -1.571375166 0.260611223 0.271348556 -0.015634890 -0.844555090 1.017016585 -1.125727395 -0.403120237 0.915866984 1.216344321 0.680847154 0.550841427 0.148068874 -0.388604558 -0.534993510 0.009259099
-4.275270641 13.207699646 -26.721171310 -0.435744986 -0.762830952 -0.374038480 0.297170762 0.065179749 0.022608096 -0.299616243 0.045338645 0.008662133 0.332281815 0.680863574 -0.412629553 -2.563926783 1.829259822 -2.111276933 0.233309747 0.323371101 -1.558033769 0.688913996 -0.694887307 0.016341645 1.176851938 -0.444442783 1.521932102
-9.868998900 21.497571712 -24.356066407 -0.925024343 0.334956708 0.101982590 0.147422927 2.228611204 0.757923230 -1.336940171 -2.520112643 2.966003058 -0.901282012 1.999905575 0.242242421 -0.665994435 0.674413819 0.423084972 -1.076671092 -1.126396638 0.595514834 2.190056495 -1.230963943 -0.402935545 0.108033685 -0.385701396 -1.716694491
-12.455586303 17.797131618 -27.446951358 -0.910796410 0.097621090 -0.398668262 0.044538065 1.000334736 0.736260138 -0.483702746 1.681998550 -1.182411005 -0.632599882 1.433850244 1.479386335 0.156988078 1.322402029 -0.146779611 0.885392280 -0.518870602 2.212112632 1.239784812 -1.565860585 0.236931402 -0.886134876 -1.630928648 0.721165553
-2.399650986 14.248057836 -28.948954087 -0.402520046 -0.557654259 0.515390464 -0.511245546 0.172392723 -0.549961241 0.540552418 0.280132212 -0.423013645 -0.273569430 -0.573553491 -0.768707550 -1.414754683 -0.973635644 0.637864037 -0.254925085 0.888759334 1.073048149 -0.788309132 0.160859944 -0.432722253 0.410081983 -1.850231910 0.170835186
-11.831786944 17.967625857 -27.457760528 0.340662058 -0.100450496 0.769172274 -0.531256128 0.818857390 -1.213788565 0.350338821 1.142353330 0.913273486 0.121747721 1.647139634 -1.133777691 0.979525531 1.309644522 -0.384588973 -1.059236961 -1.937457117 1.018109658 -0.855031746 -0.562334512 1.908123507 -1.152043008 -0.663661136 -0.667003095
-5.395334434 15.748125496 -19.716273968 -0.466546456 0.478529046 0.025573307 -0.743431478 1.051739054 1.529973621 2.165015295 0.360502925 1.066480554 0.924444510 1.246737577 -0.258823593 0.182425070 -0.466667417 -2.635088868 -0.780856966 -1.145863327 0.487684350 1.048669536 -0.970786472 1.924725062 -1.577023382 -0.657389770 -1.337683851
-12.436847559 16.517103390 -20.213787035 -0.625309232 -0.249760268 -0.357411169 -0.647198138 0.153557667 -0.161572858 0.476601614 0.165124665 0.206937745 -1.503040732 1.374897068 0.707995864 -0.747293112 -0.068292319 -0.252379844 1.500677651 0.364531854 1.541316691 -0.608702024 0.932974696 -1.292735770 1.372301152 0.458251487 -0.554681362
-12.845106779 21.732933293 -28.653679506 -0.326684736 0.083683290 0.888985950 0.309803439 0.573976519 0.482300771 0.879332944 -0.291139239 1.756734980 0.050428421 0.444678640 -0.078650668 -0.081348626 0.971414360 0.015088384 -0.093244655 -0.411597841 0.776160794 -1.259750678 0.955253939 0.784760198 -1.161762173 0.257604178 0.566708829
-4.613413554 13.928070138 -33.883640727 0.198825146 0.065994518 0.416998650 0.884435080 0.975282835 0.114353578 1.733973684 -0.845340217 1.260719423 0.412740117 -0.988850630 0.892841497 -1.795098614 -0.056718821 -0.602064302 -0.771640475 -1.100393999 -0.575753498 0.876924719 -1.533109677 -1.711878220 0.097529552 -1.626651221 1.247314751
-3.084118430 17.381297409 -24.137464212 -0.556790607 -0.764088211 -0.089973272 0.313142518 0.042785425 -0.011111928 0.353294915 0.858165084 -1.016577370 -1.288477261 0.179445833 0.659305800 1.387652452 1.047707458 -0.632545792 -2.070947082 0.185773606 0.745055202 0.274588707 0.185488757 0.100299481 0.641285298 -1.075850545 -0.340398012
-13.063511119 24.588064751 -26.132432113 0.706278034 0.669171417 -0.213923864 -0.087278483 -0.971222792 0.312481282 0.883764695 0.658657943 -0.499007684 -0.763317461 0.698022109 -0.828949835 0.426425813 -0.869994342 0.535714007 -0.639438246 0.637542916 0.194345071 1.594302696 -1.056368140 0.489416435 0.957239540 0.225848970 -0.880689837
-14.389972815 16.739333637 -33.653649153 0.450824912 -0.328324946 -0.807566549 -0.191822567 -0.066280314 -1.153984228 0.526336008 -1.294197463 1.133506516 0.641521934 0.853213416 -1.225859655 -0.747748818 -1.248686672 -0.995510184 0.714130262 0.129753188 -0.767123599 -0.649077357 -0.640096479 1.417775737 0.601791004 -0.938733927 0.701660740
-5.098082978 19.837680552 -22.587669789 0.438129918 -0.378409460 -0.361765960 -0.730735141 0.056450562 0.348157611 1.225784740 0.732604046 0.528767063 -0.468187722 -1.921366539 0.601551402 1.848704897 -0.705870277 0.803255644 0.001359733 -0.274747705 -0.074174726 0.438693159 0.956254194 -0.604803806 -0.221566779 0.654091968 0.599672842
-8.278019119 11.793878208 -32.558843545 0.227390138 -0.864087172 -0.124677867 -0.431396007 -0.090459760 0.171576515 -2.169502341 0.413330844 1.090757186 2.054592724 0.962015401 0.297905383 -0.737107247 0.716374274 0.979030396 -0.619619863 -1.034584433 1.880343435 0.162926927 0.873545983 -0.351844746 2.034160832 -1.385295663 1.257760140
-2.779175099 17.638688331 -31.305449667 0.455630216 0.502972557 0.718567756 -0.151921340 0.716866384 -1.600888937 -0.592579974 -0.638513855 0.878183609 0.712092137 -1.726846147 -0.290656178 1.067419067 0.750550788 -0.192945610 -0.691850364 0.386252568 0.698349051 0.057323464 -0.836841497 0.312778551 -0.978924253 0.183350930 2.842698709
-5.004995925 14.941657620 -31.767183899 0.865015445 -0.349485897 -0.354609592 0.062128293 0.323075490 -0.810717033 -0.948116541 -0.958642247 -0.123704750 0.640335621 0.507024174 0.239641036 1.483446127 -0.130285399 1.207454134 0.911007209 -1.288294344 -0.919299676 1.351076849 3.000322179 0.911077222 1.043968770 1.444339895 1.416437066
-7.973258395 23.536949934 -30.896170743 -0.349721283 0.409107395 -0.566880239 0.623676966 -0.329769510 -0.876871458 -0.162179249 0.670487895 0.655786839 0.040731502 -0.001346131 -0.168910113 0.332466182 0.163732188 0.095468075 -0.493791870 0.937353333 1.741936137 0.685857595 -1.160078244 -0.888827268 2.346518860 0.718020999 -0.227761094
-16.243701650 11.784550201 -27.431581956 -0.359971613 -0.808076460 -0.073289654 0.460501357 -0.718849286 -0.258200268 -1.283561563 -0.632013569 1.183681474 2.372662817 -1.940951541 1.459139432 1.893982968 -1.214655908 -0.258681397 0.203288890 -0.684811023 -0.148928336 -0.829079786 -0.901916618 0.215171063 0.171999385 -1.955378864 0.654288294
-6.240145245 12.591158491 -25.940927407 -0.176409544 0.911767725 -0.144097618 0.341753077 0.101956603 -1.318703110 0.606333346 -1.429026794 0.137313393 0.243685079 -0.917994786 1.239530919 -0.557717035 0.722397960 -0.091303350 -0.248931912 0.538646849 1.412961529 -0.198867110 0.265269222 -1.640094609 1.319001256 -2.025006408 1.466098978
-14.048823928 12.556719231 -32.876806355 0.673228667 -0.298634752 -0.179255830 0.652263592 1.281021480 0.614937524 -0.816942253 0.509357371 -0.013543473 0.766729032 -0.728142585 1.371252391 -0.649278469 1.352090204 0.024252880 0.646986910 0.734398028 0.310032530 0.254818139 -2.046064660 -0.278307102 0.036468956 0.539931490 -2.270758565
-5.210590048 14.374880760 -32.911064671 -0.347010017 0.892174203 0.094029702 -0.273436748 0.754365246 0.059543227 -0.054027959 -1.151977438 -0.579119495 1.109053331 -0.575509938 1.844916457 -1.003286527 -0.806310226 0.285470174 0.555228436 -1.333481350 0.556319025 -0.670154168 -2.092411455 -0.270837804 -1.117081406 -0.310519161 -1.528241374
-6.949009637 8.343519200 -22.054108082 -0.691983660 -0.287248352 -0.476010670 -0.460500642 -0.218966433 -0.994347709 -1.257136535 0.171990691 1.861701670 -1.086243743 -0.626538997 -0.117520611 0.091836395 -0.295693854 1.067377585 -0.899539119 0.073186425 -0.524566271 -0.561133763 -1.873436452 0.222757131 -0.474326732 1.933149658 -1.922616059
-3.240355447 12.718906717 -28.230879439 -0.805297724 0.421738603 -0.291988098 -0.297279460 -0.414763151 0.187937462 -0.020602460 -0.874746155 -0.674138302 0.998451270 0.463156253 0.097979237 0.515191911 1.296778912 -1.211095008 0.987643601 -0.234255876 -0.003637650 0.794243693 1.228060229 -0.800530083 0.353378682 -0.138265749 0.385412042
-15.948207444 19.409383922 -23.163192505 0.217016034 -0.269847254 0.354267883 0.868666085 1.410423390 0.197651679 1.141914413 0.003164140 1.091546032 -0.214878680 -1.658924445 0.174983223 0.010692877 0.341518848 1.247289422 -0.833582453 -0.000707682 -0.499888508 0.691166187 0.906226245 -1.444651822 -0.093191198 2.445960011 0.788620081
-7.272479698 25.714175476 -24.729952649 -0.201230120 -0.005349692 0.842727039 -0.499288452 -0.671626215 2.253699535 -0.727660923 0.804848252 -1.288226386 1.043383490 0.375376976 -1.518470723 0.570944591 0.858241421 0.587669611 -0.894763969 -0.741561040 0.781790842 0.668398157 0.581900117 0.618669555 -0.500091570 0.344255648 1.498982394
-7.964947099 13.874727688 -29.378427922 0.979183383 -0.175239709 0.099310386 -0.025067809 -0.748904302 0.185217450 -1.840088509 0.366526965 -0.864279021 0.521914558 -0.992247659 -0.337369201 -0.358709253 0.452709245 -0.916029909 -0.145679246 1.802111551 -0.347091472 0.968391290 -0.542477963 -0.373757872 -0.306243553 0.484317566 -0.170387368
-10.968862988 19.666891714 -30.272768121 -0.220325534 -0.474284309 0.527806053 -0.669277091 -0.679865529 0.332052374 -0.806013540 0.460551673 -0.196482899 -0.908568046 1.393333735 -0.160221765 1.442133835 -0.645671678 0.470869565 -0.371124163 -1.196504960 -0.360475853 0.365072675 -1.036272648 1.023057208 0.617478013 -0.710044362 -0.109048353
-2.296233638 16.800848073 -26.052960005 0.515910469 0.669531749 0.509234558 0.161999353 1.215046684 -1.467099258 0.758426770 -0.540815406 -1.153841142 -0.560794720 -1.971616017 -0.197419274 0.558822002 0.382883699 -1.364875740 0.531808959 -0.285113590 2.260827355 -0.924842543 -0.117118916 1.228288568 0.180756325 -0.350359322 -0.870471912
-11.280604028 13.067345071 -32.606235356 -0.437571861 -0.236832801 0.852638052 -0.159528815 -0.308453731 1.123741628 0.674552415 -0.793308627 -1.117094001 0.891192506 -2.010657858 1.307963457 -0.501198742 -0.473750344 -1.136406360 -0.689041298 -0.146528449 -0.801118521 1.506720120 -0.849109268 0.782479351 0.399542470 -0.448548577 -0.626711826
-10.886310165 13.066533954 -31.833017099 0.356087818 0.356700322 -0.258198351 -0.824196553 -0.345706877 -0.790426636 -0.723467039 1.262729324 -1.402898475 -0.681905285 0.895146352 -0.131797101 -0.985331239 0.303474362 0.304288622 0.110834474 -2.339754201 1.411577051 0.387308286 -0.066921068 -0.787365567 -0.051234604 -0.036027948 -1.846671033
-5.644437161 14.492981793 -35.256307701 0.945724940 -0.162509613 -0.000858444 -0.281414687 0.617229503 0.337287362 0.500919368 0.535072757 0.290907831 -0.590091241 -0.495950400 -2.129318955 0.116201832 -0.606983352 -1.450621880 -0.132054882 -1.988552845 0.000499742 -2.134308111 -1.380948918 0.245381861 -0.226823149 -0.641876950 0.833772102
-7.213936598 18.552095743 -22.319560659 -0.872358991 0.209620858 -0.247672215 -0.365660170 0.287574606 -0.094644323 -0.027982568 -0.623965067 -0.535626672 -0.191763957 -0.892532591 -0.875673994 -2.140840753 -1.293535714 0.252731162 0.054413246 -1.441607439 3.624128060 0.028584619 0.361946627 -0.943577953 1.295362485 -1.238137449 0.478869459
-8.173657760 24.405004396 -30.382143189 0.912453163 -0.202305329 0.205233030 0.290484393 -0.100737590 -0.464901014 -1.152434987 -0.043505029 -1.807919538 -0.379707205 -1.388613754 0.690256579 0.406368775 -0.811633057 -2.571866455 0.881362372 1.135730212 0.641651949 0.854420904 1.796386069 0.854632745 -0.575514323 0.646360908 0.450543521
-13.099172483 19.159896183 -30.001481903 -0.484157256 -0.821313404 -0.291503405 0.077857614 0.074711800 0.991710299 0.331918252 0.347728353 -0.257802222 0.368413474 0.141552093 -0.282182208 0.118086684 -0.022280327 1.270475064 -0.264667136 1.277376962 1.322807472 0.853850638 -1.477234045 -0.205640650 -0.102392307 -0.618195655 -0.966553052
-3.837197084 20.860972308 -25.414647785 -0.622452772 0.294938423 -0.203021708 -0.695949754 2.206498773 -0.488267970 1.175911033 0.350892111 -1.844602234 0.556727494 -0.647698174 0.678389753 1.428235844 0.477002552 -0.706622803 1.873183299 -0.771191184 1.331206672 0.306093299 1.164242979 -0.915555612 -0.000544180 0.894443033 0.339362973
1.399258496 16.423564814 -25.048001291 0.458034334 -0.441406582 0.459072073 -0.620175466 -1.432007976 -0.838968067 -1.073261393 -0.102952900 0.159908094 -2.290444053 -0.360672005 0.074520675 0.228588159 1.259211668 -0.653158356 0.252257075 -1.387668458 0.396193489 0.776420268 -1.276441829 -0.641614802 0.120879599 1.233247675 0.478356538
-9.549336317 9.328759798 -26.439241812 0.298288785 -0.615259172 -0.729627921 -0.011092787 0.667456650 -2.037379473 0.232781133 -1.213357315 -1.198381619 -0.544448739 -0.169299188 0.596367411 0.128782466 0.341422577 0.954076253 -0.097326470 -1.140181050 0.233717041 0.962679802 0.021332309 -0.820100465 0.326534203 0.369948533 0.589278145
-6.153010780 21.960361961 -25.836980826 -0.557259359 -0.591131679 0.008253981 -0.583058502 -1.241856683 0.289184927 1.298193016 -0.589346462 0.733552413 1.505339654 -0.199208561 -0.318148000 -0.239701841 -0.449161552 2.081837578 -0.121744767 0.298715456 1.220458463 0.288037566 -2.036017968 -0.355342476 -1.156270509 1.022440368 -1.789734000
-2.927776952 14.382902991 -33.105456998 0.013534087 -0.124692901 -0.464989939 0.876386254 0.853551460 0.467686899 -1.222798490 0.442433363 -0.720047190 0.382041593 -0.438919276 1.414768808 -0.452140025 -0.492781059 0.413951212 -0.688777576 0.872183507 -1.031227101 -0.170669841 0.160032663 -1.027249522 0.307010714 -0.674645883 1.537400307
-16.722339348 19.560489112 -24.335134338 -0.164961807 -0.754941024 0.634545795 -0.014257875 1.311165342 0.942801139 0.024771174 -0.705794628 -0.326292824 -1.451903679 -0.996537057 -0.437441534 0.605958395 -0.200368096 -0.622896984 0.118676394 1.143985664 -0.369501084 0.075517612 -0.837131927 -1.051454453 0.331078944 0.872742779 -0.545358979
-8.070057371 22.278647813 -31.847650852 0.404874854 0.585493569 -0.641469577 -0.285990236 0.434504025 1.142240338 -1.494594714 0.615381343 0.879646193 -0.818890170 1.401464433 -1.951198616 -0.227590404 -0.784963629 -0.542068996 -0.669508383 -0.257876554 -0.206476454 0.290491748 -1.997168542 1.125123054 -1.069813290 0.098115170 0.960498225
-13.277944041 13.224312069 -29.413480473 -0.359864311 0.804506256 -0.406478098 0.240920979 -2.279806075 0.660202823 -1.271220266 0.262320895 -0.897382130 0.066544702 1.258633345 1.454865461 0.606752547 1.031867937 -0.170851350 1.681356001 -0.648367508 -1.180225608 0.706649722 0.243945499 -0.031719087 -1.503687379 0.922328457 0.461894308
-5.591665581 17.302675272 -25.212703541 0.317356712 0.239912718 -0.784643995 0.475458102 -1.271762673 0.078153616 2.048349759 0.520431365 3.553175626 0.773468363 1.320203836 -1.206964478 -0.183905422 0.804322864 -0.581362674 -0.241478376 -0.383538852 -0.382567484 1.089760532 0.833999137 0.513144995 0.523934158 1.251884698 1.360246298
-7.685827713 7.955215925 -24.903552005 -0.841170040 0.369809670 0.393430669 -0.029767111 1.237103231 -1.778117232 -1.597536537 1.711453394 0.294533647 -0.672529804 -0.259989906 -0.928418919 -1.115912504 0.480830694 -0.264089927 1.474008949 -1.797304534 -0.428120257 0.950492957 -0.446747899 1.031194204 -1.158865822 -0.835130430 -0.882660858
-2.187393843 16.658152756 -26.349568761 0.653570255 0.674401937 -0.250197819 0.235433645 0.394621470 0.807953027 -0.088345387 0.525607454 0.399769767 0.435229528 -1.702010181 1.062514022 -1.094696431 -0.731793797 0.338487407 -0.461528775 -3.340469588 -1.730362248 1.582751594 -0.962550359 -0.509557267 0.285522893 0.545312686 -1.029933127
-12.663298120 22.645822894 -32.163311819 0.045075008 0.882658145 -0.205020727 -0.420534594 -0.043969962 0.088647733 -0.893456711 -0.410637063 0.124333700 2.338493110 -2.756092441 0.226637629 0.500279491 -1.087604925 -0.793477893 0.294172203 -0.062447996 0.132105868 0.899777401 0.103553493 1.248338732 1.884098568 0.173819326 1.490082754
-15.703951836 20.337150836 -30.423646975 -0.681212175 0.055831947 0.516519688 0.515790828 -0.036757507 1.287060095 2.538865620 -0.682164763 -0.571301807 -0.256962103 -0.559059758 -0.103769385 -1.370395224 1.406671639 -1.913808162 0.766737798 1.513399060 -0.796888578 0.775712081 -1.264825833 -0.407221621 0.887677876 -0.788713111 0.588270565
-7.620915726 12.485885943 -24.066079619 0.183732807 0.490433421 0.536933283 0.661377324 -0.512901263 0.365843935 -0.426544862 -0.648929954 -0.104249629 -0.191900241 0.006975979 -0.622884857 0.283428124 -0.799255201 0.221399637 0.526665410 0.858171184 -0.632494191 -1.218755533 -2.428159045 -1.204514452 1.615102889 -1.625895445 0.050044523
-5.758152820 17.346327058 -18.521642479 0.236004740 -0.307983033 -0.292598272 -0.873976238 -0.111095826 -0.532597530 0.176450080 -1.352091560 1.233291591 -1.878845297 0.318594991 -0.018709403 -1.130278900 0.348366754 -0.850795819 -0.669930529 -1.628880355 -0.047533856 -0.001806936 -0.392125886 1.271965166 2.091794099 0.205713926 -0.545854737
-1.948443484 15.061293461 -20.661466058 -0.468582289 0.759602064 0.380203414 -0.242653473 0.196626539 0.215305315 0.774405089 0.264098268 0.090030230 0.434959612 0.329460467 -0.097861189 -0.186565913 -0.142724197 -0.640865197 -0.621580372 1.115185357 0.655838564 0.004117790 0.007562868 0.119533813 -0.384592409 0.298722158 0.784930511
-6.511187440 11.020053710 -25.359370363 -0.019661191 0.715881749 -0.667208175 -0.204841424 0.893193794 0.016270309 0.062549492 -0.843934273 -0.812886605 1.254720107 -0.248366409 -1.414208369 0.058055825 -0.498954449 -0.244166078 -0.154025146 0.256518678 -0.132642078 -1.277668329 0.500915375 0.418821514 -0.331737022 -0.361545216 0.632413340
-8.467261040 8.257978758 -22.035870940 -0.289582483 0.150939196 -0.939832756 -0.100367996 -0.316829496 -0.369179133 1.127796058 -1.716135512 -0.359908184 -0.017779693 -0.281751085 -0.507011962 1.111357823 -0.531227713 0.861237845 1.826088136 1.113720276 -0.673425918 -0.419677288 0.610390132 -0.075564505 -1.314908155 -1.688855759 -1.164500191
-1.799563824 10.387736142 -26.731220980 0.389213718 0.618548988 -0.669013896 -0.135389211 0.237621462 0.938813307 -0.791853566 -0.246316142 0.773130931 0.396510552 -1.339896877 -0.729004053 0.634263767 1.214220282 0.307162288 -1.873880667 -0.430526855 -0.886941620 0.826068810 0.483275570 0.288505271 1.053996170 0.081788212 -0.245095889
-16.871210996 18.445639904 -24.076741588 -0.423231421 0.100271301 0.859249672 0.269278352 -0.659164765 0.119193099 0.085382873 0.142032866 -0.523143168 0.324621295 0.201681597 -1.394340588 0.258979168 0.606695648 0.964465258 -0.515622342 -1.211332007 -0.149705608 0.955261306 -1.565896552 -2.307201226 -2.101151978 -0.435218815 -0.220646949
-6.109313408 19.335959945 -19.965734897 -0.398115808 -0.067393046 0.839823405 0.362847941 -1.658611622 -0.783116406 -0.120274200 0.379020126 1.032458479 -0.055844335 -1.051648220 0.675907450 -0.915303074 -2.285692334 1.048698080 -0.967853666 1.192380289 0.112669615 -0.883766581 -0.041024092 0.667518336 -0.078443977 -2.656168150 -0.402609622
-4.250921811 14.434692375 -32.913647277 -0.419994904 0.290559310 -0.470306498 -0.719716171 -1.995666693 -0.576633822 0.656512489 0.456276410 0.130608634 -1.201519228 -0.613855377 0.484148101 -1.439349791 -1.090385018 -0.173111664 -0.367086740 0.575418248 -0.470447766 -2.942657027 0.153982436 0.203611239 -0.323322084 -0.180547665 -0.652517898
-8.137974697 17.292043530 -19.324878716 -0.110454846 -0.252143510 0.559246908 -0.781963089 0.118633629 -2.825164898 -1.965278879 1.920674019 -0.684945917 1.054432676 0.493999850 1.202380753 -0.518697259 0.530901712 -0.189847996 0.605550847 0.278720763 -1.504811147 -0.369310575 -0.927791288 -0.725523703 -0.738584798 0.050968027 0.397936815
-0.464430942 15.667303644 -26.565122154 0.482693323 -0.126111538 0.401299997 -0.768154508 0.093051203 -0.765897386 -0.777235300 -2.696953435 0.395712479 0.320898920 1.544512936 0.617778293 0.049918837 0.100651731 0.159455460 -0.874889487 1.465981472 -0.207024204 -0.272040913 -1.563982108 -1.260949533 0.506066894 -0.709897613 0.090078188
-8.468268856 22.096705191 -25.747514680 0.300821725 -0.268076767 -0.886927883 -0.225831944 -0.172715999 1.178137868 0.361832054 -0.318012501 1.539187598 0.195405037 -2.013913511 0.430079606 -0.084911597 -1.146539167 -1.299536889 1.101439004 0.485536794 -1.604246010 -0.312959677 0.433611009 -0.030350304 0.450348897 1.031480393 0.455241219
0.935136371 18.264891906 -23.944177152 0.373230351 0.288871960 -0.255293394 0.843846774 -0.501677225 -1.731769681 0.201911224 0.805820879 0.231476470 -1.202802039 0.203904721 -0.384296291 -0.659856650 2.068851341 -0.031357921 -0.415347705 -1.105505446 0.207315448 1.464260190 -0.636077078 -0.514160734 1.151117372 0.293671727 0.861125546
-6.598973407 21.448896977 -27.938302234 -0.079798887 -0.860709645 0.415090595 -0.283744328 -0.962860436 -0.261698613 0.942952436 -1.312427139 -0.852370087 0.068698701 0.266984938 0.405744537 0.724291906 -0.257286349 -0.849482413 0.043425641 -0.734036756 0.402093240 0.021019354 -0.278756763 0.384444505 -0.026341529 0.084740297 1.079842923
-12.131560086 16.977204016 -24.649884686 -0.355250865 0.923247084 -0.146088741 0.008350084 -0.639487598 0.677167577 -0.897859009 -0.102827406 1.857680336 0.854038275 -0.121515672 1.632025906 -0.199977488 -1.486225724 0.124541170 -0.637368253 0.793819927 -2.284041266 0.559545286 -1.082303737 1.428062730 0.251843903 -0.094462595 -1.932229338
-0.357124530 15.156553471 -26.653400658 -0.480297182 -0.240364133 -0.347344846 0.768694516 -0.464661437 0.617878486 -0.750510706 -0.588353460 0.609562066 -0.085465758 0.703838447 0.613744351 0.981972591 -1.967757875 0.346802285 0.236256521 0.402603004 1.635428852 -1.638498439 -1.003142937 -0.711708461 0.276716137 0.175408252 2.055331447
-7.340159153 12.257525499 -28.971950866 -0.033316964 -0.163823621 -0.686373833 0.707773101 0.153275132 0.029295477 -0.372898066 -0.775070724 0.617768197 0.111539204 0.916269102 2.866772968 -1.695234485 0.537549195 -1.947689206 0.361604397 0.408125294 -0.432007853 0.558771257 -0.663282671 0.466599053 -1.498619370 -1.044367024 0.191213496
-10.670894070 25.676007345 -26.226575651 -0.840624659 0.469924855 0.096344888 0.251472615 -3.362822515 0.094542358 2.989714605 -0.859170119 0.048757925 1.091791095 -0.152706399 0.137304996 0.384714746 -0.631311370 -0.629443907 -1.233715513 2.633473157 -0.036084263 0.651875802 -1.689182467 2.026388557 0.974456906 0.205648030 -0.342976525
-12.262134469 24.253346247 -30.598630208 -0.418469984 -0.689255976 0.211458817 0.552353366 0.118776282 1.127705321 0.773978349 -0.508653785 -0.514997986 1.718900448 0.632306377 -1.588928944 -0.010466507 -1.496517469 -0.769031561 -0.889182391 -0.090730889 -1.101403198 1.989324110 -1.379962775 -1.309950140 -1.116047186 0.454584301 1.551594067
-11.075072844 17.946309669 -34.631740917 -0.924331155 -0.214701201 -0.243924564 -0.200040287 1.217248736 -1.595836977 0.286794790 -1.107303213 0.085480113 -0.987056791 0.434884122 -1.249763522 -0.336482803 0.848795747 0.370201191 0.730679384 1.172779362 -0.832236666 2.684540029 0.194217300 0.458022211 -0.853722410 1.558953728 0.892592994
-9.746501501 21.780239319 -18.803737240 -0.353712018 0.784249524 -0.453786458 -0.232203237 -0.179746466 -0.553253711 -1.706681581 1.207776872 -1.550033072 -1.139173983 2.673683073 0.638979864 0.423305955 0.655590625 0.532870896 -0.757133470 0.379299685 -0.745634811 0.535212886 0.393441347 -0.040933174 1.713282493 0.237223494 -3.192690327
-17.791716150 17.095441603 -29.075142991 0.876254664 -0.223222251 0.426615592 -0.018674221 -0.579037308 -0.060785931 0.251328196 1.366920095 0.021935912 0.185670246 -1.529028387 0.598915194 -0.084683460 0.660155479 -1.384478011 -1.374713078 0.651736491 1.060001286 -0.898968286 0.451342162 -1.460465701 -0.418308571 -1.334157373 0.290142109
-14.806729786 15.272012663 -22.607646686 0.204246862 0.973967008 0.028578868 0.094099597 1.614352508 0.132549859 0.222248286 -1.275878584 0.546090195 0.244999587 -0.541103653 1.549468267 -0.851930259 0.853097697 -1.474229812 -0.157372703 -0.072739138 0.302508048 -0.131964187 -1.209620398 0.077755948 0.181493406 1.829957168 1.352475327
-1.426699893 13.812777802 -23.522259523 -0.348479820 -0.282090512 0.835817535 0.316852973 2.072577764 0.761898283 -0.513028558 -0.148879665 1.301189284 0.509746751 -0.483310997 0.578286143 0.488266877 1.531627716 1.444050575 0.794698653 -0.055224725 0.202125689 -1.352246389 0.640976805 1.037075846 0.859892474 1.018686312 -0.761220147
-7.920681251 18.126872659 -24.797400693 -0.049560101 -0.844733969 0.531698568 0.035566154 -0.141661359 0.552023664 -0.341605328 -1.907101787 -1.924265724 -1.126595485 -0.368810259 0.599364415 -0.727765126 -0.394136176 0.477290300 0.623925767 1.033061891 1.362785045 1.556933640 -0.158996993 0.123769602 0.603321549 0.841571981 -0.573832979
-10.337371058 22.060671515 -19.376446888 0.814434101 -0.445937295 -0.364683651 -0.069590648 -0.797542699 1.423372236 1.855497882 1.662999249 1.529593602 -1.395573846 0.386184776 -0.539127130 -0.454429188 1.015685054 -1.411712425 0.252847200 0.104486977 -0.112406440 -0.371088646 -1.494025462 -0.295982220 0.428892734 -0.338889911 0.274877752
-11.953813098 18.365852825 -31.918464383 -0.905234815 -0.293026262 -0.304687777 -0.043022073 -0.448866758 -0.783148199 -0.520437693 -1.503023683 -0.204397206 0.083544257 -0.161212926 -2.915296112 0.635386901 -1.594694534 0.864778017 -1.479911860 0.379905575 1.023162831 -0.736707636 0.349254697 0.909146722 -0.119289394 0.042828173 -1.109496508
-5.814917920 20.067514477 -21.899011657 0.076393370 0.965570487 0.228860859 0.097264564 -0.940375999 -1.356519809 1.221116630 1.148096618 -0.203384502 -0.245943876 0.391918902 -0.438441896 0.090707187 -0.362507728 -2.311956257 -0.252950134 1.430013743 -1.286221562 -1.375493772 -2.677424189 -0.053246616 0.514652883 0.222334808 1.890594682
-9.942634662 13.430557604 -28.978557187 -0.194249419 -0.792976802 -0.370621583 -0.442825696 0.450542217 0.361761715 0.671069747 0.202882506 1.022270217 -0.115617109 0.310603621 -0.150578028 0.362493910 0.798854008 -1.697185628 -0.511572975 -0.288204094 -1.321461636 -1.245132524 -0.132540094 -0.630371174 0.465163596 -1.361467128 0.104794626
-7.912184990 16.971830175 -22.807139930 0.006973191 -0.933471843 -0.313300649 -0.174425907 -0.220536717 1.032359864 0.273672781 -0.456953250 -1.050944834 0.364868937 -0.469405755 1.163601137 -0.407970019 0.309135565 0.471155606 -1.258322919 -1.800622837 -0.310772637 1.661069295 0.336887964 -0.519797258 -0.797912385 -0.006064042 -0.375702795
-6.942550988 20.337851026 -34.090509698 0.692466019 -0.033174573 -0.636523959 -0.337975606 0.418916292 -1.127198390 0.553900636 0.933735890 1.529201834 -1.060721091 0.038076828 -2.102023845 -0.434115676 -0.091383764 -0.083755721 0.676737875 0.721263790 0.849689529 -0.706741546 1.322036744 0.386890108 -0.916362072 -1.727348004 0.059288120
-4.980012758 23.280936005 -23.544927189 0.038028994 -0.690867692 -0.623546190 -0.363931005 0.659371115 -0.717565982 0.027425849 0.109817098 0.425944369 0.782365744 0.619891633 1.148659559 0.076960088 2.124195482 -0.486866870 0.443758235 0.253524371 1.827061273 0.420289064 0.103116850 -0.088399476 0.065058368 -1.188997887 -0.127309204
-13.992597982 24.479864019 -27.961139127 -0.438150418 -0.464400464 -0.710334077 0.296280138 -1.525466687 -0.613879353 0.798332210 -0.519302761 -1.105872018 0.105739787 -0.912509554 -0.903374379 -0.047564947 1.172843440 0.038772698 0.764658072 -1.336232142 -0.361269353 0.283857254 0.519810261 -1.420475611 -1.326878019 0.165405477 -1.535963158
-8.680151559 21.477502141 -24.197934528 0.540631542 0.660088045 0.197283340 0.482784210 2.190607870 -0.155995289 1.201582034 -0.147973053 0.442847862 -1.635445847 -2.268258441 -1.865839124 0.614704499 -2.143764325 0.563609560 1.061714779 -0.506592240 1.286532393 -0.390223020 0.805291387 -0.392631511 -0.200910720 0.168026857 -0.170700793
-2.625525225 13.091384922 -27.599151191 -0.617219646 -0.114967665 0.288929960 -0.722732193 0.171979416 0.834575748 0.436415226 -1.178153734 -1.489883699 -0.314994977 1.763931635 1.245342040 -1.089587462 1.616911493 -1.116988965 -0.240999479 -0.362648680 -0.297527267 -0.185937979 -0.560553449 0.586712468 -1.009767390 -0.231790730 -0.582206703
-12.237803940 23.862730082 -25.374608028 0.411528027 -0.535155112 -0.647306580 -0.353903772 -1.792091755 0.517359327 -0.328139533 0.950529320 -1.155056969 0.392868298 -0.182925786 -0.788799625 -1.352610107 1.417973036 0.686563728 0.830313693 -0.478608693 0.628783464 -0.397165454 -1.860488674 0.665699169 1.471981147 0.161783850 -2.780010540
-9.289950258 10.224655921 -27.263694165 0.024478402 0.995288276 -0.085155675 0.039377227 0.218048814 0.822465135 0.336198497 -1.673594242 -0.921020522 0.124806871 -1.374709910 0.006678131 0.032300929 -0.823417662 -0.870704848 -0.472964394 1.825432183 0.201364129 0.372785684 1.233028795 0.059045937 0.607879597 0.033683091 -1.255631603
0.220856963 18.059455717 -28.216764019 -0.355026078 -0.066956581 -0.931279163 -0.046823294 0.244112788 0.353708709 0.193264325 0.505517070 0.615029220 0.845085082 0.470556543 -1.934456606 -1.052392851 -0.741681731 0.448379703 1.257244088 -1.831841156 0.002295289 0.710068359 1.253902413 -1.464659126 0.455949930 1.097782338 -0.545461301
-16.077652991 16.024996494 -28.674025524 0.803321994 -0.227866312 0.543192086 0.087710178 2.407996975 -0.059674269 1.448807891 -0.389373649 1.217141237 -2.466061282 0.933112550 1.379397755 1.387017405 -0.691071156 1.441962751 0.620425715 0.885925186 -1.455237930 0.290866141 0.564619503 0.367213916 -1.377117370 -0.990779445 0.768746404
-5.450874546 17.201425532 -20.091787211 -0.028230352 0.968953288 -0.029269025 0.243876808 -0.072746747 -0.958488012 0.335570104 0.314980491 0.590605843 -0.354621760 -0.815092700 -0.205839109 -0.992753471 -1.059604392 -0.036354866 -0.282515092 -2.449237542 0.010757683 -1.583972789 -1.176608421 -1.953186372 -1.582633121 0.293998221 -0.838464900
-3.847539611 16.190104739 -21.854913981 -0.367619188 -0.215357585 0.728897170 0.535897527 1.494911195 -0.333066017 1.521991465 -1.088297398 -0.661399405 0.289490102 0.412193038 -0.199153937 0.657043129 -0.242732607 -0.434910725 1.426912808 -0.188963427 1.574099017 0.347240709 -0.924495058 -0.013577708 -0.059554416 -0.357654136 -0.445259674
0.406065267 17.041311463 -28.551796354 -0.099741075 0.749416554 0.442497537 0.482309524 -0.408428314 2.212702735 0.253637168 -0.378303790 1.919057313 1.463717286 2.800907600 1.625450614 0.232677850 2.321556158 1.499449430 -0.847899044 -0.370791288 0.618316931 -0.680830962 1.183089696 -0.974642328 -0.129830004 -0.416741833 -0.122200259
-3.416751072 14.486156386 -25.119806407 0.039441784 -0.958166870 0.172870074 0.224669828 -0.386865155 0.919049906 -1.592570553 0.889736846 -0.392697994 -0.582958661 0.106233551 -0.259974403 2.828699081 0.236935650 0.907044669 0.066939952 0.175836210 0.912713399 -0.292073183 0.240183723 -0.748512382 0.175689943 0.833445684 0.044056081
-14.582843588 17.110496850 -28.067932490 0.822867578 0.212664433 -0.381929938 0.363032107 1.156986280 -1.033493590 -0.390223530 -0.933987772 -1.093929922 0.849003592 0.725627358 -0.993139258 -2.051668882 -0.533838546 0.780383201 0.264197002 0.350988857 -0.574959946 -0.082605465 -0.598886278 1.930940680 1.650066347 0.590831150 0.518928270
-2.457678792 18.548652794 -21.233024346 0.334668325 0.770651837 0.005338799 0.542277010 -3.237708123 -0.467880265 0.547220876 -0.863809460 -0.897737115 -0.572636161 -0.560258962 -1.109908043 0.142188919 0.192307740 -0.733245946 -1.975369338 -0.508407672 -0.505713187 -0.977314372 0.459647148 -0.676466438 0.360233957 0.327783078 -0.707600237
-6.185541362 20.410265488 -33.190738310 -0.256456552 0.871141422 -0.142884774 0.393607166 1.942165627 -0.485941461 -1.450125168 0.467982665 1.190828078 0.629272334 1.382304832 2.239868659 0.218931338 0.191180321 0.657839179 -1.416411372 0.456330702 -0.388773868 1.471520274 -1.258811187 -0.939147607 0.096308496 0.953477805 -0.132570488
0.821355776 18.146761732 -28.347839211 0.242012045 0.007101877 0.761574397 -0.601152369 1.973905420 -0.086639980 1.699103287 1.153510670 -0.545316661 0.010790191 0.866256191 0.216705676 -0.786845184 -0.314496977 -0.531270509 -1.108528622 -1.480923758 -0.414357745 -0.140105327 1.916026972 1.608482438 0.155043790 -0.849473830 1.472294352
-3.801476568 16.900442431 -27.251279833 0.346798802 0.246477487 -0.529229123 0.734095345 0.715510466 0.332587957 0.562713573 2.390248984 -0.741921149 -0.725302069 -0.161080696 -0.358728895 -0.547558488 -0.964484508 -0.637873977 -0.540974563 0.536868023 0.741952595 0.727816441 -0.228908403 -0.276723860 0.101775964 -0.349511483 2.408785777
-4.994449193 13.850712229 -21.979652374 0.132186749 0.183644030 -0.595642482 0.770721459 -0.059988130 0.491070619 0.489834962 0.625783281 -1.095487860 -0.806881337 -1.425798853 1.481516347 -0.164414201 -1.200458654 0.596837288 -0.401462828 0.337508917 2.069678773 0.535609102 0.142664411 0.661349599 1.547711282 -0.133152864 -1.329262779
-5.412989712 14.001982472 -30.810106629 -0.846176667 -0.338944564 0.288224615 -0.293305645 0.170060188 1.172737131 -0.586895786 0.314776516 -0.520743896 -0.297840634 -0.627600659 -0.319858793 1.360762605 0.968190313 0.380475096 -1.915322179 0.297101905 -0.819930924 0.840085404 -0.400011220 0.719112189 0.690749268 -0.095248769 -0.877532043
-6.422584487 11.190226817 -19.855906390 -0.317071759 -0.644894258 0.540961760 0.436963695 -0.175572414 2.440619172 -1.954176136 -1.499170443 -0.535181737 -1.077405143 -0.740479532 1.463136048 0.731869997 1.000774325 -0.530830450 -0.834620999 2.120126620 -0.684061785 1.586634768 1.108532929 0.263680876 -1.787740567 -0.869577022 0.308361748
-6.211269617 20.312160844 -22.133534845 0.147425845 0.918877703 -0.345042848 -0.121962368 -1.047056229 -1.164517636 -0.285779704 -0.190936839 1.158718621 1.736215956 0.489461351 0.691106536 -0.986913305 -0.001818713 -0.547383854 0.987048780 0.652269788 1.375515177 -0.067787392 0.750248691 0.980892040 0.013298637 -0.488493226 -0.118615616
-13.435509109 15.850077337 -18.888838903 0.366543135 -0.560386626 0.653156434 -0.353552870 -0.132688333 0.239372490 -0.429058746 -1.588019375 0.418790534 0.165854483 -0.410762708 -0.318397156 0.809764582 1.965491114 -0.080511592 0.064031979 -0.600618440 -0.274245315 -0.614636537 -0.009163048 -0.910658436 -0.133621085 0.663481332 -0.430372437
-6.634943485 13.737573216 -24.590822187 -0.682396814 -0.193150864 -0.118884907 -0.694905541 1.005050344 -0.228471769 0.537679103 -0.799126386 0.049655182 0.233501470 -0.339256833 -1.153464953 2.019141117 -0.937706502 -1.155790526 0.150901187 1.295271977 -0.265166131 -0.370717003 0.982914661 0.049112408 1.343326430 -1.377357338 0.657890363
-6.049031548 23.896059148 -28.551447630 -0.806589996 0.237157285 -0.516396900 0.162798162 1.034101020 -0.441006264 -1.111000506 1.815588086 -1.077016504 0.574258988 0.297260222 0.060128341 0.572158811 0.431523993 0.012844365 -0.749618970 -0.295686178 0.953294461 -1.316920574 1.191344678 0.140224870 -2.050576272 -0.022639847 -1.304539532
-11.860918765 11.456193027 -25.674489020 0.166936890 -0.361478223 0.170584747 -0.901313715 1.167222287 -1.995533933 0.235511700 0.914353105 -0.578013204 -0.269612757 -1.010899033 1.153416870 -2.572677670 -0.355791199 -0.553486298 0.012755214 0.757636186 0.086579350 0.289631344 -0.788628578 1.272484524 0.220126106 0.358849255 0.909046071
-8.180979587 11.212412212 -28.379394815 -0.407405466 0.419521226 0.059984362 0.808965144 0.453767421 0.596812546 -0.151793868 -0.792307629 -1.178314299 1.266055620 -0.382660422 1.558162223 0.262486884 -0.825247060 -0.261310015 0.547716971 -0.832891189 0.531251518 -0.143910178 0.519770989 0.519675341 -2.032776115 0.276641861 0.300923407
-11.539447747 14.712529823 -22.124163486 0.350917538 -0.308557136 -0.884071820 -0.008148191 -0.316271029 -0.411438489 -0.265883385 0.360261060 -0.049878406 0.488049599 0.852183972 0.080690439 0.352198370 -0.948040649 -1.035852933 -0.781105138 0.754755575 0.779873290 -1.400778979 0.146861698 1.390156724 -0.182258846 1.449326988 1.715509902
-6.742433785 20.374743631 -20.562027885 0.282144952 0.043143066 -0.920424713 -0.267116547 1.060192305 0.357779491 0.430730266 -0.322060128 -0.109431178 2.575315440 -0.560921427 0.158082878 0.427094796 1.023315721 0.087427857 0.395752315 1.130746509 -0.420376914 -1.415980527 0.577367211 1.687910179 0.313505811 -0.886598601 -0.352844404
-4.207614478 21.671899762 -27.830537247 -0.767365656 -0.298620432 0.284816761 0.490770007 -0.764397865 -0.156104176 -0.122620153 1.684138546 -1.170108023 -0.003343340 -0.496761021 0.836041619 0.731128073 0.244810215 -0.008695203 -0.580285216 -0.009072742 -1.735642026 0.790601342 -0.192387002 2.007023264 -1.596449263 -1.959981378 -0.622053440
-4.860179305 15.818580943 -17.061622132 0.839903603 0.138765207 -0.443630857 0.280174620 -1.149769235 -1.961627229 0.855426888 0.409719045 -0.561574823 0.467276161 -0.890856497 0.618584184 0.879535539 -0.410000338 -1.253055838 -0.103209946 0.803795923 1.066340871 -1.640603600 0.306890506 0.972499746 0.596311434 0.363040346 1.646663010
-10.553706396 9.133269691 -21.179700520 0.457901535 0.840605562 0.183633574 -0.223578138 -0.058579221 -0.196186761 0.866953894 -0.993199916 -0.775866848 -0.910025192 -1.605455466 -1.013052324 1.833371353 -1.817920100 1.394625023 0.681494874 -0.280796669 -0.382979227 -0.131183747 -0.433935973 0.570637779 0.069011303 1.148260307 -1.894034163
-12.218761893 11.320697359 -31.391142514 0.193233583 -0.221269877 -0.793194742 0.533425276 -0.163788988 0.526869911 -0.795870802 -0.423753067 0.994612436 -0.882781762 -0.040609267 0.770717516 0.127377875 1.229029146 -0.700953777 -0.277779967 -0.010082613 -2.327894681 -1.635048515 0.645674344 0.905453737 1.330684388 -1.518864152 -0.590099717
-10.163927221 21.028735989 -22.541946189 0.865874090 -0.235273780 -0.101780924 -0.429591611 -0.542669539 -1.373136861 1.196799591 0.299024614 -0.195279904 0.723311666 0.144497798 -0.480178174 0.566375009 0.285384379 0.423218260 -0.235192497 -1.484579887 0.876897120 0.271187626 -0.414547135 0.638160244 0.137471060 0.369960084 -0.482125847
-14.353826335 14.200110363 -26.820280189 0.040565488 -0.919858147 0.031119658 0.388904870 -0.135392276 -0.132284473 -0.818437690 0.953518583 2.194064513 1.354605011 1.314264907 -0.507931566 2.457265320 0.043917233 0.363535270 -0.010665041 -0.244964939 -1.400059076 -0.150678549 -0.452958133 0.265604751 0.373203296 0.048920692 -1.807491778
-10.780806888 22.279940518 -25.900218055 -0.182105417 0.234501616 -0.337141925 0.893410282 -1.493578328 -0.178742521 0.947019967 0.412322613 -0.210080931 1.315158819 0.100890643 1.023421735 0.222997814 -1.281282245 -0.340912657 0.033732956 1.142666762 -0.567458188 0.134170232 2.485780509 0.419281945 0.009483031 0.581520195 0.655837766
-6.667080445 12.221681223 -31.094897717 0.331954914 0.335799260 0.845118241 -0.250639085 1.650887391 -0.371171836 -0.800846247 0.807872103 0.580794019 -1.876780955 1.248469457 -0.688102520 -0.672306268 -2.312372076 1.347290103 -0.483405460 -0.741028470 -1.287092410 0.251537052 0.900181821 0.599131619 1.187997035 0.339097356 -1.025192362
-5.030787224 14.192292350 -33.273840639 0.418816319 -0.034851287 0.179949323 -0.889379851 1.630636792 0.838968878 0.790547814 1.296471642 -1.036592976 -0.554625676 0.061524147 -1.011322081 -0.209869076 -0.764529195 -0.401361263 -0.165979531 0.205156937 0.939124463 0.219784290 -0.425106461 0.160029923 -0.787046509 -1.241377475 0.626106662
-11.313421338 16.933537107 -29.398768852 -0.096406213 0.435079705 -0.867437752 -0.221276384 1.651618471 0.653112652 0.690874161 1.909184102 0.356687101 -0.575023257 -0.340937137 -0.705587712 0.927566132 -0.659820298 -0.026629212 0.959574625 1.164099817 1.746957696 0.047105151 -1.635744812 -0.966844498 -0.572329190 0.874043799 1.068981889
-5.332261608 23.534632920 -28.272194478 0.923664776 -0.082811705 0.006308018 -0.374093320 0.167787109 -1.258578175 -0.718926219 1.251283636 -0.677026372 -0.253345825 -0.057081194 -0.881979502 1.127672274 -0.330592609 2.026991774 0.240573773 1.146623139 -0.830920672 -0.065284836 0.978524323 0.845170118 -1.973768907 -1.803539397 -1.495723318
-3.041244866 13.444989736 -27.384829344 0.442325761 -0.266933304 -0.855425549 0.036628711 -0.565359363 0.975814062 0.556026377 2.107460094 0.443123256 -0.264554817 -0.437638769 -0.946992562 1.254421455 -0.439970423 0.479747486 -0.097663988 0.821257353 -0.207300268 -2.438069656 -0.218078783 1.148796188 0.267200611 0.411812383 -1.818386202
-1.668789246 11.067004435 -29.546081112 -0.379025720 -0.567771112 -0.530084775 -0.502976738 0.955073057 -0.911507013 -1.339032825 0.684107827 -0.157369525 0.458378215 -1.353802755 0.368807206 -0.801705742 -1.424304339 0.388700049 2.807965343 1.573158485 -2.102890285 -0.671608834 0.343758473 -0.393639630 -1.365633217 0.406733607 0.497338509
-15.523767454 17.493247976 -29.744335518 -0.320943263 0.721791009 0.114473727 0.602419229 0.072167442 0.189540590 -1.528913471 -0.167305189 -1.280363631 0.779206085 0.725552339 -0.106160145 0.210985364 1.198311591 1.601965375 0.067902823 0.232434913 -0.768898591 -0.174300995 -0.388512942 -0.660824299 0.130424236 0.720999776 0.214218539
-2.898866597 19.607149571 -22.434282517 0.513343194 0.346497759 -0.055574560 -0.783153584 -0.217870065 2.122288476 -0.745798033 -1.523121933 -0.753062693 -0.068072293 -1.401072350 -0.555859597 0.572229544 -0.174361972 0.469584379 -0.335391792 -0.550500181 0.432852224 0.150928610 1.714128565 0.111488946 0.989456023 -1.283293318 1.080706711
-8.896572625 18.165315373 -27.762253983 -0.637606712 -0.371849005 -0.674641878 0.006658478 1.892369621 -2.165883576 0.380437539 -0.236892415 -1.355205013 -1.324369094 0.190191367 0.060950713 0.756401212 0.265867682 -0.957347978 -1.816773788 0.374622230 -0.423298825 0.326566832 -0.003942256 -0.462510515 0.594203578 0.245583784 -1.173986497
-5.218691175 21.734713445 -29.607804185 0.150441402 -0.463533903 0.420204082 -0.765462105 -1.258279548 -0.555172044 -0.340367557 -1.073067993 0.069488805 -1.806837462 -0.737299747 -0.955289938 0.145367479 1.205255502 0.050164182 -0.805935666 -0.956812225 -1.206008696 1.345886742 1.079091220 0.432565526 0.336650170 -0.832130476 0.209543469
-6.910958543 12.943442264 -24.421914664 -0.091316635 -0.381832134 -0.629120592 -0.670874634 -0.257947935 0.906713886 0.378013233 0.448664102 0.049311445 -0.122169311 -0.667631047 -1.198408818 -0.411447605 -1.812552177 -0.200699101 1.862514700 1.561692009 1.007954427 0.729193314 0.291441128 1.994872745 2.462301028 0.045653907 0.291828707
-8.964865734 7.668936277 -27.729609987 -0.352297732 -0.260034195 -0.350809079 -0.827768999 -0.035449713 -1.694715167 -1.112255163 -3.079422200 -0.368721380 0.875528145 -0.060384597 -0.024297208 0.083493496 -0.327591770 -1.750704734 2.691458557 1.827995190 -1.549826491 0.439511766 -1.544430788 -0.987989845 1.447958263 0.330709321 0.733282111
-10.140911291 11.485727931 -17.565524885 -0.757590080 -0.466154108 -0.126082431 -0.439159241 0.359536916 -0.502051033 -0.136165192 0.610630809 -1.174762018 1.040828238 1.583094310 0.308161186 0.447716444 -0.388683663 0.828448821 -0.285263706 -0.166309443 -0.635104046 1.062580486 -0.428716291 -0.824940673 1.125150264 0.893755086 -1.212288511
-1.873949201 9.182628213 -25.334908205 0.068473900 0.846725232 -0.518726492 0.096387414 0.073176091 0.566092250 0.645257523 -0.776290942 1.773406819 -2.456920988 -0.620596083 2.284944553 -1.954013857 1.880223517 -0.037358837 0.190424433 -0.191357514 0.442557340 -0.674308536 -0.853987917 -0.926558007 0.803198721 -0.346111279 0.303279227
-6.244736337 10.879066251 -28.592737383 0.501506588 0.750834669 -0.383856132 0.193372470 -1.118243194 -0.165845575 -2.077076222 -0.200751135 1.363388923 -0.814914517 0.566828233 1.772006813 0.050866428 -0.098679177 -1.410862168 -2.613440956 1.777941231 -1.103907160 0.402327934 -0.407649032 -2.663531554 -1.455925237 0.640063679 -0.104996242
-10.751923076 17.046875907 -32.172223956 0.427628280 0.873770536 -0.145757413 -0.180038553 1.264621108 0.786005734 -0.776668503 -2.073714122 0.919051776 -0.574780179 0.718791253 -0.038408238 0.285858832 1.009693773 0.880906722 -1.184165027 0.200025196 0.221059437 -0.341819498 1.360783861 -1.138527156 -1.340605828 -0.626556909 0.205081241
-13.945078352 14.566612656 -20.359079410 0.212709791 0.885939083 -0.133547953 -0.389912081 2.182620769 0.949460343 0.328716891 0.193794068 0.471475572 1.884738185 -0.619727334 1.389570094 0.748956432 1.748954059 -0.082343057 -1.411382903 -0.465291913 -0.210251976 -0.100263834 -0.456386739 0.611731539 -1.395563597 0.349774529 -1.541518418
-8.035473225 13.334462225 -32.811665656 -0.847735913 0.010258244 0.530156458 -0.013142320 -0.104576422 1.508646785 -0.210243786 -1.857123377 -0.584393037 -0.486287720 0.287802170 1.472310973 -0.659738665 0.229944024 0.140874342 -0.577381603 -0.270339513 1.294935121 -1.373804221 -0.179333292 -1.836720558 -0.707083274 0.647880540 -0.121506849
-3.124169989 15.543504859 -24.294763012 0.697703260 0.663831136 0.180555824 -0.199844885 0.303713427 0.659000844 0.240750468 -0.475447356 -0.682844134 0.534131702 0.955699991 0.241804353 1.430030392 -0.647079408 1.585650752 -1.777183991 -0.902211629 -1.197519218 -0.028126548 0.055314778 0.497983427 1.346525791 -0.920704750 -0.075186062
-3.246108657 16.435186094 -20.340930091 0.086210815 -0.117017491 -0.560694164 -0.815166644 0.251001017 0.546319020 1.221489106 0.487759423 1.943648898 0.165740824 -0.496087809 1.677458533 -0.782086238 -1.296393904 -0.303104409 0.480962814 -0.749150674 0.093296911 0.905974064 1.642410620 -0.352566405 0.193011342 -0.488930572 -0.728092469
-3.404706664 18.369045761 -30.448332681 0.254791770 0.708311174 0.438033837 -0.491429336 -0.156205837 0.412507539 -0.480216094 -2.066611204 0.863504509 0.402499828 -1.789743244 -2.068376285 -1.070725521 0.297080664 0.932371484 1.190147449 -0.269740485 1.741246741 0.205089531 -0.526941476 0.233690596 -1.281131615 -0.910204577 1.704308173
-7.050401439 8.791166742 -20.612488322 0.900352510 0.152939963 0.265041497 -0.309398982 -0.266460642 0.697675336 -1.018024096 1.446382723 0.353147390 -0.091431182 0.385435319 1.762403764 -0.903842118 -1.191803541 -1.325275531 -0.868710013 -0.125025025 -0.403632755 -0.056313411 -1.203488045 -0.972757609 0.862305711 -0.039466022 -0.453199314
-13.361031857 8.310200206 -24.495935300 -0.899783531 0.119963842 -0.062185575 0.414887006 1.409239942 0.783816158 -0.833654821 0.815703644 -1.858684079 -1.643660497 -0.221060169 -1.719893605 -3.412335970 0.490063051 1.400686381 1.152028045 1.226555939 0.453866429 0.874917801 0.613442135 1.743557270 1.485190592 0.017505404 -1.368303787
-8.634166553 14.523521777 -33.908588794 0.056998627 -0.134292356 -0.108206486 -0.983365688 -0.930983961 -1.625655311 0.468922660 -1.245293558 -0.318400448 1.535821576 0.663502016 -0.863904540 -0.587169314 -0.190224966 0.485768963 -2.161962454 1.253016602 0.767387946 -0.918914770 -0.869066519 0.488761239 0.376391146 -0.735842458 -0.678578671
-3.939793947 18.642277266 -30.575528163 0.759556256 0.377621522 0.196391397 0.491840116 -1.115051154 -0.374223417 2.433546775 -0.373844765 -0.513351593 -0.019594378 0.378548454 2.126824956 0.372116482 -0.109751353 -1.271781860 0.501285579 -1.699088869 1.913444579 0.107174519 0.441049979 1.325400341 -0.755483870 0.174529211 -1.600801348
-13.296806114 20.339103419 -18.368933126 0.827654389 -0.198932201 -0.213193797 0.479544155 0.413918606 2.797961752 -0.193575545 3.514715501 0.688257394 0.013480743 0.426195599 0.837475183 0.821327848 0.694312051 -0.133820650 1.192200300 -1.771461719 0.640780921 0.621344201 0.989152871 -0.160890671 -0.815928023 1.812527103 0.334733615
-10.691279917 16.660985836 -34.724661683 -0.137035612 -0.379011870 -0.884007115 0.236860009 -1.052423092 0.669837672 0.200085330 -0.318204273 2.151101969 -0.141028419 -1.083899911 -0.577061610 0.236413234 0.405530146 0.883854143 -0.411702890 -1.051419683 0.082209356 -1.129350727 1.768735899 -0.158616787 0.301507411 0.867709164 1.343069964
-17.016999847 13.243979674 -23.578066507 0.374669081 -0.535622440 0.534092257 -0.536168949 1.326242992 -0.307141975 0.411466548 -0.079906186 -0.226129984 0.405099901 -0.161365843 1.132898651 0.015980177 0.305745456 -0.114426330 0.527780442 -1.494808238 1.324073418 1.039081974 0.049444719 -0.503946556 1.327344487 0.155311754 0.793510793
-12.510096254 7.955747207 -25.247592486 -0.262634337 -0.703528787 -0.346805492 -0.561957651 -0.282510739 0.399737602 0.377057086 -1.457843211 -0.490854421 0.637824368 -0.351638450 0.637338731 -1.508793811 -1.282288462 -1.237831082 -0.109247639 -1.327541934 -0.534564424 -0.695060235 1.184118979 0.866789933 1.238280182 -0.517871262 -0.105497915
-9.609432812 7.896012337 -26.526806783 -0.354328836 0.553331195 -0.575105064 -0.487370322 -0.742020565 -0.766502346 0.511182718 1.368036021 -1.378731748 -1.488972899 -0.163512974 -1.106366970 -1.379507069 0.500399410 -1.247354713 -0.953029868 0.829930192 0.581397063 -0.175946307 1.671540861 -1.444938213 -0.025358366 1.290468319 -0.523975802
-8.232392384 16.724149544 -32.435796928 -0.530935594 0.788144973 0.175466838 -0.257189202 -0.214752685 -0.167380464 -2.374034445 0.295836935 1.787797751 -0.189963347 1.344528953 -1.031729000 -1.286007204 0.974522428 -0.740962716 1.086497766 0.246095775 -1.083552302 0.387010421 -0.276167807 0.135401902 -0.040293998 0.068262050 1.288654028
-9.283661840 12.584200996 -23.718590245 -0.218027917 -0.692714572 -0.196458246 0.658797774 1.038972512 0.123892245 1.022114625 -0.018182265 0.570579956 0.209922590 -0.359667646 0.006943901 2.053876808 0.037491745 0.038321342 -0.207273396 0.042279929 -0.496898077 -1.965576216 -1.823442585 -0.335232603 -0.172337681 -1.496217775 0.201377392
-4.072277196 24.505591303 -24.207140850 0.327370611 0.936631469 -0.103770091 -0.069150149 -0.077966426 1.784477164 -0.488495752 -1.138341990 -0.916581935 -0.268082921 1.689794744 0.688689537 1.745684768 1.665380725 1.268809043 -0.377264550 2.471212809 -1.992600005 0.451558197 -0.685538737 0.053954163 0.725532985 -0.146742791 -0.412190463
-8.965132306 20.082956198 -21.488349412 -0.407346904 0.084009059 0.896205596 -0.154358376 -0.204248525 0.035404218 0.420084782 -0.224103290 0.169871159 -1.186050130 0.057388507 -0.230061445 0.458354434 -0.152865375 -0.540530694 -0.709081601 1.747079653 0.458849570 -0.779899177 1.266248842 0.808834142 -0.324289898 0.723515808 -0.176241075
-4.450769307 11.399170514 -27.172532723 0.311678226 0.140385171 0.775672721 0.530547375 0.528999564 -1.805287502 0.979451189 1.890948474 1.046442930 0.738187286 -0.534367208 0.862366722 -0.885380204 1.907419955 -1.120290374 -0.026439771 0.437876369 -1.032120947 0.020187976 -0.833531598 -1.070442318 -0.556421529 0.988188208 -2.979949700
-4.521728717 17.162368066 -24.532277094 0.159286484 0.055467401 0.985613996 -0.010781163 -1.289693111 0.122233019 0.363106124 -0.471877911 0.764985941 0.629313758 -0.079913842 0.688629361 0.535996238 1.103710455 1.056732475 0.733477536 -0.493535046 -1.206879788 -0.451266856 -1.943508405 0.128660857 0.089230734 -0.161785048 -0.752904936
-6.206929945 9.360756387 -31.077458907 0.228628281 -0.482694175 -0.809169066 0.244909911 0.578806018 -0.242346657 0.826880341 0.081858701 0.888838399 1.549969790 0.608067549 -1.390383126 0.765937890 0.422201394 -0.532190087 1.173478206 2.122352343 -0.529367930 0.175810600 -0.774994301 -0.044013113 -0.260813012 1.430347428 -0.455979567
-13.969275901 13.242694827 -24.908024600 -0.483997484 0.489950788 0.021195344 0.724738172 0.364633928 0.502522495 -2.968320330 1.804322888 -1.048383249 0.619739062 0.414123180 2.534900333 1.551740731 -0.953699270 -0.481686279 -0.765290794 -0.795339621 1.651449125 1.080090117 2.112521998 -1.151842065 -0.084859176 1.417873069 -0.159970732
-9.576426303 18.048634108 -25.839062553 -0.475680727 0.171843461 -0.627836016 0.591624549 0.896466222 0.666008544 0.040087616 -0.263308977 -0.081020345 0.435447819 0.207157709 1.199467366 0.020928502 0.317331359 1.367216648 -0.682964581 1.298300084 -1.590779394 -2.589635622 -1.878449087 -1.702962027 2.346287948 0.099339757 0.256781784
-4.476071800 9.979737096 -23.573916880 -0.504461675 -0.010246545 -0.486805657 -0.713045356 -0.641620247 -0.082899285 -0.238332320 0.855024456 0.624185656 1.836831311 -1.991212228 -0.430194662 2.052571288 0.229619370 -0.331073942 -0.364548404 0.687824506 0.605128378 -1.026131275 -1.993402823 1.979029107 -0.741826912 -0.114632668 1.668419327
-7.161898944 10.203716591 -23.904934035 0.766402399 -0.211964304 0.544647714 0.266565872 -0.459444062 -2.174177917 -0.805721111 -0.729799608 -1.609277500 0.596226152 0.926490990 -0.020353321 -0.056561224 -1.695519278 0.850006008 0.134550264 1.077663442 0.563762292 2.014473551 -0.277091698 1.118550066 0.555158166 0.515796601 1.023136448
-0.684640184 17.652804133 -30.541451893 -0.479376661 0.006774112 0.842111345 -0.246983017 0.455074706 0.141280035 -0.366841588 -1.051376211 -0.740040370 -0.974008246 1.378309235 1.500219155 -0.669000469 -0.595487751 -0.293941898 -1.302683914 0.980810463 1.541967843 0.130143186 -0.671556449 1.217299837 -0.570115859 0.174659035 0.227145257
-3.531986812 9.218712889 -27.679200391 0.381414828 0.526177558 -0.746021764 -0.145297745 0.848529817 -0.238447568 0.299251979 -1.115236752 1.219867056 0.801143203 1.264411748 -1.407600723 -1.065084296 -0.475651788 0.627944914 -1.619387034 -0.919195052 -0.926684727 1.296895206 0.947250490 0.821844198 0.629782907 -0.777641875 -0.131074432
-7.777478732 7.081689396 -24.760660115 -0.587901735 -0.182513056 -0.508730788 -0.601875004 0.105475596 0.517157616 -0.145893931 0.565747359 0.099704098 0.754321723 1.421285183 -0.485720702 0.402671276 -0.996629314 -0.037091613 -0.790253190 0.870948662 0.643576322 -0.911016551 -0.774577580 0.138693730 -1.078777513 -1.720853088 0.693064267
-5.103282107 20.490579422 -32.458641519 -0.413559704 -0.744677548 -0.522641821 0.035626507 0.593026731 -0.741939630 -1.519267754 -2.497521718 -1.293549256 1.186574371 0.143656255 0.426182282 -1.056382591 1.299643370 -1.469882256 0.779452102 1.861502360 -1.148750567 -0.489031014 -0.539092003 0.798181483 0.257759021 -1.218936230 -0.312225123
-14.830321520 16.318631344 -21.276480395 -0.431261921 0.134946422 -0.286751656 0.844734341 -0.387548382 1.006162759 -0.085929498 -0.750799838 0.687781659 -0.262454741 -1.229177862 -1.507580558 0.903133456 -0.054263141 0.443584144 0.622682092 1.003166897 -0.438998111 1.058531211 0.540106597 0.760723524 0.629459033 1.030267878 -0.321794047
-4.775583118 11.406988909 -26.992762434 -0.390292991 -0.712647104 0.136427005 -0.566739057 0.828796986 -1.490638551 -0.150473468 -0.261371521 0.199165219 -0.427072676 -0.894187145 1.455046332 0.509750317 -0.274575616 0.866719671 -1.832018687 -0.381122782 -0.025289730 0.505130132 -1.437797216 0.112352301 1.318489121 0.637641234 -0.032003031
-9.741287247 22.631974230 -27.319736283 -0.441095797 0.660972083 -0.531983604 -0.292478800 -0.001849964 -0.514646195 -0.455113198 0.800242951 -0.395769661 0.879884169 0.849357567 0.788594880 0.481281047 -0.020368792 0.088748233 2.145453751 -1.524291216 -1.216270849 0.135706420 -0.444972143 -0.683987575 -0.636938700 -1.502519335 -0.911616807
-8.328079972 13.146994796 -27.622461056 0.640857382 0.419864564 0.638797894 0.070376233 0.952914534 0.343954011 -0.046570605 0.347976072 -2.273654286 0.712756659 -0.872364729 0.559913456 -1.178651637 0.593014676 -1.828051951 -0.751252799 1.978312631 0.347452044 1.490730149 -0.459712322 -0.094123435 1.244744457 -0.184556914 0.501986790
-12.119896210 14.911004434 -25.950565575 0.536949159 -0.122765641 -0.559565428 -0.619274358 0.224259379 -0.349232928 -0.286675467 -0.531035913 0.252626853 -0.601003130 0.224515653 0.944075322 0.056418040 0.352999905 0.843693988 1.458771277 -1.228337987 0.262767586 1.281071433 0.267565632 1.228368827 0.058263528 -0.757258748 -0.110895460
-7.430198101 12.292825464 -29.861963346 0.804065748 0.354088220 -0.477069946 -0.022451569 1.898405875 -1.933289546 1.973871191 -1.464379726 0.940789743 0.709166928 0.001611338 0.101145291 -0.018930591 1.451043922 -0.752073683 0.392488181 0.345670267 -0.502154316 -0.111869704 -0.407703013 -0.620188467 1.508554999 0.280788124 1.477084263
-7.635200805 23.047303524 -29.003968764 -0.007705324 -0.748538005 0.543000966 -0.380501556 -0.947464286 -0.108173502 -0.381194619 0.905761050 1.183057523 -0.118295987 -0.077527997 1.727341666 -0.176898689 -0.435844140 0.370155806 1.453612265 0.923295906 0.723735869 -0.323441333 1.042724450 -1.148709495 0.743724313 -0.116372109 0.574805819
-2.160488651 9.522992530 -23.344119682 -0.607435706 0.128561083 -0.348792769 0.702023871 1.124014352 -0.978124346 -1.198519877 1.451933893 0.845887089 1.825417100 -0.467651323 -0.706452835 -0.267389070 1.730431556 -0.568386068 0.333960330 -0.826017767 -0.574868165 -0.027705810 -0.931829046 -0.955677039 -2.136158234 1.051682346 -1.417116842
-11.976219083 15.032144161 -34.441831567 0.446715281 -0.468373176 0.318129260 0.692723465 -0.979397722 0.050515990 -0.735362605 -0.571690900 -1.180484366 -1.320548777 -0.207853330 -1.342476721 -2.260523562 0.279706813 0.691507650 0.515493871 1.407758988 0.779047893 0.089240372 1.539069960 -0.508459504 0.710048156 -0.166265495 0.208572635
-16.731246793 15.461543202 -28.680729245 0.428322461 -0.855953676 0.258488957 -0.130639325 -2.410805646 1.120434282 -1.162078844 0.685647710 -1.682785342 0.728309035 -0.587138225 -0.745689750 0.860750094 -0.145294423 1.762024226 1.090011428 -0.120074761 0.686853573 -0.457578200 0.278639258 1.377016891 0.251914039 -1.401457028 -0.295151965
-11.495693302 16.762125710 -17.729990484 0.444538197 0.778823920 0.344428288 0.277827731 0.159709999 -0.339436373 -2.519891603 1.601136891 1.072605646 -1.083078077 -0.228561635 -0.490452612 -0.230088563 -0.352545488 -0.802110408 -0.493938563 0.232867835 0.914799094 0.777834455 -0.735398669 1.504429499 0.397025601 -2.074783552 -0.555573473
-3.635422234 20.879740462 -21.044068395 0.231801815 -0.225992146 -0.057863923 -0.944376638 1.741590586 0.261561373 -0.101986015 -1.147841383 -0.334514762 0.755297300 0.570197975 -2.298213168 0.589855370 -0.062048672 1.645779629 2.064865433 -0.375403503 -0.999514366 2.170913504 -1.032118260 0.987123147 1.039973175 -0.120135648 0.543671080
-6.052689850 21.509564532 -28.196300484 -0.721554539 -0.312490959 -0.257054320 -0.561810933 0.744356049 1.659350107 -0.331705701 1.444939402 -0.865941449 0.037952935 1.468859804 1.640188133 -0.806376214 1.091727984 -0.382364772 0.850261925 0.694137906 -2.409326953 1.514341368 0.214499181 0.232224107 -0.466756028 0.861388401 1.386308022
-10.610348699 11.470763423 -23.942558709 0.337800406 -0.589070544 0.540488365 0.496748535 -2.535038718 -0.303628747 -0.244281722 0.019869052 1.062219868 0.574257227 0.403816706 0.830849482 -0.095944668 -1.246119738 -0.132980585 -1.788754681 2.932587097 -2.334734130 -1.907272462 0.680048228 -0.445272387 -0.489851264 2.657325193 1.857821758
-8.428677848 25.765748588 -25.236495553 -0.046605866 0.165900430 0.466542590 -0.867549971 1.440563833 -0.447056087 -1.502545538 1.133679022 -0.060652237 -0.749059866 -0.832477722 1.017362382 -1.058431891 0.450068368 -0.330434054 0.550584206 0.131651656 -1.058279520 -1.521308547 0.210149055 -0.640645117 -0.031947319 0.708178776 -0.626833437
-16.675201152 17.089868236 -25.641248825 -0.032382549 0.734742835 -0.677460533 0.012311078 -0.078210797 0.485054617 0.221969471 1.287243134 0.700857760 -1.300383162 -0.556245796 -0.914853679 1.128594818 0.367769739 -0.688059791 -2.836346299 0.499656104 1.230344214 -0.268609124 1.722896605 -0.290947937 -0.582335733 2.726202122 -0.960725005
-8.559997487 25.045697821 -29.426342019 0.872227981 0.117828275 -0.030361253 0.473722535 -1.727026233 -1.223491006 -0.712179715 -0.363870555 -0.941614373 0.432929374 0.311043376 -1.213453796 -0.702614230 -0.567739497 0.458713814 1.620962984 -0.638015866 1.272776501 -0.769269813 0.217728439 0.801932571 0.591734824 0.311634336 -0.720061302
-9.275527338 17.561464629 -28.808988090 0.462926546 0.464126447 0.265730196 0.706875602 -0.334426229 1.335186883 0.230473446 0.599537983 -0.070373541 1.030114202 -0.192498790 0.642419117 0.845227700 -0.849309684 0.120455983 1.681959621 -1.431710178 0.256004362 -0.391316959 0.557631578 0.938907128 1.395057280 2.938308634 -0.668261860
-15.170012760 16.985246469 -21.223702316 -0.227375367 -0.715109492 0.606167822 -0.263589506 -0.794305353 1.125509999 -1.318014488 -1.461046289 0.684028138 1.007103227 0.683487688 0.905856037 1.172789489 0.618804249 -0.488833998 -0.010812705 -1.435120540 0.129180115 -0.180655557 1.541135110 2.160994769 -1.112586028 -0.657967811 -1.341759040
-7.766554299 14.100218914 -27.829952785 0.276294995 0.949986578 0.032922770 -0.141783882 0.376471030 0.470154239 0.572257553 0.586498945 -0.687048239 -1.034339441 1.059100519 0.031377227 0.936671434 -1.280956146 0.959736567 -0.628234782 1.641228733 0.126639157 -1.191840278 0.696516055 -0.200143009 -1.776968806 -1.179178182 -0.016705583
-5.278706503 20.114608620 -30.200002151 -0.163538773 -0.665736544 0.561558974 0.463358870 -0.367549160 0.145458888 -0.003424478 -0.103373870 -1.814726331 -0.585665003 1.138709716 0.464336057 -0.299800030 0.777323075 -0.301367586 1.958392421 0.157973492 0.870925927 -0.123057545 0.847884759 0.280581890 1.026546433 -0.341931287 -0.328287334
-16.923088288 15.308164851 -31.183914334 -0.262437798 -0.379444646 -0.882314782 -0.093106331 0.265381658 -0.355870382 1.346592690 0.114867975 -0.114732972 -0.151165301 0.685797882 -0.571197470 0.362674807 0.012735436 -0.744592182 -2.100749811 -1.635164889 -0.581176875 0.419647043 -0.234986179 -0.560627304 0.052986039 0.522500496 -1.150616869
0.070484956 16.659270881 -25.501416885 0.565661607 0.155809869 -0.732214893 -0.345849074 0.439479779 -1.173164611 1.653160057 1.249742296 0.502017578 1.408163381 -1.167521679 1.277139915 1.951456862 -0.884068940 0.408932487 1.025070677 -0.227479588 -1.574792210 0.347811750 -0.782479422 -0.778417798 -0.497714059 0.517374654 -0.879230654
-3.170872151 16.028768242 -18.319305451 -0.668255870 0.584593410 -0.129317778 0.441544505 0.729845646 -0.722961274 0.525455030 -0.042499970 0.098421558 -1.490324901 1.374681051 0.814033303 -0.748581664 -0.947506468 1.302722839 0.208461077 -0.728514181 -0.209361669 -0.788362583 -0.822420582 1.498392098 0.331533451 -0.672134889 1.434901072
-5.518311398 22.305690788 -25.401401119 -0.596544230 0.607897778 0.090921596 -0.516070283 1.104520012 -1.242084334 -0.055311862 0.002417574 -0.443129117 -0.034177332 -0.314729916 0.842392714 -0.551714490 -1.603037360 -0.169240704 0.460615311 -1.186977432 1.126930157 -0.350613566 -0.721168875 -0.046513671 -0.578848834 -2.252773130 0.091639854
-6.978142628 9.863859757 -27.454817520 0.091724615 -0.012686193 -0.238123518 0.966810657 -0.712400899 0.312949506 -0.397723389 0.332968171 0.936371658 -1.736820930 0.402832974 0.955084089 -0.061721687 -0.556932998 0.850496710 -0.208071947 -1.102312618 0.370029609 0.277950290 -0.844725819 -1.069326547 -2.062174171 -1.063086176 -0.012382667
-7.796537468 10.971531469 -18.035999376 -0.888690959 0.229497303 -0.391594545 -0.064908242 -0.408282187 0.385548251 -1.043660443 -0.518418586 1.090357354 -0.043504994 0.424437953 1.655095724 -0.320889339 -0.454948995 -0.135508973 2.226265614 -0.681833446 0.768034387 -0.155698962 -1.035219848 -1.702899331 0.417752306 0.453956343 0.671921425
-2.925635417 15.266252017 -24.556554907 0.895092620 -0.257452570 -0.233423855 0.279357621 -0.029578849 2.831150541 0.810082010 -1.490732856 -0.183561194 -0.713570331 1.528885759 0.155020632 -1.208536576 -0.042927006 -1.477878878 0.636041074 0.153717192 0.634629189 0.954906329 -0.027552786 -0.413380839 -0.887930064 0.912648053 -1.189776669
-8.369035882 18.571618552 -26.575306207 0.098957884 -0.310809156 0.559136360 -0.762214889 1.268208146 0.543319875 -0.832751955 -0.683290549 -0.836840954 -1.136682987 -2.085743108 0.577445229 -1.978839788 1.667478095 0.805576016 1.110428459 -0.581823276 1.770649353 0.339780123 0.054357231 0.017996307 0.907711043 -0.297960971 0.999940249
-4.899392935 17.082598988 -21.528856168 0.034135022 -0.154523610 -0.701304747 -0.695074748 -0.158929190 -1.159123322 1.615861382 0.302873082 1.016308794 0.723102100 0.354795396 0.013807249 -1.730225845 -0.350175360 -1.542284392 -1.818578187 1.318432084 0.730110233 -1.100372123 1.401225266 -0.561980363 0.189810140 -0.313713503 -0.863454753
-9.279380694 9.919421454 -21.254063618 -0.277031736 -0.614653506 0.311222473 -0.669772392 -2.681399129 -0.332298906 1.086539073 0.551664550 0.117048402 0.321857051 1.269149090 -0.333668474 -1.277566349 0.175077253 0.753029259 -1.043663820 -0.274149230 1.383428789 -0.233191111 -1.031052662 1.165252980 -0.653821293 -2.350691491 1.001625293
-14.898468181 16.546294644 -33.110996568 0.656686528 -0.284862760 -0.024226579 0.697874692 0.507437346 0.910939661 0.061763782 1.461813685 -0.012103436 1.621009577 0.003681368 -1.271165541 0.679364500 0.751340590 0.146328635 0.088930671 0.582182095 1.517219025 1.146127003 0.610683848 0.071322279 0.134759990 -0.228852237 0.151584797
-2.629412924 18.712710496 -20.135870402 0.685315682 0.320008548 0.269901030 0.595894605 1.173669862 1.322166253 1.357380018 0.996545910 0.558199583 0.465187668 -1.517564610 -0.018814584 -2.379004553 0.177561427 1.407496139 -1.157870468 -0.186167897 0.088193582 0.651001088 0.196307835 0.509047199 -0.041669519 -1.321822165 0.352813252
-6.176955778 24.916503402 -29.545430716 -0.482387773 0.645037270 -0.140825115 -0.575671125 -0.573096977 0.325382704 0.062284136 0.294661447 0.871927746 -1.930362791 0.274199863 0.574416391 -0.657110964 -0.327276951 1.329339989 -0.968410037 -0.042685074 0.977510046 -0.771064626 -0.789869468 0.525244345 1.728512186 0.244631076 -1.089308518
