-24.576410980 -22.330023641 -6.404060610 0.569248101 0.248686149 0.399158065 -0.674377223 -1.564701779 1.803703621 0.562573172 -0.668781165 1.242664510 -1.597353504 0.076950838 1.279374928 -0.947191374 1.249970523 -0.672140052 0.944597841 -0.325546755 0.355284297 -0.444352851 -0.229929524 -1.734937787 -1.524309775 0.525878565 0.669382838
-29.923544319 -28.108688547 -4.449557684 -0.292256084 0.358646505 0.840759103 -0.281217348 0.596139619 2.027241495 -0.069471302 -0.672893404 0.910071173 -0.549017901 -0.335695369 -0.330480144 1.180294610 -1.542921700 2.000429433 -0.698964038 1.122958969 0.126932205 -0.884305374 -0.887612041 -1.318099202 0.347101362 0.742615679 -0.717042870
-18.359496193 -21.447436151 -16.945680514 -0.380958136 -0.789576615 0.126455801 -0.464164409 -0.378393404 0.848681050 -0.895780399 -0.954328964 1.047226846 -0.502705722 -0.649741894 0.832867141 -0.796668918 -0.851951006 -2.368098332 -1.337017198 0.293107467 -0.183564613 0.741860134 0.176216645 -0.271563135 1.483411999 -2.528747383 0.551937029
-25.445011696 -21.738196103 -3.955305410 -0.445072188 0.162810941 0.438306841 -0.763734547 -1.305412510 -0.276605562 1.114203801 -0.261800702 -0.454350483 1.942127423 2.825210648 -1.053874184 -0.375413137 0.813831270 0.605478869 -2.910578146 0.753801292 -0.830966040 -0.015957710 0.186384667 1.608810880 0.564871464 -1.763937794 0.024678817
-30.700544946 -24.250169892 -6.872070344 -0.598953319 0.017334450 0.784850782 0.157999013 -1.252997530 -0.376677977 -1.143391237 -2.744902454 0.450829388 0.449742010 0.401298110 -0.795174521 0.872847003 0.696843501 0.208451438 -1.134642928 -0.431561070 0.741128187 -0.478698536 0.015653522 0.708992498 -0.788580429 -0.213295002 0.366099322
-21.301975254 -23.943871181 -13.270135647 0.631025191 -0.316406663 0.691450225 -0.153592377 0.185342673 -1.237093739 -0.642308062 0.667395977 1.026482700 -0.788999096 1.001509874 0.639908469 0.598498090 -1.370698995 -0.202369062 -0.615306547 -0.251983910 0.175556928 0.649715844 -1.277955340 1.335060166 -0.817364730 -0.016367673 0.492686134
-24.600072786 -26.434200437 -17.030619703 -0.791639551 -0.066871377 -0.545488839 -0.266977464 1.343701688 -0.919884354 -0.146467435 0.728258853 -0.647630857 -0.827511560 -0.709596913 0.140635865 0.307254922 -0.139600208 -0.799081326 -0.544380081 1.617382163 -1.034277277 -0.906556559 0.409622818 0.070672164 -1.546515227 -1.209636347 -0.859420270
-32.263055243 -29.439716647 -10.195156157 0.613802438 0.628484955 -0.326767460 -0.348534438 0.729572358 2.225285651 -0.046937457 -1.921371220 -1.895752032 -0.255771387 1.020474244 1.619445619 0.264504846 0.269214024 1.792156546 -1.936468312 -0.352912083 -1.076818665 -1.427396096 0.407513353 -1.000473585 0.098040507 1.190508051 0.098829610
-25.797523194 -32.476869523 -9.205261142 -0.416386554 0.389875647 -0.772854332 0.278056468 0.437540708 1.484012135 -1.192313881 0.463139425 -1.193913322 -0.045134920 -1.091002138 0.155163097 -1.770514263 -1.035731631 -0.520174383 0.667491785 0.897337983 -0.007074522 -0.456122748 -0.490862533 2.043067352 -1.260336933 -0.387262096 0.334856341
-29.473544902 -30.249902620 -14.654449619 0.533266298 0.618659665 0.488968819 0.306262581 -0.676222665 0.384700838 -0.434017007 0.566465580 -0.036731297 -2.721835622 -0.092067360 0.136311909 -0.136419650 -1.493083218 0.601969660 -0.901768084 -0.617268160 0.112485959 -0.286795380 -1.694977132 0.184761584 0.049935533 -1.432017351 0.772358042
-26.775910799 -26.422931324 -15.231302149 -0.336710318 -0.540034660 0.523922837 -0.566121532 -0.498084678 0.027019511 0.970656077 -1.325647741 0.896234116 -0.464144289 0.022271855 -0.340285210 -1.108330071 -1.114822468 0.502945929 0.226963613 0.243319374 2.999293783 0.910211682 -1.968498240 0.628494951 0.260241590 -0.452395283 0.240056535
-32.371190990 -24.475901717 -10.789439227 -0.390559480 0.392681291 -0.054004669 0.830871946 -1.146543212 -0.916677210 -1.633083229 1.180085779 -0.226679767 0.082369578 -1.142363775 -1.035674300 -1.021268896 1.168298889 -0.565057909 0.561978549 -0.121781089 0.320470522 -0.582934502 1.125231962 -1.666720218 2.441539303 -0.762180851 0.254137547
-24.870723712 -21.520807837 -7.564984493 0.610373686 -0.160324473 0.271671513 0.726591092 0.442157238 -0.202111456 -0.706397132 -0.979791882 -1.113313534 0.677286212 1.384507379 -0.611716515 0.000367044 0.201897565 -0.006617723 0.359673053 -0.426374568 -0.875809237 -1.096508351 -0.698600671 -0.679676364 -0.366493003 1.168406219 -0.374122344
-23.661188230 -18.049115061 -5.124830627 0.225130136 -0.196955530 0.130574801 0.945238151 -1.213629229 0.264712973 0.203404068 -1.007692080 -0.422063401 0.046435831 0.378016727 -0.787793718 -0.380189027 -1.035472166 -0.040709281 0.726246289 -1.008272332 -0.948217905 0.186448503 0.092997105 -0.050122579 -0.703080950 -0.281809046 -0.738687777
-22.130416521 -26.786589305 -2.973687253 -0.416666831 -0.792956442 -0.403449237 0.186648190 -1.358549374 0.413597147 0.740671975 0.676891072 -0.335671588 -0.572624726 0.150637672 1.141044340 -1.043810564 0.029639501 0.008061472 -0.113697226 -1.420356133 0.441018316 1.422224494 1.050706977 -0.684640503 0.642820909 0.189194978 0.980449822
-29.666047091 -20.784209050 -4.751851484 0.188050571 -0.297912693 0.891888429 -0.283584274 0.921922517 -0.352245157 -0.918222978 2.211839652 0.087370533 -0.066888382 -0.677435316 -1.666771849 0.117031218 -2.967325220 0.965651868 0.512996511 0.775532965 1.088709923 1.191009495 0.452376495 -0.521953924 1.456845250 -0.039870148 0.958340162
-31.322034697 -27.570466836 -13.020613417 -0.158326971 0.417611290 -0.760238877 -0.471773495 -0.134389802 0.071920112 0.916455185 0.776889023 0.596831692 -0.080652757 -0.728880874 1.789265678 -0.572505755 -0.192586956 -0.510458322 -0.997853589 -1.679285963 -0.312383182 -0.604820894 0.333653097 0.772227138 2.510367479 -0.182353773 -0.320282464
-23.729725000 -32.188507590 -6.363344767 0.243847057 -0.831991716 0.374403363 0.328862463 -0.729790158 -0.218547327 0.236591791 1.098474094 3.668566869 0.971526442 0.096575712 0.172969685 1.404002809 1.472409509 1.563534146 -0.486124318 0.397477961 2.246841833 -2.132678707 0.306224303 -0.888573455 1.146699102 0.423706355 0.009562660
-26.374030732 -28.060411158 -19.556300330 -0.533855011 0.482303139 0.140749325 -0.680126559 0.373960590 0.870872741 -0.219947095 -1.439432300 0.904216488 1.737389511 0.552856161 -0.746940344 2.448326961 -0.434329559 0.569681412 0.796088041 1.442321331 0.503962339 0.524793616 -3.731037611 0.453454810 0.881782661 0.964607126 0.915963218
-25.440495238 -32.342589741 -10.880568134 -0.215679356 -0.722038480 0.157379923 -0.638258888 0.092604848 0.945859264 -0.571821284 0.337895594 -0.353972802 -1.253812304 0.689230333 -0.503919173 1.265036581 1.671276292 -1.139311570 0.260785846 -0.284293123 -0.074248251 0.699846407 0.282081069 1.403150534 -0.870332124 0.553528898 -0.717332267
-28.130293107 -23.426596194 -17.347341053 0.329534408 0.043600859 0.678654023 -0.654931108 -1.336374452 0.359073086 -0.407741154 1.082419721 -0.368607747 -1.141397614 0.907510744 0.391220059 0.469323503 0.110160810 -0.175858747 -0.321876450 1.838049429 -0.241486215 -0.537094932 0.587302996 0.837324932 0.089838879 0.724755572 -0.968231461
-24.342492769 -29.916294596 -6.855120833 -0.606804469 0.587668978 -0.436143409 -0.310181294 -0.287870038 -1.286134502 0.412869413 -0.126261233 -0.024073976 -0.182197968 -0.519979317 0.792239508 -0.855151929 -0.548820158 1.587749753 0.041630812 0.487840142 0.960691613 0.629132031 0.046130832 -0.870032132 -2.111997641 0.527839615 -1.695454756
-25.235059084 -21.922068687 -15.864345681 0.207381669 -0.162415126 0.955285213 0.134329193 0.275987743 1.076185649 -1.190663411 0.402003410 0.349680550 2.298772848 0.089889889 0.419712255 -1.506016660 -0.599826105 -0.105755364 0.364692358 -0.281452153 -0.163614227 -1.439580432 -0.034201729 0.746145795 -0.803533363 0.969278957 -0.299787398
-15.221348448 -26.749309321 -11.016684658 -0.069434976 -0.669804013 -0.734292065 0.085770230 1.210487391 1.169514512 0.488223011 0.327084314 -0.169423060 -0.298686829 1.709954002 -1.351597829 -0.972215966 -0.138068456 1.358942542 -0.407222053 -0.295009109 -1.201868653 -0.075062831 1.212331776 -0.689199303 0.325257659 -0.352882560 -0.832450297
-23.426288533 -25.503224682 -8.210951424 0.629334408 -0.723517122 0.163470378 0.231815905 -0.407511654 0.750427390 2.366253613 -0.540625667 0.043652197 -0.542899435 0.018354797 -1.258413987 -0.846077032 0.509307119 0.863530378 1.006433149 -0.968048387 -0.077310283 1.078550162 -0.409978924 -1.477493870 -1.325887870 1.405634601 -0.667296684
-32.748985096 -28.037928721 -14.754031688 -0.273590909 -0.717982299 0.456797179 0.448314365 1.934696923 0.840080035 -1.910868309 -0.693961596 1.645185490 0.873501337 0.332133178 -0.621994694 -0.625951167 -1.110332429 -0.022731497 2.427463364 -1.561277271 -0.634127762 1.053275753 0.020702863 1.334376710 0.452750192 -1.124811360 -1.074562897
-27.617240374 -33.258270731 -14.571714959 -0.116017085 0.922959953 0.189502194 -0.314283120 0.356488532 -0.282452859 -0.890909951 -0.049757191 0.143567499 -0.229293614 1.556635327 -0.014839356 -0.165448987 1.658765819 -0.892873444 -0.448298259 -0.894452474 0.291902061 -0.009959927 -1.846834114 1.430164403 -0.246746665 0.662720301 -0.695992450
-26.641741900 -18.968848107 -8.095547216 0.227888859 0.421450651 -0.876240190 -0.051469861 0.273743114 -1.251369769 -1.688521875 -1.102410773 -0.865299876 0.080617634 -0.593344657 1.317195831 -0.596044733 0.256622761 -1.598092832 -2.096885083 0.812233568 -0.213971454 -0.806317169 0.363514676 -0.068615114 0.828692700 -0.624346250 0.642814193
-30.034903767 -20.727949770 -12.508322354 0.499062251 -0.042559303 0.595847407 0.627767029 -1.193865454 -0.099064680 1.270065675 1.253180871 0.371399502 0.377668982 -0.789913601 1.178426653 1.016740713 -0.336747380 -0.310710004 -1.281938534 -1.434673847 0.318056022 -0.528742523 -0.357211811 -1.728601670 -1.200633709 0.040446604 -0.424007652
-26.572129909 -33.983528150 -10.574751884 -0.087750384 -0.972154480 -0.099761476 -0.193036743 -1.072538592 -0.158954238 -0.176159017 -1.167884141 -0.008902475 -0.398294803 1.539085303 -0.373585087 -0.574677175 -0.789071482 -0.643485391 0.349229074 -0.270024409 -1.069735162 -0.791322511 -1.268296292 -1.065431699 1.912181732 0.753140661 -2.085567945
-30.408038148 -24.917124522 -10.679682162 -0.182170809 0.328345408 -0.113428982 -0.919857030 -0.287549311 0.675746124 0.741265645 -0.914812579 -0.971220426 -0.416292642 -1.156769254 1.854115071 0.195385037 -1.381913141 -0.618424319 1.000517006 1.681408257 -0.222120884 0.166387036 -0.975809812 -0.478215836 1.439438083 0.258928962 1.640770580
-25.179902974 -26.470537191 -15.283024640 0.293906130 -0.000134646 0.525845033 0.798189307 1.356970721 0.723935214 1.010347450 -2.308341283 -0.049042356 -1.199543572 -1.457420021 -0.615701323 -0.457172275 -1.065315863 0.988758141 0.790354775 -0.522109893 2.724185140 -0.889715861 -0.706953923 0.725662771 1.104360343 0.105736788 0.294324760
-32.498617329 -27.396406407 -10.607056871 0.374250437 -0.520958073 -0.172503418 0.747517135 -1.173459642 1.354372165 -0.493707097 -0.408082345 -1.541177940 0.831366207 0.306232125 -1.473577457 -0.719159344 -1.733964040 -1.918796740 -0.388670897 0.594008131 0.940707157 0.130301786 0.411482808 1.687798864 -1.079122133 0.985219399 0.188678078
-18.560125610 -18.432448835 -12.917412170 -0.464994643 0.451984681 0.704404895 -0.288623585 -0.793365633 0.208441195 1.015674681 1.362635670 1.334028813 0.239512013 0.262260429 0.276809567 -0.430259285 -0.938216960 -0.109988925 -0.573893139 1.070737902 0.977875433 0.569921209 -2.020779774 0.158744984 -0.502921002 -1.024831535 -0.216773920
-19.995903250 -27.253270386 -13.041986383 -0.413663287 0.393499839 0.790226217 -0.222672603 -2.170701989 0.202429930 2.307859890 0.636308482 0.144240828 -1.543340327 -0.602927619 -0.241743517 0.762564281 -1.416965635 -0.587004969 1.160676014 -0.089209012 -0.477595282 -1.465832750 1.585790929 -1.111308199 1.922943473 0.365924679 -0.844364891
-20.486638263 -20.843985427 -3.600476818 0.191827719 0.540166389 0.687616866 0.445651707 -0.027624989 1.648578524 2.084559404 -1.397650693 -0.333407368 -1.095049789 0.887060373 0.535903968 0.791118098 -0.814569984 0.711331910 -0.104251741 1.205793975 0.561786691 -0.046306720 0.880283969 0.437362041 0.607401482 2.272716037 -1.408084766
-24.521206478 -20.902002592 -13.750674331 -0.402051557 -0.906318855 0.046530340 -0.121554952 0.457859847 1.997241222 1.560019460 0.745995499 -1.092159710 -0.392686591 -1.028660077 0.743892144 0.996292930 -0.130606632 0.415223321 1.793456320 0.920835752 1.200685489 -1.003303805 1.116994684 0.743907176 0.360732553 1.055144096 1.544020585
-22.454116856 -33.440439724 -16.053744458 0.005701252 0.411098559 0.807364285 0.423235611 -0.670080971 1.174664836 0.259071542 -0.064070447 0.269872565 0.465912319 0.042887333 -0.264080643 0.578102864 0.987773999 2.133435221 0.703349243 -0.470140356 -0.777117221 -0.241073632 -0.171971919 -0.813741506 1.816031289 -0.538002599 0.279789618
-21.349246894 -22.666266223 -6.779315908 -0.452658706 0.855322892 -0.182260816 0.174079983 1.372791585 -0.131398972 0.044584958 0.502729033 0.125223256 1.821633614 0.447370115 0.603748029 -0.567796597 0.083658084 0.581049736 0.340495055 0.148994079 1.049544357 -0.463525035 0.355636296 0.298550519 -0.822049726 -0.411924861 -0.194868279
-20.380433865 -31.367317832 -13.615559426 0.083112253 0.011610211 -0.828374601 -0.553852938 0.352483803 1.186173775 0.030804174 -0.463384858 -0.267007751 1.537696389 0.170406376 2.096533795 -0.103511544 -0.515429526 -1.285052994 -0.346055962 0.985664362 0.859849503 -0.383241274 0.305480426 -0.498030934 0.404634157 1.456629566 0.071083112
-26.392235941 -29.247383621 -12.134376213 -0.749745260 0.390487711 -0.036479619 -0.532982768 -0.094690515 0.159555699 0.988233525 -0.071044711 1.706699475 1.913148758 1.484261507 0.455533576 0.091685291 -2.218954635 -1.075409395 -0.213582093 0.228580567 -1.729502315 -0.434905622 1.559032422 0.572436484 0.708359774 0.338994480 0.572274915
-17.115735710 -21.954445613 -11.069030280 0.086899324 -0.148048295 -0.891849877 -0.418490151 0.146736780 -2.267241177 0.408615058 0.041242593 -1.442332041 -0.100746671 0.583840996 -0.324623825 -0.566740939 0.042052184 -0.742961693 -0.386739403 0.130106917 0.228171808 -1.619125483 -0.253140545 -0.182257738 -1.556213339 0.178213243 0.829864281
-22.600637384 -30.793815552 -18.266353734 -0.880394834 0.102987569 0.460285395 -0.049354354 -0.515635723 2.640182278 -0.573949031 1.489553401 0.224112742 -0.063319765 0.975563099 1.285575228 0.016449409 -1.375204834 -0.907631461 -1.082530544 -0.629550418 -0.516125863 -0.947882824 -0.573372389 -0.021452352 -1.126950810 1.231723555 -0.485047465
-21.598817239 -25.058970402 -15.677287302 -0.426827388 -0.491453728 0.080684071 0.754838854 -0.183001734 2.226576337 -1.282771784 1.827975714 0.149030037 0.685800079 -0.847787746 -0.703069601 -2.482280253 0.906940963 -0.091463154 0.187165728 2.595302445 0.420590991 1.912373758 -1.194112848 1.005856801 0.520517967 -2.085330002 0.428504625
-19.601080826 -26.468773317 -20.044808104 -0.505563076 0.505536043 0.453996320 0.531720441 0.138074412 -1.128169662 0.049950638 -0.726421869 0.806194447 1.127353736 -0.510651923 0.408471087 0.382093318 -1.451608789 -0.458072406 1.138622936 0.398180498 3.215381113 -1.425324901 0.203279368 0.301287113 -0.574934253 -1.550381954 -1.003672018
-25.380790883 -17.379063036 -9.785874165 -0.362804255 0.774461623 -0.159137480 0.493211446 0.955775788 -1.426151593 -1.552137979 -1.819955859 -0.693318837 1.504708519 1.280735249 1.617124811 -0.505103762 -0.245823269 -1.483260262 0.714655540 0.326678434 1.171356037 0.444871649 0.156554327 -0.052254486 0.353133393 0.326875030 0.384654650
-29.498708840 -28.755704241 -5.420906486 -0.091238528 0.355592637 -0.432169554 -0.823686156 0.871561200 -2.243103830 -0.152530797 -1.096109028 -0.254367690 0.244460409 0.490634432 0.334485049 -1.727443521 -1.715136124 0.405961133 -0.943823737 -0.653625264 0.031979873 0.226603422 -0.144560087 1.664844151 0.951564803 0.619767255 0.460319968
-22.956425113 -23.437110921 -15.427873632 -0.441563358 -0.666736070 -0.063698292 0.597015361 -1.200225963 1.978216853 -2.266639870 1.572189632 0.237788429 -0.052371696 -1.025906018 1.533950300 0.366574087 0.560480823 -0.177272007 -0.003366758 0.364160522 -0.710403278 0.359612310 0.904343651 0.231935536 -0.590318722 0.164088145 -1.117794657
-20.473790611 -21.659734621 -4.370037107 0.724881246 0.128240643 0.676256352 0.027908124 -1.093515340 -0.581739859 -1.152385986 -1.663157527 -0.951949574 0.941684170 -0.388313294 -0.376676071 0.287391336 0.464220388 -0.283719095 -0.727296410 0.117376196 1.567962475 1.399866386 0.200206068 -0.075268077 -0.136692581 -1.642294429 -1.162508951
-23.166334728 -16.632620890 -14.935317231 -0.676129723 -0.675467369 -0.166738005 0.242468286 -0.881029054 0.286755802 0.218984133 -1.329218685 0.457937993 -0.808597206 -1.515719765 0.247835240 0.698363683 -1.233668678 0.483365100 -0.698678768 0.198775840 -1.341688676 0.135204155 0.423541301 -0.545448636 1.188320687 0.048758366 -0.339169882
-20.640430725 -19.201037476 -9.393713417 -0.298598293 -0.156980650 -0.759506795 0.556188424 1.684980611 -1.104982585 0.659978544 0.463909385 1.294511085 0.237891377 -1.036535189 -0.391736405 0.737418593 0.485722798 -1.413094424 0.044755963 -0.431651125 0.979534689 -0.213453023 -1.146932608 -1.022141508 -1.592293174 -0.386800026 -1.388536969
-20.126150310 -25.730628816 -15.565652651 -0.759427599 -0.423660316 0.493408912 -0.018146744 -1.307855167 1.733192368 0.875753007 0.079405373 1.532597151 -0.459677985 -1.761087149 -1.152656980 -1.594536598 -0.582782234 1.138867645 -2.246681766 0.841576824 -0.282976656 1.392594228 -0.220573384 -0.727091655 0.911154535 0.280091006 -0.137663790
-21.216342044 -22.043784847 -15.209849645 0.257654385 0.888258485 0.379111803 0.029754377 -0.356917991 0.687596306 1.434625026 1.475078437 -0.984189936 2.015290381 0.076471302 0.131394812 -2.012714654 0.497116990 2.198966102 0.970803101 -0.237435944 0.832763684 0.292661315 -0.817784103 -0.095969494 0.604217872 -0.314904453 0.494016455
-24.700688384 -18.201239355 -12.218831628 -0.520028711 -0.517899255 0.463028738 0.496945560 -0.120969675 1.115210291 -1.823187030 -1.895970142 0.215057658 -0.410767739 -0.113107465 -0.060771059 -0.512025452 -0.820554661 -0.272336215 0.386034929 0.453786286 -0.904923797 0.984405743 0.448555856 -2.161080967 -0.594849888 0.886995995 -0.993287394
-18.224614133 -23.462898244 -8.163801647 -0.000592586 0.575413422 0.093410449 0.812510634 -1.421873575 -1.028863735 -3.159316293 0.948318722 0.622212231 -0.635240177 -0.817549311 -0.665815041 -0.145136503 1.564477221 1.454311584 0.041150692 0.222574471 1.843788531 -0.334104280 -0.097723242 1.115422565 -2.337286806 0.799648280 -0.911370234
-28.663832029 -28.358149399 -4.217432549 -0.038054242 0.392196202 0.505979304 0.767280234 1.133891495 1.279843682 -0.820364494 -1.123011739 -1.367482343 -0.187434092 -1.129986349 1.647768971 -0.481778699 -0.430419177 1.137649878 0.629120818 -0.912096015 1.068947377 -0.939722767 1.149395084 -2.967694604 0.870265182 -1.173794736 -0.668323054
-16.581980970 -25.085481921 -6.320304350 -0.614374115 0.111286111 0.006323467 -0.781101698 0.081347951 -0.516927110 -0.290651525 -0.360811224 0.605536688 0.533519364 -0.976075571 -0.789540760 1.578573636 0.671417571 0.281981876 -0.828700694 -2.099861769 -0.864839238 -2.087268995 0.392946875 -0.409156895 0.287863731 -0.752256161 1.504571416
-26.108980417 -29.782185406 -10.918182669 0.083522329 -0.227742286 -0.324501820 0.914251629 1.609720515 -0.157048737 -0.270288310 -0.315286507 0.066314486 1.138150747 -1.108492547 -1.296447270 1.844374617 0.918344672 -0.122013895 0.131956856 -0.691915033 -0.693666615 0.716324733 -0.353287477 -0.861140392 0.005273953 0.696411454 -0.679625497
-27.274993859 -25.080969348 -15.808099573 0.625623691 0.275371190 -0.198191742 0.702485401 0.569947697 -0.910307555 0.546797842 -0.271741089 -1.084982764 -0.717301263 1.619123248 2.206394505 -0.177742927 -0.239047680 -1.178446616 0.169889540 0.385048106 1.601382213 -0.477386859 1.189179751 -0.438797684 -0.870524861 -0.185382400 -0.312706953
-23.102768597 -28.697968641 -19.900984570 -0.780148085 -0.420364666 0.452270961 -0.100565851 -0.941554092 -0.457133707 2.014449272 -1.058591787 -0.684230200 -1.450759363 -0.171937500 0.156207184 -1.757861986 -1.315664875 3.031991051 0.241951828 0.318892297 1.164125741 2.353981926 1.883979564 0.255908203 -0.933101682 -1.619918933 -0.963051189
-25.100557627 -23.419840859 -8.771005492 -0.794605704 -0.213175116 0.508783323 -0.253569863 -0.829631718 1.030457352 0.960943453 -0.087770543 0.786385352 0.617496902 0.641409563 0.761337891 -0.735029923 0.571164348 -0.501245676 -1.571095183 -0.307629487 0.747519362 -0.144692101 -0.967385998 0.031145244 -0.104919482 -0.882602427 -1.076339646
-20.738923443 -25.717733085 -18.035595367 -0.302779931 0.316226044 -0.363517698 0.822301821 0.177290370 -0.112316841 -2.384858994 0.082122678 -0.405505020 0.262830672 -0.953771894 -0.576506236 1.118041590 0.726947603 0.677723530 1.951238216 -0.550157460 -0.587156607 -0.847469709 -0.328888418 1.645224647 -0.689068567 -0.977178447 0.350147862
-19.511175997 -20.840865354 -15.876861751 0.938793576 0.011572775 -0.329468448 0.099916139 -1.634299325 -1.126573586 0.165941438 0.624228288 -0.126744910 2.226175783 0.011108315 0.745038757 -0.170800837 -0.070919406 0.906873041 -0.928715676 -0.044551136 -0.000367908 1.034120201 0.381026554 -1.971977122 -0.810389337 -0.018563416 -0.309924268
-20.464069286 -29.488229233 -18.544710997 -0.018111764 0.206617918 0.235351957 -0.949521172 0.159638170 3.499724783 -1.196230379 0.149118119 -2.201096619 -0.010860882 -1.941989356 -0.256650952 0.609902198 -0.237300176 1.043316742 -0.223395567 -1.146237112 -0.175978437 1.070911377 -1.078776299 -0.667461383 0.611127495 -0.393610704 0.906193013
-27.402497016 -21.666829105 -14.367930453 0.387518864 -0.446627247 -0.025045988 -0.806055786 0.988759302 0.326947244 -0.638337805 0.840714600 -2.001994291 0.317577194 -0.024472536 -1.211247519 0.591469023 1.529779086 1.030601550 0.123997476 0.576458888 -2.223582101 -0.401792462 0.915823420 -2.183279354 -0.203713587 -0.574269572 -2.056298429
-29.262891990 -26.321864902 -10.116622257 0.014804361 0.163994513 -0.320843268 -0.932709080 1.217132972 0.662798046 0.219233138 -1.035649857 -0.361703587 0.321436823 0.648996543 -2.224524438 -0.878575511 -1.523807923 -1.601431630 0.182688922 -0.995274560 0.227691683 -0.267073251 -0.466047536 -0.175081206 1.295279776 1.700000949 -1.232966961
-26.939458951 -18.502707038 -15.487468357 0.207734905 0.083026759 0.929475356 0.293305864 0.797043066 -0.614475154 0.522708901 -0.328584237 1.073872599 -0.571531179 -1.089467487 -0.081778131 1.690344471 -0.381630399 -0.102282763 -1.587828991 0.391242206 -0.312065048 -1.250837406 0.194263795 -1.583512677 1.015562676 0.419903061 -1.040467302
-29.610532891 -26.982311811 -7.039820629 0.247164256 -0.451303549 -0.230698461 -0.825840879 0.741681559 2.033404454 -1.488018002 -0.403839323 -1.136123553 1.844277872 -0.988948948 0.292305109 0.120839619 1.751651713 0.126311368 0.915240675 1.270761595 1.415566074 1.555397732 0.977897091 0.329087843 0.807665816 1.597626474 1.666089305
-18.679151235 -31.540524638 -7.192776219 -0.477691347 0.633971859 -0.198959521 0.574722340 -0.035068353 -0.349505126 0.365166532 1.029919082 -0.272494807 0.819677869 -0.742310401 -0.234840610 -0.151103909 0.896019292 -0.194359718 -0.146152029 -1.084293675 0.001145238 1.520800625 0.111205510 -1.560083271 -0.691433871 -1.058067648 1.838497341
-22.933205188 -29.426744371 -4.586818861 0.185931703 0.903905117 -0.215276798 0.319438323 -0.642605047 0.871222559 -0.769873139 -0.477302868 -1.478940487 -1.258059470 0.329368310 0.587926116 1.009622611 -0.996902060 0.244216980 0.546499810 1.305536790 0.112717999 -1.324033170 -0.174221166 0.393832755 0.035965734 0.218743720 -0.403886927
-29.244409712 -27.101244312 -9.499287878 -0.402464357 0.006923400 0.905425019 -0.134833389 -0.125122143 0.494178852 0.003772354 -1.576142148 0.083551019 -0.121149244 1.405445714 2.288001055 -0.515887827 -0.427352739 1.981737840 0.608858868 0.143886506 0.700451436 0.410427928 -1.010327361 0.590656328 -0.656792965 0.241616522 1.091508426
-25.566387673 -21.506033899 -14.981944060 -0.359304140 0.102953627 -0.927233284 0.023227628 -0.084160814 -0.320306278 -0.940028942 0.502940966 -0.534659616 1.249423399 -0.896563718 -1.676755734 1.143700776 -0.335083719 -0.286808405 -1.699047894 0.342094499 -0.032496273 -0.439897560 -0.293187935 0.312841243 -0.052448621 1.369105625 0.537962365
-32.696584473 -28.509421757 -13.788505931 -0.053090307 -0.830660429 0.251597344 0.493845570 -0.125133054 1.630584964 0.254794340 -0.311385328 -2.545951812 -0.475130661 0.912394380 0.562751819 0.372840381 -0.215961062 -0.123950647 -0.852848648 0.247151752 -0.849997361 1.485383326 -2.249844339 1.326074491 -0.719962569 0.557058710 0.095712018
-23.621263850 -25.118568384 -19.422326607 -0.264984682 0.205371142 0.940977714 -0.046548405 -1.336861824 -1.802784898 -2.794312804 -1.045102217 -0.324201979 0.525043776 -0.045306923 1.389069556 1.437471094 -0.286528400 0.188877089 1.050972667 -0.344341379 2.003160308 0.084486454 -1.532824579 -0.614934406 0.231287436 -0.641579219 0.278564544
-29.868962873 -26.913788099 -6.216745679 0.377045203 -0.629220838 -0.635826694 0.240088456 0.465737911 -2.318427542 1.345951631 0.360462762 -0.825831413 1.133681450 0.309428570 0.930805374 0.529666379 1.630608942 -0.297578513 0.747079500 0.976552828 -0.655138103 0.717657116 -0.679561731 -0.769763561 -0.082250076 -0.836433895 1.282907061
-24.542481765 -29.172438699 -17.937892593 -0.177460202 0.520679198 -0.518508839 -0.654637024 1.511528599 0.691080257 2.308688876 -0.042339260 0.556698371 0.560688735 -1.981054811 -0.963283866 0.166819470 -1.134796579 -0.980419315 1.740030596 0.924336480 1.661427894 -2.559722221 -0.935037302 -0.334015375 -0.323075641 1.131273270 0.200389309
-26.693422850 -19.482790775 -16.394060602 0.698675794 0.681041351 -0.145328206 -0.164056471 0.479718264 -0.885799387 -1.376914835 1.170220879 0.337755362 -0.141883771 -0.803089622 -0.136914558 0.789723374 -1.795641182 -0.310839712 1.617497431 1.123406858 0.288564365 -0.738409591 -0.786443046 -0.911124655 -0.660380822 0.454006851 -0.569993579
-22.536971134 -30.194319294 -5.747051694 -0.633535317 0.282085058 -0.719782220 -0.031218225 -0.698742264 0.636599743 0.497668656 0.132640959 0.222792798 -1.346799714 -0.527573355 0.503704270 1.230424435 -0.568725530 1.791858885 -1.789817546 -0.253565181 0.326706474 -1.836781233 1.311177756 0.747720212 0.376321913 -0.544703940 -0.368769738
-21.281201892 -19.044429281 -18.221505369 0.792466130 0.174696859 -0.151871331 0.564281436 1.262070279 -2.726886794 0.498544682 -0.838773539 -0.919852487 -1.532388589 -1.117285695 -1.323337863 1.123592152 -1.028818676 0.563513372 -1.299998312 -1.494077741 1.918976184 -0.801281053 1.235289496 0.481964755 0.393922615 0.570688315 0.594787396
-25.702044726 -30.895444004 -18.962892324 0.419492958 0.835437738 0.282426721 0.215185019 -0.106487442 -0.570316300 -1.129280978 -0.065329250 -0.987958771 0.198341114 0.020632476 -0.830492278 -1.179433817 -1.067878748 -1.228752778 0.242209046 1.558569885 -0.200286648 0.597768428 0.180485003 0.284472043 2.335188867 -1.019897914 1.292352606
-21.495678561 -25.242677222 -3.734690706 -0.217839185 0.597965102 0.492759704 -0.593440562 -0.156084721 -1.239142524 1.110180122 0.734822986 -0.924523793 1.398068734 0.315355049 0.110514907 -0.482014064 0.982564721 -0.465798583 0.681176785 0.693180291 -0.409583520 1.059998291 -1.831057356 -0.513321539 -1.965946698 -0.439503707 0.160313763
-33.292285175 -23.427842107 -12.998777471 0.559948513 0.500369883 -0.306189048 -0.585094787 -0.369144478 -1.109857413 -0.507448516 -1.602252977 1.045380083 -1.974382603 0.382473801 0.686345723 0.638803641 -0.031682083 -1.113309475 0.451560635 1.134912808 -0.350315838 -0.088965292 1.144045784 -1.962738963 1.398097395 -2.119280417 0.276045371
-25.521334657 -26.322931904 -19.324209502 -0.131200243 0.845442149 -0.189064081 0.481942780 -0.434345426 0.077299097 0.680175903 0.358761307 1.143330101 0.916436822 1.026746389 -0.132385402 0.454295136 0.663164254 -2.496043273 0.030177980 -0.285491074 0.976038978 0.886932890 -0.670640684 -2.973902724 -0.500861257 -1.254514552 0.275547453
-23.344538544 -20.930354774 -6.679757923 -0.691808435 0.225647503 0.446485180 0.520706518 -2.093986311 1.138705106 -0.232028665 -0.227699518 -0.455509860 1.288624147 0.358639600 0.643435957 0.332256074 2.081744679 2.162006610 0.127235751 1.274553404 -0.813637323 -0.901965675 1.276553388 0.998795348 -0.915160611 -0.566071693 -0.734784093
-24.246735226 -27.212513153 -8.158026848 0.636413696 -0.257466689 0.307076620 0.659084562 0.711276800 -0.410500513 1.012431049 -0.610757273 -0.991131214 -0.771801021 0.897593109 -0.007185134 -0.787041653 0.850594169 0.998426302 -0.964081276 -0.327531878 -0.075147418 -0.448085670 -2.016889141 0.083500406 0.859646917 -0.418383251 -0.688393395
-23.860955746 -25.994750984 -10.459890006 -0.429839385 0.424781563 -0.210798830 0.768350558 0.049596195 -0.020738514 -0.123876104 -1.190710380 -0.127578683 -0.163273327 0.459412352 -0.902804101 0.327105885 0.707201956 0.241126421 0.308086806 1.006961047 -1.167516363 -1.574392415 -0.380168111 -0.292177242 -0.637990513 0.720010563 0.484369475
-26.097400635 -24.888813602 -10.396892371 -0.919643724 0.284278956 -0.003854663 -0.270972392 -1.348644228 0.843435405 1.050330524 0.322622226 -0.520083479 -0.695928513 0.361189313 2.244919952 1.592923817 -0.880944932 0.588966881 -0.647237589 2.517050034 0.665154348 0.314667231 -0.780584875 0.192943483 0.272283115 -1.911393382 -0.312253720
-19.322470619 -26.806988374 -16.946868249 0.629516049 0.481770506 -0.445318048 0.416291437 -0.365875977 -0.143424901 -0.415059766 -0.772228570 0.364960588 -0.159566767 0.059118550 0.375051974 -0.769854611 1.002925663 -0.871561211 -0.437897303 -0.657730177 0.735372579 0.493139346 -0.520891784 0.900445440 -0.571571410 -0.897612512 0.942339298
-22.884742660 -33.118321636 -6.956288670 -0.434362741 -0.370012046 0.704826359 -0.421473484 0.102500099 -0.262076145 -0.299752540 -1.749035181 0.268811885 -1.139954796 0.310395317 0.067138852 -0.181337153 0.152361688 -0.781724269 0.257448468 -2.318699884 -0.783364244 0.337771420 0.805254208 -0.284470427 -0.829175777 2.318439148 -0.910605781
-30.793209164 -23.836429246 -12.114764465 0.232266166 0.553075574 -0.635425378 0.486204101 1.117059522 0.587855340 -0.344144782 -1.267868538 -0.831243436 -0.842045551 -1.009119989 -1.629160092 -0.544888538 -0.604597174 0.602539978 -0.508384935 0.101649511 0.659423881 1.000491410 1.358165565 -2.932495754 -1.785239145 0.689830983 -0.981859531
-23.078516280 -30.004438772 -16.607346551 0.023915117 0.827319659 0.490362054 0.272974916 -0.158769140 1.699848736 -1.116798677 0.180227332 -0.825573169 0.730118918 0.405564849 0.258946842 -0.358251537 -0.621144356 -1.667678334 0.764064936 0.181002424 -0.340911054 -1.695394288 0.357799492 -1.008455020 0.906439265 -1.049097624 -0.316351063
-28.002108803 -26.830639286 -16.357120867 -0.061477227 0.586419014 -0.009447626 0.807616266 0.311276914 2.354114194 -0.239861457 -0.405107499 -2.321378437 -1.099031564 0.421764706 0.375161844 0.524167387 0.996721719 1.217303212 -0.188022255 0.238946109 -0.847447564 -0.028263645 1.422199089 1.287839254 -0.395575058 -0.972854981 -0.867895449
-22.364222301 -32.887776819 -8.015445696 0.857329200 0.284744224 0.418220065 0.094864891 0.216678566 -0.096817650 0.851518878 1.305043489 -1.029870157 -0.128218661 -0.918864841 1.061729729 -0.589136072 -0.205638046 -0.711057194 1.520058571 1.369325265 -0.008739450 -0.078980826 0.207399204 -2.405325259 0.119247784 0.599748790 0.306411635
-27.709214816 -29.405631069 -10.585322261 -0.871787400 -0.420055271 0.167180222 -0.188655963 1.198824823 -0.731653588 0.461217056 -0.187612860 0.304441678 -0.620247810 -0.959824986 0.071906376 0.786963275 0.858136889 -0.953205444 -0.448747107 -0.131872997 -0.806259057 -1.216355610 -0.054069269 0.261378951 -0.742537627 -0.554065145 -1.049611589
-21.482280405 -20.642815415 -15.818126922 -0.213306067 0.122406103 -0.331373222 -0.910883667 0.313591456 1.907064002 0.648593207 -0.615274860 1.072363885 -1.128130156 -0.712789125 0.654552916 1.232644360 0.951060954 -0.884334353 0.786201951 -0.327788183 0.236856752 -0.360274706 -2.160548927 -0.416902158 0.200998925 2.343972751 -0.183739377
-17.729979854 -25.762812653 -11.551312442 0.483901417 -0.487394528 -0.146746115 -0.711864854 0.296402602 -0.289633964 0.802936971 0.676829860 1.413727693 0.145473796 -0.140263299 1.039916656 1.061194200 1.427485541 2.565862556 0.918179943 -0.074991206 1.187399291 0.636290493 -0.176017193 0.132134576 0.542386641 0.169797317 1.715043381
-28.637983879 -21.736036030 -15.107232365 0.086136028 -0.824318730 0.236597721 0.507051018 0.872735308 2.445382673 1.573167613 -0.753899785 -0.476486790 0.631262843 -1.226570116 0.132554583 0.385192273 -1.515377880 -1.309594543 0.213818474 0.678497119 0.850794608 1.356427080 0.796521515 -1.600113524 0.398352613 -0.989559446 -0.491486227
-20.431812033 -29.452495795 -13.813571741 0.696642046 -0.039263969 0.598586183 0.393500675 1.810303686 -1.661922465 -0.939588380 -0.620246924 -0.836328890 1.527709583 0.478594921 -1.121085338 -0.468546194 -1.395636395 0.686301699 1.402113464 -0.105507447 0.112739080 0.605227253 0.006690064 -1.511049137 -0.746668149 -0.823625029 2.214123471
-28.736936309 -28.413452712 -18.583498022 -0.201331812 -0.810380420 -0.548479363 0.043811689 1.120727054 -1.168384388 -0.981617958 -0.342998589 1.128857110 -0.744103035 0.572501535 -0.182324324 1.361552647 -1.587516869 0.229818120 0.164512032 -0.289291066 -0.216148543 -2.699566497 -0.470307796 0.735409247 0.076098679 0.051773776 -0.212789725
-31.816801623 -26.382352221 -15.754439687 -0.308563522 -0.398511693 -0.618611588 0.602740978 -0.113365735 0.639015620 1.160134148 0.281137858 1.144102373 0.304544932 0.899407477 -0.078466047 -0.412000017 0.107741858 0.999686133 -1.552693770 1.968182895 0.560120485 0.656675034 2.201286776 -0.862976633 0.233292951 0.653448794 1.115225588
-31.037828312 -21.557288105 -16.895828545 -0.710928135 0.306075895 0.305487467 -0.554595475 0.232301457 -0.928486323 -0.166383531 1.172620768 1.935295251 0.968792456 -0.583235740 0.689945197 -0.600111265 -0.370889317 -0.779783498 -0.443403996 -0.916561627 -0.221897471 -0.479752941 0.922642054 1.229565907 -0.121512394 -0.633587885 0.399619938
-17.929114820 -21.329628603 -12.914498869 0.277350445 -0.735265258 -0.496163820 0.369165539 1.982144823 -1.666807248 0.392286730 0.423939657 0.805556137 0.028590595 0.326985672 -0.893508856 -0.567425073 0.448669798 1.538080892 0.068517852 -0.351226716 -0.443307338 0.312247721 0.463376474 -0.985104441 1.482362852 -0.160421289 0.902228634
-31.542304349 -27.892250949 -9.537506591 -0.350075368 0.711440678 0.169225688 -0.585373441 0.459422088 -0.729098173 -0.526533070 0.715942313 -0.411107419 -0.624087161 0.419660901 0.018715539 -0.782237533 0.577014816 0.364049227 -1.245518571 -1.708325206 -0.733138737 0.788489598 0.393154042 -0.562147689 0.598279151 0.652158001 -1.036753392
-29.549160670 -25.215614949 -16.782404056 -0.515993114 -0.226283189 -0.810119081 -0.162031169 0.395148167 0.664838648 0.750845732 -0.804219742 -0.067147037 1.514674356 -1.069370785 -1.051758420 -2.141166923 -1.089015937 0.336823653 0.825471785 -0.431283929 -1.705122626 0.343505993 1.481122510 -0.624548000 -1.008618899 1.092609762 0.870933976
-18.278833911 -25.637186996 -7.385283133 -0.114400997 -0.571107325 0.682340808 -0.441769008 -0.163825846 -0.568647781 -0.855240078 -0.389570910 0.007428606 1.825790127 0.599600613 -0.332880436 -0.022668089 -1.772880927 -0.535646484 -1.580919070 -0.233921074 -0.270879355 0.840093346 0.634289761 -0.284939118 -0.849572060 -2.037645474 0.538387163
-22.772439706 -33.025854137 -7.009217658 -0.468815992 -0.561200083 -0.663188297 0.159522148 0.973698050 -1.815143798 -0.293380029 -0.455284356 -0.767122610 0.594840201 0.432569251 -1.596941573 0.012897576 0.033250509 1.185337340 0.086001906 1.354150909 0.211443016 -0.612043823 -1.727853253 0.435197195 -1.117457377 1.450911830 0.444076740
-27.700384009 -27.503681722 -13.383231738 -0.645018779 0.156986097 0.318569351 -0.676623757 0.454801005 -0.873241954 1.541709845 1.392126839 0.225489877 -0.656184464 0.225108361 -0.108902098 -0.636359355 -0.430948887 -0.442674669 -1.420125181 -1.398018166 1.316394974 -0.312443516 0.594978189 -0.654368006 0.094580695 1.437124809 1.868346057
-28.807975626 -24.085776697 -4.251553374 -0.548293249 0.101554856 0.759435189 -0.335140743 1.712683119 0.821755994 -0.418999191 -0.316599270 0.284093324 -1.135237534 0.031484293 -0.350156927 0.323305476 1.689823136 0.854131999 -1.254783449 0.136558537 -0.327765475 -1.765903973 0.889721488 -0.938589547 0.572927838 0.454047504 -0.169251580
-21.038868988 -26.258044155 -10.394236225 -0.689962924 0.088975009 0.556779536 -0.453906553 -0.708193098 1.237870051 -0.322632571 0.713945188 -0.098079362 0.080582844 0.612615869 -0.402649509 0.062892683 0.005556643 -2.095435683 0.225400630 -1.515439767 1.280940087 0.125666852 2.068085951 0.160318053 -0.672438914 0.519124067 0.706641119
-33.464385380 -26.910988635 -14.504881561 -0.187556954 0.127189379 -0.577332195 -0.784431506 -0.577409710 -0.430854875 -0.512436000 -1.479764304 1.027854455 -0.684380638 0.194910975 -0.714498939 0.567565788 -0.944783304 -0.808609610 -0.822701299 0.280072548 0.371748970 -1.817887421 -0.160394189 0.944574343 -1.277752801 -0.457437370 0.641203199
-17.440882470 -28.586794054 -5.422522600 -0.009254601 0.739035447 0.625219363 0.250682487 -0.377458583 -0.148233696 0.225705964 1.105249235 0.725049035 -0.706989471 -0.190129727 -0.878771736 -0.284287885 0.933585730 0.698116944 0.341438584 -0.712509517 -0.446565613 -0.223453507 -1.370766899 0.286502766 -1.077998420 -0.410498753 -1.174239829
-22.260178740 -32.818935983 -6.808369197 0.662399590 -0.124441276 0.690689593 -0.262085935 1.782167937 1.199611264 -0.706258622 0.920981896 0.109258645 -0.234945127 0.112684810 -1.697802550 1.567851469 0.697339487 -0.734367237 -0.503463904 -0.540584331 0.190176188 -0.236768443 0.866026537 -1.727403154 -0.742667166 -1.564991312 -0.043513069
-26.118487258 -22.680904172 -18.153869695 -0.280806774 0.886563681 0.364965100 -0.044191294 -1.585825950 1.014162914 -0.873209373 0.604063131 0.665074315 0.322065332 -0.667365187 -0.634000135 -0.900557164 -1.043706370 -0.809366531 0.292739770 -1.006387513 0.215574636 -0.092970502 -0.139052595 0.101981678 0.624144909 -0.962962567 -0.112305403
-17.388705847 -29.445314437 -10.371359373 -0.700189282 -0.639529049 -0.197559732 0.248410379 0.283359941 -1.357801550 0.152557030 0.545795519 -0.562333030 -0.480954333 1.370103132 1.150855159 0.219827707 0.331479655 0.634621596 0.561163636 2.403481664 -0.185520060 -0.039741393 1.367258193 0.429054493 0.478738778 1.214186326 -0.086520775
-15.087047204 -22.130931776 -9.878843372 -0.339661748 -0.753146967 -0.560198442 -0.059810105 1.273333836 -0.354895117 0.049907960 -0.155136117 -1.631609679 -1.367861638 -1.892136121 2.010303675 1.030567860 -1.062328390 0.016238654 0.593728625 1.158077463 1.801041053 -0.327010231 0.590905802 0.691554212 -0.836798153 -2.170920143 0.167596611
-17.106267308 -22.561863655 -8.021193402 -0.108229697 0.063500722 -0.784797933 -0.606915312 0.565539306 -0.286650801 0.113199643 0.414399359 -2.414698611 -0.174342249 -0.056391415 -0.981495363 2.167725434 1.721031306 0.817599942 -0.173705840 0.823763610 0.786353335 0.564130244 -0.399808405 -1.168871898 0.298980413 -1.426728681 1.424102445
-20.585633700 -29.568606298 -10.583821427 -0.429699261 0.703058144 -0.149929737 0.546432856 0.294305814 0.533309060 -0.296510789 -0.071922368 0.598252499 -2.489668095 1.496556908 0.592563771 -3.416879912 0.107625525 0.107562507 0.707500695 0.233736166 -1.868775879 1.778440417 0.038970443 -0.747502397 -0.767772589 -0.297377470 0.487567874
-23.569935033 -34.817166904 -12.694580676 -0.507504191 0.563445227 0.433872732 0.486542316 -0.221007890 0.922528408 1.535138891 -1.002781440 0.430080996 -1.051445740 0.167661892 -0.701797778 0.827268976 0.636414489 -1.188818788 0.974365086 -0.291396256 0.514756099 1.237564585 0.214993302 -1.133812863 0.264005216 0.060225996 0.047575447
-25.444715867 -20.722046306 -4.157322869 -0.024713682 0.103399881 0.993686616 0.035841439 -0.858243450 -1.137840410 0.114707370 -1.416526984 -1.974338785 -0.814534060 0.362596734 -0.671497202 1.261142662 0.756760103 0.579660847 0.365801234 -0.583135358 0.287194788 -0.544080647 -1.009351361 1.171280074 1.175138227 -0.522638649 0.884551709
-17.645061576 -30.650654804 -8.036581109 0.567236949 0.360327135 -0.703852164 -0.230214533 -0.885476511 -0.866371707 -0.341147455 0.534202542 -1.421355589 -0.359710835 -0.525800713 0.088441690 -0.905022193 -0.799789344 -0.205615066 -0.338440577 -0.641005415 0.822456560 -0.435303736 -0.559499166 0.339946103 0.361381723 0.897520530 0.039715174
-29.927369324 -23.681632461 -8.952890038 -0.075420206 -0.454488966 0.641658852 0.613209173 -1.170754530 0.395181205 -0.787054573 -1.343122601 -1.620720700 -1.962844082 0.797229976 -0.234574862 -0.023605191 1.465166718 -0.858134502 0.983110231 -1.332064875 1.222804888 0.108709002 1.684442344 -1.158713843 -0.189769638 -0.660450045 0.451478600
-23.636607305 -29.260795092 -18.280714806 0.274656457 0.538847096 -0.725968220 -0.327380177 1.920798548 -1.079845767 0.561611007 -0.176508952 1.169573650 2.340746309 -0.060006250 1.041110577 -0.761835833 -1.075746316 0.666511519 -0.420694597 -0.020599035 0.297855911 -0.114977865 0.184735179 0.486152560 -1.353066371 1.093875436 -0.603924572
-17.989900211 -28.076904839 -13.791705107 -0.696257712 0.123764060 0.633044830 0.314899824 0.153464692 1.012847536 -0.319576730 0.375121101 0.913027171 -1.451896108 -0.220513028 -0.465290532 0.260535724 0.358115295 1.501825754 -1.197501443 0.000271242 -0.140727730 -0.660268360 -0.977984262 0.273426367 -0.518050744 1.691454324 -0.748405079
-24.838038837 -21.217467929 -17.240666112 -0.244632016 0.369737552 -0.768709993 0.461014387 -0.318229327 0.798434741 -1.688354797 -0.769312267 -0.764856274 0.228474097 1.283193983 0.281647864 -0.417324510 -1.370991803 1.022012499 1.152606434 -1.157088907 -0.687738491 0.258409422 1.479055415 -0.015054846 1.111060978 -1.118422800 -0.534111696
-30.606508565 -25.283011740 -4.997427608 -0.405353755 -0.509500179 0.723538313 0.229325555 0.738890561 -0.731042080 0.204937115 1.806842320 -1.501230734 -0.250179554 -1.429662615 -0.948172242 1.633309887 -0.358385546 -0.353190606 -1.340081392 -1.024474892 1.241095078 -2.005599730 -0.790500648 -1.988646674 -0.689557394 -0.285070667 0.396468451
-28.321681722 -27.492436130 -5.436411946 -0.241740760 0.156762143 0.577765185 -0.763658579 1.984315370 -0.042117655 1.683660225 1.403763682 1.642457571 0.379959995 -0.408873805 0.260599561 1.539502736 -1.097662041 -0.924090566 0.389601454 -0.377380291 1.077567204 0.671316699 -0.712777122 0.199178219 -0.625365824 0.938550140 -0.179574112
-25.969931099 -24.052975206 -16.610908572 0.474862065 0.244142994 0.660691089 -0.527624395 -1.070125406 -1.051587786 -0.922848822 -0.305347720 -1.943664007 0.249861275 -1.059192198 1.231846599 -0.938401678 -0.068891514 2.002105099 -0.444917241 0.172431918 1.129870582 0.146614352 -1.307828435 -0.085725804 1.292458917 1.529274115 -0.269715903
-21.391734425 -32.593841156 -16.274760280 0.946099435 0.091728577 0.310612157 -0.001346902 1.338507921 -0.926133071 -2.209416079 0.565466360 0.726333564 0.273038975 -0.192362886 -0.128233247 -1.522326536 -1.493243481 0.635745390 -1.226462347 -1.538500224 -1.303194330 0.896420438 -0.618683927 0.495749441 -0.791172668 0.857911201 0.408269889
-22.567401427 -26.649967485 -6.487415281 -0.026041342 -0.965095021 0.029697974 -0.258904381 -0.331701977 -0.302902994 -0.328452924 -1.808292712 -0.189357608 1.749261533 1.683753786 -0.558352180 0.949634949 -0.314445920 0.542073027 0.056018352 -0.295670027 -0.587249631 -0.891124789 -3.078451438 -0.021969608 -1.153771363 -2.012199358 1.294310903
-18.691060254 -26.710475148 -4.696002005 0.646555577 -0.033365601 -0.342609886 0.680787110 0.248253257 -0.031700693 -1.150639127 -0.560543093 0.222720737 0.500664458 -0.673471846 0.569579162 1.697983713 -0.049364223 -1.280117596 0.708694516 -1.880804121 -0.067534831 0.392832212 -0.032590008 1.511960413 -1.763454741 -0.545807693 0.907218366
-24.677695691 -24.814277008 -14.402069666 -0.147283004 0.485676350 -0.639711113 0.577231229 0.376599589 0.052740715 -0.636835554 -1.171972449 2.101175168 0.770432086 -0.078247475 0.937320797 -0.514055336 0.940502275 0.083831008 -0.386555251 -0.151308836 -1.496396351 -0.977438311 1.597088879 -0.288429662 0.474078916 2.016373510 -0.579624454
-30.599152092 -21.976828337 -8.655690431 -0.535048071 -0.747950412 0.320633422 -0.226909564 -0.490054838 1.512537329 0.575798735 2.628902907 -0.179908825 0.850154297 -0.071626956 -0.605479599 -0.795008043 -0.063224159 0.213322924 2.073981826 -0.627671186 1.849739023 -0.304118836 -0.106752390 0.737754777 0.424579719 0.283126489 -1.156596266
-17.735765110 -29.551653707 -14.048417544 0.209911967 0.203899329 -0.955798945 -0.028467648 0.793459210 0.424812344 0.772031823 1.223129460 3.161157053 -0.013211682 -0.276109958 0.651894910 0.663290920 -0.147270725 1.211740824 0.484201754 -0.030616132 1.348719697 1.169757820 -1.876533249 0.231007132 -0.530871420 2.319812163 -0.095295327
-24.526338467 -18.047701235 -18.507333692 -0.082902798 -0.032030990 -0.247009835 0.964928642 0.045044761 -1.691410269 -0.373810641 -0.697956225 0.624963997 0.905334218 0.420427285 1.007805984 -0.736681843 -1.046515112 -1.670543923 1.677298121 -0.343179709 0.302929822 1.039902683 -1.374664968 -0.108371018 0.584485234 1.224778936 -1.232055947
-20.327917122 -27.806097314 -3.027454941 -0.149500290 0.045734466 -0.883020593 -0.442529834 -1.315895234 -0.223154766 -1.196268428 -2.324134649 2.612367230 -0.515273851 0.732936404 -0.683906712 -0.741852013 -0.922761264 -1.904760674 -0.507454674 0.627993756 -0.943851824 1.570802641 0.551851488 0.209533247 0.192253960 -0.628836172 -0.956643461
-24.469669453 -22.768351941 -11.415261169 0.893686339 -0.259045069 0.113030027 -0.348489013 -1.348427824 0.123124217 -1.732214082 -1.717093456 0.105909253 0.002517673 0.838926239 0.956531768 1.087720677 -0.596087039 -0.163230184 -0.757286281 -0.870885701 0.254494346 1.834917641 -1.388308715 1.118890732 -0.172787641 -1.533927830 1.155445375
-20.724041914 -29.287327877 -18.165052030 -0.351666410 0.040160471 -0.462245442 0.813047984 -1.231667537 0.635270354 0.241771268 -0.705794470 -1.935545546 -1.261457723 -0.867716565 0.055786131 -0.740131570 1.053006551 0.428191103 -0.124639529 1.234015811 -1.420178782 -0.620449739 -0.164900081 -1.535397046 -0.034682801 -1.327085757 0.044844543
-24.117214231 -22.023906681 -3.245748791 0.605571827 -0.555281517 0.477740653 0.310980817 0.990343576 0.345530809 2.011722078 0.569937485 -0.321873877 -1.003171084 1.363197747 -1.063980959 0.204804637 -0.528368667 -0.448502999 0.419873919 -2.100421815 0.470682237 -0.167613522 1.448249346 -0.516229333 -1.023683452 0.136589577 0.275010690
-28.725193974 -25.051338438 -9.890751071 0.490467154 0.252211722 -0.707224550 -0.442339976 -0.787180181 -0.305257216 0.715702684 0.370325127 1.302426976 -0.148741183 -0.134006845 0.403594872 0.641702269 0.171604315 -0.449894650 -0.759555333 -2.029785317 1.656491533 -2.286789510 -0.801648753 -0.457802740 0.440736921 -0.084739410 -1.439444945
-24.539564193 -32.113702602 -8.958677748 0.359127322 0.759525511 -0.168667191 -0.515460904 1.186174422 -0.560815284 0.444699520 -0.835818018 1.365708340 -0.464935779 -0.255890323 0.101131764 -0.567328968 -1.554874957 -0.210843205 -1.518541658 -1.504269851 1.662194028 0.315260408 -1.441861055 0.093479251 0.375552437 -0.962730682 -0.824387406
-33.401737895 -24.988206509 -9.491277720 0.946314193 0.148892378 -0.020272445 0.286198421 -0.941845047 -1.442078982 1.445916700 0.077865848 -0.255695761 1.919155051 -0.275780170 0.962762843 -0.336872413 0.323179159 -0.725791673 -1.369815243 0.211853240 -0.606862981 -0.265206419 -0.360313636 0.296046093 -0.343316961 2.055598772 1.161016501
-28.569406079 -26.372648575 -8.806028228 -0.958626864 -0.214084808 -0.115663675 -0.147729971 1.358383895 0.818551608 0.877798420 -0.007058332 0.597178148 0.302181141 -0.296572247 -0.257480725 0.021917322 0.000368830 0.112986737 -1.899801901 1.283280516 -1.261821395 0.481687046 -1.249421023 0.031990395 -0.499584393 0.439636835 -0.967985288
-24.865563799 -29.300122344 -17.407387877 0.708331795 -0.567816011 -0.289522952 -0.303360357 -0.780900378 0.595188780 0.497632115 1.272491182 -2.523501497 0.110093978 1.260646344 0.151871631 0.227216949 -0.054715131 -0.290313782 -1.560989702 1.011382577 -0.423866461 0.075531123 0.643578296 -0.737447345 0.844460753 0.671110177 1.086371300
-27.383691198 -18.632441092 -6.245581000 0.145963899 0.023425809 -0.987600530 -0.052829591 0.215112943 0.839129968 0.737978605 0.706082439 0.435843029 -0.553824072 -0.754195002 -0.438718155 -1.969027881 0.592362466 0.303633121 0.670547399 3.091000937 0.825076477 -0.770562498 0.331976166 0.444035882 0.750626855 -0.990356535 -0.990802402
-20.976008968 -16.098105837 -12.106461666 -0.417878157 0.776637096 0.468306468 -0.053867607 -1.355555086 -1.498950443 -0.355372297 0.199427018 3.250259778 -0.300813786 0.480949619 1.422922438 -1.780532357 0.212175205 -1.189989062 1.294019559 -0.887342696 -0.405746444 -0.606183758 -0.868702739 -0.418090908 2.094318870 0.940697281 0.262757077
-17.761966880 -18.853693832 -11.123286080 0.404562389 -0.357957475 0.745607930 0.390210884 0.455502247 -0.488934754 1.046893908 -0.545755086 -0.842223524 -0.402404683 -1.307120498 1.258349839 -1.575037454 -1.107984891 -0.257673268 0.434184603 0.093435679 -1.170586715 -1.350962683 0.294731153 -1.091422160 -0.670236170 0.717166395 0.050999137
-15.961609372 -27.791852957 -16.093638937 0.207450138 0.868770718 0.376616778 -0.245686147 -0.263333051 0.045509276 -0.113116474 -0.564341224 -1.203661462 0.809480936 -1.340628187 -0.373466118 0.668434468 0.223625272 -0.869065351 -0.482565393 1.051643522 -0.707392639 -1.073167771 0.710806744 1.403966520 -0.613149253 0.849856637 0.754971042
-27.622540892 -28.643249091 -13.839292672 0.675222789 -0.574469342 -0.218459358 -0.407841476 0.110974312 0.854004727 -0.676294916 0.507683792 -0.275351877 0.565551709 0.764074447 -0.684248001 0.088546372 0.132400322 -0.427570005 1.472166325 -0.696974602 0.382361411 -0.499509010 1.066346487 0.897747184 0.265652957 0.316322815 -0.850107534
-26.334956494 -27.682184048 -11.322648260 -0.130132693 0.958754828 0.229077173 0.106669162 -0.159303273 -0.381084310 -1.148116634 0.014549166 0.958637459 0.727213199 -1.390700402 0.005118741 -0.676752788 -1.115555138 -0.218022755 -0.643336867 1.496735203 0.188384174 -0.166174983 1.102648494 -0.686674817 0.719173520 -1.107180056 -0.151218060
-18.695288632 -25.448549717 -13.259167053 -0.512635815 -0.065032632 0.849086793 -0.109667205 0.123184573 0.899896618 0.860528777 0.556732570 1.654601858 0.469645560 -0.501386741 -0.785835419 -0.099454067 0.877199153 -0.657198064 0.687330629 1.543395039 2.194810929 -0.889746830 1.774037033 0.714962849 1.123164221 1.966692559 0.018511064
-28.239098801 -19.505794134 -5.012689416 0.474800824 0.151139703 0.381845859 0.778405234 -0.225163057 1.246897771 1.396165042 1.771789838 0.245078066 0.638509399 0.584631258 0.067154227 -0.936101941 0.212234302 2.179117656 -0.525494315 -0.032331539 0.816695291 -0.768787183 0.096170451 -1.375717426 -2.835289642 0.460416212 -0.305111580
-18.561847395 -18.400272031 -12.602677618 0.779708821 0.257502102 -0.569499320 -0.037647658 0.284075895 -1.889522937 0.272477005 1.290455427 0.122477709 -0.206823782 -0.631384463 -0.984114220 -0.476630462 -0.436033490 -2.198925049 0.765463807 -0.559296088 0.353420431 -1.507657867 -0.169460492 0.965718165 0.140120600 2.205778326 -1.269625614
-21.217686839 -18.229270150 -14.241759107 -0.971437052 0.127944696 0.102495100 0.171566206 -0.715227848 -0.994244276 -1.347467821 -0.761183628 -2.071603152 -0.017555571 0.776313010 -1.080668634 -1.382603012 -0.021005722 0.124956310 -0.314842733 0.103801322 1.010272673 0.050201522 1.230581865 -0.721906921 -0.638409066 -0.571879779 -0.856901851
-28.105982552 -28.076207662 -20.374747931 -0.247455884 0.121296734 -0.395130903 0.876312876 -0.587234757 1.866767573 -0.207091870 1.955633907 0.564321455 -0.164108107 0.344098819 0.227581046 0.677325702 0.582482156 1.634086241 -0.678547579 -0.679672690 -0.329860237 -1.211154121 -0.211211540 -0.570504137 -0.308053962 0.999523496 -1.233177679
-21.140263744 -20.175715550 -15.179397163 -0.585367828 0.162239708 -0.541286589 -0.581404861 -1.429354305 0.440652199 -1.151516880 -1.480599346 0.589818707 0.433870873 0.976450364 0.723159176 1.220603726 -0.145145594 3.561405802 0.010645777 -1.359635322 -1.351988210 -0.598297871 0.164575830 -0.418926425 -0.248189202 0.491711332 1.031716628
-28.675442469 -25.575016453 -4.662356786 -0.071504832 -0.211309143 0.954877319 -0.196073482 -0.459849684 -0.273687707 1.935635825 -0.659294828 0.941169915 0.817705170 0.330544402 -0.555755709 -1.020538370 -1.598238059 0.925727615 -1.378948829 0.749916040 0.785635914 -1.546877404 -1.339378936 -0.237100150 0.238931409 0.442906085 -0.689293509
-24.619474164 -25.270852077 -7.605394017 0.698976877 -0.460557702 0.027685783 -0.546398597 -1.041974946 -0.963187778 -1.252395048 0.029176491 -2.294954723 -0.194699399 -0.348511497 -0.151987944 0.526325160 0.524235343 -2.074195347 -0.171323221 0.632261316 -0.699558950 -0.935238040 1.217390969 1.153844154 -0.740966102 0.085673140 1.608399477
-21.010058158 -30.252151318 -9.371144536 0.083926977 0.796667274 0.580382301 0.146403214 -0.696554344 -0.693779504 0.118971485 1.842404452 -0.169798448 0.369186580 -0.518186445 -0.628656797 0.504815976 -0.311606331 -0.071067104 -0.117109477 0.154049196 -0.195213004 1.188516269 1.658192179 0.638565260 0.519667700 -2.366508700 -0.480525946
-18.197101629 -24.503877202 -17.697454764 -0.144274769 0.936645701 0.138207981 0.287711965 -0.420526726 0.706150160 0.963514439 0.570056082 0.481506820 1.104691133 -0.560876249 -0.174763273 0.767068619 -1.057663119 0.530412160 1.782666835 0.819687500 0.396882535 0.544400496 -0.530747482 0.031758956 -1.058868913 1.018263891 0.558837996
-17.841517057 -23.892231747 -6.529954903 0.148325384 -0.236138283 0.532113232 0.799433424 -0.083042718 1.345552713 1.001275359 -0.512271842 1.291414227 -0.610095369 -1.026902636 -0.257047400 1.341753157 -1.563606754 -0.077542355 -0.259577051 2.606635942 1.947858538 -1.237694860 -0.173965245 0.411771057 1.342759903 -0.785516602 -0.215127285
-27.738657417 -25.633951144 -7.780476841 -0.258778879 0.344308694 -0.193224698 -0.881560679 1.429595733 -0.219742043 1.259753632 -0.772093467 0.980589062 0.550089088 2.311579883 -0.066034863 -1.298136343 1.085534118 1.351572202 -0.526161971 2.034247677 -1.292269082 0.559618444 -0.678241621 1.577629776 -1.555993333 -1.258926875 0.494165053
-24.908495100 -21.742241796 -18.964783471 0.867821805 0.074390089 -0.440633032 -0.217241711 -0.082835682 1.137391901 -1.202159374 -0.126453317 -0.882615130 0.670957449 0.081235580 0.797201944 0.105979324 0.781989492 -0.930523037 0.153623351 1.035659927 1.507628381 0.360985441 0.986575598 -1.454328175 0.770831530 -1.541505351 0.804068476
-26.199584281 -28.363424598 -12.540777445 0.095569107 -0.173593238 -0.960627521 0.194747782 0.421390085 -2.403206475 -0.725715706 -0.002936826 1.522770627 0.528948838 0.794501423 1.234976408 0.391079445 -0.846973286 -1.305975288 0.353351137 0.039815343 0.028267094 -0.170277050 -1.513850643 0.911934062 0.477753347 -0.805418441 -1.044285211
-26.099889583 -34.352972663 -12.473701935 -0.036314305 0.576699316 -0.795150874 -0.183940907 1.520920844 1.421262877 0.905019782 0.221532085 0.149078386 -0.669709101 0.830029719 0.183246434 -1.448312179 -1.308809080 -0.670806929 0.189299812 -1.468016177 -1.645620495 1.617139209 0.080466002 0.994790545 0.271316525 1.346672454 0.360680729
-19.760622278 -29.292464954 -6.345716396 0.456106458 0.859425952 0.218466917 0.075007589 0.407391426 -0.896585112 -1.573741382 -0.190839142 0.792361161 0.515569756 1.600230338 -0.661039397 -0.614356941 1.463117121 0.544901370 -0.189689234 -0.780844814 -0.657559441 -0.593090067 -0.536027543 1.549194166 0.046332413 1.812800823 -0.098405359
-32.104791118 -27.700813505 -10.538544782 0.108394991 -0.282510020 0.864572221 0.401190090 -1.176849844 0.182242462 -1.029923841 0.671141509 0.695577806 -0.225544862 0.983540733 -0.200504162 -0.700074713 -1.725171118 -1.482592113 -0.111802914 0.612057281 0.931843386 -0.724072997 1.512820347 -0.533325790 -0.070097099 0.366836874 -0.062431227
-27.842328844 -24.643536041 -17.975007793 -0.495374867 -0.572123882 -0.023676425 0.653236123 -0.978713755 -0.203302838 -0.573472298 1.920655948 -0.887415842 1.370333100 0.328814675 1.219980474 -0.013775513 -1.374129938 -1.564037066 -0.574321457 0.215724139 0.460395990 -0.274136446 0.319350104 1.204007845 -0.686642124 -0.833134527 0.199481878
-19.822524314 -29.947110451 -13.499310878 0.459976481 0.439542074 0.760296145 -0.131050274 0.539995662 -1.287945793 -0.378666002 -0.616951328 1.468157842 0.424187067 0.496134540 -0.939098008 1.463354312 -0.073128520 -1.510752404 0.215511170 -0.224421143 -1.718854281 0.083822400 -1.156350019 -0.264571660 2.096048185 1.613313240 -0.882587449
-27.390201850 -17.160465071 -12.049773494 -0.477155363 0.288222529 0.791200818 -0.251499104 0.750412266 -0.354896718 1.664517503 -0.190637868 0.090722332 1.107531964 -2.019336952 0.141959913 -0.705240995 1.808249046 0.645722458 0.298315850 1.456389941 -0.415464618 1.293736525 0.470573970 1.623357349 1.168721319 2.026075768 -1.134300554
-25.519059948 -22.688907120 -13.291572573 0.907677411 -0.026329777 0.168022989 0.383662267 -0.190290632 0.111757451 -0.273802410 0.336123058 -1.318592070 1.353201120 -2.103718668 0.178824204 1.803705392 1.350486463 0.691002421 0.989272933 0.274224815 2.896887026 0.300458740 -0.771602027 -0.174754015 0.320040767 0.344960387 -1.010517020
-25.878879203 -26.960967178 -13.151505459 -0.722400734 -0.185845244 -0.594124261 -0.301023400 0.207522482 0.833491108 -0.950228970 0.283601434 -1.677783740 -0.480486992 0.231871056 -2.530106551 -0.700895454 -0.506381839 -1.787677108 -0.884513702 0.637406504 -1.207477960 1.510421004 0.441768690 -1.939165055 -2.423917166 0.394941713 -0.743929566
-19.202766732 -30.011321213 -8.942567680 0.653652018 -0.017074214 -0.199937237 -0.729707210 1.802805686 0.098926897 -0.703496358 -1.562192424 -0.328003828 -0.247497610 1.731687357 0.927526886 1.653593811 -0.038132366 0.608551368 0.773819739 -1.138197438 -1.309747886 -1.662529108 -0.923778996 2.343004622 -1.638371897 1.533100766 0.610270852
-18.953581344 -28.511932074 -6.778119183 0.609250828 0.053475391 -0.781039529 -0.126218325 0.309148097 -0.401484578 2.358721140 -0.418551118 -0.299550941 -0.477017176 1.214798299 0.695277969 -1.780854956 1.848277488 1.464456750 -0.541833014 -0.926171906 -0.275354990 -0.412137397 0.628846414 -0.174359130 -0.498228961 0.323300844 -0.756317255
-26.294702840 -29.676103980 -19.197535351 -0.474593348 -0.084572060 -0.315789107 0.817242902 0.666881609 -4.068250565 0.516296583 -0.455611224 -0.850138187 -0.175193297 0.508533765 -0.221571492 0.235750039 -0.615677351 0.604644366 -0.947838035 0.055200299 -0.311629548 1.497153099 -0.313543304 1.059207864 1.534780841 -1.668353973 0.132104709
-29.916378128 -22.318940801 -11.149929682 0.853667717 0.126386088 0.449960962 -0.229811051 0.150314130 -0.186143527 -2.276701346 0.230239529 0.405570125 -1.885035861 0.768603942 0.343326607 -1.085628332 -0.168819559 0.933816968 -0.872210693 -2.364947798 -0.750152542 0.329902067 -2.081222313 -1.248548832 1.320553915 0.982318410 -1.024982775
-24.734719107 -16.652327479 -8.438620575 0.565165806 0.606769205 0.429049821 0.358238740 -0.688929356 1.233083092 0.972762248 0.887135819 0.760318667 0.890186813 0.228387300 -2.013393381 -2.127179018 -0.809501466 -1.782828190 -0.795555916 -0.584999433 0.733303777 -1.628637093 -0.638849581 0.180875539 2.480431225 -0.051411800 0.591829009
-26.297344111 -22.036719130 -16.983515166 0.145809336 0.186047182 0.606250518 0.759332861 0.702754201 -0.480634423 1.350999453 1.507269170 -0.120866111 0.059887318 -0.977365349 -0.786497222 1.335183268 -1.291870163 -0.716680133 1.508138249 1.203810873 -1.050245286 -0.064571346 0.577274373 0.545258589 -1.168990447 0.005168720 1.069381887
-25.275056995 -24.758131830 -9.811943878 0.986941518 0.078352787 -0.125522063 0.063651341 0.091840612 2.208365126 -0.810727152 0.729784285 -0.729118027 0.727417292 1.187211146 -0.156467456 0.423994653 -0.908271390 -0.241339239 -0.615919183 0.184872313 -0.977747901 -0.366953373 1.708934110 -0.298594248 0.126566358 -0.529244894 -0.263691011
-19.013128899 -23.559583432 -4.040581511 -0.276283680 0.825941713 -0.399255028 0.286501376 1.142870748 -0.772186826 1.992792300 0.173173279 -0.464348993 -2.076887725 -0.755806521 0.150103360 -0.206626167 -0.362071952 -0.543062006 -0.035573070 1.917879857 0.055343990 -0.149742018 -1.810862013 -0.724021004 -1.637758113 -0.794146922 0.633734638
-32.855373477 -20.552171150 -11.441898408 0.258302719 0.386527060 -0.881128165 0.086543020 -1.449727356 -0.649416513 0.260130972 -1.443811440 -0.414426966 -0.944720440 1.038160895 -0.554338407 -1.269044847 0.159252739 1.229970429 0.437894508 1.041014661 -1.212920967 -0.820699044 -0.784085168 0.091445818 2.209363181 0.027039670 0.398891678
-32.762448084 -21.836035667 -13.118374822 0.054678351 -0.776927512 0.075006626 -0.622710145 0.217617278 1.812006655 -0.410608449 -0.697767566 1.323752887 -0.096535927 -0.395500803 0.564300084 -0.381710995 -0.143142479 2.622339862 0.335543431 -0.317705317 -0.761982729 -0.856065206 -0.708578077 -0.571737448 1.492249191 2.358152621 0.491110481
-26.688420601 -26.857565569 -19.672229005 -0.140750049 0.803094212 0.086020154 -0.572564096 0.448223639 0.958383336 -0.133855759 0.121328342 -0.030658335 0.900051546 -0.271263790 -1.351247661 -1.181155983 -0.561763706 -1.997727661 0.558688626 -0.723948341 0.192224460 -0.345387179 -0.189014686 -0.956591045 -1.159423257 -0.067922074 -0.036054650
-18.631421704 -21.370854834 -5.201875445 -0.462042073 0.754935149 0.451112338 -0.114401495 -2.005122356 0.218026124 0.753194841 -0.729737621 -0.607968833 0.597958865 1.480672449 -0.976939420 0.029155394 1.175259941 -0.531982137 -0.461571732 1.146197018 2.177426302 -0.828355421 -0.105088129 -0.458525742 0.396401334 -1.602239920 -0.693057369
-15.755160321 -26.362611726 -7.093131178 -0.503211520 -0.773228436 0.279772369 -0.265750584 0.094603396 0.493186988 0.292228286 0.661478340 -1.195371225 1.712939688 -0.000815565 -1.279656264 -0.496254250 -2.458419884 0.410900948 -1.219757651 -1.391075664 0.823051196 -0.447940328 0.141230587 0.993188394 -0.877005679 0.720908698 0.909543863
-21.054095300 -21.432608306 -4.886695074 0.366179758 0.848975802 -0.070240017 0.374458024 -2.243876623 1.038017379 -0.502427120 0.726609924 1.395721236 1.179502922 0.648009729 0.684414447 -1.417662619 0.872895628 1.747734370 -1.366616108 -0.679276412 -0.426727268 -0.194121919 -0.363648640 0.361990201 -0.081693106 -1.526610934 -0.914759851
-22.923854919 -28.391802237 -18.067662552 -0.635530125 0.678418241 -0.199074406 -0.310192733 -0.885816106 -1.405867709 -0.884394056 -1.584844772 -0.607750650 0.231339323 -1.372472739 0.238028922 0.078354814 -0.543387823 2.354230400 0.068595811 0.718234645 0.366399343 -1.087902186 -0.040336621 1.083741441 0.158682813 -1.045340313 -0.042575512
-22.285109865 -20.616082793 -19.865388414 0.456071435 -0.684958484 0.102003999 0.558950718 -0.629135075 0.462669195 -0.365458378 -0.792810845 -0.945272711 -1.059211106 -0.915175442 -0.657978109 -1.004580220 -0.614257812 0.367695365 -0.381933018 1.279075583 -0.293347844 -0.997309957 -0.748710268 0.233765758 -0.131862384 -0.669440235 -1.216514122
-22.185469741 -17.279144616 -9.937498762 -0.710268545 -0.447639597 0.114389159 -0.531086156 1.340722722 -0.585581955 -0.918987753 -0.775940141 0.192144658 0.080061477 -1.444089659 -0.163522859 0.717053833 -0.556931329 0.718205535 -0.737332175 -0.198844532 0.772921308 0.095741643 -0.291370137 1.076136678 0.677583254 -1.360921949 1.518372240
-22.109953708 -29.976628479 -19.861447946 -0.453147031 -0.153913272 0.289065192 0.829101796 -0.302224970 0.200630270 2.022948217 -0.111367197 1.025891344 -0.096045155 -1.009301660 1.057348825 -0.181217734 0.248891454 0.950994869 -0.155008954 -0.688379650 -0.227903467 1.110691206 -0.330574880 0.256261081 0.629238484 0.552530658 1.679631177
-20.724321581 -22.547410407 -15.742673122 0.276069381 -0.756184302 0.321026383 -0.498911875 -0.794891241 -1.198352779 0.670676290 -0.449646598 -0.026197841 -1.042339918 -1.037264701 1.024546114 0.108698571 -0.343932714 -1.282432443 -0.579872663 -0.659948801 0.747562964 1.131595456 -1.625239469 0.208045852 0.541179912 1.021243892 0.145475172
-23.534907669 -19.648185077 -12.163108260 -0.063727323 -0.598387219 0.138445857 0.786577593 -0.186208009 -0.197141736 1.658859192 1.274675692 0.187159886 -0.234787082 -0.074460000 -0.393489920 0.087740531 0.296893141 1.149784898 1.271396688 -1.506302134 -0.164746622 -1.479829528 -1.031734019 1.035495033 -2.330592855 0.026809292 1.335299776
-15.731525321 -26.698889274 -10.841940860 0.132297890 0.391522736 0.442764482 -0.795717807 0.510834440 -0.022922041 0.675017611 0.427324227 -0.279068020 0.317192589 1.483582601 0.648021296 0.436472186 0.183089378 -2.873733684 0.620299058 1.745355082 1.617785367 0.449108084 -1.064996219 -0.702443632 0.325714366 -1.278533652 1.937701560
-25.454918516 -17.390215645 -17.915115554 0.390323134 0.692765566 0.445851483 0.411023328 -0.506476066 -1.205453839 -0.650931987 -1.073960255 0.854582642 -0.228839161 0.464315156 -0.772885630 -1.247070228 -1.263736013 -1.937788873 0.144878068 1.014681473 -1.204568623 -0.784936174 0.335259329 -0.142501139 -0.730965565 1.300761497 0.416461964
-21.240103566 -25.658550837 -17.191899433 -0.360446960 -0.195621200 -0.098512742 -0.906700377 -1.879978220 -0.105983042 0.182698508 0.541048688 1.926567298 -0.403241870 -0.474647662 -0.702170276 -0.320093785 1.521179495 0.977430344 -0.757884650 0.267601204 -1.494800341 0.432625763 1.042629715 -0.651751987 -0.111760042 0.729298552 1.966953773
-26.984035261 -19.537360786 -16.376882201 -0.434832955 -0.674036512 0.520827550 0.292119402 0.128957637 -0.603135116 -0.350129871 0.188924687 -0.233846996 0.048338274 -0.260401037 0.982268667 0.671612666 0.670143438 -1.533873138 1.057933647 -2.161272938 -0.986967111 -0.085316638 -0.575933539 -0.396755773 0.779581529 -1.253664412 -1.406669536
-23.583172425 -19.947083483 -15.107691247 0.728106772 0.132123931 0.607801559 -0.288064334 0.830604103 1.336796880 1.251522857 1.297478713 -0.784278902 -0.557813577 1.339052040 -0.121328452 1.663251009 -0.995347170 1.526620781 0.123626727 -2.068739957 0.614061987 -2.338063361 0.769011330 -0.992882653 -0.580200490 -0.011024881 -1.005224654
-20.759064683 -20.378721136 -13.535359117 -0.368888978 0.840899431 -0.383023968 0.100507256 -0.001860696 0.150177443 -1.178134209 0.333844992 1.107737580 0.864552306 0.523580041 0.356237728 -0.570565131 -2.806664943 -1.402613724 0.888669720 1.547171022 0.008859361 -0.229171843 -0.273198668 -0.503546733 -0.928805681 -1.279604363 -1.004857123
-24.801316482 -21.588566883 -12.006847615 0.465853725 -0.204300534 -0.784396014 0.354914766 1.431518205 0.176240845 1.790940017 -1.389060096 0.025238293 -0.289772142 -0.822818644 -0.901522676 -0.257510429 0.830230829 -0.258427425 -0.609337974 0.342476910 1.330515309 -0.428150091 -1.010393173 -0.014042700 -0.493963138 -0.221067846 -0.225463057
-19.584847514 -27.408682640 -12.634988178 0.812542775 0.419153768 -0.218671112 0.340979915 2.395267202 0.904849509 0.559582600 -1.248259201 1.655498313 0.748902977 -0.454167644 0.435304118 0.989089583 0.544148608 0.419495219 -0.183711136 -1.257587770 0.196992131 1.197879780 0.455839195 0.466656584 -0.525923159 -0.866716040 -1.400821939
-18.573397429 -27.292758207 -16.680219029 -0.404126022 0.181970221 -0.769821296 -0.459286587 1.797296846 -0.233988354 1.520887774 0.632485034 0.260213238 0.532672298 0.100297918 -0.659592300 0.262465362 -0.227988671 -0.468552320 0.982900479 0.556087273 0.398591538 2.751502791 0.175827537 0.772544137 1.344367542 2.188342598 -1.187613814
-28.461200718 -32.936513292 -9.234770126 0.045592841 -0.374587747 -0.064863833 0.923795430 -0.771707590 -0.500735499 0.999359680 1.894871947 -0.146592588 -0.681628065 -0.053079885 0.791622389 -1.459449462 0.224004288 0.107347281 -0.990566481 0.863296270 -0.391314218 -0.300894389 -0.448683539 -1.619385690 1.059146432 -0.332380873 1.143096115
-26.444394854 -26.425630881 -8.634419674 -0.743633729 -0.418554761 -0.463354616 0.239004790 -1.168207726 -0.697578376 0.029425214 -0.786071967 0.453337686 -0.886672540 0.546690666 2.521646224 1.536249425 0.883918983 1.494271732 -0.500815191 -0.061035429 -1.285267755 1.587886666 -1.573663109 -0.523289598 -0.362556482 -1.220398379 0.935750931
-24.208451209 -17.501216678 -15.541408182 0.347016097 0.218254383 -0.882663000 0.229893196 -0.109468754 0.152859996 -1.066157707 -0.563143923 -0.533565732 -0.338484386 -0.525384925 1.232333576 2.263004554 0.170155977 0.410640461 -0.752466608 -0.397358696 -0.121850907 1.123366746 0.280241315 0.522129195 -1.173142224 0.400760852 1.130332215
-26.868442433 -27.069288910 -5.010315110 0.497660805 0.684073076 0.168863500 -0.505828893 -0.653403527 -0.712662972 -0.054015932 0.950608181 -0.784582501 -0.537083120 -2.631355582 0.904008726 -1.355869921 0.648876966 0.898355459 -0.939477186 0.394887364 -1.754633261 -0.234060398 -0.680390506 1.212659456 1.493342989 -0.026615322 1.885894191
-21.958995289 -24.879629533 -7.647511745 -0.507939661 0.004772876 -0.097973942 -0.855789476 0.139486921 -0.480635162 0.334943451 -0.831793999 2.605028850 -0.182905705 -1.320960907 1.364079231 0.015204571 -0.461843071 -0.493274599 -0.392473501 0.244186822 0.806880437 0.881533967 0.684208144 0.468791454 -0.128587492 -0.717881282 0.330872752
-22.690478124 -29.747941360 -18.189285846 -0.772913119 -0.089953926 -0.557037143 0.290212375 0.573038409 0.368803235 0.011482087 -0.077369403 1.289891914 -0.611406016 1.021108624 -1.841735587 0.543028007 2.635193784 0.507166966 -0.720613950 -0.816181717 -0.702732177 -1.063924779 -0.525615613 -0.134819956 1.482808140 0.016110520 -0.461255542
-26.356272792 -22.608926121 -5.922399284 0.113460877 0.871090635 0.239847570 -0.413280628 0.985083406 1.900868706 -1.461887535 0.555762715 -1.513142509 0.008950133 0.282953450 -1.990332435 1.836925893 0.214618683 0.329543323 -0.708186256 -2.002838953 -0.483539334 0.579493612 1.731376409 -0.074677320 -0.513832348 1.207891488 3.116543747
-17.281103698 -28.155181770 -10.972186188 0.367082141 -0.081898468 -0.265872767 0.887611973 -1.287713532 0.194229287 0.831480051 0.816625362 0.826227626 -0.282466907 0.184993131 -0.121546469 -0.483411508 -0.200970950 -1.000708943 -1.005970218 -1.401816162 0.756340121 -0.722343622 0.333231799 -0.841366744 -1.046781874 -0.758183086 -0.904628662
-22.300171309 -24.325218428 -17.939501746 0.285047102 -0.837881377 0.323730123 0.334517197 -1.359334490 0.466069139 -0.988187910 -0.981074104 0.832196772 0.620114977 -0.682285079 1.411778456 0.996003319 1.086628853 -0.370315364 -0.929446154 1.156030763 0.635215621 1.360437517 1.726399245 2.003894354 0.702363975 -1.295918996 0.802314433
-31.334952513 -23.797163921 -8.426553012 0.176047684 -0.100478756 0.959532849 0.195468525 0.585377947 -0.288318758 -0.599995344 0.792080934 -0.077033470 0.195937888 -0.167970444 -1.117078341 -0.431547120 -1.755859352 -1.821812832 0.888870694 0.794518889 0.849460660 0.766720250 -1.659283341 0.142930547 -1.053467700 0.452744196 1.074909540
-25.730138632 -17.805837641 -12.313102440 0.645754125 0.189797670 -0.076221279 0.735641741 0.499178963 0.827422819 0.313911708 -0.425812172 -0.593105055 1.934071910 -0.250556216 2.505121329 -0.674036087 0.027661843 -1.737733230 1.608410501 -0.335057497 -0.275272120 -0.309892570 -0.367967421 0.942488217 1.644078343 -0.637556860 -0.586614931
-18.214924960 -25.695773571 -17.717826655 0.850412495 -0.418266076 0.305021734 0.093881951 -0.831568941 0.127654440 -0.882966408 0.557914062 1.445874845 -0.389004577 -2.222733264 0.109556669 1.097601657 -0.394219523 0.094319555 -2.336956074 0.964272594 0.497021691 -0.488844055 0.640731580 1.285159888 -0.609382513 -0.567508961 -1.830524149
-30.473446192 -19.701934884 -14.938630884 0.263147442 0.232830730 0.881360446 0.315827545 0.789453547 1.274732498 -1.350091662 0.285811824 -0.415665127 1.620514924 -1.121746875 -0.926242235 -0.638689728 0.650139482 0.664097748 0.408463160 0.813387877 1.305124768 0.645710178 0.360293716 -0.355617695 1.082349363 -1.159365231 -0.366929710
-31.096727959 -23.337935295 -5.685423929 0.089241039 -0.262086023 0.927385651 0.251600491 -1.408903378 0.222789615 -1.673255762 -0.292346763 -1.323964438 1.833403079 -0.961571457 -0.301156232 0.546084299 0.020509609 -1.188039383 0.719840386 1.633700816 0.935921949 0.210509874 0.915746708 1.620151817 0.211898199 0.106967896 1.531244453
-20.820094630 -29.995135718 -11.093499237 -0.362263577 -0.843660833 -0.226748330 0.324941062 -1.164585016 -0.356232340 0.194532320 1.696911709 0.471195627 1.236378580 0.419023241 1.359521665 -1.010552333 0.714832229 1.141142172 -2.162178776 0.021825640 1.346207984 1.777813233 -0.340985751 -0.682053706 0.453175207 -0.520056691 0.902046270
-29.838411958 -23.435385789 -18.094285166 0.123035204 0.802821246 -0.389610350 -0.434216721 0.232147218 2.290891478 -0.463450929 -0.191946630 -0.650671197 -1.103633781 -2.525756714 -0.868352214 -0.571022161 1.091101876 0.298500119 -0.209538566 -0.135511006 -0.626915584 -0.679562097 0.404312091 -0.380774720 0.431147634 -1.486479250 0.005827246
-30.344616678 -28.585606239 -18.142228715 0.225891525 -0.188724513 -0.951895737 -0.085150356 -0.460756459 -0.125532085 -1.443743529 -0.211650177 0.195120319 -0.010606230 -0.990693740 -0.973585509 0.352722441 -1.130656138 -0.354438022 0.442100519 0.211708348 0.817376611 1.590494173 -0.245305010 -0.706582362 -0.954067294 -0.073654046 0.780225430
-26.698273330 -32.241110558 -13.002296507 0.732951800 0.150242842 0.055359838 -0.661168689 0.260615046 -0.383812792 0.754651299 -0.129012689 -0.641902261 0.137723611 1.703354523 -0.920372426 -0.400606000 0.980032809 -2.100956153 0.891589713 0.186287621 1.246977693 0.164894983 0.668903156 -0.608765229 -0.776989267 -0.495012759 -1.378819591
-20.426153541 -17.171135491 -11.653457605 0.641098660 0.509381697 0.570798255 -0.060927401 0.483578555 0.726919372 -0.167992023 -1.483999151 0.391870997 -0.415146974 -1.395893970 0.054925079 0.916994785 1.588293921 0.050534160 -0.341179181 -0.392281157 0.620712735 0.296754678 0.394911743 0.476602680 0.134371869 1.467058463 -0.531673444
-22.588352152 -18.440118085 -10.783404716 0.125108689 -0.234740242 -0.790775152 0.551288938 -0.475262660 -0.165322850 0.877564200 -0.364257157 0.013648070 -1.249552438 -2.260495784 0.865238516 -0.933595783 -1.022303962 1.090512026 -0.908821719 -1.643911653 1.083823361 -1.010014753 -0.765352635 1.502181345 -1.614679412 -0.676028271 -0.255327139
-20.793200896 -21.646501512 -3.274434744 0.591187471 0.471906380 0.434776394 0.488642230 0.434062659 -0.527593997 1.670512792 0.181447123 2.033738211 0.411109748 1.154189750 0.401090975 0.559573390 -0.999091314 0.247856325 -2.105814816 -0.478218317 -0.111545752 -0.543145399 1.753327648 -0.311673120 -1.016126220 -0.391765391 -0.127273366
-24.070604265 -31.628121268 -16.073131409 -0.307981659 -0.221334283 -0.721260179 -0.579605199 -0.688793830 -0.056435048 -0.184931405 0.748286439 0.846753314 -1.284638952 0.028064132 1.139652382 -0.872077873 0.387430590 0.239284220 1.847572116 -0.427023896 0.867799351 -0.491334089 0.201052331 0.244603352 0.045134232 -1.721603413 -0.753743987
-23.394647184 -31.536134480 -7.318185767 -0.218569307 0.169891012 -0.818235710 0.503840078 -0.128714718 -0.221088156 -1.307023638 0.474977534 0.684051376 -1.323386433 -0.328903684 0.307123479 1.057333243 0.237960214 -0.830715514 2.166503748 -0.234626805 -0.914429868 -0.408921112 -0.479061616 1.150944085 1.837327389 -0.960294775 -0.991105448
-25.975752375 -27.833185754 -10.369717643 0.243520653 -0.047756365 -0.056249232 -0.967084818 -1.211586447 -0.623683464 0.428057282 -0.134472049 -1.506557276 1.231584651 -1.697476716 0.296227898 -1.167308133 -0.572882182 0.533724821 -0.078326646 -0.483113627 -0.468237826 -1.031870613 -2.148199478 0.581008485 -1.352586901 0.472920944 -0.029086035
-25.921397222 -20.994818360 -20.148485681 0.203572690 -0.609825110 0.373212927 0.668867406 0.033071043 0.109986443 1.313891800 -0.124181120 -0.198016310 0.728889126 0.597868084 -0.982096505 1.289840080 1.525552838 -2.299251863 0.236908309 0.216637230 0.001995777 -0.735416755 -0.339960719 -0.487626222 1.765643163 0.859200113 1.140452462
-28.324603277 -27.616357287 -13.492658556 -0.109119895 -0.605952708 0.460274933 0.639578885 0.032357134 0.130143422 -0.092938578 0.279076890 3.406142564 0.897289466 -0.158019086 0.071257524 -1.480595738 -0.947172956 0.748884366 0.318468518 -1.110884118 -0.693721539 0.020114484 1.777666525 0.881712708 0.741566047 -0.503795909 -0.172971582
-30.548587252 -30.215880007 -10.602642959 0.582247755 0.338309387 0.320185225 -0.666345055 -0.272010005 0.111638496 -1.884964820 2.033802969 -0.269073181 1.203169441 -0.173217137 -0.530827800 -0.655551805 0.174395425 -0.281049046 1.105010915 1.422040388 -2.215243673 1.580523234 0.386581376 -0.540834451 0.767460536 0.529198529 0.640153306
-17.914395315 -30.296914091 -8.623179655 -0.051901543 0.127892391 0.952569486 -0.271221572 1.442257333 0.942614489 -0.699257344 2.531340034 -0.053347724 -1.732782364 1.625933233 -0.863673156 0.635389745 1.350035624 -1.111622008 0.208384950 -0.961090667 1.146091638 -1.383703413 -2.462114386 -1.350517949 1.087046371 -1.827618604 1.021249764
-29.512688125 -27.313848434 -18.600722125 0.297626767 0.034781052 0.724636304 -0.620572972 0.152679734 -0.983060146 0.178841584 -1.524672887 -0.091244366 -0.018884954 1.196123737 -1.682120999 0.764190953 0.539424062 0.141701664 -0.913301053 -0.706498370 0.267739740 -1.600227410 -0.301227032 1.074230887 -2.720391890 0.426561543 -0.523400853
-26.304917667 -19.235739821 -6.842483634 0.378419641 0.487782054 -0.366297032 0.696199488 1.715868620 -1.112285942 1.809447593 -1.074406975 0.777782992 -0.563433591 0.176878855 0.781422830 -0.727618301 0.707240890 0.602294942 -0.466929271 1.367088160 -0.943759824 -0.064311569 0.460867294 0.529207727 -1.802794140 -0.028561491 0.067985683
-24.125570475 -29.322338719 -10.061378465 -0.086010561 -0.368219429 0.603028321 -0.702405495 -0.766264826 1.218769399 -0.595318288 0.742767598 -1.197211029 0.118307709 0.055388905 -1.033950772 -0.052239237 -0.086307999 0.656058388 -0.275118636 -0.496391121 0.393537223 0.859978826 0.443965950 -0.196774591 -0.381162088 0.391826964 -0.098831510
-21.922762363 -22.046987561 -3.825855238 -0.277935250 -0.224807946 -0.443425753 -0.821940987 0.866667846 -0.825902345 -0.595498565 0.752190709 0.178852319 -0.115514516 1.363084928 -0.818833580 -1.841384626 -1.205245352 1.768658126 -0.502779626 -2.001931090 0.151355963 -0.803775400 1.139598286 0.317986937 -0.792589988 -0.989982768 -1.906084189
-30.909285556 -25.318812593 -17.841934859 -0.271830502 -0.665075707 0.596825837 -0.357185390 0.808865247 1.456388554 -0.672877583 -0.725934624 -0.861688228 -0.951216396 -0.864587802 -0.016027852 -1.126350520 -1.184079265 -0.475373914 0.530709645 0.784603567 -0.607642169 -0.240629972 -0.376132431 0.884640040 0.175695952 0.574472694 -0.190417502
-27.128577497 -21.651473286 -13.350231120 0.779297163 0.160922714 -0.603076904 -0.055660214 1.190377656 0.806237531 0.037749864 -1.110268753 2.142822499 -0.182615327 -0.675530975 -1.066526792 -1.039611829 1.674446264 -1.230359171 0.251857273 0.980336907 -1.220993458 -2.110196696 -0.128060078 -0.125783789 0.666056228 -2.570678900 0.002335808
-16.738817446 -23.926501974 -8.704935260 0.097787785 -0.051244374 0.485821780 -0.867057531 -0.565242340 1.127319943 0.137252034 0.090810897 -0.548395826 -0.581038079 0.068656135 -0.169699467 -2.597141154 -0.921778664 0.131465010 0.258575872 -0.037595633 -1.475369187 0.382734722 -1.024596732 -0.653911945 0.549883400 -0.959785177 1.388418115
-26.546905991 -27.043846085 -15.557400785 0.623654838 0.484393202 0.458535623 -0.407630900 -0.347684884 -1.278249273 0.041438549 2.268661713 -0.304900332 -1.050211658 -0.119142179 -0.769471527 1.490196968 0.350913245 0.523708328 0.110686515 -1.133563747 -1.530345393 -1.391408040 0.957485037 -1.015221248 0.040254631 1.392651862 2.212069843
-28.342959617 -28.684035972 -18.703295305 0.887663271 0.180371259 0.256255206 -0.337421688 0.073224431 -0.266500202 0.325676525 -0.091670453 -1.488724066 -1.754688406 -0.457821018 -1.202588513 0.396507646 0.529003026 -1.973962871 -1.444607828 0.569874611 -0.969112948 -0.611662055 1.423747989 -2.428968271 1.350618462 -0.213645139 -1.148780035
-25.091233286 -24.354823193 -17.662447608 0.168150419 0.467719440 -0.863248284 0.088126964 -2.019622356 0.897271772 -0.823595378 -0.305099217 0.003426732 0.336982259 -1.384445805 -0.577898730 -0.206404729 1.004080955 -0.401558494 -0.190972536 1.662229123 1.050794695 0.673255063 0.044286656 -0.745280329 0.527484966 0.183855446 -0.537241382
-19.243916414 -18.531230517 -7.630562776 -0.642370523 -0.472589013 -0.572450074 -0.190579768 -0.873911857 -0.452826682 -2.745838194 -2.400355612 0.483620426 -0.025793194 -0.127928826 -1.220525951 0.822171116 -0.474959852 -0.443753459 -1.160309546 0.692396515 0.730934033 -1.539146529 0.815478990 -1.664121076 -0.822651983 0.570911781 0.225747342
-24.514173422 -18.723341566 -15.770236132 0.429211531 0.481056499 -0.731054759 -0.223430181 -0.258363781 1.305570610 0.613051608 -0.880125006 -1.815046208 -1.466052901 0.866624672 -0.310954849 0.177237171 0.163709117 -0.576955941 0.441562844 -0.326772983 1.591959362 0.253815455 0.087960689 0.107296819 -0.386021543 -2.091993701 0.770732573
-33.358444457 -22.445280351 -10.841469331 0.465517119 -0.747439271 0.204874800 0.427381171 0.096036149 -0.047332574 -1.187569983 -0.955597666 -1.085339586 -2.123808993 1.191218744 -0.197726878 0.344535129 -0.089945265 1.449863957 1.717897082 -0.527406029 0.172551872 0.562445549 1.083346084 1.664347245 -0.423121067 0.477301821 0.790361977
-21.401959397 -21.476797583 -9.125193983 -0.841200800 -0.228766824 -0.423038494 0.247154580 1.365524271 0.322336446 -0.055198764 1.080868318 -0.071650209 0.438617827 0.548229271 -1.262801440 -0.152428341 0.344807471 -1.998041484 0.206458733 -1.603929603 1.787351643 -0.994593592 -0.863412026 0.331980615 1.507459590 1.899820005 0.448972284
-20.663907423 -32.588675265 -15.416290649 -0.794640862 0.386967047 -0.365805253 0.291528596 1.618735354 0.337664094 1.543065783 -1.130334122 0.743977031 -0.201696262 -0.466727792 -0.005626327 0.536487801 -1.341644727 0.114268030 -1.591874490 1.495570801 -0.269917014 0.089836063 0.405028826 -0.579328045 -0.885863012 0.732577740 0.412346279
-25.187868311 -29.343100027 -15.950181501 -0.841624921 0.033288334 0.533361956 -0.078002592 -0.459845373 -0.676746426 0.435743175 0.959295293 -1.171187951 -0.740838108 0.505346734 -0.347144487 0.672174641 -2.040575652 -0.103958802 -0.003754640 -0.037906828 1.772439777 -0.054763430 0.367396855 0.268339672 1.007928130 0.000902869 -1.097633634
-20.888947093 -19.282657390 -14.188233230 0.429599819 0.818447152 0.359578704 -0.127637813 0.367041946 2.838292702 -0.495346666 -0.522180465 -0.100547701 -0.571841529 1.102928609 -0.432678519 -0.497896518 0.144889112 0.225909236 -0.540676749 0.196480914 0.270511104 -1.137448504 -0.189560422 -0.625692223 -0.713597276 0.080472660 0.262638533
-29.392130333 -28.644269795 -19.366638147 0.261101790 -0.864605367 -0.428283510 0.029268592 0.892617439 1.275946562 -1.657466882 0.142370712 -0.986643537 0.107951206 -0.211786542 1.645264426 -1.718163533 0.031137986 1.189304985 -0.756655960 0.331787695 -1.341614411 -0.103554960 0.024349104 0.008598615 -0.227220174 -1.067835671 0.822246970
-28.113608613 -21.415596573 -20.201217145 -0.192404643 -0.648337996 0.514632787 -0.527059192 0.402716438 0.891967876 -1.093472786 -0.429060374 1.127364155 0.092280749 0.168910530 1.250797438 -0.358758818 -0.062157976 -0.238859189 -0.668056351 0.562011583 0.048239731 0.497274479 0.761886373 -0.971684433 -0.715626234 0.256996339 2.280884198
-24.549832744 -18.235462263 -6.078016810 0.919046534 -0.300485860 -0.153926661 -0.203391982 0.626532045 -0.290303065 -0.755368549 -0.320017129 -0.118077621 3.031491865 -0.090969965 0.441982750 0.384858118 -1.593886560 1.057591411 -1.028108643 -1.438645021 0.015022134 -0.230157368 1.418899414 -0.238377488 -0.998448513 0.772999241 -0.514650404
-23.359408740 -20.423140590 -4.749505348 0.592399317 -0.699437506 -0.250384840 -0.311701230 -0.734052418 0.345160400 -1.148641223 -1.862392268 0.365164126 1.462509883 -0.255707721 -0.262304211 0.334494137 -0.661493989 -0.439440060 1.567113847 -0.240478627 0.399797626 -1.064532786 -0.462704967 0.472423936 -1.112986818 1.041268050 -0.640223102
-30.363666741 -31.049982111 -10.672327902 -0.747528992 -0.193068571 0.531998116 -0.347710997 -1.066670327 -0.333559457 1.813713619 -0.047017883 -1.578933687 0.901955176 1.304613366 -0.074141753 -0.381749650 -0.837522374 -0.121423168 -1.069649765 0.428762273 2.122764477 1.791367474 1.085768415 -0.471965680 -0.329807864 0.876811731 1.320948950
-19.055041793 -27.832384620 -19.884379326 -0.570647044 -0.535055333 0.572242509 -0.246203681 -0.710320797 -0.652396618 -0.470392614 1.052809746 0.569151181 1.356681589 0.149076845 -1.710869463 0.577407632 -1.001971402 -0.697743988 -2.384177170 0.265806609 -2.270779723 0.995358953 -0.409341481 -0.894464281 -0.225673520 -0.026832485 -0.200997803
-18.862700907 -25.202471829 -9.166207396 0.062504549 -0.661856696 -0.361600910 -0.653669394 0.161164208 -0.107311125 1.560143313 -1.290482463 -0.511018961 1.413557095 -0.578523901 1.494863408 -1.048847743 -0.027907477 -1.817860257 -0.325966830 -0.729744315 -0.811424871 1.158682763 0.113485959 -1.257136902 0.147317532 1.864085806 -1.021843859
-26.505261041 -19.125922976 -12.849376512 -0.449207520 0.675494079 -0.129465666 0.570227143 -1.480767793 0.711429541 1.247743292 0.767500411 1.028167824 0.530088291 -0.323326738 -0.226781121 0.263530145 1.795890699 0.621148071 -0.420892106 -0.445070576 -1.407856115 1.123630727 -0.019379345 -2.096177127 0.223074655 -0.488976481 -1.386785954
-16.560876381 -22.901640012 -13.839028765 0.200355824 0.959653977 0.186934593 0.063065405 0.044310031 0.813292142 -0.438744147 0.569470709 0.161787614 1.030976499 -0.432894982 -0.134489994 0.928139118 -0.093411745 0.998095185 0.127599298 -1.549940884 -0.132570543 1.827546833 -0.955954231 -0.646178147 1.028302572 0.584269526 0.289549926
-20.644714806 -25.829529637 -16.991356582 0.700199467 -0.575183332 -0.295309258 -0.302782568 -0.791414283 -1.466581495 0.169335909 0.431921183 0.089668292 -0.921407110 -1.352341121 -0.293273296 0.647081700 -0.072881999 1.064073046 -1.167972343 -1.093110294 0.589636357 1.066824879 1.762054093 0.973979864 0.200197531 -0.060545261 0.959278360
-18.624333273 -25.743820129 -10.434134834 0.922724615 -0.379676808 -0.056060659 0.035805141 1.218598489 -0.903265804 -1.208175637 -1.627039553 -0.536065095 -0.232221670 0.547148087 -0.082539910 0.404284483 0.091509400 1.114944835 -0.357476058 -0.611810069 0.616064549 0.210810398 -0.646115769 -2.074398607 -0.739145584 0.075379858 0.297604399
