-28.761829698 27.397935053 -0.604284234 -0.494309752 -0.326646808 0.663119481 0.457419158 0.100660489 -1.592686736 -0.335295263 -0.285427499 0.666849870 0.654740174 -1.322963395 -1.084274622 -1.407280750 -0.279772313 -0.541183677 0.610704789 1.119441945 -0.474378367 -0.014161927 -0.343131495 -0.966456355 1.733814365 0.369881408 -0.122256488
-22.705825790 21.210013281 -1.508978102 -0.017797375 -0.320009331 -0.088851714 -0.943070864 -2.040079278 0.267724033 0.902091090 -0.507220860 -0.421323524 -0.379240802 1.899949698 0.717927247 -0.164147524 -1.621584369 -0.152883085 -0.712131540 1.250552685 1.278284350 0.581985266 -0.731523234 -0.431327135 -0.389869068 -1.393632156 0.944790124
-32.542271501 20.827098805 -6.887661729 -0.321853607 0.440734744 0.740398766 -0.392393691 1.069510044 1.159303499 -0.868999448 0.389305324 -0.235407032 -0.687113491 -0.972218156 -0.772754697 0.838356260 0.358072986 -0.963370206 -0.418909041 1.349485402 0.190657961 0.774926626 1.471257716 0.865300614 -0.181434289 -1.319269753 0.697309629
-31.169980961 22.288860998 -5.605524395 0.648947452 0.542105618 0.487763729 0.216968309 -0.512821112 0.140350280 0.054073612 -0.879847172 1.046733050 -1.350105903 -0.207939659 1.094431032 4.147174845 0.939099240 0.814237655 0.332755707 -0.340056835 0.299439940 0.221966097 0.098665204 -1.921168255 -0.721708789 -1.349683955 -0.946660377
-16.788616008 23.715235427 -10.253981705 0.585969552 0.235127764 -0.063355019 -0.772878232 -0.801042871 2.112451268 0.360399864 0.298499777 0.671362212 -0.439302674 -0.036124930 0.384989739 2.324616802 -0.634540787 1.949712962 1.389248886 -2.055010484 -0.856475719 -2.200543543 0.498210835 0.333179367 0.264455771 0.199473475 -0.501472585
-21.729154785 28.174923542 -3.241305205 -0.443662322 0.099673701 -0.327255923 -0.828331128 -0.374529311 1.239122674 1.789058408 1.182851827 -0.078534658 -0.769272238 -0.300175579 0.352108371 1.663232711 0.384939805 -0.158707724 1.978206691 0.063390378 -1.537206911 -0.026376022 0.240009434 -0.740223728 -0.200824576 -0.318367956 -0.826590886
-19.580833806 24.721299352 -11.422692617 0.566283296 -0.079982122 0.195044402 -0.796795940 0.276426252 0.198447716 1.220410986 0.472301842 -0.518629301 -1.101261669 -1.234094648 0.404049159 1.433188954 -1.651316756 0.103750584 -1.563161203 -1.346059069 -0.566672099 0.954763818 -0.377665480 1.157548551 1.668043279 1.675713116 -0.803202648
-26.485740778 22.056248925 -12.345003480 0.009078606 0.140162029 -0.980714979 0.135905539 -0.382259179 1.802110814 0.552421680 1.056192451 1.045781945 -1.394611285 1.009177187 -0.836819968 0.339275925 -1.057396968 -2.559617208 0.085585526 -0.979991257 0.264615466 0.813248367 0.503214623 0.550297212 0.013940576 0.689405962 -0.351324401
-27.932371319 33.133947836 -6.357543769 0.203848753 0.141479535 0.811413131 -0.529186128 0.472431685 1.367355779 1.453375977 -1.647503263 0.418123064 1.030344920 -0.666456970 -0.482464928 0.227101038 -0.873344211 -0.729778137 0.004835985 -0.380653006 -0.148936791 -0.069519165 -0.031727179 0.315833777 -0.188417503 0.355495025 -0.437751523
-23.979972797 25.155186489 -16.826784089 0.474497641 0.307649735 -0.713202242 0.414181352 0.365682846 -0.009980218 0.993006511 -0.257789466 -1.332903634 -1.633659367 2.275805909 -0.890197364 -0.179175147 0.648055488 0.034625530 -0.572803575 0.305268174 0.302202582 -0.490269969 0.529572343 -1.821863552 0.920858920 -0.197945059 -0.713503189
-16.223428727 20.516084744 -10.737520763 0.317195230 -0.903704954 0.176050858 -0.227399732 -0.944594089 -0.459117734 -0.439079620 1.136826611 1.429965693 -1.055017873 -0.376609658 -0.333594577 -0.227790684 -0.033594610 0.110166025 -0.474338274 1.029277762 -0.250148276 0.962355057 0.666098397 -1.495552481 0.881833644 0.428803263 -2.008184438
-26.440571941 22.688324534 -14.896468708 -0.529466431 0.181326591 0.549382199 -0.620455611 -2.218573675 0.781277093 -0.128876056 0.178141305 -0.901818715 -0.280297915 0.911401878 0.798311235 -2.012440027 -0.285392761 1.441202609 -0.520380626 0.158456170 0.626014180 0.181017593 -0.771925762 1.948921591 -0.903023751 -1.584242527 0.258892783
-21.303275824 31.529497734 -4.443453843 0.120955550 0.446197455 -0.481972060 -0.744298676 -0.397030108 -0.433752834 1.005076458 1.382782925 -1.007124118 1.257495395 1.725808022 -0.365231433 0.899569708 0.232282738 0.163454108 -0.244753330 -1.391776741 0.785616646 2.242628966 -0.841178511 0.014917562 -2.793069744 -0.406840864 -1.306067992
-20.356505935 28.038232144 -9.126396947 0.395235167 0.856618658 0.162136744 -0.289318707 0.656294757 -1.479273562 -1.124086885 0.868981405 0.224922093 0.415792454 0.804272100 0.310650230 1.453126714 0.731481473 -1.571795324 -0.737626059 -0.587637727 0.143426693 0.697203594 0.804568090 0.617318162 0.428098752 -0.555516231 -1.315617816
-25.906094665 28.386215834 -12.284136881 0.267120680 -0.345738492 0.445069196 -0.781680784 0.970660017 -0.348357878 1.055605705 1.384812474 -0.562151526 -1.422426949 -0.144476675 0.882620561 -1.113228137 0.956381013 0.252788960 -1.702818943 2.430220495 -1.409287513 1.843189224 -1.140189680 -0.271965674 1.297468428 0.352846157 0.097493258
-31.316173352 26.412121248 -4.535353172 0.629696291 -0.178289368 -0.732291047 -0.188269234 -1.225270585 0.489206761 -0.568067105 -0.115224305 -1.099341373 1.485573782 -0.818488828 0.042770763 0.947553852 0.483332442 -0.105476493 0.264547924 1.436079751 0.270788289 1.207988863 1.278800450 -1.825811255 -0.332891561 0.966063821 -0.233198000
-18.932988280 21.158894481 -12.033424125 0.733818476 0.032019837 0.014164758 -0.678442728 0.098061460 -0.767200810 -0.744256007 1.419694083 1.521518587 0.407621033 0.452085383 1.810918840 -0.708380480 -0.703195757 0.677342359 -0.015507259 1.797443608 1.357514655 0.752809641 -0.944611055 -0.851749676 0.269866287 1.762063990 -0.222075013
-17.522613057 22.617250072 -3.348188137 -0.115964233 0.288672466 -0.859196320 0.406204612 0.375394507 -0.348653702 0.671416580 -1.555355028 -0.348316869 -2.899894041 -0.181435316 -1.721380064 0.949386913 -0.357827898 0.362088436 1.482055097 -0.160066972 -0.055955472 -0.080962250 0.500630107 0.248655659 -1.105958430 -1.735886700 -0.481364457
-19.312034466 30.783364197 -7.980584522 -0.413853862 -0.700745664 -0.139011290 -0.564230766 -0.233063652 0.712333727 -0.432776189 2.387798665 -0.927390535 -0.591342893 0.086476055 1.408999538 -0.785864776 0.499561502 1.163897459 -1.580887417 0.504555568 -0.951709851 0.797758832 -0.395298357 -0.397010641 -0.368115719 -1.684294577 -0.451072711
-19.552037569 28.209252994 -8.464641107 -0.539825576 -0.563022145 0.624413329 -0.041260226 0.843150864 -0.373503927 0.348771163 -1.166694980 0.752310843 -0.206093427 -1.232983806 -1.028749602 1.080267490 -1.684802337 0.662315957 2.914804344 -1.060352517 -1.545773377 -0.074054183 0.041054801 0.736972149 0.475502820 -1.065871505 0.352509289
-29.364304739 26.670067494 -12.470483111 0.227473245 -0.389855127 -0.158975203 0.878063658 -0.509090396 0.601019145 0.267232268 -1.705275954 -0.647173174 1.267660615 1.856987381 0.990132411 -1.477021031 -0.635402302 -0.990982385 -0.590771941 -1.231582816 0.431073936 -0.562740408 -0.981904735 -0.120694671 -0.652638765 0.724264312 0.372378883
-22.607753647 17.016463191 -4.388226134 0.987319479 -0.151308645 -0.041732708 0.023755434 0.805552600 -1.895603022 0.064590021 2.226216902 -1.274279192 0.292539505 0.051694359 -2.623683730 1.736388779 1.108233788 -0.104547351 -0.612559572 0.996512186 0.209099638 1.158494189 -0.844301548 -0.707205485 0.123032223 -0.406209137 -0.440551200
-22.759618886 20.440707648 -11.113164293 -0.479689748 0.314449184 0.789453265 0.218593229 0.786755611 0.707329312 -0.462275754 0.719640716 -0.635162626 2.934835408 0.761472195 -0.096201841 1.173464339 -0.662918722 0.326627930 0.072201851 0.271107061 3.950756589 0.538443332 -0.033031042 -0.196798852 -1.258219704 0.634307171 -0.320916818
-27.672298849 28.806169976 -2.381501973 0.196562612 -0.098709250 -0.712285255 -0.666535325 1.330569570 0.534264429 -0.454144639 1.569229683 -0.132256772 0.836257304 -0.771928207 -0.694952592 -2.326690643 -0.832093271 -0.129537297 0.676983545 -0.082032282 0.349400134 0.858948055 -0.541069568 0.259809247 1.769702275 1.100441837 -0.034659987
-23.321545379 31.699226979 -8.667998800 -0.413442908 0.744302793 0.497037790 0.167426847 -0.230562577 0.521033402 0.406494916 -0.252381366 0.088930119 0.684207928 -1.130106512 -0.574366780 0.361029575 0.188273742 0.557082316 -1.703292674 -0.550380492 -0.430511448 -0.791394349 0.088807828 -0.530153096 -0.003165208 0.473683719 -0.020818699
-20.765478435 31.784140723 -14.175669414 -0.847191763 0.418536863 -0.269260958 0.185988029 0.913975243 2.568789464 -1.160222083 -0.617960908 1.056697446 1.408207440 -0.428383002 1.365408800 -0.359987788 -0.127841737 0.177859905 -1.241181342 -1.799687551 0.710245991 0.835406638 0.139263956 0.414945120 0.560134317 -0.098585384 1.511725078
-20.759881718 27.094384091 -0.658035564 -0.193022912 -0.718630552 0.211508253 -0.633700674 -0.694156751 -1.197107848 1.934083378 0.139792989 -0.954254945 0.214879550 -1.852244604 -0.432982846 -1.094721327 0.478305127 0.232874727 -0.102930644 -1.062193983 -0.770050297 -1.417892002 2.808934012 1.911781657 -0.706184478 -0.785400041 0.372774546
-17.194657093 24.207042705 -7.079128475 -0.645324729 -0.709935188 -0.081062440 0.270142376 0.098017027 -1.766871312 -1.888774015 -1.607097055 -0.314387704 -1.006459519 1.078884533 -0.269879077 0.729701389 1.588082600 -0.312948088 -0.626768287 -0.375754802 -2.177083772 0.650002510 -0.232116896 -0.211806864 1.382208463 -1.273959570 0.662788051
-27.617180920 28.366139426 -0.408915252 0.097552041 -0.691648484 -0.495931651 -0.515904809 -1.245361991 -1.098150632 1.427755142 -1.615109676 -1.364517821 0.837502624 -1.749505623 -0.908630001 0.532151103 1.756929026 0.355696780 0.189353233 2.135333656 -0.967997218 -1.378741223 1.577848300 0.036529615 -1.477895833 -0.372903080 -0.299315136
-25.123098809 23.299464865 -2.483195265 0.666649875 -0.186093727 -0.481039820 -0.538096423 0.066074522 -0.989673685 -1.357447826 -0.484187369 -1.747369422 1.282138892 -1.025644111 0.703545498 -1.418208352 0.168695926 -2.768789055 -0.274366039 0.937802212 0.538972340 -0.435304100 1.291386981 0.997515571 0.760375737 0.392213616 1.360268099
-30.813776015 18.547629253 -7.896545299 0.118517681 0.936120154 0.289373091 0.160921817 -0.103610727 1.039720364 -0.034801937 2.239923688 0.629139633 0.949039924 1.439819542 -1.153432375 0.270974570 -0.032726060 0.242560556 1.952210694 -0.283094257 0.991536083 -0.549199297 2.470443875 -1.606033853 -0.701638231 0.390597560 0.533991384
-17.162731543 22.356785446 -6.996112501 -0.125423053 0.885896535 -0.429324479 -0.123032021 -0.420932981 -0.009683059 0.253630688 -1.814208937 0.376529160 0.066334762 1.118937648 -0.790506827 -1.751677982 0.990686275 -1.582315203 -0.767213106 -0.274497287 -0.251055834 -0.247729908 0.516198412 0.295941907 -0.445372493 2.086484099 -0.387027889
-17.996368857 27.043343012 -5.379076365 0.025137143 -0.493478775 -0.404498408 -0.769563422 0.481806888 -1.026501011 -0.574245322 -1.194012534 -2.011699741 0.427613445 1.932839027 1.221813062 1.182658583 -0.122055051 1.034485144 1.668097631 1.022835711 -1.346281755 0.928458302 0.423447197 -0.976223351 -0.955420527 -0.607297736 0.421999391
-27.851900884 25.854991885 -10.267567220 -0.422096741 0.007498219 0.221038645 0.879158709 -0.743397374 0.663890054 -0.259228725 -0.943292534 -1.023127282 -1.386114121 1.093408852 0.031175592 0.162936393 1.261458990 1.370489726 0.079113296 -0.255188546 -0.204939472 -1.215254026 -0.298719140 -0.160587271 1.084840121 0.802974142 1.328552284
-25.013744125 32.803097327 -13.658763696 0.312624314 0.592663609 -0.595501666 -0.443163234 1.092898371 0.556963361 -0.682939838 -0.749308913 0.230211754 0.503577703 0.054619508 -0.112876308 0.939062066 -0.130287523 -1.698058358 -2.086777986 1.184628407 -1.076916797 -0.977987085 -0.509410279 0.254892294 -2.242372289 1.123483076 0.618676883
-26.491361282 22.883041201 -5.438487289 0.764463269 0.321503337 -0.531565148 0.172249841 0.550522188 -1.269990533 -0.998362341 -1.079431730 0.250113242 0.841900280 -0.083177308 0.470641065 -0.177995666 -0.184130950 0.327445114 0.531139161 -0.767538146 -0.510337722 -1.266212633 -0.376129362 -0.899264511 2.169000194 2.467346369 0.387739302
-26.234016319 31.301383103 -5.175800509 -0.368634824 -0.658354266 -0.584849365 0.297706646 1.634316545 -0.345459205 0.088367209 -1.912110058 0.138146249 1.443018776 -1.508967007 -0.013739851 -0.137105874 0.539944926 -1.084891011 2.437839546 1.883594978 0.026010119 0.521335329 0.810237476 -0.081556901 -1.733153488 0.257077344 -0.799591023
-30.051112614 29.060738662 -12.847370674 0.205909254 -0.411268532 0.711974569 0.530614536 1.458690105 0.315264885 -0.142403183 -1.481690772 0.324984818 1.320000971 0.876172514 -0.990626656 -0.130532690 0.057074817 1.219291900 -0.135268462 -0.106865731 -0.440348142 0.012067281 0.637310088 -0.938946908 -1.094989366 -0.793987473 -2.541653195
-18.940191340 21.387085495 -5.957510113 -0.786845911 -0.016477683 0.551320576 -0.276853067 -1.062254930 -0.717742377 0.553614336 -0.686107243 2.590599107 -1.378429164 0.594252671 0.694278748 1.563474752 1.139816874 -1.028532489 -0.822042577 1.430400288 -0.025239155 -0.179610851 -0.453826326 -1.084576637 -0.749579337 -0.277235195 0.582213838
-18.986509810 25.109498843 0.501228379 -0.640010278 0.594108846 -0.480186871 0.082716943 0.027993190 -0.071653553 0.774008229 -0.671545318 -0.298986453 0.322648102 0.741135090 -1.245285678 3.135435487 0.212343562 0.122021007 0.420913857 -1.561682628 0.218157642 -0.988836782 0.139577501 0.945737055 1.023232853 1.382869862 -0.303988908
-25.789115613 16.603024967 -12.843837300 0.299724287 -0.892173210 -0.128360234 0.312595530 0.835113628 -0.481182772 -2.180835245 0.564098221 -0.739256371 1.722110981 0.557571942 -0.172731444 0.603735870 0.892098538 0.334198595 -0.088174791 0.326430625 1.242450741 -1.077866475 -1.593617889 -1.046873848 2.020833924 -1.727682989 -0.669166798
-29.484907249 26.839787333 -9.692983170 -0.762169868 -0.110267295 0.400036839 0.496899128 -2.318869075 -0.776822891 -0.743695491 -0.778638859 -1.102851808 -0.260246680 -0.421706183 0.514684528 -0.334415262 -1.081955500 -0.051397403 1.370157413 -1.928893293 -0.267813985 0.268421835 -0.960591892 -0.339678563 -1.428339664 -0.918737556 0.323316892
-23.312191267 20.859968712 -6.679825392 -0.241183984 0.470387060 -0.428547781 0.732743543 -0.201673001 -1.335550327 0.489454837 -0.813783376 -0.967140772 0.092112098 0.240926185 -1.914436376 -1.823032864 0.973951833 -1.567466934 0.999452126 -0.954818582 0.149347491 0.888395847 0.798150543 0.006519587 0.613454568 -0.111706445 -1.666873582
-29.110799777 18.790325916 -12.018833681 -0.983165169 -0.058508865 -0.007305687 -0.172943893 -0.688994420 -0.402899671 1.272115514 -0.321425555 1.394902260 0.010258335 -0.579721193 0.735068206 -1.529756676 0.450723271 -0.432485717 1.208830166 -0.543114865 0.322078828 1.115003184 -0.031081886 0.351587042 0.089873591 2.289043617 -0.083349830
-24.172506995 33.543825299 -7.234507796 -0.968518388 0.039362890 -0.089670327 -0.228870986 1.544953853 1.139834913 -1.256107484 -2.406359929 0.570408643 2.072928031 0.430033097 0.322543832 -1.597455743 -1.096419341 -0.148521095 -0.878920720 1.593176420 2.174222406 -1.080491066 -0.152822674 -0.140229655 1.239706100 -0.430592989 -2.180670913
-26.025218956 24.506525997 -1.982252730 0.648667622 -0.478254628 -0.391124644 0.444437104 -0.619783930 -1.241530655 0.364883927 -1.833045304 -0.037746208 0.318597941 -1.607124771 0.810312765 0.431641919 -1.126843226 0.378154146 -0.264225982 -2.024834829 -0.160107337 2.239660884 1.006841780 -1.515617784 0.355833470 -0.676320008 0.495851393
-24.315937303 24.056758946 0.445848314 0.754411598 -0.156153240 -0.440108134 -0.461285309 0.350106536 0.591600645 0.052722244 2.167752831 -0.888502112 -0.691437383 1.715770503 -1.469592842 -0.396344059 -0.741457448 -0.420466978 -0.387514885 -1.059244788 -0.405271790 -0.825872912 -1.020473727 0.573503415 0.184090644 0.154214922 0.219941363
-16.868834241 23.481235242 -6.432879244 0.948592394 0.313117877 -0.041590919 -0.019996535 2.412494215 -0.049309216 0.337220312 -0.630379623 -0.468853391 -0.555963958 0.475497425 -0.450460227 -1.218869048 0.160756613 -0.014688017 -0.470155902 0.315688636 -0.702473367 -0.026892177 0.238105072 1.084103393 -0.550651136 0.769178984 0.199629460
-28.552261447 25.347009022 -4.069576880 -0.342422278 0.098770021 0.647514865 -0.673584416 -0.765076580 -0.459006246 0.517823642 1.201850156 -1.454371980 1.096576174 0.322922978 0.178176420 0.062719246 0.205015710 0.100442971 0.529722883 -0.210355360 -0.464638517 0.959008535 1.403168402 0.633928911 -0.465934611 0.286463112 -1.693728237
-17.628460527 21.609525535 -3.634976441 0.498593613 -0.150395785 -0.166967753 0.837202058 0.911184361 -0.805316585 -0.898625550 1.224733917 0.549079049 0.871416901 1.288409992 -0.942188382 -0.647793300 1.534986628 2.142398404 1.057031162 -0.277025474 -0.331320971 0.516030616 0.283310665 0.803378830 0.269938371 0.422272495 -0.051705142
-19.162548734 26.987181878 -10.157631188 -0.440381794 0.062854597 0.124365624 -0.886930869 -0.459612021 -0.278974569 2.295338718 -0.863566519 -0.952825532 0.051151800 -0.196788368 1.435183738 1.121022150 0.250502602 0.713316150 0.364359689 0.866357724 -1.224628179 0.157798855 -0.699585765 -2.910278996 0.360112823 0.687403422 -1.151969032
-24.572000874 22.001706084 -10.359989842 -0.166928060 0.115158516 -0.942498585 0.265650062 0.175573458 -0.196473225 0.531354959 0.729097858 -0.014800140 -0.409287097 1.008801928 -1.525774214 -1.652545904 -1.506958643 0.335532696 1.304133758 -0.901147665 0.977103417 -3.065152812 1.118242845 0.717028381 -1.167004591 0.183690252 -0.735057679
-21.381699217 15.357171409 -9.449993571 0.377486744 -0.144932279 0.633417214 -0.659758308 -0.204438405 -0.158118697 1.141302508 2.013274509 0.860469538 0.297455600 0.068343081 -1.681611723 0.424789445 -0.129245042 -0.521941420 -0.619154559 0.429605728 -0.570277923 0.022055946 -1.060365467 1.525719577 -0.999783954 1.790911660 0.906910046
-22.423750289 21.149759931 -2.813264276 -0.001160918 -0.740259534 -0.392235092 0.546045884 -2.852029865 0.997013208 0.108081067 0.840954128 2.289620850 0.742963685 -0.277089879 -0.651301295 0.877377490 -0.417010544 -0.891279184 0.885653888 0.262078047 -0.811305478 1.892267587 1.109702511 0.083234601 0.057559744 0.048299424 0.688545614
-26.867837653 26.256967339 -4.316561697 0.230200582 -0.076999589 0.957544053 0.155525374 1.692372299 -0.381487360 -0.074558437 -0.334743582 3.158093000 0.698287836 1.567768470 0.620699747 0.314733365 1.122838931 -0.527778524 -0.456487657 1.058844010 2.256056294 0.157986173 -0.923335965 1.201888874 0.068122272 -1.449999884 0.275361963
-25.848660714 32.959774003 -5.970517094 -0.135087418 0.039256227 0.361671528 -0.921631187 -0.592719341 -0.756934517 -0.914011595 -0.074271976 -0.106513273 1.594081675 0.847308475 1.652119641 1.533832532 0.184477886 -0.908732690 -1.091905646 2.261173282 0.067666929 0.155518428 1.452539704 -0.301136143 0.817879554 1.296965131 -1.025748779
-27.735176592 27.593853090 -14.157627425 -0.036405658 0.408898377 -0.790923765 0.453780061 1.062816471 -0.043077108 -0.642389603 -2.010543324 -0.413842754 0.244712053 0.160939407 1.145822014 -0.710517019 1.946498256 -1.574525401 0.362572348 1.226720703 -0.675474580 0.118020047 -0.126991016 1.008495928 0.930163919 -0.190753787 -0.044275246
-23.527438968 29.704068863 -15.989232088 -0.529537400 0.501672671 0.359827416 -0.581755021 0.760419498 0.404589671 0.058276693 1.213875557 0.659262335 -2.305333958 -0.963700602 0.876891976 -0.666653316 -0.812728097 -0.575684390 -0.277562512 -0.538150516 -0.720903176 0.154578399 -1.286503534 -0.660752294 -0.792780295 1.165048411 -0.704977604
-29.756813149 20.718796116 -14.155114990 -0.631634021 -0.272417480 0.488958871 0.536419988 -2.698390382 -1.676648904 -0.104877479 -1.098734443 0.118407112 -0.448951931 0.130592444 -0.433250914 -0.919682707 -1.742368879 0.788195767 0.593690136 -0.803601479 1.201079461 0.484614298 1.242904660 1.421270436 0.491832852 -1.064719766 -1.263044697
-27.348365049 17.043361817 -4.741084094 0.318918947 0.239565938 0.698245107 0.594434720 1.156205660 0.526196910 0.336120501 -0.247848870 -1.969167654 0.706953869 -1.251535383 0.580366777 1.087344836 -0.590443462 -0.077921396 -0.862890886 0.450937690 0.361593552 0.142462967 -0.742144836 -0.171691105 1.509901707 0.108738766 0.301398849
-25.845508143 30.667870692 -4.011546934 0.513293996 0.669094255 0.520629098 0.133369763 0.924153743 -1.222179673 -0.434036972 -1.031535435 0.224941669 -0.976526514 -0.097196899 0.119903940 0.102824107 -1.884756768 -0.718865539 -1.680418072 0.212845508 0.391002266 2.070976220 -1.293389172 0.048481389 -0.083457728 -0.247722222 -0.105680071
-24.233154880 31.590575119 -10.102238231 0.538747007 0.641940916 -0.539904597 -0.078527374 -1.246150305 1.041761916 -0.996929573 -1.009114643 1.881623279 0.579642879 0.158561279 2.473799497 0.942840943 -0.665092453 0.085923386 2.165709176 0.438883679 -0.032880143 0.630301817 -0.098888758 0.827836959 -1.778119048 1.026481496 1.287529855
-18.780025912 18.591917525 -2.543101853 -0.621923680 -0.743455328 0.238087742 -0.061638779 -1.470923350 0.818902369 -0.031443023 -0.204847264 0.856490255 0.470617234 -1.742981367 -0.537162363 2.803977628 -0.072710605 -1.068538479 -0.894068125 -2.076674462 -0.402624045 -0.056856922 0.155884520 0.602523731 -0.358967824 1.373655117 1.245400367
-30.519050730 30.463424875 -5.251743182 0.484114110 -0.717881372 0.013398294 0.500100340 -0.172869330 0.795972038 0.217709328 -0.846466601 -0.128244983 -0.730956830 0.079964145 1.105112414 0.397377288 -1.124054273 1.312719089 -1.539390078 0.125301392 0.077571355 0.276730782 -0.850746377 1.370118442 -0.766034892 -0.004895724 2.098120925
-19.955957207 31.815618429 -3.434729759 0.150708909 -0.888703058 0.135773038 0.411168314 0.622800351 -0.587700108 0.711802320 -0.526973004 0.539711596 -2.490329947 0.331949139 1.154650614 0.439136769 0.789034810 -1.877923889 1.492563258 0.574615093 -0.444925556 -0.375446748 0.986783890 1.086648440 1.021081207 0.672005105 0.134980841
-26.696602323 30.330253381 -2.012991716 0.062704282 0.934593679 0.004183796 0.350121872 -0.512549455 0.022610741 -1.468610606 -0.331149168 -0.751667822 0.464414700 1.081615535 -1.447368689 0.582148666 0.620179632 -0.651183541 -0.647321293 -0.726176707 -0.835407342 -0.286381089 0.631197862 -0.487693099 0.607618024 1.786839510 -0.629161602
-25.081641824 26.690318214 0.455267148 0.339642080 -0.748247209 0.462193822 0.333386026 -0.392041885 0.575240016 -0.107142751 0.151727004 2.177683512 0.266777187 0.896989534 1.799424090 -1.682092477 0.878039871 0.124452921 0.884137778 0.805510398 -1.673114508 0.474902197 0.154386905 0.426307177 -0.311016081 0.531582194 0.504273172
-31.531191704 23.483991289 -10.965509918 -0.344809648 -0.259732617 -0.026160166 0.901643455 0.905591784 -0.042563545 -1.011396338 -1.934958447 -0.203283691 0.064815631 -0.681092578 1.277362512 -0.069924606 0.454722494 0.016098501 -0.986406939 -0.844489437 0.522719522 -0.073505589 0.134888450 -0.651405467 0.361931900 0.124045211 1.703802219
-18.546645416 31.625128094 -13.159085156 -0.683106804 0.352463455 -0.632570696 0.094809928 -0.437715237 0.447279828 -1.826483509 -0.157098752 -1.066263945 -0.734872231 1.002626440 1.012322760 0.042523347 -0.534009266 0.911618243 0.410035489 1.235342606 -0.701151796 0.511312370 0.547893428 0.393707446 -1.381725560 -0.215886531 1.809592245
-25.997264539 29.586236214 -15.121823921 -0.264791609 -0.573142234 -0.624225524 0.460147671 -0.803517407 -0.252562898 1.124219999 -0.238085190 -0.408903142 -0.760256747 -0.359189514 -0.050642291 -2.205183917 0.798438642 1.341363690 0.509331191 0.234981979 0.046226268 0.647284013 1.419784100 0.720736881 1.898557512 0.336402674 -0.230784207
-26.618481321 20.510278957 -16.027381839 0.783848984 0.010164838 -0.515769449 -0.345628878 0.273367671 -0.427681417 -0.561204550 -0.245425096 1.324108890 0.407647238 -0.246316311 0.090737088 0.867310354 -0.260177404 -0.096612867 1.840618557 -0.235795773 1.853079750 -1.221312372 0.252998956 -1.178652583 0.107636891 -0.007994709 -0.769709004
-24.014081984 31.469098524 -3.779768534 0.468471980 0.022093269 -0.524102381 -0.710888589 0.599909433 -0.403137988 -0.073045817 0.077562713 1.944503367 -0.814618307 -0.207471218 -0.668923351 -0.104424908 0.400038085 0.781141552 -0.357626154 0.252406371 0.442406412 1.539251598 -0.290494107 -0.751509878 1.161447234 -0.806825225 -0.878859496
-15.754321476 26.692335469 -10.742114166 0.170536852 -0.403851093 0.440979456 -0.783172137 -1.560197806 0.679314346 -1.546166892 -1.848268583 -0.040625879 1.477867716 1.661491951 0.515933855 1.652452177 -0.721357469 2.273768051 1.803761930 0.700409241 -1.427493858 0.768883075 0.770571337 0.051092795 0.052453686 0.024334575 -0.810198578
-19.598031905 25.937559802 -14.011857068 0.228061135 0.454586679 -0.311783818 -0.802577050 -1.222762177 -0.276719874 -0.794431724 1.392118938 -0.293943851 -0.440086060 -1.715492864 1.448508187 -0.494411005 0.669900949 -0.330654798 0.512852899 -1.443375287 -1.385614909 -0.777170791 -0.083953968 -0.007394115 0.323865217 0.504035005 1.124210588
-23.805744395 24.454763966 -10.683490552 -0.163882918 0.859862152 -0.432299559 0.216556137 0.925070620 1.843625536 0.049596160 -0.322061355 0.674814772 0.115950431 -0.229074387 1.419155521 -1.201686912 1.323485631 -0.866854406 -0.520110893 -1.221298540 1.538961495 -1.008118547 0.156830514 1.539175435 1.309044602 1.870609817 -0.632765607
-21.882445837 23.408561008 -2.639903766 0.389066006 -0.746100498 -0.378740697 -0.385379261 -1.102858354 1.795252805 3.047166045 0.539704926 -1.224727476 -0.219742148 0.014207676 1.104207275 1.472020252 -0.755318084 -0.605686417 -0.151561464 2.281759140 -0.852404285 -1.321722154 -0.548567964 -0.131292686 0.797269912 -0.555697722 -0.409754753
-29.575090752 22.111418621 -12.727035187 -0.516566676 -0.257318212 -0.108409570 -0.809440283 0.832638595 -0.437801384 0.235313235 -0.100270806 -0.111832093 0.353750660 -0.993924030 0.973543215 1.801256485 1.276520762 0.580870061 -0.278135370 -0.229483323 0.149984459 0.551278353 0.231652149 0.796484071 -0.124775864 -0.893618461 2.495096871
-28.719750099 24.823792219 -6.971926870 0.276950834 0.421773475 0.042748590 0.862309648 -0.471872593 -1.440781347 0.669130713 -0.433435552 -0.325940109 -1.121430447 0.382779345 -0.617898484 -0.454444945 -0.768671000 1.513640534 -1.889352086 0.261746467 0.607343833 -0.604337694 -1.032951512 0.126235715 -0.056874963 0.471518208 -0.935161378
-27.099019471 25.776559753 -6.620344924 0.452011551 0.879455092 -0.037351306 -0.144392448 0.459427785 -0.224061462 -0.274173110 -0.326201932 -0.366334843 -0.319508340 0.672049291 -1.059099064 1.041097756 -0.800371103 0.793152169 -0.104958269 -0.828535780 -2.247492279 0.442120451 -0.849598956 0.645344301 -0.071965045 0.458269392 -0.681862363
-26.619032502 31.086139778 -7.840810072 0.299973715 0.111286914 0.081760618 0.943899462 0.303645705 -1.390615247 0.633913296 -1.245934181 -1.882764494 -1.029613248 -0.803929570 0.186126738 1.016830887 -0.106437040 -0.692587429 0.223393146 -0.373440185 -0.435140755 -0.489979943 1.460375743 -0.301645773 0.306886544 -2.174725355 0.153474432
-28.676390750 21.663491341 -3.765951449 0.318551471 0.599720543 0.678427465 -0.280350503 -0.218884073 -0.079535506 -1.097883731 -0.081712743 1.930445111 0.022804079 -0.758875495 0.332764650 1.035108818 0.753386475 -0.655721225 0.508520571 -0.775894367 1.304102769 -0.637635701 -0.748249639 -0.576360910 0.030762851 -1.069151182 0.698715517
-19.174540940 31.068745820 -8.827860740 0.911723775 -0.138424388 -0.167140303 0.348801615 0.523110223 0.001175564 -0.615676652 -1.291112325 1.349589698 0.471693357 -0.757183074 0.674247275 0.552499045 -0.560625245 -0.645781170 -1.301857882 -0.235052142 0.091491833 0.164767510 -0.514071165 -0.653796108 0.108679142 0.534731464 0.127926194
-21.884420930 25.273170169 -13.665185595 0.513941036 0.844194586 0.087850505 -0.124428300 -1.313157243 1.946195135 0.009094115 0.700663241 -1.120946858 -0.084666367 2.433992061 -3.005792482 -0.974265378 0.576904949 -0.661669263 -0.021094962 1.020946209 3.031075026 1.419871572 1.255056520 1.184398230 0.442669935 -0.741007238 -0.977649083
-29.631478488 17.936355531 -11.555713519 0.539129073 -0.057407011 0.155231604 -0.825801082 1.048833474 -0.997271623 -1.066909373 0.055791780 0.809089621 0.119559428 1.608325587 -0.918716480 -0.862703509 -0.436443617 0.859679520 -1.403751010 0.288972970 -1.245168961 1.482551151 0.561804039 0.497434967 -0.770928002 0.935840728 0.286701719
-30.233880467 21.228518824 -12.443231849 0.570693293 0.325279645 -0.691055508 -0.301570228 0.409753730 -1.279382107 -0.538168196 -0.096288798 0.247347790 -0.147254889 1.040992594 1.075478276 0.152486943 1.936296392 -1.531457871 -0.677559219 0.952855339 0.045686380 -0.216351769 1.304816383 -1.804996407 -0.143991886 -0.508769561 0.641337730
-28.970207987 27.875389415 -7.193991343 0.245398627 0.100948094 -0.956067571 0.124594528 -1.195811542 -1.123064582 -1.757638648 -0.155964356 -0.998416175 0.348954209 2.204640315 -0.074633734 0.288799689 -1.521624781 1.896098977 0.172455173 0.811066178 -0.654492953 2.895091202 0.458411480 0.152630492 0.762467322 0.110494283 0.636388907
-22.182779083 27.393949861 -11.072815167 0.657439144 -0.709469148 0.003400479 -0.253802555 0.234647804 -1.669846529 1.067947006 1.388463276 0.508068071 -0.161247538 1.068109938 -0.423384781 2.334670132 -1.888512512 -0.470184550 -0.438524424 0.234906050 0.419316184 -2.283283916 -0.248959309 0.499395453 -1.621319792 -0.031105139 -0.604451797
-21.624792818 17.799137206 -10.102097346 0.705066958 -0.629529728 0.269008021 -0.184952943 -0.995909843 -0.173194754 0.883988017 -1.190995648 0.876895148 -0.846029366 0.091332135 0.120335501 -0.989378056 1.226952971 0.679517700 1.730985577 -0.048604188 0.660877478 -1.012508648 -0.570681190 -2.039531636 0.906177515 0.589193403 -0.052333377
-22.961588124 17.686855561 -13.543770842 -0.668210962 0.248775359 0.428289608 -0.555133266 -0.129752471 -0.257208724 1.619296826 1.020899721 -1.088449930 -0.525411596 0.629393577 0.114827399 0.745276350 0.686804624 -1.128589525 1.258238372 2.050102960 -3.586334445 0.413591852 -1.432666200 -0.957045618 -0.413402133 -0.076724586 -0.357408221
-27.577014649 24.223676457 -4.770914966 0.249937947 0.248388786 0.843849557 -0.404662771 -0.618489414 0.218365982 -1.535367493 0.140904676 -0.377492127 -0.615629056 0.845736653 -0.787223170 0.844811928 -1.058612188 1.000376734 -0.740035831 0.566223412 -0.913068496 1.872590527 -0.099677172 1.202436071 1.255534657 0.423481412 -0.820541026
-20.490747972 21.328859136 -4.993188778 0.817268251 -0.356411650 -0.397495791 0.216888078 -0.431020639 2.820106308 -0.529550983 2.026807778 -0.780520004 0.257319008 0.404006006 -0.054779574 -0.262896259 1.875509276 -0.591545021 -0.237985096 -0.462591238 -0.550160469 -0.124158351 0.767280917 -0.198145032 -1.273760937 1.583155562 -3.458270840
-21.460866422 24.395042794 -0.656418525 0.707690230 -0.293052338 0.473679814 -0.434651929 -0.127492115 1.308990881 -1.033448358 -0.416897076 -1.057391485 -1.264056862 -0.732981299 0.245061615 2.685106949 1.748607079 1.411031622 -1.061198901 -0.675681680 -0.864064816 0.044871190 -0.848526808 0.380275055 -2.500763131 -0.118806279 1.280113021
-17.740576660 22.495383613 -9.502057017 0.382801065 -0.309772916 -0.607849496 0.622914982 -1.367299250 0.824911016 -1.406841569 -0.417211785 0.170249110 -0.596712752 0.181564688 1.351920901 0.328517706 1.008675289 1.002045310 0.211790677 -0.651119560 -0.411118538 1.016889423 0.566698237 -0.412314025 0.641354354 -0.479178381 -0.123688958
-14.582628145 22.864295206 -5.722012423 0.137345497 -0.157182635 0.899715183 0.383330697 0.554684187 -0.478929207 0.061804363 0.309969268 1.201132842 -1.110927337 -0.019394304 1.042299785 -0.216330166 -0.339585300 -0.442977761 0.230272091 -0.490358594 1.901200732 1.108452563 -1.942532132 1.977893120 -0.002828486 -0.636075269 -2.258202767
-21.866258724 30.873499470 -13.903183628 -0.706488077 0.209494941 0.195130525 0.647232991 0.463522064 -1.012680064 0.679009036 0.047438081 0.674351110 0.530975374 0.718049416 -0.851554807 -0.374752151 -0.446703236 0.397775202 0.970300236 1.643492564 -1.172390431 -1.118480468 -0.560076427 0.557042775 0.095468363 0.154436539 -1.086190960
-26.858943287 20.152725623 -8.226903463 0.177346980 -0.153066693 0.962864879 0.134200823 0.272431414 -1.493277065 -0.719434962 1.447884884 -1.360470657 -1.277475338 -1.584672657 -0.158343642 0.773578417 0.409675416 0.787822394 -1.640593745 1.517959585 -0.843698004 -1.063018196 -0.126791281 -0.825079344 0.978751563 0.283279696 0.889212288
-29.858932236 31.243727633 -6.286536031 0.306500356 -0.025418964 0.691076359 0.654083232 1.951283786 0.690751187 -1.237398988 0.225313149 2.358314109 0.496045908 0.952800954 -0.016081345 -0.376779134 -1.298391098 -0.691880508 0.634599718 -0.459001308 1.444740068 1.153061688 0.411401470 -0.791280138 0.223626734 0.158418676 -0.376962859
-22.145310808 31.943211073 -6.666493635 -0.099161049 0.488247993 0.722513361 0.479328099 -1.095554281 -0.343299681 0.621788441 1.891761501 -0.677328354 -0.548487224 -0.118037090 -1.145557506 0.736856786 0.070426130 -0.091997911 0.472488853 -0.421215181 0.462581126 0.861036071 -0.674580154 1.292937783 0.375175320 1.774533678 1.437306108
-25.127350619 28.586695021 -14.801305521 -0.001626900 -0.892078056 0.402983220 -0.204447105 -0.759341053 1.064501295 0.077787852 0.385366984 0.236106823 0.523298411 -1.361277283 0.395410740 1.264615222 -0.783963364 -0.907928453 1.355682040 -1.357813580 -0.455000465 0.946716105 -1.312928487 -2.261939543 -0.451203731 0.416542710 -1.011298727
-24.584550572 17.190001880 -10.760991422 0.027066524 -0.019672700 -0.858925601 0.511006067 -0.776710013 0.267452266 -0.528427433 1.554931424 -2.215432351 1.983102752 -0.097534122 0.526975442 0.015725657 0.058743571 0.420470824 -2.158570046 2.090570280 1.042281746 0.371062063 0.580746168 0.624966378 -0.614097114 -0.551518001 0.132352665
-17.930889052 23.653427903 -3.051730609 -0.588678890 0.726682340 -0.227594642 -0.271275910 -0.615057967 -0.250703142 -1.189100710 -0.773773063 0.097539554 0.196677760 -0.058105439 0.031099709 -0.400200483 0.510011452 0.814736954 -0.008064865 -1.924191157 0.371114272 1.685163981 0.428848019 0.376381443 1.444794030 0.630009029 0.360513157
-14.733183496 23.861577407 -4.866113889 0.417258860 0.749024670 -0.476589164 -0.194216007 0.028222576 -1.023366000 1.798270958 -1.263245483 0.616605563 -0.208808667 0.003373147 0.146842601 -0.684841616 -0.537607203 0.626878639 0.049619592 0.284700013 -0.139434566 1.599609878 0.148103138 0.164900226 -1.054224901 -1.294846847 1.240164761
-18.423341627 23.038730500 -9.994833606 0.777116276 -0.075831465 -0.463603296 -0.418821999 1.273782584 0.710833361 0.380137775 -0.246444985 1.271011770 -0.597539665 -1.172814862 -0.776261348 -1.534417865 1.071561065 0.845269317 -1.234256140 1.409377204 0.774826160 -0.059616962 -0.521587392 -0.456994387 0.563702676 1.239122229 1.505414442
-17.142876108 29.195711641 -3.291345238 0.784501068 -0.515866903 -0.333372124 0.085454310 1.257965585 -0.273731508 -1.004510640 -0.146036987 0.895964905 -0.301792968 0.742891057 -0.734571764 2.123014177 -0.212375710 -1.008035245 -0.805014599 0.659021879 1.284701078 1.015662343 0.845078355 1.031871827 0.849157519 -0.698504884 -1.070283318
-25.309776757 25.520953218 -13.608036464 0.693742659 0.095985541 -0.705654657 0.107514670 -0.979463890 1.850766389 0.150883270 1.860876999 1.414448840 -0.133048815 -2.878192773 0.903031264 0.077921819 -1.196758683 -0.286368713 -1.314628880 -1.160441755 -0.022469851 0.464400017 0.063452303 0.101427117 -0.004496354 -0.049730396 2.007574107
-23.229627651 22.850139096 -8.122314542 0.224973975 0.251817647 0.650684799 -0.680135189 1.056063876 -0.103047430 -0.968830097 1.265797511 0.211040050 0.325578815 0.287839392 0.124390673 1.421446304 -1.263552271 0.862111115 -1.422752808 0.710460066 0.932826986 -2.102384932 0.776078692 -0.761641843 0.496934999 2.173279215 -0.722421964
-19.327615239 27.990067340 -7.168977865 0.028750473 0.338489530 0.149348000 -0.928597557 1.048704891 -0.142116887 -0.548908840 -0.870465926 0.702425937 1.649792853 -0.926733156 1.610282295 -2.127054491 -0.811107951 0.921761806 -0.216730923 0.860695850 0.366952404 0.186081278 -0.363663384 2.408934444 0.764769678 -0.236600619 -0.446736516
-23.327814497 30.070151348 -12.014828602 0.411950516 -0.579543634 0.121523777 0.692573405 1.483758491 0.915672557 0.655443353 -0.278120491 -0.143544641 -0.296132811 -2.150781949 -0.557663345 -1.600796412 0.996471858 -0.442566245 -0.043158803 -0.676424986 -0.265722552 0.509167432 1.194317721 -1.915442097 -2.083027583 -0.289278756 -0.557353710
-27.796880107 32.036472027 -5.341450850 0.672315689 0.190844207 0.433522301 0.568883572 0.224700568 -0.344388251 0.235578592 1.115294907 -1.496180069 0.762504969 0.588344775 1.143466100 0.983371725 -1.701986626 1.097681579 0.042506445 -0.584762145 0.515631035 0.575307049 -0.414156544 0.307283411 1.367372614 1.138588027 1.445334258
-18.035761166 19.140799584 -3.559198731 -0.363625219 0.265445315 0.387191618 -0.804610549 0.857067782 0.364934119 -0.636470909 -0.329565310 -0.062820157 1.071713616 -0.197343062 0.639883937 -0.944857205 -0.132052357 -2.817363703 -0.666886050 -0.108907961 -1.412787283 -1.306885014 2.433768856 -1.549737299 -0.263884500 0.056091558 -1.463048414
-32.028379836 23.571645815 -7.840473373 -0.103649431 0.685096228 0.663592466 -0.282037220 0.419569152 -0.184533812 1.625418978 -0.118735854 -0.402902738 0.697474741 0.550073757 -0.253004893 -1.307935987 -1.394036275 0.941983181 -0.976120646 -0.056444094 1.412698030 0.584625842 -1.812927253 0.041499256 -0.201239277 -0.868049556 -0.807592599
-21.988334810 25.887594602 -16.986098983 -0.187886626 -0.790514700 -0.320960003 0.486589972 -0.737683995 -0.398289069 0.682914103 0.980245031 0.165148507 -0.184261064 0.840793075 -1.733271364 0.070510601 -1.353867738 0.455817958 1.590868950 0.155929050 0.606451095 -1.041752335 -0.245206552 -1.440598502 0.915030118 1.056285701 1.140400457
-22.529543932 28.942812881 -7.539618725 0.525974609 -0.298524323 -0.558705135 0.567523138 0.511957628 1.914986127 1.236963686 0.845968123 -0.476429219 0.495435118 2.093250700 0.702064104 -0.405758348 0.338939874 -1.813755522 -1.577606994 -0.262717249 0.177717604 -1.642249619 0.507177370 -1.181471919 -0.835965136 -0.153093006 0.741389955
-26.679630474 18.465979291 -9.744662810 -0.363649610 -0.818625125 0.420326737 0.144697269 0.609428747 -0.841734114 -1.077368928 1.931588329 -0.026634188 -0.084864265 -0.369105396 0.315884187 1.748290518 -0.002135694 -0.584325174 -0.415883176 0.831958373 0.419072638 0.072969528 0.840300712 0.705428963 -1.098060405 0.227940141 -1.025119333
-20.646679700 26.027952550 -3.397711474 -0.501337431 0.118345252 0.669227689 0.535527293 -0.311788360 2.549352687 0.064718588 0.017450855 -0.115828517 -0.085542676 -0.878666533 0.737450180 -0.259470920 -0.303075445 1.657282213 -0.760121349 0.632729372 2.571263994 0.295986444 -0.021403751 -0.199889973 -0.015253867 -0.772357032 0.713317056
-25.803439265 22.569486358 -13.437368875 0.932672857 0.094735345 0.345159216 -0.044851652 -1.492149889 0.509497547 0.571546117 0.456864005 -0.066972682 0.033390753 -1.688082579 0.102925837 -0.857400752 -1.945249121 -0.589418330 -0.054069312 -1.544128849 0.996323318 0.200394191 0.121912972 1.749837740 -1.561352173 -2.119382893 0.352582310
-22.092886895 25.860332918 -8.521792769 -0.092794473 0.176362244 -0.157624970 -0.967181428 0.196419728 -1.089807389 -0.067612239 0.723820288 -1.021424543 0.583605218 -0.926711182 0.803997810 -0.701042226 -1.708509843 0.129220064 0.725576379 -1.762068371 -0.479585003 0.735735477 -1.990790537 0.608933857 -1.771178236 1.870365115 0.477597917
-16.330485403 22.716004779 -8.234837982 -0.534991202 -0.588169159 -0.120759769 0.594355561 0.776422356 -0.158534398 0.714855177 1.396787671 0.152427950 1.034267734 -1.400747282 -0.016222134 -0.203922322 0.373894903 1.429081592 -2.448020027 -0.317152797 0.992767637 -1.505068190 -1.105557365 -0.230695416 1.104404921 -0.043750361 0.991768146
-20.520499443 26.683054436 0.561013921 0.079337459 -0.253426796 -0.935832781 -0.231727067 0.610556366 1.318714308 -0.985711170 0.587216218 1.293021470 -0.945143169 0.680828973 0.632392666 1.272522221 -0.973885610 0.237634007 -0.459891943 0.255081469 2.216662534 1.257409554 0.368993879 0.616178329 -1.794908456 -1.288822088 1.608597695
-17.501304134 22.269691564 -14.809415853 0.382246720 -0.785680438 -0.471064820 0.121209036 -0.847243387 -0.099769885 -0.953681877 -0.503863138 0.513807427 -0.229671458 -1.570168881 1.322477712 -1.306302862 -1.028801440 -0.982629654 0.886365865 -0.015929077 0.385460331 -0.452554142 -0.219311263 1.421037694 0.704091919 -0.631226953 0.644448913
-26.828393081 17.792376927 -6.306835425 -0.807791164 0.231917829 0.534582895 0.088930783 0.999566405 0.466104389 -1.731067241 1.147018923 0.659631401 -0.872768111 0.157575190 1.255895860 0.791477420 1.594784443 -0.980998827 -0.913270385 0.476162547 -0.083741645 -0.310105806 -0.083409507 -1.325377720 -0.758834232 0.098042511 -0.552038702
-17.523971865 28.984545554 -1.884309763 0.191317889 0.722996981 -0.529108461 0.400895333 -0.639797241 -2.475054671 0.306386744 -0.751952836 -0.544522431 0.419816512 1.421626455 0.589730168 0.790484050 -1.845798795 1.905576976 1.213331655 -0.706056007 1.288025038 0.242490314 -2.442643509 1.203547743 1.986834041 0.509541384 2.077348112
-22.152732411 32.397373998 -2.144890648 -0.570628995 0.407559756 0.683455364 0.202894950 -1.367631927 0.908243613 0.842345886 -1.326443609 -0.835201545 0.543566837 0.981154866 -0.542373692 0.815867064 -0.056315399 -0.150202570 1.209623552 1.060959628 -0.282057905 -1.336703485 -0.044934677 0.104682268 -1.427512800 0.058079331 0.457504503
-31.404159406 23.193949403 -13.307057239 -0.149121236 -0.302932956 -0.535148040 -0.774345567 1.388118910 -1.951891361 1.356980810 0.081649269 1.140180782 -0.496632058 -2.572024837 -0.621291090 1.256149274 0.803107522 -0.239617966 -0.556454436 2.257965677 1.071384663 0.881115365 0.981923439 -0.846431944 1.176125690 1.848368265 -0.755970034
-23.482348523 18.153699190 -1.748211187 -0.584913041 0.687879178 0.411999807 0.122291168 1.198950366 1.366024880 -0.324572425 -1.284807663 -0.419238537 -0.125703506 0.025775581 -0.946490742 -0.984483872 1.016659945 -2.125570360 0.041745692 -0.129071389 0.580427405 -0.082370513 0.762296891 -1.730947467 1.612331202 0.486136753 2.071265156
-19.592829755 31.317844450 -7.292950438 -0.463528732 0.199113385 -0.547438728 0.667686913 -0.290351993 1.524787146 -0.426307433 0.477223757 -0.764861951 -0.052442048 1.398701353 0.223274366 1.263436320 -0.446843407 2.007282589 -0.022040129 -0.635731911 0.411053382 -0.424410491 -0.120152076 -0.660122592 -0.193851531 0.746407419 -1.567325239
-24.809891077 17.664161490 -2.341592308 0.329908086 0.718580279 0.363692918 -0.492473857 -0.558193169 -0.886421820 1.005570982 0.659351295 0.571343678 -0.250062937 1.595213647 0.076203092 -1.342907426 1.346091557 -2.160308446 -0.906632476 0.569248343 0.888527993 1.598610705 -0.088106374 -0.826238838 -0.319403872 0.319193134 0.577790155
-24.213258662 23.055712054 -13.439119885 -0.327884094 0.495378463 0.266323424 -0.759054697 -0.880549619 0.305313992 1.483800109 0.070086758 1.441849695 1.124467819 0.856236965 0.791912096 -0.947004678 -0.622489930 -0.552416622 -0.739922722 -0.062690988 1.421429682 -0.376480755 -3.041795252 -0.950818318 0.028339259 -0.572982116 -0.485935177
-29.507359814 22.337214003 -4.386531212 0.445627191 -0.717526144 0.144279725 0.515515276 -0.744613504 0.345734723 0.933107683 -0.419700577 0.086857791 -0.932073894 -1.168670260 0.908447705 -0.904323425 1.611730919 -1.246767724 0.382482317 0.581522748 -1.075878665 -0.963228267 0.053181580 0.386402130 0.245440268 0.005344389 -1.081671821
-29.637127567 21.333079639 -6.367834488 0.327924671 -0.510608175 -0.118753267 0.785902261 0.153335676 1.767742885 -0.756823531 0.315963360 1.478125232 0.126411059 0.062469056 0.099499588 -1.145187506 -0.228720502 1.393021424 -1.006588827 0.418011398 0.276591365 -0.337714322 0.073511883 2.022112881 0.014985325 -0.916267862 -0.057406554
-25.810501744 29.187461088 -5.235014623 0.380894521 0.558733052 -0.107660310 0.728797639 -0.818898886 -1.138509606 1.618708420 1.219661850 -0.304399611 -1.308376533 1.193247356 -0.662361081 0.045174862 0.781297875 1.196189669 -0.013808182 1.454942681 -0.371695922 0.757080788 0.560320523 -0.294922401 -0.904132576 -0.728264581 -0.202915894
-19.812674168 20.029825214 -13.308389196 0.280722000 -0.937132243 -0.204932376 0.031321543 -1.919463693 -1.355465546 -0.076124889 -0.242042357 0.329683513 -0.151440935 -0.313882448 0.373858048 0.613998687 1.055154946 1.241711700 1.209866310 1.847183022 -0.920426797 0.281475648 0.387641668 -1.531718924 -1.808824322 -1.211927866 1.108438582
-24.353087971 26.704084159 -6.260294945 0.599227097 -0.688602902 0.267245263 0.308760262 1.553854729 1.270685195 -0.514761233 -0.285909433 2.081936269 0.446069289 0.256296542 -1.312040726 -0.457771498 -1.339532760 0.889040522 -0.283545668 0.421069683 -0.989309719 -1.664369573 -0.333529401 -0.486722737 -1.490139986 0.375047553 -0.358840630
-17.361731187 20.262081189 -12.114008935 0.186021529 -0.863630574 0.236506565 -0.404478513 -1.420727319 0.759285568 -0.435475129 1.233052915 0.054478664 0.731787070 0.630343476 -0.021058658 0.482243367 0.924481425 -0.793224730 -1.196924464 -1.416197385 0.042299883 -0.655855116 -0.830401205 0.365332449 -0.447129524 0.357410256 -0.706471693
-22.206164933 24.924421026 -2.473825804 0.249248188 0.615172144 -0.705817793 -0.247507205 -0.173333630 -0.124248442 -0.437030845 -0.918096314 -1.134999592 -0.665971232 1.938492551 1.034845137 -0.870050456 0.403910390 0.532691524 -0.571806591 0.131829312 0.656290840 -1.292532223 -0.626648389 0.684473588 1.210527456 1.380341918 -0.969758802
-28.091314051 19.594444114 -9.921983291 -0.302031848 0.892666529 0.071332961 -0.326855993 1.539518266 -1.726760203 -0.935541823 0.200761137 1.021729186 -0.428895734 -2.166498683 -1.185535632 0.767445536 -0.441479510 -0.343062857 1.143334285 -2.181739591 -0.753666788 -1.207170549 0.455096038 0.612995847 0.630839524 0.717847230 0.184278581
-14.522562543 21.362442967 -6.788840438 -0.500229603 -0.248970370 -0.144651853 0.816614928 0.632393912 0.957357771 0.756588329 -1.681339205 0.761087169 -1.186180578 -0.795259007 1.288895391 -0.994946400 -0.393871173 0.218860770 -0.159835730 -0.987328977 -0.462218977 0.815666321 -0.811696297 -0.651301165 0.739358154 0.469812087 -0.079636249
-20.260802750 23.767928124 -14.757517495 0.433244233 -0.182465460 0.225831425 0.853232652 0.966945144 -2.465194936 0.438513761 -1.996620460 0.584877258 -0.837375550 -0.701936560 -0.240057204 -2.535667989 -2.113450878 0.215585379 -0.263598387 -0.120593652 0.176251395 -1.575829223 -1.224336614 -0.603719856 -2.379795789 -0.155422174 -2.559931090
-30.111616560 18.971516095 -12.251627835 0.534667350 0.225261149 0.598989424 -0.551905708 1.298373622 0.317876058 -0.451671510 -0.415942798 0.200626512 -0.195030868 0.233282711 -0.665352871 0.135223646 -1.213130628 -0.641324029 -1.812457731 -1.977600878 1.261320242 0.498015746 0.591462011 0.316698893 1.757755811 1.377037079 0.387673030
-21.270167770 22.298127409 -6.520505226 0.213717428 0.495816582 -0.256139774 -0.801799971 0.073315990 -0.477879372 -1.120356016 0.568988100 -0.210846916 -0.533872883 -0.199690491 0.159211057 1.303652447 -0.761817653 0.538690146 0.318882594 0.643748174 0.224093812 -1.703061085 -0.042832360 0.586250312 -1.604145616 1.837263939 -0.461317687
-31.963684930 24.742791810 -8.338472060 -0.545256759 0.237003178 -0.031112959 0.803465335 1.082526602 -1.268275865 0.746132286 0.327252779 1.540657889 0.445034456 -0.036373534 0.986834979 -0.787493538 -2.007639819 -0.006665718 0.495007155 -1.142478042 0.175645800 -1.459414343 0.724698557 -0.248476780 -1.589139033 -0.183538440 0.911575574
-20.294778552 19.351007130 -14.880178515 0.342332640 0.042980257 -0.118386670 -0.931099166 -1.587651549 -1.090779511 0.087088014 -0.018144962 1.015225059 -2.091734131 -0.637701795 0.308723055 -0.387349258 -1.018572277 -0.353838564 -1.727989688 0.292459969 0.762961192 2.351247208 -1.868682203 -1.229011284 0.134163227 0.787850176 -0.342892255
-22.671460909 19.207487761 0.181621725 -0.577057366 -0.333051539 0.745537189 -0.015992759 0.444894755 0.087556458 -1.428125751 0.174915275 -0.494397580 -0.301375531 -0.728658403 -2.312726786 -0.763826837 1.055306132 -0.671318092 -0.604413104 0.844789764 -1.001123346 -1.848330267 -0.999934165 -0.247112287 -1.013021778 -0.266115600 1.299915054
-19.096570836 27.714055155 -5.301432951 -0.471695585 -0.685818169 0.300646721 0.465583787 -1.073236510 -1.203861508 1.712811691 -1.183055621 1.089121047 0.202694657 -1.170863055 -0.392352441 -0.480326195 -1.013019188 1.138635476 -0.229673375 -0.519797065 -1.548751202 -0.745837397 0.341949810 -1.329844447 -0.937250543 -2.419889112 -0.255030845
-15.849035865 30.302752940 -10.310859377 -0.086128128 0.719247191 0.109498682 0.680643418 -1.457541541 0.600745958 -0.087559653 -1.097196604 0.666556262 1.954158692 -1.629399533 -0.346138164 1.378522469 -1.207015554 1.264902517 0.355495387 -0.963597523 -0.144257282 0.770036612 -0.087796531 -0.585652986 -0.848115729 0.092097470 -0.109846051
-25.108945846 26.861521183 -12.101180413 0.087244043 -0.562321829 -0.217436906 -0.793034570 -0.305049403 -0.132841266 0.741075226 1.876327357 1.224443315 0.150360567 -1.451883097 1.293957448 -1.080097946 -0.315635595 0.352119836 -0.987816962 0.303434387 1.035826802 0.389305021 0.527716374 -0.700739854 -1.852539118 1.751313892 1.319986205
-18.031676183 22.705321011 -10.976157472 -0.332334505 -0.161355986 -0.877585482 -0.305551541 0.572617506 1.023792290 1.761854887 1.971909197 1.898567379 -1.388845662 -0.043268645 -0.650776882 -0.774241722 0.457359161 -0.040626136 -2.668103391 0.229363477 -0.436076651 0.670653905 -0.575458533 0.321777882 0.275866807 -0.608858698 -1.060555703
-26.746312945 32.674743930 -8.862895251 0.330710724 -0.038980158 -0.935397038 0.118925799 1.195408184 0.348482687 -0.123826357 -0.582285207 -0.009261626 0.147401859 0.326301914 -1.398718305 0.769311171 0.858018042 -0.866905127 -1.511659386 -0.041240200 -1.065031075 -0.221688436 0.862584988 0.499861500 -1.125433279 -0.370728612 0.239962066
-24.761164261 16.461371686 -4.664431522 0.777694986 0.223607439 -0.578835343 -0.100696914 1.010843263 -0.335566266 1.658825891 -1.683969702 0.984863309 -0.155742585 0.050327455 0.787261188 0.476158599 -0.467138334 -0.869770007 0.489583079 -1.048816940 -1.095469504 -0.712416013 0.337105147 1.401739084 -0.263928832 0.424595602 -1.330435745
-26.158337106 23.366189700 -8.814186732 0.005486532 -0.707937925 -0.657780050 0.257136534 0.846039562 -0.212232983 -1.505651207 -0.769359359 0.630406652 -1.100559333 -0.769361131 -0.130311026 0.315899321 -1.466096873 -1.030316552 -1.613376876 -0.449515711 -1.470870671 -0.569437024 0.863434956 0.942293729 -1.458156458 -0.223840949 0.640126341
-23.329785851 16.985537130 -2.765953480 -0.109967623 -0.717839053 0.680129982 -0.100186946 1.060017914 2.686952828 -0.534631743 0.684344105 0.536170678 0.609931181 -0.479452811 0.781822028 0.045584036 1.044019609 -0.130439851 -1.186407512 0.559582256 1.249455954 0.683422458 0.283538513 -0.931520581 -0.163232902 -0.344244829 -0.647763992
-18.017733081 24.636114835 -14.526808808 0.075510615 -0.537127887 -0.334584171 0.770613530 0.066926936 1.261114343 0.174074948 0.935796656 -0.422868029 0.103487570 -0.791122159 1.586097381 -1.089715456 0.852301212 0.160998067 1.302061842 0.379296562 -1.611201515 0.456198974 0.802466570 -1.769150270 0.301249575 -0.270352370 -0.664965792
-26.936923108 26.832510336 -2.613304186 -0.037442365 0.633469186 0.764214073 -0.115289678 -0.640485238 1.222872820 0.189073209 1.675009089 0.534399888 0.131159211 0.420692000 -0.272214783 0.587198048 -0.529309249 1.116922364 -1.447402922 0.034076257 -0.145977250 -1.016284700 -1.139010999 -1.403161108 1.495937307 0.374000438 -1.079157787
-21.858866096 26.433089847 -17.682322222 0.000003177 -0.155485271 -0.738418877 0.656172152 2.060703104 1.846819530 0.236672229 0.080499539 -0.377281958 -2.158705925 0.909585423 1.283045035 -0.284102154 -1.650562026 0.619593198 -0.164550566 1.042843706 0.827992289 -0.874166041 1.338959794 -0.595658266 -0.535185878 -0.876057412 0.953213332
-20.035999937 19.844169722 -6.223988103 -0.595784412 0.043477376 0.699159109 -0.392844997 -0.559794047 0.378218435 -2.849033390 2.015198553 -0.528590489 0.318192110 -0.211681386 1.816788457 0.792785911 -1.515739525 0.537637133 -1.466037114 -0.276268168 1.073322544 0.724250067 0.146522479 -0.557112967 -0.316061833 -0.060793915 -1.062107709
-21.654616251 26.497228880 1.197026334 0.861451169 -0.147643869 -0.462625804 -0.148595212 0.439957697 0.610775950 -0.145448157 -0.683435608 1.711240775 0.923052551 -1.655792473 -1.022922267 0.032000786 0.803937821 -0.476723250 1.054421059 1.454279015 -0.634827210 -0.073306035 -0.845361735 1.947721475 0.346519000 0.494417927 0.633644092
-22.794687453 33.324247729 -9.224387927 -0.480740275 0.628094750 0.606822846 -0.078433452 -1.333558443 -0.189335438 0.930752457 -1.126617798 -1.233413718 0.939285397 0.174589876 0.251012026 2.001799781 -0.665410736 -0.457879797 1.772319746 0.429074137 0.526438139 -0.438977271 -0.910748080 -1.415057279 -0.631239638 -0.622830047 2.205597476
-17.487939191 24.028278665 -9.686558022 0.585630130 0.566478551 0.434486100 -0.383876583 0.115489229 0.398655616 -0.121458049 0.299603192 -2.049324376 -0.984174840 -0.516776366 -0.479342732 0.236287912 0.511318920 0.274939281 -0.200528317 -0.313220931 -0.791242902 -1.164711327 0.888310043 1.251924444 0.803896146 0.787391123 -1.645404839
-27.192596969 19.828887669 -6.527120560 0.492794917 0.763122748 -0.415611254 -0.045432660 0.937900481 -0.803159109 0.706404428 0.386277743 -0.143531956 0.017846592 0.927106728 -0.382298753 -1.133510794 0.957079786 0.390081798 -0.403515572 0.389679535 0.181366783 0.352825572 -1.156833417 1.853131084 1.390511507 -0.132585678 2.620251308
-28.031052642 21.915549099 -9.638248395 0.073016611 0.930754108 0.117882437 -0.338332818 -0.615857127 1.552959987 0.375320268 -1.178623772 -1.145803860 0.688200674 0.476723130 -2.072717812 1.162158851 -0.632335900 -1.100065017 0.271944812 -1.130668261 1.923974143 -1.590297912 -0.970053847 -0.349591140 2.649103668 0.338106925 -0.454986256
-15.188789817 29.160259775 -9.654540856 -0.430512985 -0.890080614 -0.014803552 0.148982967 1.117965941 0.015062632 1.225572196 -1.304071526 -0.733604626 0.623581979 -0.349643906 1.365068823 -0.662576024 -0.966007645 3.276106183 -0.204807937 2.532503464 0.263065622 -0.668482431 -0.218863634 -1.177310069 -0.472789370 -0.469603222 -1.748787990
-25.138034794 25.040392016 -2.358091267 -0.018178009 -0.571304136 -0.815497402 -0.090802705 -1.657201129 -0.670454908 -0.815088979 0.660460936 -0.675586285 0.319768088 0.574254996 -0.941109049 -1.116441979 -1.038790854 0.366701988 0.650470300 0.671247766 -0.135790891 0.080681375 -2.532338503 -1.652335003 0.157029077 0.599290257 0.408975619
-14.908488592 21.707731444 -11.321820649 0.230378033 0.224059942 -0.223957560 0.920090276 0.785025524 1.602422796 0.954819416 0.044150662 0.049952115 -0.573101053 -1.436581489 -2.799219579 -1.019332658 0.007883144 -0.650072417 -1.176759520 -0.647852069 -0.124394320 -0.353042301 2.199854809 1.005262916 1.674621185 0.511464381 -1.240349736
-33.130621045 24.541718751 -6.965921261 0.330040984 0.331724105 0.883044805 0.035551926 0.954196380 -1.565248210 -1.649202854 -1.189996487 -2.251617907 1.423971105 0.928298139 -0.058537138 -1.720828208 1.210794426 -1.391950079 -1.952654001 -0.531669012 -0.331309670 -1.854454675 -0.797166906 -0.266665650 1.316108685 -0.576067310 -2.352859594
-24.355595168 20.899810281 -0.722996117 0.500611249 0.603273524 -0.405399946 -0.470213055 -0.909602465 -0.998206398 -0.395452032 -1.234693444 1.506164452 -1.142295497 -0.842206432 -0.504691720 -1.119175922 -0.711067658 -0.025414840 -0.471871377 -0.185013449 -0.775369137 0.064590706 0.071775805 -0.436514943 -0.968056192 -2.290587918 -1.170404016
-17.515256732 24.125265316 -2.314540866 0.167435915 -0.559528276 -0.499812355 -0.639594350 0.077296305 0.259765084 1.984962195 0.291469691 -0.010385640 0.692091356 -1.315369803 0.780051672 -0.854889727 0.618631504 0.470028288 1.332875902 -0.937040594 -0.263168370 -0.193660451 -1.518395838 0.560032729 -0.413330777 -0.175871328 -0.574641853
-21.641396613 17.459780517 -10.597941027 -0.296237089 0.781018225 -0.126796726 0.534954867 -1.440356502 0.598346035 0.628289122 -0.590143504 0.868859164 0.513959999 -0.879686806 1.003855557 1.508499945 -0.422745718 -1.470467441 0.514780072 -1.341434909 -1.556295023 1.355210786 -0.213493852 -0.621381793 0.406076972 2.027683249 -0.194092874
-27.115894432 23.260794581 -13.222365937 -0.023399313 0.291263168 -0.879283881 -0.376135742 -0.307190758 -0.266073395 -0.869519786 0.256363984 0.894015313 -0.044440831 1.618783322 2.305839922 -0.707184311 0.435490566 -0.543164015 -1.927292144 -0.151793144 -0.073632732 -0.937028372 -0.440960991 -2.056335487 2.066835931 -0.861448770 0.379087971
-26.800934750 19.583691167 -8.784747125 0.365591538 0.015716177 0.149954298 -0.918482192 -0.586887821 0.033643606 1.058636647 0.244281090 -0.411341405 -0.748898387 -0.994829402 0.546342163 0.821007792 -0.731418248 -1.205417005 -1.655575453 -1.098510506 0.758235604 1.128071358 -0.027199595 -1.644752168 -1.198959405 0.439857026 -1.313675681
-21.310434414 31.711171910 -1.387780454 0.014965854 0.882312139 -0.445153591 -0.152117039 -1.115919251 -0.255908684 0.248358666 0.782435786 0.843100694 -0.519696857 -0.875972105 -1.039755645 0.038650160 0.872369763 0.571635487 2.721863503 0.162061345 0.323171513 0.815735782 0.955774473 -0.455921867 -0.107355843 0.279872856 -1.033063094
-19.155473088 21.385440559 -9.645324230 -0.703763365 0.059486933 0.067804477 -0.704685025 -0.081609181 0.387924331 1.062086148 1.296380341 0.857882402 1.649278306 0.155069997 -0.770754648 1.243907990 0.231404472 -1.218360474 1.053086891 -0.937028043 -0.193459610 1.169766784 0.068367240 0.314461553 -0.829110885 -0.913373163 0.050925795
-17.500759354 23.120604390 -1.471920462 0.057109664 -0.616829762 0.286862418 0.730732156 0.087906717 -0.103341721 -0.168672648 -0.338197861 0.043976874 0.930381048 0.998793102 -1.733287427 0.517407897 0.996508647 0.608704877 -0.003722016 -0.594768886 -0.871706240 -0.789391165 -0.135362379 0.047919878 0.039525544 -0.821844786 -0.285978683
-24.520063916 29.253658158 -4.710634433 0.823777004 -0.317104046 0.415998587 0.218590133 0.570892279 1.019767693 1.297689447 -0.320626636 -1.417688903 0.913210112 -2.106339610 1.514584114 0.266782954 -0.138147162 1.398310795 1.217283956 1.240588215 -1.876332431 1.342141133 -1.341094428 0.184445363 -0.252637368 1.449455744 -1.136706836
-22.813447602 20.468424782 -2.750992622 0.512614124 -0.729441616 0.432625833 0.134076760 1.483745170 -1.070614121 1.890196165 1.337386001 0.536338352 -0.800716898 -0.290408851 -0.926056614 1.691572052 -1.097896044 0.614455647 -0.314370829 1.167399563 -0.861593796 0.089023346 0.046032030 0.907512648 -0.824441844 -0.488985859 -0.698110447
-27.762124508 26.889127364 -15.829086749 0.147089687 0.691253672 0.411490307 -0.575507352 0.822251231 -0.233643686 -0.769539391 -1.175831291 -1.438092209 0.027134670 1.164384319 -1.266665141 -0.430113448 -1.175867756 -0.594008148 0.636197827 -1.394162972 0.624869589 -1.580976286 -0.731872985 0.578096839 1.661367468 -0.938869491 0.268311930
-21.702174348 16.991828913 -7.775959940 0.238701119 0.379651928 -0.575391552 -0.683966923 0.105526807 -2.421312051 -0.319222493 -0.323349223 -0.905172939 -0.517219974 -0.873464360 0.546895154 0.390491373 1.963636165 -0.603864779 -1.682941722 -0.529094736 -0.901952759 1.340883032 -0.111842255 0.420295990 -0.511774827 -0.788648453 -0.491234561
-25.694499473 31.659379012 -8.697765392 -0.076596360 -0.008166847 -0.309486795 0.947778573 -1.788678643 -0.141444821 -0.849434690 1.527009479 0.164308091 -1.036010634 1.299378627 0.311523178 -0.000624639 -0.811808483 -0.020644287 1.161636502 1.000570104 0.079950409 0.079777785 -0.266758042 -1.865996533 -1.612903037 -0.766201342 -1.561166031
-21.308793844 33.967273093 -10.293066381 0.820771400 0.203115914 -0.262430054 -0.464982475 1.095215119 -0.213240655 0.472640524 -0.475512168 -1.281929817 0.433601204 -0.582644655 -0.748603624 -1.391164230 0.620548643 -1.973672244 -0.172147254 -0.618428304 -0.934947342 -0.039378827 1.908658621 -0.066646643 0.474793344 1.492104048 -1.256743713
-15.367355248 22.044933496 -10.847711992 0.500782141 0.652922645 0.559273219 0.100611795 -1.146959056 -1.847384025 0.085358841 1.191622568 0.148246464 0.670886580 0.308842027 0.921854354 0.796420186 0.348045807 0.530391046 -2.431941144 -2.003507169 0.494797020 -0.457165628 -0.590534287 1.483291584 0.082820150 0.162085770 -0.812528488
-24.460322382 27.521987832 -15.928525338 -0.457722719 -0.522073068 0.244539431 -0.676853079 0.431846122 -0.413326309 -1.132947615 -0.588034615 -2.254259679 -2.560803582 -0.357151922 -0.284019389 -0.115331261 -0.763781841 0.040955066 -1.403325729 0.813166206 0.996438311 -2.305480119 -0.807547959 1.265914037 -0.864639583 0.417293489 1.088894083
-26.940654919 29.888710101 -0.985214316 -0.846229881 -0.303448030 0.435553571 0.045906079 0.163310286 0.651583523 -0.039851600 -0.111042595 0.559793410 0.498187386 0.898925141 -1.744052717 0.955320244 -0.100016111 1.242105239 0.374686631 1.180752211 -1.460561035 -0.578404934 -0.873023608 -0.127345521 -0.987266998 0.370690374 -0.432116755
-21.077441318 29.598342451 -4.799923926 -0.304622196 0.296984248 0.280087026 0.860556176 -1.598012721 0.130344729 0.558792010 1.906765696 0.610483212 1.918320094 -0.552071376 -0.648571691 -0.635587581 -0.419051397 -0.689429171 0.796583978 -0.981204627 0.014990566 -0.205302479 1.255623318 0.353676923 0.829328435 -0.877196467 0.246322273
-29.620275631 20.107489137 -8.285859340 -0.010082752 0.106857894 -0.120590960 -0.986882743 -0.973566428 -0.732639062 1.427229609 -0.954095675 -0.837513705 0.836454493 -0.796432459 1.877675492 0.261566424 0.054592585 -0.352227743 -2.357556983 1.781423568 0.963915967 -1.474017776 0.653992168 -1.232627200 -0.980039608 -0.153396042 -0.398704406
-24.995221250 30.429067971 -8.612750657 -0.199163684 0.929314546 -0.299440552 -0.083926496 -1.107534969 -0.475706879 -1.181096744 -0.959271899 -0.504108608 -0.292923423 -0.233944540 1.057094928 1.589421472 -0.387542802 -0.862389388 1.179444773 -1.227649805 -0.783515406 0.226410737 1.242241053 0.243981859 0.113039517 0.676636600 0.728630239
-28.600488753 18.033667077 -13.025430746 0.455451760 0.823046083 -0.214446734 0.263004633 1.219603506 1.124436292 0.222503980 -0.892502806 -0.548176079 0.212406766 -0.603974321 0.456904963 -0.247831048 0.541399987 -0.956303008 -0.352735653 -0.195049039 -0.868080690 -0.732905612 -0.695659625 -1.108137712 -0.962964781 0.918732168 -0.036081028
-16.952477079 21.993878363 -3.715831006 0.140275419 0.278220079 0.257448570 -0.914678429 -0.034194413 -1.698028068 0.281067907 -0.456356962 -0.166872801 0.289462422 0.517188695 0.018322820 1.587319031 0.795264920 2.528520170 -0.093483312 -0.922407090 1.270344067 0.056804515 0.138183417 0.528307898 0.639286851 -0.566372222 -0.227444379
-27.121085641 26.026988953 -2.046931066 -0.404149880 0.837526651 0.059058266 -0.362938156 -0.887089103 1.662877256 0.196032056 -0.847741177 0.313029613 0.580161924 -0.732010877 2.052301308 0.039407165 -0.237141522 -0.406673205 -0.876918259 -0.652129309 -1.552771991 1.343649221 0.039326936 0.068050184 0.387309626 -0.862937948 -0.053657055
-21.834715474 23.776134790 -14.257096481 -0.598022124 0.788661167 0.110307705 0.090638365 0.721383397 0.283945184 -0.515081981 1.196585227 1.084371512 0.052294498 0.191227307 1.580952814 -0.390222480 0.326316989 -0.909675992 -0.538919728 -1.362292657 1.312403517 -0.188179276 0.478865649 -0.397702337 -1.179151730 -2.593198632 0.690103636
-30.235599372 25.043515072 -0.991568858 -0.260261323 -0.193385541 0.751801462 0.574160811 0.234634905 -0.024853897 1.642237852 0.091404026 -0.172798177 -1.027136062 0.300187901 -1.629718462 0.943095786 -0.534154494 2.308601393 -0.654473298 0.359012531 -1.520714248 -0.011633302 0.404623648 -0.550196657 1.185258333 -1.048601183 0.747621794
-18.518430200 23.492774174 -15.555252127 -0.672879229 -0.353999926 -0.227129852 0.608547143 0.582476121 -1.385379738 -0.257685990 1.266921247 -0.408946250 0.151461241 1.033108512 0.145106785 -0.007165592 -0.832177603 -0.571386316 -0.485671257 -0.041510233 0.484157116 -0.238074310 -0.737284185 0.354191753 -0.022977981 -0.284312531 0.603733651
-23.158270732 15.365251140 -6.392159309 -0.856073635 -0.129751515 0.032222893 -0.499263618 -1.255738011 -0.075433205 1.147943155 0.344468108 1.176926247 -1.096247071 -1.119408976 0.393434868 -2.279929709 -0.911786466 -0.681997898 0.596171243 0.617995710 -0.498523004 -0.825508929 0.225562582 2.024473640 -0.790090918 -0.169364020 -0.609596225
-28.900366352 24.342794670 -10.375916795 0.221968673 0.402970365 -0.773242690 0.436394931 0.594891336 -0.206780065 0.024364638 0.225664563 0.611734484 1.309302672 0.395429129 0.000648565 0.537009984 -0.092293643 -0.773267473 0.237576838 0.320299076 0.384531296 -0.331305006 -0.900315617 0.164960545 0.768643424 0.720496588 -0.877735076
-17.367886559 22.139261542 -6.001015717 -0.607295668 -0.627107375 0.458688428 0.165931423 -0.437990732 -1.418875554 -1.205582451 -1.852943000 -1.617513814 0.360138533 -1.114877679 0.392372990 -0.199980584 1.209384784 -1.837850153 -0.185730524 0.275371375 -0.515859684 -0.192427069 -0.321540067 -0.030037519 0.440515358 0.830336669 1.057850374
-27.763042332 31.749765364 -3.606706429 -0.116539593 -0.748862319 -0.484133106 -0.437308686 0.394996390 -1.505280980 0.471695946 -1.243745962 -0.230302223 -1.588186731 0.159018974 0.467152324 -1.963931738 -2.016134348 0.541441756 0.175894035 0.122448522 -0.070636404 -0.145189051 -1.012396534 0.105025534 0.356773357 0.030853743 1.440541547
-23.728916743 19.280013389 -9.779963847 -0.584889758 -0.004975763 -0.544195163 -0.601440635 0.119262731 0.934352149 -1.146614063 -0.476912586 0.750425791 -1.970135996 -1.412952235 -1.298322081 -0.771732674 0.752409400 0.227776185 -1.368325516 0.892170004 0.180462869 -0.066869580 0.157780180 -0.919705374 -1.132338498 0.661459714 -0.964086440
-32.767530367 24.486955034 -11.627305251 -0.666890996 -0.282475666 0.638783481 0.259652773 1.525925183 -0.319941404 -2.268715589 -1.390842657 0.383664854 0.164786822 -0.272546090 -0.082835983 -1.972901467 -0.452921965 1.151017474 -0.924858088 0.841509315 -1.939219636 0.749766944 -0.665904654 1.716228496 2.722571248 1.357035412 1.034134978
-26.681634060 22.000831944 -3.295420195 -0.028861017 -0.906982882 -0.114918827 0.404156847 -1.730319425 -0.940430834 -1.253378815 -0.296145085 -0.684964062 -3.863585610 -1.365184490 -0.701459231 -0.219586555 -1.768783087 -2.653181855 0.876164251 0.356463798 -0.560416942 0.248145995 1.706198721 -0.561081200 1.409113642 -0.078076713 0.841632075
-31.665210794 20.898490525 -11.376656023 0.217010174 0.000214935 0.975485134 0.036541652 0.981684659 -1.278365999 2.228539384 -0.522232324 -2.164725241 0.707734037 0.335369853 -0.418175030 1.961036095 -1.198294643 0.423956242 1.261618433 -0.114972000 0.852575388 0.369679293 1.188366390 1.632621984 -1.661298920 -1.823294279 0.173921137
-19.414827588 29.331317768 -12.188620916 -0.043862334 0.657774978 -0.511736935 -0.550938730 -0.939784599 1.494985886 0.046639348 0.562862106 -0.861072895 0.400371330 0.461289832 0.021253886 -0.224726403 -0.823194522 -1.699790087 -0.930188297 -1.171698246 0.431690850 -0.605255403 -0.371368265 0.526386680 0.120021783 -0.270399171 -1.404869263
-28.628065361 23.869735284 -1.265054367 -0.720618337 0.430602717 0.431071958 0.330858701 1.412671946 -0.049450310 -2.155805818 1.463861714 -0.791563168 -0.484250760 -0.186383117 1.057953053 -1.035243992 -1.177507589 1.221817500 -0.368625011 -1.562749349 -0.926772367 0.683769808 0.765618049 -0.472980147 -1.042393300 -1.464877718 0.649979931
-31.971249297 20.965038698 -6.180013719 0.262264400 0.831648943 0.028639975 0.488627846 -0.069754637 -1.246893785 -0.348109443 -0.449059810 0.750695918 -0.707565074 -0.753383074 -0.925731806 -0.165526085 0.909033587 0.444566280 -0.496437985 -0.651962234 -1.555431484 -0.947352023 -0.403097359 0.486644251 0.954331664 -0.628240849 0.187817659
-20.847848027 23.133427336 -1.202453716 -0.309741280 -0.413550342 0.602001187 0.608794732 0.129920426 -1.846625730 -2.194986592 -0.059316606 -0.987591191 1.112225544 0.151648010 -0.722137350 0.999752103 -1.181620455 -0.074484544 -0.248360928 -1.156505326 1.849180516 1.066228723 0.270925096 -1.232870777 -0.795000541 -0.885559412 2.005196383
-25.799762461 20.794835228 -0.998605312 0.162601151 -0.578614541 0.262636065 -0.754843279 0.764765119 -1.274400209 1.535027737 -1.064270289 -0.465069965 0.145962012 -0.814024349 -1.668659978 -0.627486918 -0.336942341 -1.088482686 -0.103605723 0.876190526 -0.987486969 1.169576837 0.426036580 2.130533453 -0.227378789 0.721931289 -2.533168817
-23.303137697 18.094996293 -11.636434739 -0.428566712 0.460575742 0.664571920 -0.403168355 -1.039344475 0.343440152 -0.418849068 -0.973445895 -0.268013759 -0.089773982 -2.081153832 -1.818297186 0.247380943 0.693481630 -0.022376325 0.608754664 -0.113198377 -0.641697708 1.020452054 -0.772280209 -0.327314993 1.392304920 -1.234721366 1.246202602
-19.615742367 23.783360488 -7.155609360 0.163278320 -0.263567055 -0.934187150 -0.176541686 0.567218852 0.847482197 0.872115689 0.650568261 0.199917576 -0.774394985 1.519462042 0.434666674 -0.812563559 -1.397384095 -1.094222196 1.387903988 -0.191434632 0.333390031 -1.191545006 0.705459663 0.317652886 0.767345547 0.243969006 -0.716634115
-31.867475651 19.834485051 -8.780650115 -0.683462352 0.075147293 0.193878127 -0.699745218 0.775719461 1.827614771 0.823189448 0.287587506 -0.881300468 -0.739456008 -0.001987271 -1.956302906 0.604699760 0.288753199 -0.349255828 -0.976804282 0.466682106 1.004123686 1.384593138 -0.998113774 -1.520437563 -0.200206482 0.593226384 -1.623887201
-26.080329027 26.828854746 -14.696733586 -0.823165968 0.284468714 0.350883858 -0.344028862 -0.689918713 0.110647954 0.876201811 1.373453515 -1.106365320 0.919844000 -0.633789158 -0.380908142 1.587423906 -1.493637826 -0.610118654 0.553748846 -0.326238095 -0.738269924 -0.668679854 -0.002115716 0.484833224 -0.283238921 -0.127907388 0.310965853
-21.897317161 22.843337195 -16.247717282 0.041123381 -0.265898126 0.328547154 0.905352871 -0.061639281 -1.121119955 -0.171799917 -0.766682631 -1.027998830 0.080060799 -0.455925144 -0.007171929 0.470121063 0.638004636 -1.256539415 1.894171892 -0.171105823 -2.069867733 -0.195438275 0.608193851 2.533256577 0.090290628 2.446475067 -0.993368682
-25.824388386 26.419018274 0.426857913 -0.678063751 0.335652589 0.269678950 0.595684609 1.634439415 -2.539237506 -0.287923097 2.005773581 0.466201574 0.847763714 -2.501246630 0.223891573 1.400356270 0.232427393 -0.115809176 1.339249149 -1.761861319 -0.761928065 -0.502969304 -2.060334785 0.306535465 -0.429581055 -0.761176447 0.267892055
-22.282642695 29.658609695 -14.079029018 0.823991397 -0.287628790 -0.184661551 -0.451893757 0.457727578 0.072353144 -0.587791675 -1.478309755 -0.244808473 -0.511253342 2.136843923 0.285489674 1.050296248 -0.709831381 0.005501553 -1.497967434 1.670580519 -2.072880106 -2.356241683 1.264732371 -0.619742538 -1.451980140 0.517503298 0.655267775
-15.544822478 22.742215109 -11.052214968 0.534567544 0.639848452 0.550734302 0.039028560 0.740215595 0.057302506 -0.258159876 -0.489451484 -0.825779406 -1.314732235 0.478630651 0.957576341 0.205528441 -0.231751838 0.577661636 -0.952934149 0.423514611 1.582949826 -0.414999104 2.234488425 1.741576844 -1.242007235 -0.164788792 -0.749956362
-16.207174139 25.241363760 -14.297308573 -0.174816730 -0.065243866 -0.573700467 0.797527506 0.455225264 0.621366507 2.359417560 1.202915617 -0.081858363 0.582093932 1.968484721 3.255811157 -0.652864332 -3.414454687 1.038665734 -0.337112465 0.008137361 1.009243744 -0.327406694 -1.344241376 -1.199270153 0.765187812 -1.817112052 -0.589668753
-23.521678754 28.056040870 -16.398416438 0.110462111 -0.875920429 -0.138270435 -0.448823809 -0.325798079 -0.531119115 0.082718284 -0.807104838 -0.003140832 -0.881792824 -0.193731271 -1.028220613 0.463816940 -0.600119334 -1.101923862 0.183179394 0.210571317 -0.311190643 0.567557172 -1.043758469 1.845437408 -0.161815391 -0.183383157 0.626367105
-23.852490492 29.545392241 -11.692794110 0.138408008 0.682111663 0.044117181 -0.716673271 1.410607361 0.250421306 -1.371935149 0.494299741 1.369277004 1.797684668 0.095928449 -1.116751733 -0.145318176 -0.714283234 -0.097038185 0.693620257 1.445522325 0.327411842 0.261486100 1.501839235 1.211953447 0.100359241 1.187602647 -1.599404673
-27.368430551 23.593251189 -1.671223110 0.445959285 -0.270770751 -0.826371325 -0.211929116 -0.487150284 0.719353414 -0.754500437 -0.052480747 -0.335953444 -3.286058300 1.018311179 -0.387745972 -0.655037966 -0.607306224 0.909070334 -0.266867338 -0.501408623 -0.706788371 1.455918256 0.048882143 -0.647422152 1.709154739 -0.326660945 -0.682327152
-22.538910718 27.014097338 -0.224327338 0.874468183 -0.051338210 -0.475061969 -0.083581756 -1.679145890 -0.941739300 0.594967426 0.594191921 -0.238393977 0.267421335 0.552750304 -0.704874563 1.443240806 0.316853290 0.217359023 2.137583018 0.954573307 -0.611417971 1.752428306 -0.498695081 0.559408642 0.942282416 -1.728153760 -0.385343714
-28.669360637 20.074294861 -9.890450551 -0.265417712 0.868186781 -0.386934885 0.161513302 1.375555675 0.527778216 1.566154348 -0.735984042 -0.897364211 -0.107816463 1.404697291 -1.546179066 -1.300109127 2.476195887 0.525253170 -1.107520940 -0.819922001 0.520729831 -0.561866867 -1.447830307 -0.365540902 -0.890805424 1.683951531 -0.104493102
-25.656829500 23.710715696 -1.134095817 0.484630347 0.183981726 -0.722168432 -0.457992256 0.232557653 -0.645726780 0.238188071 1.728708725 -0.457706603 0.054140409 0.297846957 1.225593896 -0.032803366 0.033225702 0.212081410 0.701115738 -1.694410240 -0.735940366 -0.444529387 0.092807825 1.165040414 -1.539307408 -0.430609288 1.226017557
-22.970472055 17.203986516 -3.823512986 -0.107419388 -0.947893296 0.277301299 -0.114295078 0.831199195 -0.720305471 -0.952971136 -1.580976602 0.975994603 -0.412083997 -1.477550466 -0.335788620 -0.361394490 -0.473460076 -0.084113371 -0.133887451 1.090981591 -0.877111793 -0.724660719 0.475173099 -2.149130952 -1.723940476 -0.781556136 -1.933527914
-30.942443333 25.189852932 -6.589646431 0.161091149 -0.787293859 0.568628492 -0.175726090 -1.301555738 -0.584055582 0.525574159 1.699480919 -2.332060499 -0.276244515 0.447258892 -0.366995931 0.740105191 1.156506103 -0.685150246 -1.057376310 0.914040536 -2.662840894 -0.341857961 -1.062858129 -0.347602467 0.619777224 0.227431206 -0.926133454
-17.471123376 19.604794143 -8.778712751 -0.616959916 -0.623197582 0.435365744 0.203572848 0.231634912 0.465289272 1.606071934 1.839749899 0.802077302 -0.286056325 1.182197071 0.572011257 -0.376209980 0.099413187 2.423352506 -0.109214844 -0.118719268 -3.132415121 -0.321155846 0.578184469 -0.313763601 -1.874966526 -0.713767926 0.760287952
-27.285016710 17.744886016 -2.884042180 -0.072904172 0.881852426 0.108340893 -0.453082258 -1.572644605 -2.703693375 0.069387719 0.376437178 1.240002267 -0.420380258 -0.780046556 0.970720625 -0.348138373 -0.240249849 -1.730577771 -0.322641689 0.844008313 -0.627322619 -1.102286466 0.533884828 0.585702815 0.137259927 1.147845435 -0.785807167
-19.678797863 32.337071145 -6.239818864 -0.832403742 0.450124933 -0.051561600 -0.319112764 -0.088904567 -0.274213914 -0.329861093 -0.378072293 -0.273101054 -1.204975009 1.733639845 -1.070670241 -0.254434929 1.015716852 -1.231790861 -1.584024137 1.023467111 0.525256862 -0.555735013 0.168457850 0.371263294 0.869001498 1.100150225 0.361633265
-26.229446090 27.738437651 -7.704485609 -0.847906275 0.427841518 -0.195931488 0.244166820 -1.257930413 -0.795543883 0.600730163 0.357489631 -1.346140497 0.401299608 -0.378499028 -2.039016815 0.313175352 -2.125886372 1.221739898 -0.249899174 0.337190755 -0.636948776 -2.482258595 0.207813354 -0.364563663 -0.652491063 -2.013501511 0.685835356
-16.045297271 30.479316254 -9.184292953 0.319000376 -0.018263087 0.930639332 0.178369433 1.210398891 1.734686666 -0.354235714 1.632177213 -0.298106858 0.090932094 -0.112936375 -1.334428051 0.000424799 -0.917492719 -0.387734456 -0.340655346 -0.420904398 0.530049689 -0.723746246 -0.446451413 0.218084730 0.720084312 0.344217844 -1.631627986
-29.088578549 19.387814669 -11.418984833 0.873581376 -0.212943787 0.180706718 -0.398566939 0.488349048 1.219732667 1.383230492 0.085645529 0.467247657 2.369858090 1.020178387 -0.740703479 -1.094662748 -1.118641359 1.443716229 0.368413214 0.872394618 -1.611578473 2.156884671 1.622999046 1.368002820 -0.084385374 -1.104452484 -1.190446097
-18.741921390 24.130719455 -11.317272839 -0.351266651 0.850804746 0.080260419 0.382493516 -0.198641284 -0.356064187 -0.726254209 -0.442103895 0.514651240 -1.643446337 0.473788842 0.447066346 -0.848798054 -0.194253865 0.296867300 -0.056160520 -0.068101532 -0.869709149 0.116362619 1.179122637 -0.917604632 0.494051526 -1.012110242 0.850985827
-19.646877817 16.541645220 -9.313093061 -0.052607022 -0.746931606 0.280110269 -0.600719498 0.659478557 -0.936444077 0.247577925 -2.864416807 -0.443465669 -0.237528907 1.155196812 1.845465149 -0.596820352 0.792759106 -0.170328561 -0.012597766 0.205000290 0.396535684 -1.415385932 -0.126246190 -0.958251242 0.735237898 -0.208707131 0.775358681
-27.162893507 19.868246731 -2.357740952 -0.708194904 0.454736840 0.256351105 0.475350918 1.876149846 -1.381242973 -0.795404492 -1.636768771 0.292401738 0.080768960 -0.564929512 1.383379492 0.608284979 0.817920964 -0.161638265 0.986284310 -1.260870999 -1.120998181 0.732945471 -1.259429985 0.001489981 1.475327662 -0.319260667 1.059265681
-24.322856384 25.473457906 -0.902637098 -0.122295563 0.497097812 -0.417696655 -0.750644433 -0.762072973 -0.293139963 0.285335134 -1.267346238 -0.315853065 1.311923080 0.278185741 -1.663486619 0.564759244 -0.527756533 1.110955419 1.579047475 -1.292881582 -0.348035609 1.823325016 -0.311184938 1.123349566 -0.834986460 0.587293578 0.885927196
-18.983769811 24.919850256 -11.032699242 -0.810306451 -0.001992477 -0.473138101 -0.345745315 -1.183873167 1.612277368 0.131448364 -0.153332532 1.048804645 0.270342630 -1.319673261 -0.654749694 -1.360203349 -0.250894829 -0.621571348 0.008410830 0.438083130 2.139390307 0.346595392 0.685218469 -1.390215129 -1.757045832 -1.666708630 0.193427013
-16.366467601 30.299122426 -8.571187994 -0.815113541 -0.068842598 0.255182012 -0.515492729 -0.025850289 0.766409956 -1.117884459 -2.544115635 0.256164002 0.488764340 1.797984176 0.609118100 -0.678589406 1.287065411 0.570759759 0.471359010 -0.097668592 0.880121332 -0.781333716 1.164322863 0.296493248 -1.382208488 -1.715093178 -0.078919732
-25.011087422 24.111758708 -16.964782728 0.091063463 0.565082149 -0.115600631 -0.811804228 0.106145781 0.404430094 -1.998677150 1.430800838 -0.212364000 -0.810685065 -0.182550465 -0.043461508 -0.787002390 -1.433561636 0.733881567 2.991770569 1.230463660 -0.519340850 -0.761318219 0.297941444 1.851163798 1.372640697 -0.233888165 -0.503093923
-27.100947673 30.734496433 -14.968403942 0.752650719 -0.028906839 0.523222264 0.398647403 -0.802277003 1.255376716 -0.308012310 -2.459107879 -1.177964328 0.304716213 1.410745130 -1.886963073 0.758627483 0.687369627 0.454413572 -1.211537176 2.076073078 1.068948076 -1.433548801 0.176754156 0.938870829 0.063688891 -0.104068221 0.676271570
-22.866661079 24.277936982 -16.744217235 -0.505080231 -0.369325015 0.061760461 0.777610853 -0.452390628 -0.500452504 -0.150510227 -1.928062540 0.342512526 -0.132445990 -0.061860047 -0.332282829 2.730453551 0.883729911 -0.282119633 0.152784439 1.146317033 1.110105200 0.509747439 -0.386415580 -0.938196733 -0.299374863 0.225051102 0.424113587
-29.063169405 24.682253404 -4.387514735 0.674789246 -0.269211759 -0.590341466 -0.351683743 0.339590133 0.278862261 0.108646111 -1.249827809 -1.312425887 -0.289089624 0.973243021 0.429250169 -0.859200019 0.661724864 0.119923746 0.951125539 0.659818611 -0.970106994 -0.276259661 -0.625849640 -2.276526707 1.019645198 -0.600532817 -0.907244772
-20.009956585 26.797711708 -1.638007387 0.294811022 -0.118593318 -0.295702461 0.900878538 -0.370691781 -0.999531941 0.958009739 1.093879889 0.445836232 -0.742211152 -0.159843253 -0.045121054 1.950762744 1.897155757 0.317884140 -1.266228181 0.109888521 -1.527249102 0.639647155 0.397117538 -0.767485634 -0.316680592 1.046306825 -0.021742251
-21.657370605 21.909595620 -16.529613642 -0.221823825 -0.834935471 0.379255684 0.331424313 -0.429465971 -0.883671309 -1.438615602 1.549654251 0.871977093 0.651810234 2.573172721 0.481999785 -0.800221108 0.634787853 0.237861793 -0.966800385 1.544584863 -0.245065514 0.660456294 0.904414027 -0.173546264 0.839792096 -0.361702004 -0.082689790
-17.792269241 24.408738529 -9.119390050 0.208009091 0.478281213 0.807026982 -0.276923726 -0.298993857 -0.737145435 -0.732616765 -1.932004561 0.694476701 -0.121843253 0.522991995 0.421816449 0.241585820 -0.071122211 -0.602040407 0.092601306 -0.539922780 -0.487846413 -0.075158887 0.701704455 -0.637461117 1.661429320 0.132297276 -0.455749430
-23.145687886 22.769075360 1.234498281 0.243032442 0.841641582 0.281872050 -0.391309119 -0.501379462 0.035226706 -1.633103150 -2.579969822 -0.066994105 -0.023719502 0.071838262 0.433688937 0.613950162 -0.295068323 -1.643540103 0.964982703 -1.548145079 1.893559455 0.713760916 -0.842580287 0.518891812 0.172621320 0.753450212 0.925923834
-21.532398257 30.359496023 -3.242685822 0.399476989 0.477558578 0.780269802 -0.059455658 -0.100485229 0.165981104 -0.794528777 0.019584137 0.439373900 0.259287817 1.413853622 0.019112821 0.808726787 -0.254209206 0.655769493 -0.538535958 -2.971246568 0.155469029 1.635097792 -0.278393274 -1.413306019 -0.600235845 -1.880280141 0.199461598
-32.477203926 20.661063932 -9.965152227 -0.168787899 -0.765287484 0.553842851 -0.281253991 -1.088091863 -1.163170248 0.928262645 -0.139259402 -0.715934625 -0.515206450 -0.428687582 1.151398817 -0.149820565 0.009871837 0.411507799 0.546861609 0.050718474 0.216988335 -0.675247957 -0.583319986 0.805098939 -1.851959107 -0.358276024 -0.346533194
-14.410128977 27.308281693 -5.768689874 0.668711810 -0.689420696 -0.131963801 -0.245171724 -0.812156548 1.546282751 0.408882559 -0.181715371 0.111813586 0.041293424 0.270966098 -1.118208288 -0.043850404 0.482924579 -2.349061954 -1.014108177 -0.442219172 -0.734106929 0.459949908 0.318844291 -0.269551155 -0.234609015 0.496681249 -0.954779522
-16.464141208 26.733770626 -6.149704033 0.306940342 0.852033002 0.320150736 0.278084334 -0.316519760 0.526949960 -1.056955478 -0.293095764 -0.143733959 0.346510769 -0.183734388 0.865554108 -1.435431575 0.255743713 -0.537438042 1.184066261 0.772270262 -1.055111793 0.517623500 -0.035320888 1.416353912 -2.090344769 -0.518393674 0.626209141
-21.850707157 26.834421855 -4.457349072 -0.021098061 0.230794077 0.489035489 -0.840912158 -1.009625771 -0.571493241 0.440231098 -0.121212542 1.420873810 2.490885764 0.756903349 -1.038173151 -0.782304513 1.000327505 0.666719635 2.077928789 -1.221747852 2.212593568 1.435135603 -0.116230526 0.506090252 -1.242504519 -0.013066171 0.376592046
-27.105137232 28.369670894 -7.852689030 -0.092049991 -0.651237348 0.718174140 0.227250129 0.734810889 -0.365079315 1.288005575 0.442251760 1.468563648 0.848943135 -0.540618048 0.939316035 0.306505316 -0.592288549 2.276007476 -0.664774890 0.193135694 0.920441384 -0.448191769 0.040100637 -0.452781629 0.776868723 1.378621850 -0.519618403
-25.149238074 34.328547759 -5.881669807 0.114842166 0.509074195 0.827351261 -0.207712860 -0.167122834 0.987597454 -0.939413553 -0.648243912 -0.909848654 0.495383945 1.132360667 -0.984159856 0.179089216 -2.828913038 -1.951303536 0.589578558 -0.071756233 0.651896374 -0.452698848 0.145104774 0.744324296 0.996737182 -1.247437667 1.303962290
-30.496283671 24.006990040 -13.060845792 0.631836250 -0.309626498 0.192262585 -0.684068332 0.290091937 -1.809758795 -2.611230217 1.944008156 0.215382955 -0.246763202 -0.931563540 -0.658915219 1.206771544 -0.336083447 -1.276227042 0.834473488 -1.318227397 -1.015806407 -0.228077007 0.034293958 0.792553118 -1.203534780 -1.226873234 -0.485543675
-26.865849408 26.936645631 -14.552819830 -0.405246375 -0.219147718 0.046843808 -0.886315582 -0.833341455 0.106167857 -0.266992027 -0.077539864 -0.310387769 -0.788184533 0.206125546 -0.787379369 -0.568408592 -1.294515394 -0.995802176 0.588757497 -0.332205619 -0.846161295 -3.586636416 0.536452786 -1.720445938 0.688621624 -0.330877802 1.999975827
-23.575969462 19.283842491 -14.085754894 0.394077588 -0.818208641 0.327754282 -0.260412377 -2.441367177 -2.582771115 -0.688661669 -1.502798988 -0.711793542 -0.010776004 2.604449228 -0.498050184 -0.289797809 -0.162863773 0.908841132 -0.577810129 -1.453371964 0.951582964 -0.398313050 1.153652256 0.210509982 0.421686535 -0.828923790 0.139398653
-30.791321565 28.763160021 -8.116763166 0.847823970 0.497589824 -0.083212520 -0.163323479 0.398434700 -0.114817186 -0.718868343 -0.466176829 0.695782031 -0.305543735 1.280054088 0.609996618 -0.036804489 -0.248609544 2.532908436 1.097526628 -0.222560566 -0.606482429 -0.578792287 0.086300423 0.658870931 -0.037719358 -2.061735347 0.088191138
-14.558865975 25.434192406 -11.514240525 -0.358174307 0.875908785 -0.263571421 -0.187149866 -0.091798781 0.402834088 0.661859571 -1.247909496 0.307647807 1.548223492 -1.239450925 -0.409079164 -0.340784965 2.040906903 1.307835910 1.261358927 -0.290836618 1.754566477 1.135910553 0.886863909 -0.221308511 -1.645784016 -1.613253012 -0.365217331
-30.788817280 28.110803944 -10.214664202 0.348780384 -0.372451074 -0.736436009 -0.444178394 0.385082401 -0.969136976 0.268789951 -0.473036244 -0.863763335 0.143030443 -0.119390536 0.166689531 0.675556552 -0.124227144 0.919812022 -0.161614286 -1.971832396 0.033792101 0.745826220 -0.626931195 -0.885431610 2.014464249 -0.914924892 -0.477023398
-24.305040215 24.152108641 -4.531518770 0.661367100 0.411107881 -0.134966939 0.612672666 -0.755920189 -0.656119533 1.606470426 0.130487348 -1.760525230 1.095184545 0.889192059 1.749682924 0.327501348 -1.109413295 1.175893699 -1.236612451 0.322580786 -0.972321972 1.027347369 -0.382934376 1.016251770 -0.798568460 1.236260995 0.303052706
-25.459886716 30.789406124 -3.682178002 0.833208409 -0.399135754 -0.360196676 0.129277809 -0.923381100 -0.611494743 0.873950294 1.331291509 -0.601119685 0.598690254 1.092141975 1.436081145 -0.604529622 -1.726814820 -1.644160219 -0.058535231 -1.565666691 -0.596849292 2.437126220 0.364564142 0.496974319 -0.278895137 -0.421984001 0.374622488
-16.208475435 31.062410424 -9.214134568 -0.117389103 -0.312451920 0.331128254 -0.882580124 -0.010827738 0.801321121 -0.381446608 -0.530590621 0.227385253 -0.470350816 -0.094284329 -0.192920147 1.147713059 1.656395909 0.323790481 0.257364540 -0.967342152 1.055421224 -0.316165586 1.152712167 -0.133827993 -2.016761473 0.249006252 -0.569872494
