1.222855173 16.204266113 38.446441237 -0.157786175 -0.980426239 0.050513748 -0.106377973 1.255177941 0.174262085 0.732391079 -0.136271714 0.078298515 -0.401495637 0.733166831 0.806208513 0.640871230 0.312895948 0.920449743 0.493164800 -1.244061988 0.129088876 0.244501374 -1.246059508 -0.273201154 -0.586456589 -0.232781856 -0.525061936
8.917223296 10.679233750 37.803921068 0.162679631 0.491187051 -0.316527236 0.795035300 1.092463937 -1.808115284 0.858633682 0.254991834 0.083455629 0.056055020 0.685287166 0.397964892 -1.255873324 0.998334425 0.613804461 1.680036063 1.357156708 -0.034158825 -0.058111902 0.934745371 1.319077169 -0.262988724 -1.033027197 -0.036426963
-3.705575233 23.761796834 40.505688379 0.121314808 0.761354778 -0.218596657 0.598194886 1.620784386 0.920235342 0.394998475 -0.096473015 0.983157883 -1.136151053 -1.715989731 -0.395316215 0.163504377 -1.068603807 -0.349547800 0.704402581 -0.441493781 1.034309535 -0.092086746 -0.310994720 -1.443545239 -0.136537626 -0.696865997 0.416404605
-2.275937953 22.392636328 39.130035403 -0.242702650 -0.615663263 0.489184405 0.568113359 0.178973340 -0.977119667 -0.430805054 -1.768291826 -0.822983839 0.341466084 -0.036996664 -0.950269842 -0.077370483 0.537994919 -1.415814067 0.050951818 -2.415567007 -0.009409619 -0.344130498 0.053114672 -1.780219684 -1.854601744 0.073893759 -0.039700214
0.169834940 19.597045597 38.613299913 -0.012648826 -0.340689568 -0.779862435 0.524962102 0.052349054 0.269006736 0.394180609 -1.048190298 -0.979774333 -0.100046563 -0.424845347 0.116717600 -0.214401147 -0.123721321 1.484329588 -0.443554036 1.113132159 -1.215746625 -0.125611805 1.554730366 1.052911797 0.383384310 -0.339450507 -1.217653658
4.312019388 12.541546818 30.711044680 -0.754930461 -0.590063474 -0.073916613 -0.276480433 1.954769031 0.196102975 -0.185306569 -1.050157307 1.330197880 -0.400740086 -1.035494256 0.195508826 0.312234298 -0.542047484 -1.122766756 -1.345905371 -2.817930821 -0.391712551 0.490955244 -0.514409277 -0.295942680 0.306600987 -0.145760771 0.679918146
-0.157012389 14.934473255 31.328978926 -0.891717168 -0.158139392 -0.412351206 -0.098989435 -0.970302773 0.469406104 -2.258267583 -1.001848181 -0.715856061 2.124920059 0.910745437 -0.803111746 0.385494867 2.358269941 -1.193076434 1.408150802 -0.764173556 -0.258058798 0.550682221 0.065237720 -1.057555095 -0.183135347 0.004078844 -1.321873628
7.647809111 14.988710859 40.689120887 0.165091680 0.482975309 -0.741486511 -0.435519622 -0.584215957 0.607010493 1.642048627 0.665064492 -1.949955500 1.697248121 0.874637993 -0.198380831 0.138112959 -0.928628283 -0.366633513 1.155743150 -0.384853708 0.128082964 -0.748780375 -0.743937282 -0.987351917 2.302399509 -0.032180789 0.553734302
1.208347993 8.420772200 37.353641537 -0.419842761 0.612620278 0.655994075 0.134537075 1.193637380 0.263535610 0.252358632 0.096119720 0.247772951 1.591639425 -1.295646429 0.168358858 -0.602492930 -0.579419888 0.648583056 1.546714698 -0.015613434 -0.347630257 0.952022376 1.780865517 -0.785495606 0.237428019 -0.073897700 -0.240787786
-0.309464042 22.301995038 39.655913856 0.147599133 0.188428583 0.067546773 -0.968579681 -2.498123237 1.191886403 -1.235151875 0.983853957 1.724519907 -0.044791135 -0.306793524 1.611403659 1.787030347 -0.354611499 0.632173954 -0.291637325 1.373243742 -0.699560397 0.664570628 -2.001917162 1.474630042 0.711363099 0.678716796 -1.638786892
9.869140663 15.407781373 40.489312762 0.428367558 0.866269834 0.118174888 -0.228281637 1.702034104 -0.282661096 0.898178246 -1.307222190 -0.661104511 0.733409645 -0.686023709 0.374044471 -0.429016305 0.382770789 0.733992005 0.087662210 0.464509662 0.213861936 -0.617307320 -0.127769135 -2.290114340 -1.898678027 2.261983707 -0.074951862
6.925930590 15.577161486 43.329254870 -0.313039673 0.394390836 -0.222498616 0.834839145 -0.981762693 1.205679438 -1.995579863 1.854057112 -0.690455996 0.468006245 -0.544511339 0.613895732 -0.424972698 1.106499496 1.086214179 -1.185607064 0.812671206 2.768339389 0.690223523 0.717042689 0.911830833 -0.294826867 0.655811047 -1.398556565
6.673698176 23.331078867 34.964725492 0.388054500 -0.478049135 0.255226353 -0.745481213 0.510923930 -0.320193252 1.486778158 0.042704633 -0.102754193 1.233567317 -0.681640121 -0.377345997 0.710651486 1.206486740 -0.160080446 0.217349456 0.312531954 -1.606192741 1.692843655 0.332111894 0.721493755 0.140207892 -0.748641040 -0.057786662
-0.908523816 12.832580166 38.636408284 0.782435062 0.128116510 -0.295781179 0.532818007 -0.006275285 -0.298289792 -0.363215957 1.655902840 -0.200035123 -1.118672562 -0.127416620 0.110691690 1.852102997 -0.881403672 -0.402901306 -0.739907093 2.271535536 -0.625544069 -0.628945475 0.602677759 1.010707044 1.861973079 -0.507619786 0.316178866
-3.621570368 9.523875462 40.051632354 -0.280955070 0.927025405 -0.170027470 0.181049182 -0.175546425 -1.484828856 0.038992249 0.199597209 0.104063011 -0.273439373 0.268592304 -0.044969858 -1.079072479 -2.404624959 0.156514920 0.947935691 -0.810135271 -0.653065711 -0.261226858 -0.738977718 -1.064221986 0.507357959 -0.155799590 0.399372256
8.446761870 16.238443892 45.856685920 -0.590273887 -0.172191106 -0.783238014 0.092006388 1.965438497 0.922354015 0.231322647 -0.463585662 -0.115431114 1.470229197 -1.009048951 -1.345424353 -0.005381563 0.015739816 0.302662604 -0.519071854 0.926476923 -0.703758753 -0.216578443 2.576985353 -0.832268353 0.929955579 0.604908495 1.247510962
-1.111414344 10.843017405 44.238683012 0.637096030 -0.182260667 0.742564339 -0.097405854 0.354685670 -0.621580571 2.054319057 -2.217868121 1.747309861 -0.323700096 -0.203006019 -1.358222398 -0.093957395 1.220699858 0.859777744 -0.295473063 -0.096954412 -0.088103269 1.015700133 -0.329723299 -1.617381497 1.539593299 -0.513135925 -0.393374085
5.272011751 12.060408191 41.068207453 0.365032412 0.837034540 0.215005716 0.346261549 1.053075867 -0.917751421 0.483231702 0.123898893 -0.142025586 0.102116516 0.735046698 1.858860843 -0.677676120 -1.286937150 0.938133041 1.288127786 0.702153441 0.319471028 0.355438647 -1.116863005 0.588033106 0.815808894 0.267605076 0.243242888
-3.444282411 21.549884272 39.599354734 0.647309410 0.726736031 0.223636415 0.053216758 1.754892481 -1.903671468 0.416674385 0.328186952 1.452999627 -0.511024417 -0.086153394 2.246393961 -0.017172527 -0.916539670 -1.584291053 0.865199504 -0.792100026 0.623944686 -0.728829214 -0.913413653 -1.385322421 -0.133195592 -0.649589076 0.729848711
4.059152588 17.703192847 47.473258589 0.528502474 -0.042065142 0.786570800 -0.316578639 -0.348792615 0.014338521 0.013846976 2.024563624 0.877614345 -0.494794945 0.860036272 -0.651298906 0.443850639 -0.223725516 0.589875327 0.078755742 -0.276873711 -0.611809452 -1.214309119 -1.475740103 1.834359738 -0.388204303 0.160910539 -1.071579739
7.011787434 13.248070397 31.615767579 -0.627146864 -0.022562432 0.529199761 0.571073866 -1.311565150 0.042851853 0.919731564 -1.070138573 -1.738977797 0.464346092 -0.441585833 -0.714753100 -0.951570970 -0.210082802 1.745400337 -0.369332270 -1.042505405 1.414671993 -0.791216401 1.318221468 0.422827141 -0.719314634 -0.266461860 -0.059119201
1.973092885 12.941521915 32.283572366 -0.327952989 0.144864915 -0.825880723 -0.435180451 0.297990360 0.369777155 2.219734842 -1.453201592 -2.017342334 -0.319792993 -1.163237972 -0.282207543 -0.114571646 0.497632715 -0.781813860 -1.166093623 -1.230456466 0.593168132 0.325642121 0.786717456 -0.259824134 1.222183572 0.438792153 -0.040772399
-8.114451119 15.313843208 38.411296417 -0.758135818 -0.352803678 -0.183375849 0.516849054 -0.045051773 -0.050500609 -1.551888942 -0.294842556 -0.058209713 -0.394041629 0.037178072 -0.346197994 -0.155495351 0.746502488 0.063481932 -1.582664881 -0.664036507 0.180046501 0.766105302 0.697509369 -0.303050609 1.100508216 1.693832234 0.776362916
1.323498422 12.399456624 45.501671745 0.606173061 -0.442275116 0.602607720 -0.271681574 0.789925690 0.658053499 0.758583772 0.549750741 0.403897765 0.156740149 1.214166713 -0.434417169 1.015262752 -0.907151268 1.585591900 2.018854749 -0.134183952 -1.751810590 0.936014687 0.069488748 -0.315827790 -0.574749307 -0.005902712 -0.831567257
7.457045591 17.903941032 40.328398567 0.836469740 -0.392096236 -0.359030704 0.132950630 0.827802211 -0.618474735 1.307816346 -0.397920740 -0.789687294 -0.719875682 1.078236371 -0.170173369 -0.019469172 0.884811508 0.404416097 0.581852233 0.530252916 -1.047330379 -2.137017810 -0.380408159 0.535402891 2.109094874 -1.001245848 0.748722363
6.000701926 11.298712039 42.264175106 -0.367644837 -0.768619657 -0.092673450 0.515240457 -1.244424656 -0.250339674 0.982453215 -0.337876987 -0.557845319 0.264803091 -0.734795166 0.306849407 -0.134634757 0.549730342 0.991120509 -1.532154917 -1.296958985 -0.603798287 -0.627795665 1.030180549 -2.283958083 0.188258061 -0.482366528 -0.325172964
7.346984344 8.608890103 35.379123540 -0.010688059 -0.741907441 -0.028668487 -0.669803876 -0.835764995 1.147862720 0.584119885 0.407996080 0.417615020 1.825243811 -0.830444891 0.485839507 0.365682989 -0.164206451 1.599681536 -0.856130936 1.322612291 -1.831569159 -0.206522991 0.507341162 -0.396858343 1.830099229 -1.372803661 0.890762786
0.537035710 15.811072734 41.962181923 -0.862530417 0.401928328 -0.161668712 -0.261453872 -0.013307137 1.022216263 -1.514835668 -0.502685733 -2.618830462 -0.352289510 -2.017017679 -0.841900180 -0.159256472 0.363516935 -1.252875733 -0.280569260 0.994851660 -1.407106988 -0.181847360 -1.982282234 -0.016971356 -0.768781208 0.968716937 1.338989494
2.553844934 19.819817807 36.600122298 0.506992425 0.150058988 0.548796304 0.647505674 0.906914992 -1.344936346 1.530138826 1.149094566 1.257007725 -0.222144091 0.058301490 1.397276673 -0.519772465 -1.739728866 -0.366491825 0.052658803 1.451902252 0.512381502 -1.143395305 0.863436286 0.480562088 1.311111170 -0.636912109 -1.806632884
0.102950449 17.042192200 32.416475543 -0.508653037 -0.587032418 0.265153863 0.571277916 0.251411251 0.141725617 1.136179571 0.730765738 0.362404104 -0.202591661 0.743627872 0.184364521 -0.570766506 0.418584795 0.813635986 0.047087913 -0.791067914 -0.120979428 0.705188993 -1.860765408 -1.011250164 0.801130730 0.579583610 0.194037383
4.802234618 16.276278459 34.683554134 0.085112078 0.135396973 0.676609161 0.718765357 -0.076632062 0.913262682 -1.521456561 0.218395495 1.083040103 0.295238061 1.821269221 0.397137690 0.578860648 -0.925071920 -0.012169879 -1.105867909 -0.256200012 0.252266994 -1.229767885 1.636443385 -0.379750863 -0.378214350 -0.232116750 0.466400169
-0.271341305 24.319460908 40.064019302 0.088229872 -0.300727703 0.791546458 0.524626099 -0.398396121 -3.104185243 -0.171141721 0.451122574 0.869022836 0.766699418 -0.943702508 0.587874514 1.376445351 2.123572888 -1.061850911 -0.423269701 -0.194930862 -1.614168029 0.655171038 -0.033699130 -0.954741329 0.483665297 0.010767988 0.202120251
4.110525600 21.701064421 32.041664378 0.479154399 -0.043098597 0.876596999 0.011457471 0.074713343 0.207501142 -0.431392730 -0.299510630 0.012290641 -0.557567399 0.367384263 -1.368383313 0.194327739 1.123445024 -1.827458471 -0.281009133 0.459081025 0.564422628 1.193103724 0.398574408 -1.083895091 -0.623085380 0.197032798 -0.248850656
-5.717246886 18.897443014 32.795284988 0.403904510 -0.311957335 -0.844144985 -0.164204179 1.482532782 0.654289847 0.692834017 -0.375936983 -0.119660819 1.563971657 -0.953402183 0.445932786 0.528573982 0.422473462 2.154029211 0.756084772 0.251457834 -1.424826332 -0.286221679 -0.328475530 -0.624917540 -1.223612370 0.786126206 -1.105478255
1.874506315 19.602093073 35.027121835 -0.568766174 0.328009382 -0.240141333 -0.715015402 0.264662731 1.452688831 -0.187260698 3.398476997 -0.230702954 -0.828036851 -0.121592237 -0.075055910 0.101575898 0.704411811 -0.816304628 0.513481181 0.486867200 0.936984943 -0.170033356 -0.357075877 1.611037504 0.332719773 0.909934057 1.302060409
3.553114085 14.002729644 30.569003640 0.290780351 0.844925605 0.103792058 -0.436777653 1.030215297 -0.890080816 -1.040322051 -0.571809850 -0.846741733 -0.064115486 0.053430763 2.507457962 0.226468134 1.774867044 -0.451037524 -0.954133635 -0.079169497 0.419328296 -0.645407658 0.177100369 -0.899089365 -0.650953489 1.316980066 0.681196039
1.183841141 18.374861149 29.787248960 0.791883350 -0.217238785 -0.088695719 -0.563791751 -0.037501152 -1.111076860 -0.825329521 0.161492712 -1.251622052 0.021456490 -0.646033926 -0.625312320 0.686201709 0.372498685 -0.125687742 0.806302653 -0.574642216 -1.308761151 1.514702622 1.068717205 -0.308155245 -0.193293153 1.454893692 0.171858165
-3.092398427 11.650311124 45.045657422 0.403353253 0.519147395 -0.679961930 0.324721279 -0.244070657 -1.690880365 -0.359249115 0.361877811 0.166883494 -1.686437733 -1.255222790 0.810363530 0.646002760 -0.940699454 -1.182039179 1.152015956 -1.188550060 1.514256705 0.018657454 -0.364781863 -0.188195054 0.939859523 -0.801699364 0.283444811
3.175386945 11.952198745 38.985609372 0.200310644 0.646463487 0.301323331 0.671688064 -1.543682224 -0.863343048 -0.135914294 0.822847841 -1.371055463 1.018561778 0.752242153 -2.183883149 -0.271667253 0.135346516 0.322822958 -0.734473082 1.639903276 -1.011517374 0.518737544 0.797877189 -1.554508487 0.839248484 -1.500052803 0.409428331
-0.531046974 21.630186722 39.671632850 0.018985520 -0.402457110 -0.883732817 -0.238084296 1.009498411 0.324399998 0.611844024 -0.435840529 -0.263260066 0.809818868 -0.238261745 -0.012675834 0.267180447 -1.060496920 0.068766364 0.632257436 -0.453484868 -0.346204009 0.174203070 -0.736577319 -1.375325740 -0.196874859 -0.127474844 -0.215462030
-6.367852729 19.168511450 35.430306011 0.529946495 -0.732604651 0.390971857 0.172012048 0.094565175 -1.451469981 0.590302185 3.028026798 0.235483457 -1.430385428 0.059914426 0.625181556 -0.256153790 -1.908567540 -1.018895507 -1.166978519 0.506654123 -0.898945120 -0.887438974 -1.185675256 0.540456791 1.563115773 -0.442073450 0.940121384
2.227690208 22.083721271 32.016163179 0.305492671 0.217281243 -0.908108614 -0.186552497 -1.516369439 0.178377711 1.917730164 0.202676931 0.218080495 1.490158289 0.297031243 -2.241423464 -0.480036019 -1.314189882 -1.071556938 -1.509511952 -0.140571061 0.262876052 -0.001433062 -0.502215610 0.568529835 -0.464820053 -0.297236376 -1.611871898
-0.868899528 15.723480351 31.252758056 0.499287794 -0.282491449 -0.626910185 0.527156428 -1.117818471 1.148677498 0.287317773 -1.385424233 -0.690422964 -0.387221569 -0.657620730 0.005840035 0.627439221 0.995239574 -0.349558170 -0.202348775 -0.016027725 0.369422091 -0.246518206 0.462129921 1.036781295 0.124790912 1.505329007 0.750996978
1.146393703 15.201308085 33.909181452 0.669466100 0.069363305 -0.543794579 0.501289665 1.696096511 0.849367149 1.032246105 0.219500385 -0.253475362 -0.976199699 -2.007566413 0.611613286 -0.038641659 0.259234500 0.812174815 1.879804888 0.235978245 1.123095975 -0.688851986 -0.385302532 1.625629549 -0.609933264 0.533575522 0.494056443
0.286938767 12.758043050 43.201887181 -0.454863296 0.741355245 0.229781717 -0.436683118 -2.688020817 -0.340989093 -0.905209467 1.393349281 -0.146739160 1.713418735 -0.864636012 2.001369203 1.171572683 -0.290275718 0.580328349 -0.137058255 -0.919319529 -0.131060847 -1.552151667 -0.773028787 1.059845162 0.624350287 -1.397137524 -0.615450945
8.718914821 12.569087080 39.406567181 0.877491888 -0.177092137 -0.081986928 0.438091891 1.530406781 -0.520921778 -2.376456639 0.500507730 -0.427944296 -0.484940316 -0.122561079 -0.777170827 -1.065527501 2.117660698 1.354888979 1.094939363 -1.452815311 -1.078668067 -0.807158714 -1.434953313 -1.348380333 -1.903990541 0.137138789 -0.104935584
-3.977759091 21.290978527 36.752399798 0.873739490 -0.376486237 -0.226924777 -0.208188768 0.309543143 -1.699774344 -0.909584791 0.079640815 1.064095225 -1.583649035 1.173666857 -0.827068534 1.511188283 1.306814896 1.063347528 -0.627327354 0.910022709 0.953647386 -0.432064033 -0.903356043 -0.754733377 0.835447942 -0.904452587 -1.278912847
-6.145403620 18.189582407 42.915672582 0.752033309 0.348053886 -0.505230276 0.240928959 -0.239737963 -1.603583002 -1.344648028 -1.167013133 1.886924803 0.012573511 0.973054361 -0.582420320 -1.107354936 0.772336905 -1.887790430 0.305029027 1.613369297 1.586073111 0.837257462 -0.490716316 -1.653161292 -0.779765327 0.851051878 -1.950439860
9.104759290 10.490463180 42.280762428 -0.089484627 -0.465894349 -0.190706881 0.859398535 0.654917877 -0.872537416 -1.221515774 0.472098732 1.068727771 -0.774792226 -0.681263301 -0.142519709 -0.554035501 -0.223801865 2.177181334 0.255403799 1.700807673 -0.357919065 1.778262073 -0.422224176 0.135927495 0.273640286 -0.759569945 -0.295242361
-2.139047118 15.461589528 45.628819109 -0.526923585 -0.029964503 0.834847752 0.156470108 0.500061153 -0.046612369 -1.114020718 -1.315910260 -0.546221315 -1.142974001 -1.096466290 -0.382688038 -0.010734187 -0.480658234 1.088124227 -0.181232652 -0.593002827 0.367619767 -1.046427307 -1.130136392 -0.341789788 -0.421460122 -0.250005672 -1.060948725
8.025478103 11.484189989 44.038351486 -0.824738975 0.022211729 -0.416093379 0.382333052 0.370242682 -0.421462632 0.170855205 0.275960363 -0.514286153 -0.167473092 2.642140276 -0.786253120 -1.683091479 1.763533379 0.667970675 2.053206420 -0.855334408 0.598142510 0.415788774 -0.493225179 -2.337845983 -0.859961371 -1.276000045 -0.719370548
5.097041767 15.692084517 39.368553723 0.464777785 0.166040513 0.648369912 -0.579679753 -0.757292964 1.082053262 0.147350365 -0.974342000 0.336070319 1.848761916 0.004480007 -0.781909549 -0.232675505 -2.126045981 1.417934228 0.532744304 0.136134840 0.076362741 -0.501884005 0.003209563 0.862135467 1.314715087 0.219706087 -1.085086669
1.012457373 10.910314795 39.735506181 -0.744241550 -0.600319281 0.234471430 0.175340880 0.565914760 -1.778371629 0.783235961 -0.323514071 -0.596635100 -0.571562049 1.184454409 -0.249853082 0.348494445 0.931691701 0.249197370 -0.507377198 -1.162606873 -0.615705424 0.993106410 0.481993928 -0.618508494 1.293020224 0.516399261 -2.339769180
-6.002657956 18.130397177 38.827347707 0.733393254 -0.661097595 0.129543165 -0.091120099 1.921959766 2.222414352 -0.463446953 -1.184469697 -1.634958013 -0.350263085 -2.131153722 0.085018726 -0.101794113 0.874233845 -0.002964193 -0.381348214 -1.221605497 0.516672321 0.218213300 -1.206786237 0.272551514 0.466307014 1.305181894 0.899506346
-4.315537394 13.679536959 42.025509760 0.007502977 -0.952675937 0.246585861 0.177616661 0.847057332 0.000140508 0.373223872 2.140260653 0.229358681 -0.669980909 1.404875119 0.603242286 0.713529624 -0.183447252 -0.172973712 0.506219987 0.569941550 -0.113806317 -0.422143451 0.119429185 0.959720989 -0.237130350 0.213723355 0.653038986
9.438742382 19.441653406 35.118548379 0.501696106 0.569781866 -0.247335409 0.602058832 0.076639838 -0.322194044 0.560376642 -0.479322227 1.659135980 0.256968832 1.022646719 -0.620014666 -0.007474862 -1.708495786 -1.364429878 -0.605246250 0.732304018 -0.238845350 0.299717184 -0.051575420 0.386047251 0.206688813 0.967613193 0.761703509
-6.468821399 20.870040050 40.670733670 0.824140601 -0.262934349 -0.064514997 -0.497489309 -0.744910404 -0.132554329 -1.104567971 0.371928625 0.006903579 -0.495712525 -0.968940842 0.274852598 -0.377793585 0.673878105 0.647677875 -1.256193028 -0.005001514 -1.273256059 0.301774705 0.770622472 -1.582787764 -0.214708071 0.763141656 -0.531856116
-5.825300197 21.706214287 38.769283844 0.385303508 -0.117551994 -0.714069400 -0.572562335 0.303354848 0.992516111 1.127019617 1.611105873 -0.530969966 1.866987450 0.741781690 0.266534822 -1.145979785 -0.456085416 1.036984225 -0.335553442 0.042305529 -1.605186679 -0.234893163 0.482095964 0.559068011 0.596473912 1.959899299 1.347116680
-1.254328710 21.965443594 31.560047758 0.961318174 -0.210026093 -0.143811693 -0.105235950 -0.142923000 -0.374035624 -1.956828013 -1.169296113 -0.411289680 0.277173725 -0.353902858 0.753802013 2.508744416 2.216402880 1.707361568 0.587796571 0.648706144 1.013079024 0.218275495 0.616460996 0.820198685 0.976284891 0.427082706 1.630174749
-4.656652466 16.575795250 46.049682485 0.430965564 0.034525760 -0.580730879 -0.689803089 0.428022766 2.100278050 2.289162060 0.895777765 -0.483716866 0.383499705 -0.001428357 0.858422686 -0.018890208 0.373569945 1.470893502 -1.147300219 2.393870287 -0.247403461 0.827561351 -0.171158684 -0.312936535 0.383532239 1.340483422 0.129459017
0.807664341 22.889479090 38.004170862 -0.345721635 0.041120846 -0.478989946 -0.805825203 -1.118339121 0.584455250 0.171566842 0.652404218 1.249688141 -1.305792230 -0.147447221 0.122395718 1.302322814 1.283798033 -0.957981191 -0.887678812 1.231952555 0.175083698 -1.064508679 -0.476703374 1.098104316 0.630794674 -0.340611811 -0.438763256
7.662458447 20.316911106 44.189787637 -0.747205704 -0.620367838 -0.058376403 -0.231126756 1.023546447 -0.896871343 0.883330115 0.218468244 1.823053197 -0.892413139 1.401427274 -0.562016643 -1.143744052 0.966514837 -0.536474098 0.016595097 -1.126147439 -1.696778007 0.680365322 0.603278388 0.835989959 -0.530014812 -0.828152033 2.309733393
1.590376448 6.370740881 35.370875191 -0.310724246 -0.152495308 0.203104169 0.915939037 1.144331043 0.545701732 -0.497806726 -0.407383913 1.120256301 -0.349532662 -0.632302707 0.061994476 -0.218394865 0.676265875 0.089787252 -0.245197507 -0.461427634 -0.401050311 0.633890249 -1.343836896 0.384700219 0.812244232 0.108543759 -0.888413142
0.615587378 7.221537955 34.578696933 -0.448099543 0.830208521 0.206028419 0.259832450 0.135434985 0.655442759 0.927253372 -0.422187701 -0.804710400 2.399374423 0.731048120 -0.823037878 -1.104007019 0.111731887 -0.086847712 0.703363684 -0.068882060 -0.408294385 -0.616638232 0.369746117 1.144306693 1.673142279 -0.345894549 1.245533292
-0.671651147 11.202511817 42.344190021 0.096370330 0.657179254 -0.652093050 0.365517223 -1.326284152 -0.583442671 0.514465559 0.300542140 -0.300456378 0.465081864 -0.975187872 0.464256150 -1.372378256 0.284930298 0.841860020 -0.436965743 -0.001447342 -0.526878415 -1.054814078 0.367932571 -0.439833065 1.424455086 -0.199419115 -0.076788865
-3.878424869 11.082958687 44.859263809 -0.065363296 0.899167068 -0.419406186 -0.106417453 0.036762869 1.713265026 0.438813213 -0.109784973 1.459554902 -1.113130057 -0.301246203 1.470131257 0.331515638 -0.555611039 0.407431285 -0.073146445 0.991038262 0.158049520 -0.799457345 0.777779612 0.111854040 0.859948121 1.033303066 -0.243936544
-2.742875865 11.610757899 31.268411278 0.269960263 -0.411820769 -0.870286493 0.011248552 -0.682619211 -1.104540819 -0.999077994 1.476193879 -0.783623059 -0.484234584 -0.212276671 1.961009348 -0.042704020 -1.909310093 0.293750968 -0.775174426 -1.540303691 0.159486405 -1.110978230 -1.631269750 0.228850425 1.867038309 0.411052795 0.473409916
5.179160001 7.691220313 43.495715044 -0.498981650 0.343937474 0.679413946 -0.413667762 -1.289823353 -0.452040241 -1.228383519 0.072528450 -0.668464722 1.123030638 -0.570451573 1.548915866 -0.903533420 0.089311760 0.284950323 -0.018469424 0.293952078 0.094175954 1.551035281 -0.332086374 -1.477467489 2.109257656 -1.760074070 -0.160229266
2.687047456 24.661482998 38.492455467 0.122647493 0.690681761 -0.380797095 -0.602420011 -0.233404056 0.551322025 -1.766266407 0.163288842 -0.103380741 0.287656261 -0.881691974 0.051767543 0.805386477 -0.299103644 -0.061152084 0.425913489 0.536548321 -0.930420975 -0.628928414 -0.159219852 -1.826249329 -1.391795999 -1.063160532 1.747958578
2.912407348 14.287881170 47.132402482 -0.560894599 -0.011947792 0.721657368 0.405543022 -0.367567238 -1.531329735 1.696589711 -1.225445168 0.246522683 0.432293139 -0.337307101 -1.020748297 -0.813636054 -1.942645898 0.361242612 -0.706203161 1.060329883 -0.416942047 -0.209596316 -1.254993510 -0.716291178 -0.295316107 0.125818250 -0.102526398
1.841289825 22.379378705 32.514393152 0.617930246 -0.371519456 0.352557435 -0.596522221 -1.050803487 -0.858473838 1.878327075 -0.935094279 1.193108254 -0.051875007 0.055457620 0.059674200 1.153380941 1.358164268 0.162820606 -0.965141019 -0.657180446 -1.862593500 -0.143201353 0.473242008 0.159903958 -0.175681315 0.081346507 -0.850510641
1.962138752 20.497035088 37.958089147 -0.172623488 -0.278524356 0.061458886 0.942787420 -1.856311357 -1.325604653 0.016413202 0.440157419 0.749686675 -1.128011822 1.193148905 0.757198625 -0.510167095 0.577176223 -0.619200270 -0.005093412 -0.970787012 1.865304200 -0.996616566 -0.860981610 0.024904000 0.763976108 -0.071335221 0.834762579
-2.050105154 15.976795272 47.273669598 -0.494465913 0.775859731 0.071376203 0.385292845 -1.266740609 -1.027273463 1.654708340 -1.450597075 -1.049876928 1.181514395 1.688382201 -0.221344433 -0.461501934 -3.457773637 0.617707393 -1.493823915 -0.880412080 -0.023701408 0.934442330 1.146571367 -0.618401539 -0.077487630 -0.517511400 -0.592746569
3.653511882 15.098188944 48.260004391 -0.850151202 -0.509603391 0.046950447 0.123866757 0.793839327 1.631769626 -0.597043005 -0.014077752 -0.634302114 -2.207419918 2.123346694 -0.936402631 -2.115183727 -0.168333201 1.098695384 0.332888877 0.309123509 -1.162536674 1.210221974 -0.693775855 1.499285092 -0.472600976 -1.126774753 -0.964156781
6.744744073 19.791425586 42.453203172 0.821060632 -0.490181746 -0.106513622 0.272463105 0.869796426 0.597443180 -3.271055463 0.650723112 0.567075413 0.556396670 0.567944887 -1.720398000 -0.895098675 1.970130354 -0.762882601 -2.034546308 -0.221975703 -0.963019919 0.313615335 0.369578167 -2.410342186 -0.416973887 -0.221004270 0.377478891
0.530314166 7.128718036 39.045590910 -0.127413074 0.100359760 -0.831247290 0.531715873 -0.376942099 0.087107377 -0.835756253 -0.598704787 -0.800948071 0.381570634 0.893726262 0.270638273 1.764065094 -0.012611586 0.611690635 -0.333289133 -0.642247874 -0.063901757 1.046920792 2.730627635 -0.032279343 -0.868158486 1.139467206 -0.613205291
-0.408388927 21.155109736 35.635350223 0.894775527 0.064957921 0.441458648 0.016476847 2.061092272 -1.817730589 1.649953672 -0.031619700 -0.694476106 -0.715957412 -1.006811738 -1.107953259 -0.187808657 -0.107989679 -0.328526666 0.574998575 0.288376494 0.455817162 -0.874388787 2.365444885 1.758228148 -1.317472750 -0.059435495 0.824375811
3.548702234 20.972697920 38.310861587 -0.086191085 -0.918454226 0.378896297 0.073827692 1.551146836 0.276069711 -0.748242705 0.720166196 -0.135908938 -0.209685055 1.106004483 -0.524330255 0.342040783 0.032024862 2.279260279 -0.038477431 -0.059978426 0.793358997 -0.007194743 0.836399314 0.048090842 1.972218742 0.525763911 1.291307092
1.641142746 16.224344313 31.915073907 -0.317554490 -0.837514840 0.306983274 0.321697542 0.725346664 1.166706836 -1.068195919 0.955869731 -1.085171674 -0.870222908 -0.917787706 -0.893251291 1.260723213 -0.087739932 0.351460157 0.747416464 -1.600922575 0.593818275 0.673285603 0.044590680 -1.556027948 -0.844234518 -1.093581824 -0.059904908
-1.040216917 13.202923715 43.008583768 -0.284084561 -0.860370437 0.139460758 0.399511413 -1.884870952 -0.447797371 -1.336632168 0.287723209 0.395414131 -0.318355579 -0.785554120 0.076436785 0.648113676 0.584062947 -0.204476319 0.285879759 0.652222864 -1.018009769 -0.848824093 -1.330196643 -0.299258487 -2.324956820 -1.559045609 0.253363193
6.151982071 14.226762424 44.715561016 0.192343198 0.783511254 0.398302931 0.436427524 0.061419316 -2.265157739 0.412724713 0.229014555 -0.286345863 -0.714122413 -0.431791968 0.120834445 0.027606060 -0.017995949 -0.203096015 0.548816129 0.590539546 0.295571767 -0.535248622 0.450134432 -1.385167769 0.163143091 -0.984453893 -0.433128772
0.529552937 6.668948243 36.968245621 -0.139350167 0.481068950 -0.214617203 -0.838506799 0.184898752 -1.053661742 -0.777368109 -0.117949235 0.859990034 1.996208723 -1.056933948 0.711822814 -1.192534669 -0.169631425 -0.666863311 0.840954213 1.967675780 -1.669736365 0.675950205 -1.336802177 0.023839264 0.158514398 0.147071690 -0.170809315
2.337861328 19.198372825 30.267088571 -0.795100065 0.268383198 -0.485982250 0.244146674 -0.938362440 -1.385764058 -1.612416238 -0.750156012 -0.093384866 -1.018353904 -1.768510859 -0.627697862 -2.092425122 1.344966482 -1.299491803 -0.676182315 -0.803489201 -0.516979011 0.299570476 1.959835692 -1.152154687 0.080642836 0.418294350 -0.723172874
-0.771476540 17.770790964 38.737569950 0.885977294 -0.424918368 0.176179251 0.058732331 0.760947673 -0.320047755 -1.075518236 -1.015735338 -0.684029154 -0.111734322 0.050504502 -0.936999670 -0.874939515 0.192543815 -0.247217497 1.278960243 -1.314394111 0.037846514 -0.338719053 -0.497786312 1.940394720 0.736187848 0.468984169 -0.882806320
2.688096249 17.526155782 41.890091884 -0.931690774 -0.301462520 0.186889495 -0.078389844 -1.003778850 1.270430636 0.072007424 -0.278574464 0.492394771 0.426375979 0.133151645 -1.620786488 -1.159407316 0.049920973 -0.448786026 0.822465317 -0.129221889 -1.483700174 0.523322679 -0.016896429 -1.236603862 1.320774658 1.682250725 -0.007754085
-2.973665997 11.336420412 41.805150308 -0.752429224 0.576529796 -0.296106165 0.117408672 -0.878916932 0.497737758 -2.891034245 1.315441687 -0.401358440 -1.798961008 -0.785062814 0.481484115 -0.188499583 -1.222303377 -1.381587137 -0.327768179 0.367847806 0.302315638 -0.581959680 0.376589944 0.142496503 0.367209493 1.762782943 0.342069996
8.274216280 20.058264724 41.010141366 -0.232010884 -0.502314052 0.800197201 0.231378437 -0.184379701 2.406961416 -0.359863234 -0.035389652 0.834523882 1.074769632 1.443306791 -0.860292412 -0.702373134 0.933573780 1.156319309 -0.496467464 -0.855924951 1.130051971 1.308687173 1.605288776 1.886881292 0.199598867 1.345424492 -1.048346146
5.526735819 19.054928986 32.726564712 -0.501623834 0.808402073 -0.272850270 0.142871786 0.973384064 2.255944097 0.264269915 -0.884206643 0.616401889 0.231524207 0.779868143 -0.804756461 0.497946382 1.161096347 -0.486881661 0.316293655 0.489973490 -0.763710662 0.238232672 -0.840546051 2.146935947 -0.954403802 0.665459181 0.311412097
9.845999019 19.248514588 40.042328493 0.628157869 -0.256078647 -0.282764837 0.678148557 -0.360567401 -1.219880407 0.494495796 -0.017416392 -0.787551536 -0.129568142 -1.273935816 1.130593291 0.258851614 0.767310521 0.742039109 1.073847601 0.141575242 -1.394405133 -0.603475475 0.357748338 0.794444865 -0.392171061 0.453786697 -0.575626323
7.202417539 13.885024185 36.851786157 -0.006859291 -0.094656107 0.782394105 -0.615510062 0.257580032 -0.724260335 0.512896526 2.322214096 2.151829839 -0.135506126 -0.999310713 -0.417185767 -0.194358373 0.417767412 -0.598427479 -0.338559143 -0.985643624 -0.132485623 0.189618895 -0.764210062 0.295834980 -1.688809199 0.023221192 0.246295165
5.203252972 13.498546673 46.241149495 -0.011097020 -0.284237517 0.229329216 0.930856595 0.588816668 -0.523866795 -0.645169799 -1.012547701 -0.260799331 -0.940150296 -0.969524821 0.107742229 0.607090503 1.193400113 0.175403178 -0.512140621 0.205117633 -0.886076657 -2.680422515 -1.395905908 -0.875570818 1.961123411 -1.467875112 -2.178114297
5.427795724 20.102940715 35.568377243 0.426236445 -0.420220216 0.087316689 -0.796312287 -0.119422245 -0.203031840 -0.867238174 -0.610960782 -0.786365202 -0.881140836 -0.518811787 0.776251126 -0.271160760 0.614925934 0.323029420 -0.598454948 -0.112068839 0.123609321 -1.473398071 2.037426407 -0.069552654 0.173021405 -0.336957883 -1.227971072
-0.539835167 20.105959883 32.521085729 0.306031466 0.504854991 -0.577916850 -0.563452122 -1.011879044 -0.609360529 0.424115272 2.412107152 -0.961160768 -0.192379879 0.386906901 1.157829826 -0.097774786 0.011649963 -1.516460919 1.191980742 0.134554932 -0.456583729 -2.307435778 -1.741804043 1.375611538 1.079796462 1.557324714 0.211818117
6.391670725 11.360314718 41.866982208 -0.678359049 0.594317239 0.310255608 0.300595206 0.248422415 -0.021622537 0.827147783 0.231809243 0.976903623 1.885970444 -0.706131025 0.617919268 1.095563638 -1.058257545 0.123859108 -0.837673723 -0.735990980 0.403562739 0.149246937 1.889031685 1.429379309 -1.314408644 0.595649606 0.437015237
3.081264042 15.951099414 45.110042470 0.101502502 -0.783067868 -0.589060855 0.171782612 0.067713111 1.831483528 0.421852571 -0.194463518 -0.267503274 -0.821113649 -1.972315128 -3.208450198 1.031141343 -0.952407612 1.462971597 0.302995157 -1.665536882 -0.875586319 1.808904126 3.192045575 -0.916755392 -1.545312037 0.637494915 2.388237153
0.782061217 20.223248334 40.723061049 -0.783075394 0.288527664 -0.231373601 -0.500010971 0.647687183 -0.015376120 1.205554215 0.278000907 1.733013659 0.660636110 -1.105116837 0.477029030 0.288553815 0.548170910 -0.980733731 1.718581531 1.448560883 -0.054720120 -0.779810654 -1.068569815 0.125289131 -0.643857430 -0.479108989 0.901799217
7.700870536 20.256049880 41.025375747 -0.171095514 -0.951742854 0.253358100 0.026861450 -0.160920694 -1.142807898 1.428219799 0.889883133 -0.546246537 1.222484207 -1.172393857 1.059417859 -0.420330250 -1.056429689 1.271213559 0.026178646 0.118252839 -0.479114516 -0.342211106 1.480904566 -0.524203853 -0.126938624 0.616305390 -0.677463516
9.912655149 16.812016814 33.408386981 -0.324762595 -0.651465063 0.157637485 0.667287758 -0.367656276 0.611303568 0.158968760 0.357936925 0.403791319 1.234778624 0.097878815 -1.010237937 -0.831700542 -0.429705387 -0.477212283 -0.073579359 -0.852497751 0.174067770 -0.293943093 -0.397093723 0.954285272 0.866224257 -1.046135855 0.424136800
1.743398312 11.220845326 42.799599925 -0.577772498 0.787559854 0.211113922 -0.036869079 -0.364558663 1.926222537 0.519201803 1.521279254 -0.981487438 0.684022650 -0.234123697 0.761307143 -0.675008168 -0.325579540 1.319982638 -1.233139313 0.379941423 0.407849151 -0.191032161 -0.449197184 -0.737711683 1.187774216 0.573669317 0.480318881
10.455651033 17.101301586 40.065893122 -0.465184240 -0.194073828 -0.827338589 -0.247890764 -1.186824734 -0.556153465 0.292677201 1.555717735 -1.883970068 -1.170267912 -1.236538310 0.312256311 1.532190415 -1.059484353 -0.158265146 -1.300037048 -1.495204557 0.789281291 0.110955523 -0.474849491 -0.018740239 0.519061842 -0.726280399 -0.862630014
-2.275689694 18.084076873 46.437708535 -0.751967905 0.111660463 0.034375330 0.648763861 0.263290742 -0.775705163 0.202296011 -1.286625894 0.210523056 0.454015825 0.620144149 2.275728228 0.424050759 0.613323159 2.385970068 0.189495737 -0.338060091 0.622811613 0.318993719 0.632497941 1.630098064 -0.372217194 0.258530062 -0.610400891
1.438645934 22.579716159 41.513269250 -0.081065517 -0.089099024 0.961238996 -0.248010763 -0.645595840 -0.124117825 0.101587894 0.563171983 -1.485549879 0.065138242 -0.489232028 -0.927379972 0.628153916 -0.783427981 -0.188921142 -1.149564760 -0.447650325 -1.402665462 -1.310647924 -1.193440269 -1.857652212 -1.179639794 -0.720137978 -0.173099736
-5.929924830 18.255832288 43.335134594 -0.685645266 0.122255695 0.692438998 -0.188341042 0.628019658 1.537078247 -0.943691974 -0.191778695 0.552374737 -0.218896923 -1.737869001 -1.799865409 -0.567390926 -0.945149513 -0.075329573 -0.158523881 1.702980400 0.855006869 1.057107127 0.768801892 0.540314219 -0.234485297 -1.548834746 0.220805251
4.164795508 10.392925520 31.163332946 -0.071606236 -0.142677451 -0.436255887 0.885548696 0.441360619 -0.458552350 1.046167231 -0.971875877 -0.424517890 -0.198733784 -1.807249311 1.848987956 -0.685949940 0.905427921 -1.159354202 -0.587438109 -0.130086130 -0.681251170 1.362969079 0.431583660 0.030772309 1.693036968 -0.247227182 0.255177630
4.285422424 13.151159196 36.093061416 -0.405708225 -0.346659410 0.698667948 0.476540856 1.101901918 0.070041112 1.237871015 0.898315685 1.322479765 1.530864348 -3.035799188 -0.608601411 1.772870479 -0.594189419 -1.484278487 0.040802508 1.922856825 -0.558408833 -0.840064988 -0.232414785 0.010594566 -1.016552545 -0.861667071 1.650140010
8.564176212 19.606681174 41.082407640 0.250340847 -0.613924877 0.630618303 -0.403418221 -0.564464394 -1.003318798 0.561805620 -0.591627312 -0.287078143 0.685022052 -0.996597291 0.402933446 -1.117855314 0.808044131 -1.121854608 1.120489392 -0.083935393 -0.519171652 0.468081825 -1.035956136 0.590063235 -0.429521478 0.000471037 0.216712154
4.129657326 21.338318587 43.361493199 0.467066657 -0.220522774 -0.642916948 -0.565576027 1.363441847 0.243491561 -0.915902903 -0.849735931 0.015995167 -1.830014287 1.271733597 -0.221317519 0.919473577 -0.310236507 -1.656249937 -0.105713331 -0.225611762 1.232072819 -0.171298363 -0.311871141 -0.924059369 -0.052364951 -0.123076345 0.144674328
2.373401732 12.680309476 31.617506254 -0.500368448 0.256042423 0.777798277 -0.281253504 0.290372141 0.822182658 -0.390438430 0.996749468 0.011116766 0.107203106 -1.068634081 -0.343790341 -0.868328698 0.893126313 -0.882707768 -1.101049999 -0.033705926 -0.540574181 1.838737177 1.338342831 1.762965433 0.366825668 -0.211811471 -1.080450908
-4.566167169 19.647777614 44.450221548 -0.141017856 -0.268964274 0.945263463 0.119369884 -1.489928769 -1.010612768 -0.860131644 -1.892484517 1.434219136 -1.336225548 -0.974512726 -0.234926095 0.554641621 0.148994698 -0.318349684 -0.057094960 0.784646064 1.274780150 1.560823789 -0.882649236 0.237589788 -1.203752048 -0.166368304 0.153989037
5.778055258 22.757648885 37.949425889 0.512979158 0.359235074 -0.257468350 0.735875393 -0.401679189 3.686626576 0.334283650 -0.554885276 -1.458454585 0.134349315 -0.471914924 0.788083904 -0.806807003 -0.576628535 0.562195512 -1.262748938 -2.823433634 0.162591774 -0.909423811 -0.228658402 0.324525713 -0.645004769 -1.036086138 -0.160320430
2.699188468 8.895542577 40.757637664 0.187731791 0.574223908 -0.617829328 0.503299711 0.353062329 0.713382877 -0.053553251 0.763918249 0.588390686 -0.858874501 1.604424473 1.491411046 -0.240982423 -0.101138302 0.130836394 -2.585895982 -0.234042934 -0.038189128 0.549798512 -0.816684404 0.150824275 0.924122070 1.172729204 -0.643742031
8.919657660 15.611694740 36.245446428 -0.853940926 -0.027854972 0.288924110 -0.431893338 -0.920777163 -0.653200641 -1.454236125 1.060009765 -0.863385268 0.750045895 0.185327959 -0.683220593 1.142160938 -0.994361857 -0.875523113 1.843151461 1.177718057 0.073099846 0.621575147 0.392133249 -0.519887570 -0.118558736 -0.915359678 -0.068754718
6.528123293 22.642980751 33.873465947 0.238160566 0.681907679 -0.063850969 -0.688625091 0.767636268 -1.288755947 -0.769827683 -0.003133382 0.357790600 0.668636305 -0.731924327 0.833048333 1.214933174 0.221878084 -0.396044190 -1.564491938 0.572146257 -0.587752293 -0.604500554 -0.192222298 -1.090190817 1.550874476 0.723396519 1.289113761
-1.910119853 18.574510402 33.333059090 -0.071501040 -0.443485846 -0.885662448 0.117515674 -0.168459631 0.120914043 -0.642143785 -2.307180669 0.570828553 0.492326109 0.153133621 1.097709726 -1.673315901 0.105659637 -0.550692679 0.814103630 1.127191122 -0.873985602 0.333466843 -1.074769927 -1.364923354 -0.312511316 0.591875749 1.067183477
0.592661012 22.549980982 33.287853493 0.676878863 0.124847902 -0.417613488 0.593166908 -0.096322370 -1.411959170 1.038910387 0.765649338 -0.596933042 0.510040708 -0.663032467 0.626303287 0.518429505 0.499587743 -0.081051540 -0.708411749 0.077091322 0.165263074 -0.578149234 -0.418644973 -0.961815120 1.451642621 0.496053201 1.272687838
8.296116331 12.696169562 32.859076542 0.016454671 0.247127616 -0.686100722 0.684048963 0.679909121 1.590469852 0.902987919 0.047665464 -1.363741281 0.135697710 -0.257804776 -1.289527784 -0.384516962 -0.094648741 -0.879271732 -0.779487652 -1.117761700 -1.305635523 0.208404454 -0.406596773 -0.812013066 -0.210773431 -0.472188178 -0.230738165
3.744680602 14.769935033 30.182864023 0.794890213 -0.413038522 0.069599577 -0.438981352 0.926723658 0.207647557 -0.717881372 -0.210091206 -0.346308138 -0.049152405 -0.850736559 -0.485822108 0.207485417 1.149909668 0.626206656 -1.244544543 -1.028345635 0.100830174 -2.204636014 -0.440001900 -0.263364120 -0.814898081 0.781251832 -0.573797926
7.465703963 12.960447817 41.058135879 -0.644731086 0.207902939 -0.424496735 0.600750128 0.467742251 -0.298752232 0.518526965 1.923721300 -0.451794575 -1.193483773 -1.452585201 0.620912882 0.224270444 -1.358323932 0.801695783 0.466838482 -1.375710949 0.279742212 0.677525894 -0.351141730 0.799976424 0.611810882 -0.598741364 -1.622760683
-4.158490901 12.436831354 43.264290440 0.313766150 -0.163438361 0.598897562 0.718443050 -0.439275774 1.400144507 1.049998797 -1.105960444 1.402181163 1.296651048 -1.559449848 -1.361125193 0.556209056 -0.261474020 1.109234217 0.812054941 0.482127080 0.067543817 1.111847087 -0.174768233 0.564773244 -2.574533220 0.525466012 0.434672191
9.500423525 13.182446332 33.672260538 -0.433536137 0.006337427 0.889693521 0.143009416 0.175939740 -2.034843813 -1.058014109 0.013767741 -0.651312685 0.078273187 1.036700492 0.868347594 -1.116064616 0.341689998 -0.006898085 -1.249366850 0.102129235 -0.903372092 -1.094148868 -0.574791609 -0.349134275 -1.687391577 -0.174199442 -1.045461803
-5.864452742 16.964898813 37.372874687 -0.344183252 -0.819881210 0.325630177 -0.321399563 -0.267635619 -1.077090637 -1.573502650 1.067742161 1.223894135 -0.598071552 -0.137420012 -0.039737563 -0.772741663 1.298815560 0.047091700 0.827543882 1.235066199 2.739120170 -0.355695948 -1.306704484 0.103195790 -0.040368180 0.299581783 -0.874044673
4.759485075 7.979437141 34.987491363 0.728025933 -0.207961616 0.489625664 0.432431400 -0.130493035 -0.424068313 0.123453233 -0.079457694 1.132592706 -1.857649972 -0.084641113 -1.874519671 -0.538116268 -0.198006131 -0.555785592 0.543057797 0.006290573 -2.032719438 -0.023924284 -1.189621612 1.252702648 -1.128894102 -1.195952094 0.393938435
8.132813531 23.240101444 39.578387815 -0.435423682 0.212713756 -0.750115156 0.449984809 -1.114183838 -0.086918729 -0.601276753 0.521957641 -0.479121762 0.727155138 0.420081350 0.621401409 0.674610305 -0.433160624 0.722688658 2.158209548 -1.195932172 0.050859973 -1.169170306 -1.997235339 0.118619135 -0.959990313 0.798202678 -1.100967660
-5.163682499 20.036836303 38.809101487 0.287361391 -0.367629550 -0.015121977 0.884332104 0.505235728 0.784024548 -0.799696553 -0.273491250 0.223031571 0.153455448 -1.231493180 0.336760143 1.028895646 -0.037807674 0.689325575 -0.503217858 0.610749908 0.664670328 0.390148145 -0.152815957 0.688690120 -0.026389886 1.300682574 -0.752298958
2.798962735 10.293592860 36.308684028 0.567592697 0.071857909 -0.602588886 0.556382608 0.882163784 0.188545872 -0.215505784 -0.412324719 0.075701152 0.342873516 0.526101553 -0.403033997 -1.097860278 -0.225261303 -0.479493716 0.350749051 -1.286475950 -1.085142666 0.794338303 0.749513610 -0.321164189 -0.834552948 0.499171312 -0.132175213
4.178343065 17.891366873 45.369234174 -0.857676290 -0.232044330 0.088792695 -0.450180705 -0.922724898 1.243744305 -0.150939560 0.452335092 1.940898256 0.133304139 1.751940974 1.238167270 0.832088229 -0.388703116 0.550796719 -0.574127009 -0.703488404 -0.086310827 -0.005252294 0.124423282 -1.175114629 1.295390869 -0.202538982 0.539293761
3.694734379 16.343090740 44.569913805 0.017107609 -0.911778879 -0.389250817 0.129809118 -0.024135371 2.222480793 -0.876944729 -0.383235876 -1.903554425 -0.391885637 0.746063169 0.125619308 -0.157036616 -0.288576923 -0.045605617 0.972959534 -0.735000632 0.868322867 0.952374771 -0.124638652 1.237331932 -1.267443383 3.460805831 0.605415662
-2.958987530 12.270870315 45.562698052 -0.840786064 -0.181702721 0.330494396 0.388376582 1.077045331 1.292652072 0.666806097 -1.001937421 0.527812862 0.559078017 -1.599578543 -0.066904717 -1.859945477 0.657699180 -0.067789656 -0.826941788 -0.901394017 1.569487403 -0.087771259 0.200686470 0.039395348 0.283456095 1.759770421 0.122884595
0.796148388 25.088434226 41.070953929 0.429799262 0.440487764 -0.656015986 -0.436905196 0.111587458 1.934119381 2.163445387 -0.616607251 -1.115923418 1.324570929 -0.098317269 0.497146604 1.688429284 0.721023300 0.324327821 -1.711229593 0.177478146 -0.821901895 1.734281857 -1.478152517 1.503794034 0.006602867 -0.200184945 0.590677133
-0.632581546 17.941027516 30.100000382 -0.475941068 -0.571990506 -0.651372192 0.148395515 0.967058276 0.195530067 1.609047098 0.165374862 -0.517701373 -0.134434991 -0.631159036 -0.862963637 -1.533405512 -0.062430079 -1.037829354 -0.832878769 -0.617157145 1.297237318 1.759175200 -1.032273971 0.286526216 0.112989676 1.010223777 1.677001521
7.869223807 18.750030013 39.046679724 0.629540260 -0.716126569 0.106220352 0.282062112 0.923059380 -0.552330471 0.102603816 1.554149383 -0.934452547 -0.449452818 0.665791814 0.301601191 0.541678210 -0.557772514 0.487615848 0.043145675 0.962413019 0.961237778 1.486551883 -0.521952968 0.081250822 -1.017521426 -0.427379358 -1.279762606
9.167074001 20.459936458 37.190407504 -0.519452440 -0.029977561 -0.853518014 0.027883849 -2.080637692 1.412431683 -0.858580267 0.502494819 -0.452464412 0.261489677 -0.616966559 -0.445594996 -0.075634523 -0.901899173 0.733143848 -0.442906874 1.688217326 -0.052943184 1.138412977 0.535004751 -2.161491183 0.010461870 -0.273537504 0.355787353
5.650700615 12.843660282 45.182668748 0.383377712 0.234072486 -0.543503561 0.709108934 1.006066552 -0.139334389 1.242655394 0.274950171 -1.575735995 0.336026610 0.397651343 -0.735558390 0.892055110 -1.286057804 0.954778077 1.737603645 0.648264827 1.114927556 0.094486581 0.845290335 0.094034783 -0.611517918 -0.175633801 -0.724843946
3.167020790 9.888062019 41.198143611 -0.020330647 0.429566172 -0.749181888 0.503771840 -0.424017846 0.437672834 -1.697959898 0.640447513 -0.046609669 0.816470953 0.142971323 1.004485914 1.245811005 -0.259898449 -1.051114392 1.037284770 0.883432466 -1.158648002 -0.295289947 -1.671601308 -0.217781445 -0.346135831 -0.972225486 1.288047823
0.878675288 17.993206637 47.581878819 0.252797686 -0.417548921 0.405645522 0.772785830 0.352736649 2.833276665 0.555859097 -4.264258896 1.070409938 -0.621876011 -1.180386589 -0.636933949 -0.292447806 0.669224754 0.650598722 0.098287838 -1.023169198 0.291725025 -0.770122683 0.522358629 -0.531780602 -0.155089523 -0.541684118 0.313480230
9.571467012 14.685699579 42.098126139 -0.207110901 -0.018451326 -0.068396570 0.975749216 -0.923025692 0.326420296 -1.091830155 0.620425924 -0.178771331 -0.424628170 0.219867496 0.219518767 0.728145753 0.340126808 -0.399469134 -1.348362606 0.132143989 -0.651919264 -0.302032208 -0.782417961 -0.412110677 -0.294853075 0.896191547 -0.496519874
-3.316747955 8.937966678 35.703416302 -0.606506862 0.587922888 -0.152454370 -0.513082614 -1.543348807 0.068763768 -1.658463919 -1.048110757 -0.232601320 -0.003582757 -0.156220800 0.944526433 0.454165194 1.440710662 -1.089164304 -0.199376462 0.565201165 0.898338241 -1.632305040 -0.483131498 -0.949958482 1.690098457 0.015864379 0.742273033
6.324621342 8.942610749 36.608681449 0.062001520 -0.548600637 -0.397651259 0.732848299 0.075504715 -0.156325902 0.006202309 0.364844774 -2.551034544 0.146431973 0.922842453 1.784989057 -0.174594867 -0.837834582 -0.451098926 0.200809042 2.154177049 -1.577462860 2.014407709 -0.695455754 -0.030189484 -0.197322057 -0.304066762 1.017464451
3.703403710 23.046588814 34.295768212 0.778952298 0.460696543 0.004247931 -0.425410353 0.032019563 0.022348002 -1.404068973 -0.665066674 -0.378139199 -0.731150929 -0.005748157 -1.282833488 -0.563093818 0.532275856 0.070754864 -0.411676763 1.607813915 -0.242353993 0.968664034 1.738805000 -0.646118134 0.725260133 -1.146562091 -1.289015681
8.225086368 13.540197138 45.851278558 -0.776594731 0.379009868 0.080361373 -0.496783849 -0.027353841 0.453756086 0.302195977 0.385041653 -0.514380738 1.336011609 1.025106245 0.957786790 0.398143619 0.440092586 1.709667716 -0.768170938 -0.132766515 3.361799494 0.246140176 -0.810229134 0.533834411 0.982434583 -0.099393655 -1.314653272
-6.763323642 17.832083057 35.010068943 0.679937233 0.080913989 -0.418215149 0.596853730 -0.199788673 -0.145163625 1.228459007 0.837626342 -1.325560270 -1.113759450 -2.258594673 0.311363359 0.991568772 0.035263891 -0.347911499 -0.956778590 0.589556945 0.985859664 0.477500930 2.369680752 1.838148639 -1.943844981 -0.016114571 0.698220245
3.239019470 18.566353238 41.601678188 0.348597473 -0.244371539 0.460400633 -0.778969582 1.627458679 1.039691509 2.033092999 -1.539605322 0.384718737 0.051508654 -0.990018153 0.494482062 -1.529902017 -0.201593228 -0.715278152 -0.723410854 0.938652853 0.443907330 0.279867813 -0.829502099 -0.441808401 1.090913543 -0.230831728 -0.132811043
3.206381584 21.740924101 39.969860523 0.539024320 0.087778901 -0.836131757 -0.051296510 0.426378055 0.790252504 -0.337753011 0.805293922 1.158169112 1.967765160 0.133366289 0.779115479 -0.995494687 -0.616363491 -0.994538945 -0.066399573 0.382250198 -0.437786936 -0.450824001 -0.006727518 0.148111426 -1.370144003 -0.863744619 -0.609997468
-0.832946563 13.294022408 32.223417595 0.210831137 -0.834033158 -0.504471413 0.073807290 -0.214624356 -0.566353916 -0.100673945 -0.915612383 1.625458414 0.016769192 -0.648421518 -0.088015091 0.422533531 -0.176045246 1.538647389 -0.845294526 1.066676061 -0.697580954 0.180707657 2.673834864 -0.162613798 0.501288736 1.066043790 0.166817352
-5.767819335 9.990312623 40.766157454 0.399996311 -0.559877112 0.257635463 0.678354287 1.145040120 -1.069156906 0.764947286 0.975407079 0.310525769 0.687878993 0.481287931 0.430181021 0.628454750 0.233038828 0.792152722 -0.976466081 0.405122264 0.155372333 -0.372877028 0.664561210 1.040247734 1.194007537 -0.917451259 -0.326162285
-1.083796474 15.603030681 33.012088660 -0.049725886 0.699394965 -0.443080179 0.558617914 -0.619996153 -1.431870344 1.062623919 1.120740633 -0.087251404 0.112169401 -1.681502263 -0.838377443 0.063132222 -0.125338573 -0.161777137 -0.342787821 -0.006647939 -0.302675403 1.030552273 -0.361622769 -0.897434248 -0.720515020 1.224173410 -1.376073462
0.255575508 15.814181020 42.694861789 0.019703460 0.978470127 0.185685287 -0.087914494 1.011835186 0.951241470 -0.253232834 1.764962218 -0.071637061 -0.985313848 -1.306823797 1.661604020 -0.094507406 0.056150735 1.006879580 -0.654286732 2.204973939 -0.323820027 0.482143328 -0.382858949 -0.426439278 0.859721748 -1.617675376 0.425718840
1.251843135 6.452691079 38.811183624 0.522637065 -0.351049310 -0.752848618 -0.191921437 -0.284930632 0.745143574 -0.680044166 -0.849075967 1.122762509 0.800371974 0.657129000 -1.695443060 0.206989298 -0.045157567 2.135132345 -0.100045244 -1.769828402 -0.631075511 1.238712456 1.124611568 0.210640692 0.069904240 0.235414502 0.605448010
2.531389655 16.539439288 46.037565301 0.118026828 0.622634523 -0.738071696 -0.231616256 -0.931769836 0.803085299 0.013753590 -1.205842451 -1.234550647 -0.132107087 -1.013585499 -0.727736350 -0.373228448 -1.105373220 -1.846449261 -0.823116786 0.844627488 -0.258484807 0.817663033 0.465107852 1.051971904 0.160390229 -0.526426978 0.659788722
5.924395196 23.684374528 35.363928751 0.667117046 0.702239007 -0.230586925 -0.092977923 -0.205777819 1.356239062 0.445634808 -1.779237092 0.038209053 -1.745518847 0.456785171 0.012833440 1.429759495 -0.624421457 1.001373225 1.409088486 -1.272165840 1.203705509 -0.913074009 -0.079044883 -0.478591466 1.975575069 0.499172465 -0.217018832
1.170766211 18.184244682 45.662234277 -0.161265977 -0.863774152 0.475183324 -0.045698017 -1.181752948 -1.606341108 -0.818861324 -0.294850179 0.746186966 -0.320024029 0.347551086 0.580595467 -0.277475719 -1.325651101 -0.101256404 0.037907211 0.591452245 -0.178052371 0.277355365 0.998669684 -0.963927063 0.241160759 -0.365100218 0.429787862
3.980649899 18.989164523 35.873266334 0.657410031 0.386685075 0.175717544 0.622422725 1.455946912 1.302684743 -0.057142820 -1.580784698 -1.656379759 -1.497868199 -0.606992690 -0.850745712 -0.868949777 0.922007277 0.487306994 0.603391287 -0.785646453 1.024587157 0.384545483 0.618540846 1.922903022 0.182674534 -0.401743205 0.164918530
3.452235352 13.414753424 30.309808608 0.712901164 0.593848747 -0.125711521 0.351158382 0.977915512 0.556667210 -0.597208867 -0.589108712 0.252730216 -0.956148234 -0.700693046 -1.343537229 -0.022830243 -1.268355164 -0.054645720 0.091160232 0.319752895 0.144623137 -0.834364041 0.915675928 0.960508066 -0.757887269 -0.164978334 -0.249245604
9.834269995 12.164892138 40.931359768 0.731984419 0.522326419 -0.376529517 0.222709331 -0.564969050 -0.257377821 -0.319250071 -1.768673076 0.574732551 -1.792103589 0.609081594 -0.902986254 -0.134735281 0.268072295 0.611887072 -0.525511333 0.829130568 -1.046906660 -0.023845975 1.092816655 -0.289269594 1.581863625 0.296248186 -0.922450058
-5.233834226 12.387190041 35.632212343 -0.957467906 0.001819533 -0.104625142 0.268896781 2.023439628 1.151490318 -0.877967086 0.962781045 0.258649635 0.838152280 1.439715613 0.785594496 0.505260821 0.225676183 0.467371997 -2.283332989 3.207096692 -0.653201919 0.900031778 -0.046230231 -0.022842851 -0.365122530 0.104161931 -1.570508316
-5.731901091 13.243534998 35.339050161 0.738275172 -0.644124615 -0.156053180 -0.125302256 0.030359796 1.268629940 -1.233720010 -0.138475247 0.010253108 -0.996913873 0.767635376 -1.832032525 0.109688464 0.849271515 -0.561554310 -0.984848163 -0.768038748 -0.439779780 0.620717775 -0.539949908 -0.150913995 0.657745895 0.330976040 0.478003790
4.418880719 13.690493284 38.134262584 -0.131199760 -0.502546446 -0.545229795 0.657995565 -0.693170762 -0.763739958 0.870898185 0.520096626 -1.421422966 0.644329538 1.427384576 -2.178019819 -1.003891321 -0.713273676 0.541576924 -1.219878104 1.224771169 1.197321065 0.367611221 0.706634314 -0.184244059 -0.824962129 -0.768318824 0.882400447
-1.203350599 18.265825930 33.783967371 0.254330030 0.709973315 0.274638658 -0.596512980 0.248733749 0.740275718 1.638073806 -0.048389308 -0.766567840 0.196191480 -1.231195884 -1.043878102 -0.054819043 -0.716891782 1.024785328 -0.571846468 2.004655518 -1.020583170 -1.711329241 -0.330773634 -1.544863156 -0.559649440 0.422905518 -0.058335535
-1.982727976 7.746465526 39.396269824 -0.486034347 -0.349982610 -0.784225710 -0.162088932 -0.477397730 -1.205546978 -0.115843432 -0.124293063 2.051906424 -0.589460421 0.501177403 0.631880877 2.275325890 1.113959095 -0.440820304 0.784307061 -0.930497281 -0.050493433 -0.310868746 1.323000620 0.878970943 -0.864779949 1.840247722 -0.044225728
0.388374081 19.046617556 35.208674698 0.912595998 0.359947516 0.153993142 -0.117866201 -1.262632574 -0.757221448 -0.529431566 1.719115307 2.009619271 1.195462171 2.302058292 0.220731599 0.516108072 1.460123014 0.584301171 0.175621552 1.171694170 -0.112075676 0.546111444 0.425431660 0.094784747 0.845747231 -0.312469556 -1.163472802
1.740009766 13.917902930 44.192609447 0.584608780 0.121184569 0.730227461 0.332136612 1.336148415 -0.560211315 -0.400248015 3.345425077 1.734177304 0.551596650 -1.211208298 0.004873673 2.262937294 0.156208567 0.015824627 -0.175363219 0.644200444 -0.661623704 -1.433429762 -0.515686367 0.435435711 -1.210397988 -0.014441741 0.240264426
7.742436100 22.582234676 39.791921768 0.653308420 0.494152954 0.121251540 -0.560623787 0.607668091 -1.785468285 -1.195402419 -0.510137308 -0.545524820 -0.469518328 0.474589332 -0.528705438 1.668850078 -2.139862134 1.556790865 -0.227653149 -0.057784804 1.384763013 1.453894506 0.905281633 -0.298415182 0.083772071 2.204452589 -0.069065041
-0.189932019 9.791193819 31.893398851 0.663973404 -0.002027105 -0.656222904 0.358478325 1.392030842 -0.708448890 -2.124899225 -0.941309026 0.620568340 0.534507206 -1.783743505 0.843467757 -0.680841584 -0.365709871 -1.007297139 0.203089683 -0.190535371 0.962040240 -0.012376850 0.005467368 -1.107571544 -0.844925133 -0.282734502 -0.933692247
5.722109921 13.479194436 40.772295510 -0.564851939 0.405453299 0.632956520 0.340464321 0.475985860 -0.340054269 1.602227123 -0.797784182 0.476028216 1.047971615 -0.262839098 0.920268790 0.375758559 1.827437037 -0.814776787 -0.774435700 0.440978108 -0.337165091 -0.049701002 0.115875945 -0.978290051 -0.216972281 0.729418910 0.264620685
3.349624812 15.117839509 36.786394124 0.160725003 0.314939497 -0.293620112 -0.888126014 0.001323927 0.080259860 -1.545460531 -0.333692831 -1.247728842 0.347273073 1.829430839 0.105422258 0.949399234 -1.051352646 -0.945110172 -1.706665766 -0.218934839 -0.224175904 -0.573065964 -0.624412069 0.589180411 0.795250539 -0.267635623 -0.008497242
-0.522873474 15.076506942 45.828874980 0.668121624 -0.529549576 0.521594723 -0.033610826 -0.687546023 0.380464850 0.327178110 3.032204598 -0.394633355 0.037356954 -1.314621068 -1.209857374 0.014964212 -0.867953335 1.701277224 -0.010296393 0.812944991 1.699615906 -0.116172881 -1.500643711 2.147142864 0.567752823 1.526737214 0.088552418
9.327113247 14.268203233 43.567572025 -0.364196015 -0.846278402 -0.250903586 0.297021074 0.816663043 0.169931601 -1.032044328 0.195903722 0.845389471 -0.689522616 -1.903560716 0.876854985 -1.669772872 0.408235313 -0.728165971 0.977796431 -0.083102234 0.771126280 0.826868337 -0.420707508 -2.565369619 -0.782002772 0.447683637 -0.383425506
0.510975516 9.267187096 34.677966714 -0.197439375 0.442915777 -0.508925183 -0.711223218 0.049299903 -0.663636443 -0.042306217 1.893882815 -0.296346931 -1.776634693 -0.357581429 1.426008063 1.682728438 0.195074901 -0.337297350 -1.177489992 0.995907080 -0.381770035 -0.252848184 0.421075923 0.995703156 0.012935240 -0.290675646 0.622768274
-0.630995621 16.399927693 40.842738372 0.019508874 0.558326326 -0.704373757 -0.437891228 -2.290114263 -0.875573846 0.225972018 0.105026176 -0.202154313 -1.090976834 -0.632337696 1.411510711 1.614428902 -0.363759849 0.043756838 -0.713308232 -1.773841531 0.974178666 -0.086022758 1.113191817 -0.160428534 1.494199264 -0.477488062 1.354970495
-1.112423402 13.066189594 47.452896275 0.403215264 0.063341617 -0.866190807 -0.288303272 0.777774292 0.562929016 -2.363668235 0.248517975 -0.701884550 -0.273828306 0.559061095 -0.148849993 -0.478877554 -1.071822348 0.041160642 -1.058366623 1.131516384 -0.107479398 -0.164620850 -1.421191112 2.781278485 0.638079941 -0.354449425 -0.316762044
9.583202838 12.015238592 42.879539617 0.037824977 0.902967618 -0.352150729 0.243328207 -0.660284021 -1.149375204 -1.340692337 0.616885760 0.085122022 -0.126135412 0.900775790 -2.153730404 -0.554918868 0.566471489 0.124025644 -0.966593923 -0.854437220 1.170943722 0.076518037 0.195361857 -1.653235537 1.816688671 0.401222350 -1.725565619
-2.777928627 16.318761844 31.895762749 -0.638238293 -0.061499946 -0.625146970 -0.445040339 -0.741584391 -1.070337233 0.192599753 0.108406976 -0.966654747 -1.473791048 0.771714189 -1.396151246 1.054546584 -0.219916215 -1.392545355 -1.693483907 -0.308458055 0.279637346 0.825242534 0.028178554 -1.548374159 1.612298485 -0.046679909 -0.030394675
0.395702711 11.599997327 29.961327511 0.161841354 0.515396526 0.418164013 0.730282586 -0.759589480 0.488538300 0.730880931 0.126679983 0.557063139 0.029046988 -0.157379267 0.827503198 1.298318646 1.884838232 0.494589513 0.320753583 -0.164902736 -0.114540397 0.078463292 0.402995437 -0.268681566 0.487116249 -1.967990515 -0.139501024
3.286554513 8.995697420 34.563288652 -0.712911105 -0.106459534 0.655714664 0.224638385 -0.557900884 2.118824154 -1.182466791 1.326597582 -0.130996472 1.122545623 0.008666784 0.274616934 2.479153534 1.314967844 0.980117158 0.447300915 0.815177515 0.950568921 1.840007371 -1.281598868 -1.287380207 -0.464588412 0.281935895 0.031046479
-1.091767842 21.979160391 45.633996127 -0.497227975 0.537520822 0.436006274 -0.523196173 -1.918624879 -2.932297813 -0.496464288 -0.877308875 1.881372520 -0.896961376 -0.409431244 -0.115781024 -0.474246389 0.537619320 0.204921984 -0.828848959 -2.314903937 0.479582911 1.995793520 0.732503835 1.034970091 1.558413002 1.268935548 1.310344763
0.902775203 11.876462368 40.729190601 0.587277427 0.309302386 0.419274939 -0.619391462 -0.287710118 -1.816327482 0.481438483 0.235873157 -0.532136265 0.584774964 -1.055645680 -0.002878153 -1.085325703 1.238923141 0.574758423 1.257177686 0.689821387 -0.542467086 -0.666147276 -0.578879352 -0.649916276 -0.068786736 -0.118142254 0.166066844
-4.324623646 12.058548559 39.954591857 0.441378013 0.847064829 -0.198813427 -0.219407944 -1.366120035 -0.481762082 0.288119022 -1.555203370 0.089313857 -0.622750546 -1.455970917 -0.942585729 2.297351035 -1.273919448 0.100727946 -0.385744847 0.539061457 0.307504946 0.702206640 0.426837767 0.144015311 0.931734080 0.340203002 0.989824782
5.091989745 13.879090873 32.759764661 -0.141650218 0.892908740 -0.275761955 -0.326503508 -1.798383714 1.491150020 0.155889667 -0.955258871 -0.178334432 0.909173733 -1.080321901 0.811155175 0.248992052 1.674261483 -0.565014500 -1.034213820 -0.352502782 1.215192651 -0.999400188 -0.386155538 -0.041608004 -1.035262873 1.217738694 -1.308335108
2.771377187 14.113891986 33.024849839 0.417321702 -0.346463191 0.719118945 -0.434365971 0.065638883 -2.202326139 -1.437868047 -1.607991589 -1.155703403 -0.002217516 -1.220102739 -0.274664989 -0.030847435 -1.460933253 -1.920476245 0.675464001 -1.042181167 1.804755165 -1.210721228 -0.492617386 -0.898160494 0.921784424 -0.790079278 0.342507531
1.940419041 11.505494646 43.825413188 -0.676534767 -0.732417749 0.029623056 0.070621697 -0.557881792 0.226539690 0.928980717 -0.028032319 -0.542567320 1.704464851 1.425273497 0.117576350 -1.204532993 0.167718721 0.854177453 -0.847180635 -0.898819432 0.697004300 0.224257072 -1.681234041 0.949884705 -0.326941617 -0.289700148 -0.374392150
1.155260352 19.416757802 30.113921457 0.893131101 -0.016728632 -0.442746893 -0.077538233 1.326671665 -0.475967905 -0.325701198 -1.104994262 -0.244708539 -1.185480486 1.189425389 -0.343250650 -0.834962015 0.612741002 0.765028331 -0.725221854 1.134923610 -0.142636005 -0.369300884 0.471779985 1.857677601 -1.789898472 0.702363246 1.976101232
1.219389601 13.246014638 43.262745118 -0.640833681 0.582045179 0.054161235 -0.497616482 -0.727760881 0.366751488 -1.211945550 0.468936152 -0.999758827 -1.747856286 -1.165029953 -1.333348204 -0.224337849 0.834023221 -1.213118750 0.306512126 0.523215242 0.241988757 0.058314081 -1.526995307 0.080958224 -0.072913370 0.933580346 -0.386253812
8.215440919 10.694720323 39.759927811 -0.255991258 -0.501346051 -0.571093501 -0.597472029 -0.901356439 -0.961336924 -0.566149762 0.653823083 1.860756141 1.029068525 -0.895668207 -0.475236915 1.997747737 0.589080728 -0.181303925 0.032766212 0.382602342 1.073901514 1.293393289 -0.898776642 -0.504241408 0.059095788 0.567989835 -1.367303330
4.096529211 19.545897569 30.403978003 0.308388814 0.605253505 0.351092879 -0.644436440 0.452146283 -1.170562721 -0.199239564 1.396792213 -0.367685277 -0.868118935 1.176738520 0.697888098 -1.977584631 -0.782763086 -2.522062714 -0.610639657 1.194590286 -1.704983040 1.755123479 -1.573615197 -1.310921167 0.041806914 1.606071818 -2.694337573
1.624908701 11.303787913 30.453088946 -0.603035287 -0.437663636 0.570990425 0.344628668 -1.279160658 0.842544778 -0.240401580 -0.005785343 1.167155526 0.961702374 -0.532558045 -0.507294899 -0.492296100 -0.732010616 -0.354303071 0.269402347 -0.429024162 0.777856499 -0.271621550 0.040609743 -2.158979096 0.259562145 0.490396713 -0.756092835
-1.945019352 14.365100889 31.496727781 -0.026060978 0.833863132 -0.210937231 -0.509410037 -0.084834134 1.808119392 0.651310812 0.213807201 0.425786252 -0.433851581 0.818500491 0.747936168 0.238447532 0.730424444 1.166089297 1.212478516 0.141768215 -0.723216534 0.504752732 0.036831711 -0.477406838 1.904653700 0.724775851 -0.178415535
3.554017351 13.137614751 47.147728272 -0.079667098 -0.506111531 -0.499738802 -0.698402034 0.324492975 -1.750554304 0.208125879 -1.501824752 0.434255651 -0.203673702 -0.763442365 -2.427835509 1.768950831 -2.518746593 2.201952596 -0.195001529 -0.276469271 -0.958703529 -0.685778793 -1.029207010 0.284517807 0.778238854 -0.233395221 -1.817676845
-1.165616119 8.907143274 44.130446454 0.761038417 0.247100952 -0.472768372 0.369122898 -0.725743085 0.919842657 -0.707775392 0.076269080 -1.878534982 0.851456299 0.948730425 0.195130949 -1.787463486 -0.534344550 0.766805457 1.685669422 0.787293356 -1.335239520 1.521327705 -0.259533212 0.263841351 1.193094036 0.654100241 -0.290011004
5.471946058 21.732776748 37.727949102 -0.458513398 -0.052216925 -0.624563565 0.630046990 -0.237043978 0.320430516 -1.179150446 0.329161209 -1.022728434 -0.489614918 -1.514760045 1.921775755 2.292048977 -0.325990232 0.453200517 -0.633713296 1.451849136 0.926175321 -0.753943535 1.167444883 -0.138306044 -1.620772754 1.174036858 1.076062688
6.920782814 13.241707714 39.969371612 -0.424718238 0.800444769 0.420842223 0.042360514 1.354955750 -1.347631541 0.044740019 -1.049323695 0.876997504 -1.836947211 0.442475651 -0.730443889 1.194352361 -0.320159837 -2.785394272 0.643499670 -0.179421109 0.577172759 -0.956154016 -1.560965450 -0.050318828 0.169813168 -1.307114999 -0.168957590
-5.588621442 13.011202398 33.037547338 -0.403605491 -0.279183020 0.410172553 0.768711862 -2.297411669 0.782862976 -0.923351655 2.382084451 0.964809257 -0.618562351 0.760955533 0.289015367 -1.153543022 -1.944379286 0.274939194 0.809149067 1.189879541 -0.230089197 1.421150171 -0.557085044 -0.552206003 0.218364221 2.128640140 0.811085677
6.971102762 21.357649402 40.921572014 -0.061757588 -0.826602955 0.209438626 -0.518699351 1.015195996 -0.942431043 -2.467656028 -1.604866534 1.006179289 -0.082035848 1.074489691 -0.875636403 0.050018509 0.384026385 0.542036129 -0.051783550 0.807340645 -0.315996704 1.390925243 0.304795408 -0.637351006 0.145727618 1.511107003 -0.329294790
4.965762750 12.189992653 35.015910601 -0.432416757 0.458805906 -0.511115006 -0.584186905 -0.303251327 1.341033809 -1.937807081 -0.426744631 -1.008129573 0.010976844 0.819491757 -0.352769789 1.564745873 1.589157363 -0.801152422 -0.320725610 -0.663792829 -1.822656657 -1.413066321 -0.799686451 0.038763905 -0.984071910 0.538309910 0.137580017
10.486527038 19.011806884 41.215944341 0.581413580 0.467729150 -0.605851764 0.275919065 1.272097737 0.204240428 -1.080037213 -0.645443975 -0.528679933 -0.579450356 -0.320747109 0.311347066 -0.427839925 -0.598600356 1.064329769 -1.647936224 1.970538295 -0.404787217 -1.299320382 -0.048068996 1.586339854 -1.616532552 0.936701387 -0.512969827
6.659166718 11.797586311 40.986169705 -0.191129839 -0.747614454 -0.518178279 -0.368826901 0.158729737 -0.313152737 -0.854081979 1.504510825 0.163471041 0.632121613 -1.020298089 -1.634795497 -0.627048065 1.220673891 0.252630409 0.387459371 0.364056995 0.767431181 -0.182627706 0.122967758 -1.049780419 -0.751794092 2.407229274 1.754966448
-2.974379276 15.662917277 30.128884329 0.422570196 -0.205900535 0.761669757 -0.445980472 0.201809449 1.688826046 0.900141802 -0.930091736 0.703135220 -0.235671420 -2.677275902 1.355625653 1.394164558 -0.087405892 -0.880939153 0.618581255 -0.031366402 0.083662838 -0.981836454 1.630780899 0.275838074 -1.027658119 -1.300824227 -0.781959284
10.012706350 17.277164515 43.273828964 -0.072585890 0.849739843 -0.347809049 -0.389489863 -0.373449674 0.576324567 0.142876497 0.131906097 -1.049588046 0.623793465 -2.289524944 0.248991255 0.675468776 -0.846681566 -0.771172007 -1.488191954 -0.416306639 0.666052936 1.165965925 0.250318013 0.554957267 -0.248916591 -0.136200513 1.633176629
-0.521201929 17.156293553 39.345946143 -0.510977561 0.340348964 -0.133414100 0.777987913 0.265354149 1.459760174 -0.983921238 0.076576195 -0.690212363 0.043303819 -1.167925985 0.512330989 2.950580360 0.130277072 0.759731085 0.064715384 -0.500239928 0.050148403 0.906612064 1.607560633 0.074246365 -0.113807594 -0.159039479 -0.464992158
-3.902262514 7.976121394 35.954553761 0.669891016 0.333921369 -0.524483059 -0.405783276 -0.863573616 0.529467680 -0.356094584 0.300780776 0.730010403 -0.327988678 -0.447791944 -2.226462969 -0.380073326 1.534006466 -0.699998503 -0.424823690 0.630544454 0.491140331 0.992441804 -2.541001590 1.394490264 -0.995880510 -1.119625230 1.427641103
-3.261437696 18.581996727 45.946427577 -0.725019782 0.173722025 -0.666245876 -0.016834679 -0.732125731 -1.164682017 0.574575584 0.439297352 0.768779123 -1.753924662 0.669295150 -0.484780730 0.143717944 -0.505866456 -0.450415402 1.022334690 -1.748675465 0.223494334 0.272889877 0.765604746 1.202490646 -0.528991909 -0.391789204 0.977380691
3.297118718 16.535929877 44.095885423 0.960963814 -0.155739856 0.219836885 0.062971342 0.938347474 0.254645871 -0.927435904 0.214480915 -0.478612826 -0.876469057 -1.401937665 0.664528957 0.065544774 -2.027751866 -0.966152415 1.598373964 1.199073630 0.393845984 -0.450933345 0.002313012 1.884051441 0.105174520 0.251411112 -2.240092172
-3.644656585 16.252050405 44.827955392 0.577544242 0.570197756 -0.565224657 0.147777719 1.877294542 1.335827044 -1.478088060 1.117648020 -0.511376012 0.658331971 0.167579196 -2.024728463 0.210553230 0.488164950 0.503668742 0.778531376 1.785650271 0.250843865 0.042437481 -0.160630031 -0.593383952 -2.378487798 -0.762747958 0.086995198
-1.086517407 11.910948437 39.616833640 0.159994498 -0.471834504 -0.587220606 -0.637923131 -1.261901782 0.226251461 0.987229115 -0.515819906 1.358266262 0.943520996 -1.921965592 0.731771701 0.881985899 1.003464709 -0.151786602 -0.451466612 0.363661910 0.332836042 1.245117830 -1.067992676 1.458612411 -0.600175565 0.944063506 -0.049575464
6.878175484 15.118193257 30.726299002 0.310634606 -0.685750417 0.553109276 0.356822974 1.406645971 0.757963994 -1.129034189 0.491024549 -0.669279820 0.299143044 -0.341084158 -0.408945052 -0.030184582 1.457366358 -1.390405576 -0.406345992 0.667632185 2.017297220 0.480987890 -0.346314633 -0.061722892 0.495030714 1.247741231 0.031137112
8.121747920 21.881430425 42.533331019 -0.617010082 0.427657386 -0.076021123 -0.656222911 -0.438718974 0.431555435 2.707400223 0.096941593 -0.214884653 -0.151044392 -0.611502072 0.434138915 -0.339158004 0.251663137 -0.284187073 -1.583532109 -1.043327918 0.983956917 -0.897559958 0.606446688 0.445378347 -1.535968977 0.851506861 1.094614798
1.198396764 21.620042761 33.480621959 0.521400395 -0.841294052 -0.041123090 0.136655910 -0.193051057 -1.987371533 -0.409916370 -0.622892195 1.248476006 -1.038138479 -0.371760390 -1.493215304 0.842454798 0.509359775 1.063813780 0.745937019 1.026558545 -0.065348200 -0.514627374 0.349038363 -0.277231537 -1.442651784 1.267005784 -0.869104287
-2.247800721 12.595531502 36.166922271 -0.846309165 0.281915570 0.436381692 0.117709078 -0.188295366 -0.047074968 0.193918961 0.158931778 0.597754505 -0.414677205 0.224544549 -0.693741734 -0.442298979 -0.275353159 1.841896345 0.161022289 0.160908743 -1.159444008 -1.534305966 0.666242423 -0.737879285 0.067591129 -1.209571958 -1.507893201
-2.030962700 14.222115668 46.267554149 0.437517643 -0.629958615 -0.631691687 0.112676834 0.333511298 0.119524191 0.148825903 -0.536012841 0.412333382 -1.110791846 0.073903193 -0.403698297 1.303162158 0.671019372 0.826571057 0.736111705 0.685277912 0.328662166 -0.434207866 -1.163221429 -0.331519267 0.913695574 0.714930514 0.165081736
-5.573526625 22.276528782 37.448969851 0.438244673 -0.282921636 0.847314549 0.099774792 0.259478168 1.357656732 1.632250489 0.806451214 1.308828039 0.745285375 1.478166962 1.079886256 0.376515289 0.410441546 -0.708922529 2.085619214 -1.823400486 -1.621255014 1.543667015 0.299190967 0.803407477 -2.421855190 -0.402996251 2.239429637
-1.997477832 11.783675805 41.497118116 -0.075459224 0.130409689 -0.703506089 0.694534666 0.403332305 -0.059592370 0.702779471 0.445216943 -0.971485283 -0.023918072 -0.180990685 1.411933280 0.416656372 -0.000290402 -1.584992850 -1.026433578 -0.541353238 -1.234240092 0.553510161 1.694888544 1.359927767 1.895484726 -0.309624365 -1.126186352
-2.626944497 12.885705080 32.517632599 0.365890193 0.573781236 -0.030356444 0.732105147 -0.423863562 0.300218301 0.705012730 1.223368476 1.036897035 -1.634574796 -0.300227130 -0.705101445 0.174272255 0.298324185 0.345800656 0.576568643 0.703905350 -0.456146301 0.141689355 -0.487637309 -0.356609176 -0.099433921 -0.216485031 0.104267165
-1.431022566 7.855112982 38.141087628 -0.688424288 0.093980841 -0.434819195 0.572862871 -0.381324867 -0.246996026 -2.489570271 -1.075868720 1.721756121 -0.881155456 0.742366521 -0.004503044 -0.923764962 -1.505035829 0.672540488 0.295632355 -1.824070836 -0.904284929 1.031605015 1.101796919 0.576864649 0.667431681 -0.549595727 -1.109773019
8.138007247 14.930540990 41.228385568 -0.585041636 -0.012371051 -0.588478606 0.557912334 -0.611242725 1.451916042 -0.968239546 0.364399360 1.175230532 -0.609955000 -0.356491860 0.382887743 -1.372324236 -0.393331988 0.181450777 -0.220296746 -0.261978666 2.022326043 0.431440423 -0.512800726 0.143381717 -0.400023378 0.367488339 -0.447585204
6.195989362 7.887469599 41.464201631 0.479996030 0.772852745 -0.300136221 0.286741512 -0.269357867 0.110991018 0.700344291 0.304675180 0.299365010 0.245457635 1.515828335 -0.368324014 -0.227173023 0.228432729 0.042346904 -0.142599514 -0.438215647 1.380177425 0.715855630 0.180009961 0.248129679 0.354347143 -0.053171719 -0.504817162
-3.252974317 21.210862386 44.766851035 -0.286347407 0.025902743 0.651823233 -0.701755429 1.317225075 1.295699296 3.284706053 0.170367603 -0.734346425 0.848272493 -0.042657827 -0.148886227 0.363128491 -1.122988031 0.050219275 -0.531894048 -0.820592265 0.712259520 1.159665464 0.718725773 -1.163752743 -0.795202026 -2.516339549 -0.002125895
-3.116060902 12.529460677 38.491830128 -0.275912970 -0.453505965 0.736599755 -0.419076573 0.761954914 0.108738802 0.715890664 0.172107474 0.287008853 0.107816976 0.634460902 0.085938334 1.481880160 -0.336460184 -0.461967408 1.795590582 -0.092039471 -0.623372318 0.337563581 -3.097490206 0.483809329 -0.121565235 -0.217816786 0.842370420
8.653302694 17.647972737 36.189752497 0.220239918 -0.557222689 -0.403574726 -0.691465612 -0.777633884 1.702213625 -0.629532397 0.780513138 -0.771535856 0.146813462 -0.219032901 0.684050722 0.916912663 -0.292887841 -0.711988144 -0.388233486 0.109460553 0.510412992 0.285321028 1.003721097 -0.948149887 0.547139981 -0.535231698 -0.649388531
8.040631910 18.892888996 38.583284623 -0.099334316 0.200436740 -0.682315002 0.695991412 1.053965538 -1.356369571 0.555117003 0.778318363 -0.098303020 -0.441970203 -2.482684174 -0.443983171 -0.170798868 0.067249716 0.909201975 -1.706687771 1.686981149 0.920207301 -0.281457543 0.148100505 -2.050351146 -1.393539242 0.368964188 -0.215375087
-5.707402702 10.953798929 42.592384088 -0.946068656 0.162771080 0.105728920 -0.259385946 -0.230312601 -0.046892133 1.369201718 0.588696414 0.723301239 -0.694120111 0.298782822 -1.436820913 0.233793862 -0.451931947 -1.141096472 -1.421754913 -0.376304831 -1.724944326 -0.380234942 1.740365405 0.907228228 0.793251474 -0.260171509 0.356739444
9.508121068 15.522403928 41.064181248 0.042703039 -0.049948260 0.056846845 0.996217877 -0.810093985 0.380778324 0.794261966 0.207224466 1.151604894 0.526024347 -0.306674708 -0.988524616 0.382339046 -1.533388445 0.975790912 1.618902815 0.026195997 -0.883960821 2.068680702 -0.638476597 -0.830364165 -1.578437006 0.252680484 -0.149623195
4.352406306 16.191707612 31.326510441 -0.234366557 -0.210474879 -0.867430273 0.385145900 -0.126209970 1.353568765 1.018422438 0.263041650 -1.072407627 1.478190700 -1.185354772 -1.153088017 1.649349241 2.386402387 0.140932694 -0.414161402 0.279216940 0.790279228 -0.977466312 -0.717267791 -1.046086144 0.615560703 1.506369344 0.347927707
1.101582898 16.466644893 43.803716142 -0.265443699 -0.685556763 0.336826275 -0.588302327 0.902487760 0.194137407 -0.133888232 -1.396125680 0.234492226 0.278073000 1.059082383 0.300260096 0.433712572 -0.698112761 -0.773756293 -1.252173649 1.274592527 -0.233555497 1.458689117 -1.756077060 -0.523299462 -0.024667279 0.838255297 0.656330922
-4.151423593 16.041808089 30.655988069 -0.466209390 0.324692367 0.094392004 0.817504630 -0.891970048 0.077607049 0.479313865 0.445219077 -0.403274604 -0.957173349 1.236798628 1.562780008 -0.847425521 -1.638154422 -0.554674642 0.015744093 -1.055754656 -0.262669391 1.311821119 -0.355117815 0.089898077 -0.309473695 0.893985728 2.249742538
-2.233387102 8.890805326 35.899460979 -0.169032409 -0.060554269 -0.532764808 0.826996303 0.448678649 1.220557585 -0.706738431 0.018496134 -0.270187681 0.747728941 0.454553813 1.902450887 -0.025792258 -1.394976335 0.168404978 0.991384164 -0.656827711 0.795446825 -0.910482195 1.565002597 -0.810834405 -1.826047164 0.112669344 1.164319348
-4.515891089 13.229492085 35.389163157 -0.833898638 0.146131467 -0.159428329 0.507780725 -0.273290816 -0.663752301 -0.900620169 1.032135619 0.592166356 0.524366636 -0.356887331 0.972129362 0.204032602 2.234260479 -0.506810161 0.520369846 -0.939961442 -1.247105714 -0.652191833 -1.414156897 -2.003260435 -0.149572000 -0.760604765 -0.189919353
-1.791971330 15.317861101 39.916740521 0.287593379 0.524489743 -0.759783270 0.254813540 0.109327018 -1.013544673 0.296365865 -3.359481496 0.269619869 0.443543173 -1.991644675 1.419118232 -1.480880701 0.316774478 0.634994418 -0.890291518 0.308221268 0.232177561 -1.197167385 -0.174817597 -0.880401998 1.410176726 0.187915647 0.182055057
-0.118354185 17.868541766 46.086729309 0.051390907 0.686634310 0.652130894 0.317202768 -0.866038923 -0.987312016 -0.633509506 -0.414376402 0.607243236 -0.114512292 -0.279560561 -0.413538503 -0.122482710 1.859665435 0.601695950 0.258342481 -0.875609914 0.613431539 0.499841448 -0.266143475 1.205299273 0.369685648 0.079516902 -0.985239435
5.910653252 23.795163814 41.024281389 -0.612634542 -0.629606107 0.477759028 -0.004623625 1.254016080 1.051405176 -2.339094603 -0.416588821 -0.442866565 -1.913013555 0.265942665 -0.708436475 0.883863803 -0.936027872 0.264203826 -0.255634013 -0.342184406 0.433473972 0.019630286 -2.610376644 -0.879008263 -0.022146490 -1.206455881 -0.333816215
-3.118472839 18.840482589 44.612368226 -0.867183015 0.085956779 0.460902416 0.167851165 -0.926503652 -1.104351749 -0.781253090 -0.998608502 0.746092227 -1.286347079 -0.492625441 1.820421378 0.258808324 -0.776573496 -0.826282622 0.603932097 -0.673324286 0.697746797 -1.383922282 1.045857101 -2.273888264 0.268423582 1.328498530 -1.429479913
4.317838033 13.703428408 43.231877128 -0.601154674 0.100178752 0.328152754 0.721729205 -1.176447853 0.016741014 -1.941732567 -0.580486534 1.238150099 0.678357017 -0.031115787 -0.996853936 -0.747853262 -0.518874727 0.201903122 -0.805367842 -0.737558489 -0.944868242 0.421775510 0.869663728 1.007293312 0.621446926 1.652758276 -0.437544674
9.292025481 20.944376293 42.270487089 -0.323760593 -0.544707765 0.721942153 0.277978517 -0.723678266 0.655339564 -0.035028415 -0.864980319 2.964433880 -0.998093383 -0.479315526 1.516631403 -1.673755299 0.062871752 0.438167810 -0.078176407 -0.678831316 -0.619692717 -0.364268483 0.692797517 -0.252065245 0.707980797 -1.751320840 2.173736834
0.416606020 23.064358608 45.260423876 0.623094612 0.160549646 0.085671106 0.760682179 -0.383994118 -1.043657714 -0.926426109 -0.493357522 0.355763904 1.098032303 0.315615354 0.353635282 -1.183821196 -0.902094766 -0.731830619 1.073648101 0.615564853 -0.369337018 -0.590844369 0.309741190 -0.107861429 -1.366367369 -1.494050754 0.431015529
3.594858233 18.982998026 35.951564786 0.221342094 -0.402272549 0.109272886 0.881614377 1.058316724 -0.542689724 0.637205791 -1.185702965 -0.621615347 -2.136707873 -1.354298925 -0.345436772 1.295712141 1.852822291 -0.990051007 0.554743163 -0.870599506 -1.759208216 -0.662773152 1.791679183 -0.002698481 -2.054829891 -0.049953725 0.143176700
4.143427003 17.153054335 37.771740180 -0.490026760 0.250312718 -0.155339989 -0.820418677 0.291207914 0.234741287 -0.571788341 -0.101189230 0.490082560 -0.799049397 1.101075026 1.053408034 0.085878779 -0.945855376 2.257283515 -2.468807058 -0.821233934 -0.723118828 0.109358561 0.285529078 0.470845110 -0.852011200 0.418196970 0.988845450
3.609863911 16.780324434 47.407587717 0.679471279 0.437685401 0.159658692 0.566797470 0.764106375 -0.699701735 0.532712872 2.125114086 -0.495824030 -2.006475618 1.623011288 1.439442888 -1.877382652 -0.193830076 0.378341427 -1.339213863 0.251890259 -0.493315020 -0.173780661 0.226166387 -0.422019911 -0.079250621 1.506885903 -0.891900319
-1.298518728 16.112057482 37.885161317 -0.561481770 0.059161080 -0.748624146 -0.347563055 0.170857761 0.086061415 0.389409560 0.116231705 -0.838456199 1.358554418 -0.050583585 0.200651679 -1.443656630 0.820416196 -1.147285205 -0.161513093 -0.294637754 -1.890631340 1.039390818 -0.497644927 -1.013490090 -0.306826613 0.932432595 1.537831738
0.741032169 13.889131635 33.971701625 -0.079186998 -0.293713427 -0.351425718 -0.885416177 0.243674772 0.037168595 -1.295569014 0.707068723 1.089298709 0.949771286 1.374805449 -0.139093917 -1.625054845 -0.583604903 1.154943225 -0.782487186 -1.510184421 0.440727399 -1.956887834 -0.898976052 0.723839353 0.956775887 0.273654794 -0.251208789
0.075581101 12.921199738 30.736195666 0.112144491 -0.244220045 -0.962546039 0.035851168 -1.372346524 -1.628681581 0.632837181 0.384142834 0.696782622 -0.197572577 1.569930200 0.638146122 -0.097640354 0.604355357 0.068635862 -0.532124979 -0.756418834 0.190270313 0.082373180 -0.412628911 1.077070773 1.372324764 0.123281475 0.187152179
5.605688343 22.351698002 34.687901587 0.644562102 0.581253084 0.425262577 -0.256585832 0.425895602 2.821850319 0.423906789 1.787765833 -0.007040109 -0.051208939 -0.110147938 0.068284107 1.464658723 0.813379042 1.763858185 -0.983914024 -0.383667046 -0.489366288 -0.427645383 -0.767667949 0.178434655 1.353108691 -0.551095248 -0.189407566
-6.467849945 19.173743023 39.242399370 0.072442527 -0.465148725 0.345238717 0.811910692 -0.727150801 0.596770312 0.236130004 -0.393438166 -0.133771093 0.380234730 -0.766421543 0.466206627 0.194655164 1.484371303 0.082969236 -0.553958111 1.339632511 -0.335576107 -0.580494547 0.471661145 0.151184463 1.674241084 -0.069243597 -0.002532305
1.523484626 7.247480178 40.567581159 -0.887574086 -0.202745412 -0.329151480 0.250531123 -0.842434275 -1.813259952 -0.269239600 -0.513874477 -1.651879337 -0.293353394 0.939837237 0.481188873 -1.633860932 -0.398424382 -0.352065137 -1.516634010 -1.261775316 1.273303708 0.599791713 -1.101660207 0.868665673 1.224778368 -0.335070456 -0.617126867
1.519712811 15.824558922 45.101217726 0.716023401 0.279767296 -0.573012807 0.284072301 -0.530572332 -0.304029983 0.791326347 -0.545642360 0.980594366 0.076595880 0.856186011 0.239600014 1.135547766 0.048718402 -1.089944891 1.045669242 0.006999130 -0.260411989 0.647316154 0.333410996 0.693516849 -0.965404851 1.397476090 0.780945296
-3.012757613 13.991878548 42.448958593 -0.282896119 0.486473214 -0.342650828 -0.752265916 0.082788417 0.978274568 0.077453277 2.302171661 0.096169124 -1.109514496 0.077882943 0.080491020 0.895056359 -0.110511480 1.969941923 0.280242928 0.252785411 -1.759482229 0.478282439 -0.264751668 0.057878403 -1.322728099 -0.925457798 0.600432005
4.458325221 20.759165508 41.743726462 -0.477124074 0.282340855 -0.449878040 -0.700175698 -0.665598064 -0.207478636 -0.814535204 0.674038185 1.280204174 -0.437702859 0.365505793 1.150671268 -0.520779566 1.417961514 -2.241266498 1.487848293 -0.468566537 2.626293571 -1.217414916 -0.031970094 2.135508414 -0.301076888 0.730865056 -0.510505077
2.982249502 10.295228801 36.815954572 -0.183836751 0.179198373 -0.349426406 0.901106641 0.271195751 -0.180189599 -1.703513885 -0.341025223 -1.766960913 -0.992600288 -0.627355334 -0.149043735 1.337469466 -0.071382641 -1.442682261 -0.894607291 -1.184982038 1.146947930 -0.370530817 -1.044889754 -0.486442971 1.164507897 -0.398436639 1.471335817
-4.483406716 8.822704564 37.379989174 -0.443891425 -0.017662905 -0.742068487 -0.501978870 0.054457389 1.219316312 -0.774504908 0.886204920 -1.366750225 0.922390602 -1.266768690 0.224882972 0.363974873 0.357238345 0.973955142 -1.043105586 0.616455516 -0.143694797 0.102506548 0.628194973 0.407527826 -0.080449716 1.865560032 0.612078454
-1.582291603 19.103390211 31.597680287 -0.014982997 0.376769026 0.744631123 0.550767738 -0.718378569 -0.974033971 1.959840108 -0.396564829 -2.160789044 2.254497485 -0.953162261 -1.536015870 1.350691969 -1.184438727 0.268427305 0.573354020 0.718283295 2.573560474 0.564074960 -0.181673499 -0.845404383 -0.278129210 0.842740037 0.687151620
3.553721274 13.906537414 34.819485447 0.609920157 -0.421016183 0.651953995 -0.160308338 -0.754542704 -0.896601991 0.846320608 0.370578795 1.353591079 -0.049427217 1.177400617 -0.060017317 -0.468880977 0.312046654 -0.861842314 -2.164135056 -1.166629555 -1.264947384 -0.194019920 -0.022626884 0.326783244 -0.050850148 -0.633915497 0.425327967
5.889584704 8.172880487 40.788021023 0.501468164 -0.113093001 -0.814200644 -0.269846189 -0.367397578 0.373026664 -0.905083962 -1.451545396 -0.105578734 -0.803825821 0.933507823 -0.170596221 0.151699562 0.025489272 0.315543954 1.434284408 1.379404581 -1.892933822 0.114779500 -1.747164022 1.775768994 0.054580629 -0.349278682 1.778265824
3.091217123 20.661834830 31.370631115 -0.566798184 -0.268017153 -0.766751551 -0.137835714 -1.485623563 0.502186807 -0.670317605 -0.509559424 0.279947169 -0.147483929 0.251091031 -0.907951350 1.644182575 0.640648167 0.460485338 0.547722309 0.859030425 0.169060523 -1.746776090 0.734250670 -0.401891026 -0.546562219 1.306730422 -1.386903681
-5.280857181 9.545126405 39.170764180 0.691423385 0.014308534 0.052966956 -0.720363429 -0.426124944 -0.264986431 -0.792838049 0.748159604 1.643650842 0.645679550 1.418248068 0.054211032 -0.561921723 -0.004232233 1.368677426 -1.896337893 -0.205621965 -0.215968691 0.192980802 1.042258445 1.093746992 0.076734792 0.568245882 0.244748552
-3.484085281 12.005100895 33.228292111 0.679817426 -0.335082670 -0.224707919 0.612433035 0.472150445 0.637312693 1.939001163 1.111407893 0.408797035 -0.383164617 -0.310369730 -0.242793935 0.231700972 -0.211460019 -0.496100852 1.524237505 0.829750638 -0.440674566 0.685499166 -0.154290477 0.990624387 -0.572151566 0.705624088 -1.380136616
5.745363921 22.404581857 32.903055784 0.315171502 -0.475597249 -0.170752819 0.803316660 -0.162988634 -0.101560265 -0.174799747 -1.078501249 -1.233768686 -0.523412785 0.889511125 -0.850879865 0.557087289 0.310226158 0.520884043 -0.588849998 1.535034121 -0.907532784 -1.165194363 -0.385387382 1.584656008 1.557187364 0.968518001 -0.552995228
4.943944964 13.464149371 45.732446830 -0.508334575 -0.180481837 -0.590029587 -0.600739005 -2.159664050 -0.915355789 -1.475899528 0.491797238 1.199824716 -0.444959241 0.079603209 1.667639749 -0.331181146 0.249294286 1.228232326 -0.414140796 -0.509138575 1.481268696 -0.828220259 -0.074484727 1.912947512 -1.519697763 1.393272610 -0.928078058
6.757971593 24.022779605 38.542854032 -0.543638663 0.554075189 -0.493765742 -0.391986073 1.295562957 -1.192752793 0.189747473 1.015652046 -1.054710856 -0.069229320 0.291392824 0.897778700 -0.364773298 0.917669823 0.975546298 1.200842053 0.392281184 0.182129301 -0.248444127 -0.220377607 1.759272374 -0.568312742 0.074889844 1.102004695
7.734318712 10.396999897 42.739065843 0.949873883 0.311091376 -0.008835836 -0.029726926 0.666395540 0.644275940 -1.162219547 0.063942344 -1.452690764 -0.379911204 0.702121551 1.272888998 -0.906627837 -0.639046039 -1.083506682 -0.713058750 -0.896658748 -1.552048498 -0.264096013 -2.373611203 -0.530545714 1.802203518 -0.479809139 1.807954721
