-26.926067167 17.860448934 31.132663822 0.401494244 0.357762789 -0.539131620 0.648186127 -1.337399257 0.735973836 -1.342966747 -1.991825736 0.334713848 -0.348578814 0.399978836 0.086716365 0.089448548 0.702391329 0.262814420 -0.796677212 -1.804575133 -2.591511334 0.827034742 -0.134360877 -0.593104678 0.209127877 -1.934605101 -0.109371297
-34.355663237 18.506583442 39.109929224 -0.340358988 -0.589281689 0.283790446 -0.675548543 0.016630292 0.586115747 -1.240748890 0.948812847 1.701380801 0.538216991 1.220423943 -0.969095919 -0.746549603 0.235825226 0.359641581 -0.889390247 1.678757633 1.535944383 -1.268716544 0.382987879 -0.765411919 0.086277568 -0.318533437 0.673314506
-21.106556604 11.768838079 41.278491721 0.548229559 -0.148856003 0.809391126 -0.148903483 0.544575213 -2.011418965 0.772776859 -0.445120359 -0.112855703 -0.641565946 -0.248832006 0.428545342 0.899389494 -0.011172832 -0.026746316 2.073530410 -0.695123527 -1.164654227 -0.495186542 -0.850031072 -2.523482251 -1.024688730 1.138209433 0.994445510
-38.794600793 15.468967287 38.704517613 -0.385732581 -0.076264019 0.090301425 -0.915008103 1.526537121 1.609779047 0.021988797 0.108563162 -0.018209056 0.710795868 -1.177471998 -0.997224990 -2.214989248 0.176458157 0.376221249 0.504918272 0.104677384 0.301121662 -1.823977346 -0.125613923 -0.358951134 0.078342558 1.015952332 2.588630331
-31.867986523 12.181291297 46.783762537 0.208731173 -0.971261087 0.041864229 -0.106445219 0.864837778 2.276370250 -1.696569566 -0.318204855 0.141541760 -1.083509530 1.162272189 -0.372033268 -0.402825224 -0.293592137 -1.307092759 -0.795279458 2.252585370 -0.078023467 -0.113871475 1.165617284 -0.096652048 2.002189916 0.267083768 1.637980644
-33.086128295 11.887419139 39.258772223 -0.130028807 0.238701075 0.675918501 -0.685017143 0.741695835 0.840033884 0.903300783 -1.667880628 0.677008987 -0.678447089 -0.392377550 1.003793794 -1.353363594 -0.309896185 0.780280017 1.139744764 0.340850959 -0.989634246 0.336791472 1.115416510 0.548568689 -1.436788686 1.063057752 0.086199316
-30.483681628 20.539455136 45.264457420 -0.083899999 -0.853674424 -0.286178847 0.426968893 -1.575744523 0.222308312 -1.196005353 -1.079301164 0.925667670 -0.992428697 -0.108775391 0.316584088 -0.979397870 -0.178312400 -0.581595040 0.599958790 -0.156635223 0.718733358 -2.118725857 -0.693638470 -0.579303278 1.819667576 -2.114049717 0.176207213
-28.893104464 13.628282262 31.614188958 0.284041037 -0.206788728 -0.934050466 -0.064100220 -0.590661582 -1.060267866 1.157940475 0.684720557 0.860631929 -1.802452186 -0.397390816 -1.288258466 -0.900034635 0.120723985 -0.915851734 0.835706956 -1.515243716 0.659455346 -0.830646994 0.543613281 0.242637173 1.289835839 -0.780200474 -0.029495217
-32.894692356 20.730152003 34.013398555 -0.228713797 0.166915346 0.850592980 0.443081086 -0.059967221 -0.573874462 0.885619728 -2.040535631 -0.776208702 1.331857901 0.104770795 -0.131381513 1.068815358 0.578844132 0.704466378 0.241279547 -0.912542283 1.376376993 -1.428262652 0.075708140 -1.165298957 -0.237836266 -1.508630876 0.117317580
-30.572055118 19.773452737 42.177709795 0.206734967 -0.411343030 0.794309982 -0.396395279 2.862817680 -0.314999844 0.227251882 -0.061079378 0.513208138 -1.395595621 -0.797011170 -0.124640834 0.912478723 -2.675273745 -1.522760484 -0.677272208 1.125629800 0.495353077 -1.240576795 1.402462860 -0.354309205 0.255389310 0.588751720 1.713543205
-28.892865684 10.911493022 44.357144524 -0.306246021 0.023990209 -0.584604190 0.750916631 1.346265954 -0.682092423 -0.222240358 0.348827147 -0.863119703 0.966719128 1.211590185 -0.939826404 -0.373113472 -1.065788654 -0.672085443 -0.926888326 0.106386376 1.351175084 -0.164508165 -0.082208659 0.480351405 -0.204120427 0.449692854 -1.181492820
-27.071748500 8.902223120 43.512273593 0.027594453 -0.967912374 -0.186826970 -0.165770521 -0.130004383 0.029338463 -0.153727921 0.338829734 -1.287421358 1.758124638 -0.836574397 -1.789086799 -0.655225127 0.870223892 0.416876692 -0.912905175 1.695299545 -1.059871988 0.643742106 -0.188674166 -0.563199428 -0.700328570 -0.308586535 1.073480631
-30.124336384 9.963864015 42.851236657 0.043710212 -0.268332897 0.790374086 -0.548995153 -0.742994829 0.155222166 0.879168229 -0.986952910 -1.320812310 1.769667480 0.552910417 -0.297159192 -1.735820136 -0.721202643 0.104225363 1.840808184 -1.129790072 0.915154707 0.852037667 1.293368557 0.893487169 -0.924572917 1.349328368 0.259296505
-31.375624226 8.479105311 36.786017072 0.117988064 -0.102675591 0.508404539 -0.846794759 -1.785279367 0.823363035 -0.282584603 -1.279485487 1.186751343 -0.202021508 0.168202668 -0.200015747 0.292971218 0.650148913 1.326313626 -0.570319921 0.010110773 -0.814087066 0.425880972 0.418202015 -0.363675693 0.153434062 0.735564727 0.669291899
-25.093933867 14.320926875 31.305990115 -0.110754393 0.211416393 0.864974751 0.441424119 -0.191890318 1.397958352 1.523343804 1.040121065 -0.899611357 0.161898997 0.962853090 0.227955251 0.456346116 1.016606377 -0.611626222 0.370247156 -0.260756479 1.462870211 -0.159113243 0.792940029 1.988458228 -1.122569614 0.769224995 -1.104677103
-27.131303124 7.934984503 39.372476621 -0.494467685 0.709788236 0.423504208 -0.268973148 -2.181022156 -1.420766669 -0.272060680 -0.601981865 -0.766624326 -0.099945698 0.785247288 0.110405321 -0.421294910 0.737629009 0.384224497 1.312500906 0.263013198 -0.891368912 -0.507968334 -1.208279974 -1.103895704 -0.424168139 0.407834670 1.386701393
-26.977086545 16.843448836 43.039722595 -0.790090681 0.365061189 0.328240253 -0.367076804 -1.760595321 0.299212095 -0.480556225 0.831161137 0.581643602 1.229817097 -0.400552386 0.121685992 -0.526307691 0.332243147 -0.206237832 -0.795995592 0.046799405 0.537525301 0.112037161 -0.982233918 0.379500202 0.520955200 1.244960789 0.996630789
-28.922734967 14.579163968 41.376798559 0.603842474 -0.337256531 0.597625762 -0.405556096 2.172877364 -0.261683795 1.410118100 0.858886934 -0.498212864 1.493147359 1.124912162 -0.250312218 -0.489967425 0.095931673 0.402332711 0.936021939 1.791057936 0.348175065 -0.259827777 0.885541892 0.585889794 -0.507526233 0.404444319 -0.069475153
-32.909966158 18.899737524 39.803529830 -0.150759239 -0.248983198 0.927174665 -0.235851987 2.372660884 -1.229671939 0.566466571 0.513750086 -0.459837694 1.144188039 0.203318899 3.002378813 0.118772338 -0.945792240 0.012570479 0.585226111 0.810863943 2.714258467 -1.760405725 -0.347133264 1.787516897 -0.801880586 2.212727707 -1.286486406
-25.799128782 18.489539270 33.578959292 -0.366550480 -0.393472691 -0.366816486 0.759121632 -0.344926408 -1.406276536 1.968155594 0.034699547 -2.401557337 -0.253703438 -0.172447810 -0.232372763 0.671235658 1.262612173 1.014717709 -0.496734147 0.963024597 0.348272645 0.333659263 -0.129604586 -0.955277025 1.280566428 -1.283017169 1.976228287
-30.234303006 17.602759827 44.309551000 0.382060996 -0.234597832 0.710432186 0.542475217 0.202069430 1.036523084 0.867484078 1.732053618 -0.505816152 0.277877079 0.388166389 -1.296239483 0.337111132 -1.408739005 0.345021298 -0.758592199 0.365819218 1.336130868 -0.762747678 0.000940309 -0.527938673 -0.011807040 -1.444738867 0.335576885
-31.051842213 8.906724045 32.909009613 0.167740462 -0.675578729 0.263198313 0.667969435 1.905134938 -0.651564117 0.318079292 0.033036849 -0.719088284 -1.964906884 2.684222594 1.498720250 0.032329932 -1.200234758 1.051113097 0.895150424 -1.192695298 -0.807765547 1.100470230 -0.003207659 0.061217726 1.585192763 0.075807694 -0.617475763
-29.327770560 16.729783529 37.809928510 0.445831330 -0.623752378 -0.094988446 0.634936683 -0.186188975 -1.399447867 -0.821085971 0.330786291 -1.247255684 -0.257072260 0.883988846 0.280532176 0.372446821 1.113435575 -0.680244778 0.601174392 -0.104126954 1.621657189 -0.330450886 -0.388266289 0.390472321 -2.550651188 -0.256182901 -0.776461564
-30.190690322 15.104128704 46.142128009 0.860260304 0.051840024 0.426948058 -0.273825086 -0.323253100 -0.921528041 -0.975942560 1.039702112 -0.232101333 0.522532831 0.249852734 0.740496880 -0.492249144 0.987281291 -0.151898581 -0.189582700 0.474973994 -0.608658869 1.670338242 -0.379655692 -0.907273667 -1.034965945 -1.567684942 -0.072548932
-32.162248259 10.054293998 33.437174285 0.452624827 -0.304413988 -0.357671203 0.757980343 -1.624212821 0.262520939 1.512848080 0.428108193 -0.001628851 -0.934130904 -0.206515664 -0.716993211 1.021440747 -1.660163099 -0.981789615 0.387459478 1.069154928 0.064437064 -1.622983775 0.947716976 0.318847173 0.037615923 0.258705690 0.782128202
-26.214904190 19.476815266 30.688165173 -0.498291854 -0.632290951 -0.547023179 -0.229519112 1.889723010 0.758521787 0.521493406 -0.280694280 0.974837080 -1.073818182 1.406487053 -0.055578143 -0.262124058 -1.311510303 0.170422697 0.532954122 -0.018950757 -0.293148571 0.612168987 -0.247495459 -0.780976101 0.964294086 -0.297336514 -0.214569435
-28.201377429 7.339194584 38.906054999 0.107981247 0.930630959 0.163818383 0.308916826 -0.455570819 -0.239277931 -0.624264708 -2.441804594 1.578297428 -0.682139769 1.999326735 -2.026706175 0.407365557 0.204781806 -0.534607192 -1.648103370 -0.595361775 1.698672854 -2.549853063 0.623056583 -0.976973778 -1.111223345 -0.469536710 1.154397444
-25.482451087 12.285832864 46.357508692 -0.138828814 -0.844482797 -0.377031592 0.354150456 -0.356345459 0.297745438 -1.038721899 -2.279843327 0.380579415 1.668841929 0.557986960 1.330436737 2.233934002 -0.434095814 -1.919094560 -1.251580696 0.845224650 -1.210878851 0.004929526 -0.538568950 0.552393475 0.590802125 -1.302657958 -0.622801726
-24.145452710 21.538402317 42.991991083 0.039276174 0.896250559 0.358068000 -0.258804223 -0.158145877 -0.464337986 -0.261334334 -2.484650669 0.519298123 -0.642115214 1.722225766 1.626555025 0.427416263 -0.213570274 0.008794525 -0.877513759 1.367670047 -0.607669537 0.456210904 -0.416657833 -0.645771405 0.446268874 0.166177932 0.018460959
-23.247794489 13.713154459 40.745159556 0.228205071 -0.638392118 0.726986209 -0.108944944 0.094780172 0.443688518 -0.458013086 -1.089025578 -1.530041260 0.374169758 1.210202484 0.037055660 -0.396000327 1.171127388 -0.257368466 0.317392501 -2.299198105 -0.999527583 -0.589649899 -0.331229816 1.298264713 -0.359743038 -0.153428167 -0.077986736
-33.490580926 8.610952366 43.451682943 -0.189421770 -0.393815923 -0.357393619 -0.825407907 -0.224931904 -3.031679450 -0.352457488 0.061926239 -0.112765756 0.676117172 0.265985384 0.307033831 -0.891182212 0.494997460 0.585021618 -1.255385517 0.438352306 -1.301999304 0.791377858 1.039346855 -0.827032109 1.876729641 -0.452055579 -0.276519903
-35.966588985 10.147834572 38.030799259 0.448414343 -0.216362945 0.301759770 0.813051471 0.140484752 -2.533438257 -1.658824094 0.418641497 0.130357130 1.038617382 0.667785487 1.068656685 -1.786342077 -0.874907403 -0.321441111 1.178376975 1.295293956 -0.060666480 0.414819079 1.200964649 0.347648216 2.056688419 0.249877537 2.499789899
-22.503420080 20.949138550 34.674207305 -0.491531777 -0.353214295 -0.794286281 0.052397301 -0.799485145 0.179489821 -0.368105380 0.500211402 -1.025011356 0.715740392 1.154487371 0.258926215 0.307400497 0.177706574 1.079274293 -0.480259117 0.152978020 -1.866433899 0.976542922 -0.592731647 0.845534619 -0.132614245 1.228578298 0.250374812
-27.126011753 8.438035481 36.777736087 -0.276108864 0.589576745 0.572626192 0.498259372 0.948876650 1.874816331 0.654898902 0.091282389 0.534325885 1.127061368 -0.953282205 0.413202948 0.985497613 0.344989082 -1.424822531 -0.643468435 -0.186413530 -1.649203098 0.276823150 0.807869425 0.774212933 0.854899753 0.200766580 -0.126575090
-29.024757153 22.466798771 35.566571552 -0.751667486 0.296154171 -0.266600518 0.525559570 0.343152687 0.190685977 -0.061251473 -0.418625667 0.449135524 0.531359533 -0.831263407 1.086509465 0.304956721 -0.188271966 0.320572382 2.854686578 -0.232594353 -1.272409501 -0.871889322 1.032350803 1.009427979 0.146326249 -0.140760910 1.681887727
-24.816801262 19.847759769 40.062569519 -0.412867372 -0.651870866 0.238228180 0.589789998 0.136237534 2.636588149 1.280001431 0.569203138 -0.578027900 -0.198768297 -1.338481841 -1.615260789 0.143185396 -0.050427466 -1.230573007 -0.117016237 -0.097711723 -0.762629425 -0.764531643 1.128566967 0.487107260 1.898276895 0.218394349 -0.371954179
-31.716723644 14.273414743 35.314402207 0.177048164 -0.685211489 -0.705353160 0.040200526 -0.294827251 -0.377341128 0.163545337 -0.884707815 -0.179132277 0.459734790 -1.275925233 0.958377484 2.299425950 -0.856890991 -1.826042664 0.966129207 0.431976514 0.225012190 0.110782264 0.621222835 -2.283322445 -0.011858296 1.655923645 0.213110852
-24.430761687 17.739991456 34.399315009 0.273606170 -0.918412401 -0.026709730 0.284508199 -0.950751696 1.675120996 1.329467698 2.546989166 -1.551605580 1.813382616 1.121197721 -2.215060779 1.576880914 -1.783500338 1.544520944 -0.478686637 0.210474716 0.275633908 -0.141831805 -0.014455707 0.556882420 -2.055993128 -3.129132211 -0.817774870
-32.747769374 10.650628004 34.723924754 -0.272057756 -0.803455698 -0.457359819 -0.266956014 -0.617026551 0.820596458 -0.555601520 -1.084846725 0.646539131 -0.316799286 1.666015984 -0.586130413 -0.917460489 0.122560475 2.071795823 1.555340235 1.159466305 1.908529856 0.256629434 2.140534101 -0.035259561 -0.003975024 2.128781433 -1.399549232
-22.912644932 17.348542014 32.145856153 -0.413493825 0.320639974 -0.024530014 -0.851828118 1.072761456 -0.376275967 1.280106384 0.987253032 1.651208413 2.215027414 0.296533324 -2.363382083 0.836131081 0.737374194 0.013267161 -0.626974080 -0.384241130 0.039217317 0.954579971 -0.464769053 -0.033864756 -1.537940832 0.002724181 -1.074291217
-29.118870234 15.372624674 41.315336682 -0.431781849 0.484208312 0.758134292 -0.065872161 1.149038094 2.125879873 0.201109437 -1.150412624 0.130650433 -0.156224529 -0.108698410 1.045630654 -1.518818994 -0.661148005 -0.666300808 1.160882281 1.252646281 1.712651891 0.350249235 -0.808001348 -1.662913125 -1.085934307 -0.587303388 -0.247013663
-34.709857495 12.906462950 45.807126208 0.207248964 0.418614785 0.847856175 0.250897260 -0.305213335 -0.706633171 -0.246489625 0.146429937 -0.257170789 -0.361904114 -1.464881715 -0.316778434 -0.620305316 0.085249104 -0.021857638 -2.118212945 -0.487112230 1.900377680 -0.439532121 -0.404174709 -0.296625863 0.410082849 0.952389740 0.315917098
-29.888470789 13.568869632 34.477990096 -0.423825397 -0.648239365 0.220627575 -0.592858526 -1.043268821 0.624850887 0.729313571 -0.898375185 -0.062130696 -0.777084064 -0.004674931 0.844555734 -1.119260487 1.832812331 -1.207813710 -1.013575227 0.349369962 0.311733945 -0.194280162 -0.978916195 1.484083722 0.186683463 0.125917368 -1.209431429
-25.968175719 13.131940184 42.930279730 -0.503237457 -0.681662337 -0.409051415 -0.338770514 1.156911689 -0.767843061 -0.975779373 2.491228743 1.756863262 0.294887399 -0.294311717 0.021252386 -0.121314857 1.771256513 0.768218752 -1.889758499 0.140940649 1.037250278 -0.321534558 0.540214760 -0.270228240 0.365741328 0.664583021 -0.647013418
-24.093450407 19.879272294 34.398595747 0.299069890 0.378156939 -0.829696676 0.281350236 -0.416347177 -0.399214384 1.183388225 0.101057980 1.256022601 -0.029091430 0.469448436 -0.006631512 -3.084461592 -0.065069405 1.033968943 1.342818133 1.613652743 0.114296247 1.058403517 -0.650516762 1.856596127 -0.807403849 1.240219152 -1.001674339
-27.518769551 16.476129231 45.842646300 -0.237680872 -0.015632566 -0.741988651 0.626670781 -0.177254190 0.758033841 -0.783812199 0.369364568 0.904631363 -0.129398064 -0.358510101 -1.882033720 1.119500534 1.297251324 -0.819685222 -0.105792311 -0.701375627 -1.638884444 -1.450213490 0.189670417 -0.355883675 -0.568906037 1.545870195 0.944064783
-21.062320769 17.573895556 41.673188180 0.216926077 0.524492687 -0.788025084 0.238467954 1.092722753 -0.664506411 -0.588716664 0.349236758 0.075689670 -0.596329216 0.004159278 -0.200012454 -1.607629179 -0.046837277 2.091287762 1.251155478 -0.693377220 0.590775740 -0.832847530 -0.033641457 -0.658528545 -1.946086357 -1.069880920 -0.316573669
-20.234299955 16.648373002 41.931423874 -0.948242831 0.167824290 -0.025518555 0.268364200 0.816827628 -0.525540770 0.712178711 -2.053673232 -0.159904773 -2.109854967 1.447801213 -1.266879818 0.767834663 0.307799617 -0.923599827 1.256219963 0.134873134 -2.625649553 -0.053902949 0.041963336 -0.208104221 0.470923976 -0.984051342 -0.579160195
-30.406571384 15.202736271 34.454640326 0.840919310 0.318323806 0.125957580 0.419117354 -0.384856458 -0.722602612 0.007146794 -0.310105536 -1.812704819 1.186693000 0.746952769 -0.579189510 -1.615107729 0.399455424 -0.736935620 1.609612626 0.280265849 0.915459316 -1.486069976 0.404211130 0.139117236 1.241433368 -0.420879060 -0.036972418
-25.561611581 14.031677311 45.130273602 -0.464066266 0.566132169 0.629653270 0.260141553 0.917421217 0.943859845 0.029395231 2.370342456 -0.376636668 0.883653092 0.176689260 -0.697898638 0.713651785 0.565820152 -1.036610889 0.379706729 -0.905618918 0.551166484 -1.159324062 -1.323738338 0.536086313 -1.070043223 0.345376785 1.992507726
-33.418154395 11.975206628 39.905483089 -0.137079160 0.330573751 -0.170396848 -0.918093249 0.556710756 0.874948887 -0.407464784 -0.809054821 0.211254151 -2.506628930 1.825004175 -1.420484902 -0.149942328 -0.194795117 -0.877590904 1.165550786 -1.172599026 0.329786979 -1.727312049 0.908214186 -0.116330938 -0.477582349 0.824857388 -0.222570021
-29.218281216 20.754643823 32.648077133 -0.566403777 0.689745858 0.076636989 -0.444481928 -0.292378690 -0.417305113 -1.396910311 0.854920601 -1.571285547 0.648592093 0.559753335 -0.787497336 0.765480395 0.025927066 -0.980050314 -0.903522116 -2.421879988 -0.625979740 2.065224632 -0.227344762 0.128683260 1.120223487 0.912718837 0.821857813
-36.863984279 20.350323752 36.336351685 -0.014658124 -0.393600832 -0.917616034 0.053332346 0.584344621 0.882319286 0.142138428 0.808540286 -0.212856921 -0.843411109 0.315966712 -0.440685852 -2.165422388 -0.749656164 -1.772183548 2.793328844 -0.327395245 0.216202229 -0.799559124 1.651634089 0.820089395 1.208776874 -1.372781156 -1.018854656
-33.502314288 19.889961945 39.740396447 -0.314761041 0.519335294 0.746862305 -0.270948401 2.014201982 1.384921853 0.628038493 -1.065982959 0.493115758 -0.307213592 2.024279939 -0.724508165 -0.576862480 -0.134685751 1.349420851 -0.438821874 0.184676617 1.448098367 1.627033444 0.729266916 -0.118483778 -0.815709654 -0.750114602 -0.242615283
-25.475582152 16.553398168 37.352613145 0.806418883 0.043546162 0.166774775 0.565666413 -0.743166697 0.480657364 0.037670926 0.705123021 -1.698387233 1.622734235 -1.487390477 -1.395053361 0.087456775 -0.815228748 -2.557273375 -0.715527453 -1.086429531 1.508543214 1.756879258 -0.478127374 -1.783870905 -1.427053786 0.025026145 -0.315317712
-28.686379966 14.280435861 38.093196781 0.388789529 0.054618369 -0.660108263 -0.640403480 -0.419807737 -1.143853935 0.278959496 0.872571993 -1.546158692 0.609496291 0.646391878 0.286811703 -1.014732718 -0.305295693 1.554441296 -0.067858511 -0.199041628 0.963432298 1.270731189 0.942171785 0.428912869 1.151135361 -0.020256462 -1.171960744
-30.444268605 16.608649392 40.822910089 0.026835064 -0.305548896 -0.520372005 -0.796952149 -0.186672409 0.377148310 1.035377622 -0.947668917 -0.290913131 0.699814120 -0.707753839 -1.103186386 0.183233062 -1.519792565 -0.022533196 1.864253063 1.913010514 0.000385680 -0.989548514 0.284585793 -0.298506404 -0.476532457 -1.453864199 -1.760512099
-33.746634709 23.907153373 39.448769812 -0.448938102 0.511178896 0.504497021 -0.531632836 1.950527436 0.330230182 -0.369661582 1.549422527 -0.647123123 -0.283318317 0.708385190 -0.018971557 -0.356092587 0.038699925 0.128370782 0.916803649 -0.543342701 -1.506068708 0.824001017 -1.026353792 0.774971658 -1.215529131 0.337331483 -0.189593217
-20.659228139 15.352485625 34.371933218 0.611407053 -0.058407628 0.657859060 0.435880053 0.442388769 -0.584771599 0.195277114 -0.712851803 1.163646091 -1.034674896 -0.352644110 0.610643881 0.287629072 -1.867193343 -2.303198236 -0.465112103 0.815984884 -1.040364036 -1.361718608 0.013506309 0.812802722 -0.189024548 -0.666325164 2.043749275
-35.356975667 19.335447892 42.032851906 -0.476141153 0.444900070 -0.700075576 0.291972119 -0.263827836 -1.183099151 0.127187638 0.140659839 0.670843654 1.315879563 0.599713923 1.102769885 -0.482100727 0.855484498 -1.269181244 0.426454983 -0.743826342 0.346749139 -0.933133111 2.204390545 -0.064331069 -0.821676221 -1.542793635 1.279565664
-37.786374435 11.093478204 37.770884632 -0.796042130 -0.038130972 -0.386671480 0.464056164 1.013708036 -1.579119842 -0.569509852 -0.211014642 -0.654596516 -0.746681337 0.582846886 -0.664296049 -0.402506095 -0.225640474 -1.408380630 -0.447502858 -0.700542376 -0.785313493 0.483977957 -1.551462403 0.090549188 -1.183406130 -0.072281954 -0.108043185
-36.650431032 14.812704075 44.625845090 -0.799730073 -0.551500958 0.162558499 0.172780899 -0.668424180 0.483005883 -0.448497553 1.250814462 0.396600846 -0.866632315 1.179296006 -0.554367292 -1.338495236 -0.175254143 -0.312648403 0.555242850 1.068347436 -1.152304756 0.922939110 1.088402000 0.299862298 -0.037870755 0.361270043 -0.904820991
-32.365376455 19.591794304 32.865910822 -0.460104662 0.658606615 0.577933932 -0.143294791 -1.358608363 -0.885267115 -0.998240050 -0.859520945 0.450802820 0.260124518 0.071069991 0.569332629 1.788470414 0.158405165 1.108940757 0.517832905 0.356662013 -0.080769274 1.091350043 -0.430544406 1.168557996 -0.881572461 1.233053029 0.380230497
-31.330551105 23.619306340 36.419269654 0.844010948 -0.289960393 -0.247415087 0.377298642 1.067978481 0.813965313 -0.051483871 0.742434572 -1.070914357 0.971133986 1.922177340 -0.252358170 -0.224715029 -0.701918326 0.890255936 1.263971464 -0.991053596 1.672897948 -0.421657756 1.113877015 -1.313916794 -0.186206014 0.354312792 1.230719437
-29.520913632 10.107245151 37.046732606 -0.860338434 -0.486219437 0.140390505 -0.060818952 0.405232243 -0.809116014 -0.798054462 2.182694083 -0.281202761 2.166048897 -0.544187003 -0.622336897 0.979644350 0.980823714 2.428596082 0.781590220 0.039895552 0.176963002 1.173091873 -1.159832643 -1.595153751 1.334746640 1.058441552 0.133386284
-24.505763076 11.997759233 39.656011721 0.350015825 -0.917260146 0.130324696 0.138340959 -0.782837742 2.468285261 0.522121808 0.743988688 0.619550807 0.651535397 -0.143358739 1.438652024 -0.947159007 -2.180946239 0.465315457 -0.345814309 -0.705796901 -0.470144782 -0.890060274 -0.326090915 1.626609369 -1.771612625 1.608630306 1.290102850
-26.884140497 18.420153339 32.459831428 -0.368630105 -0.667980282 -0.341625817 0.548822366 -1.733627912 -0.530836579 -0.205612751 1.689997498 -0.212724901 -0.084650842 -0.688966307 -0.898419460 0.294633166 -1.349150720 0.539660669 0.410412648 0.721315502 0.181532527 -0.750201778 1.295900065 0.944596599 0.301754560 2.450913896 0.200262320
-26.612757672 16.629530776 37.521058280 -0.020122634 0.759334537 -0.212386431 0.614734207 -0.236931631 0.422306162 -1.753363846 -0.053153960 -0.289145491 0.239234056 1.221062757 -0.467955781 0.271633189 0.077230234 -1.721333707 1.959577030 0.863288477 -0.761462146 -0.669140945 0.340888286 0.570484384 -1.828194100 -0.230278572 1.871226096
-25.331567811 21.625872732 42.391807886 -0.080581796 -0.346287130 0.120577903 0.926850995 -0.667057578 -0.343236195 1.094145865 -0.869570981 0.852947096 0.024385408 -0.385816736 -0.530651630 0.222881679 1.565725310 -0.515805868 -0.629342022 -0.322670062 -0.929031053 1.996982774 0.019379988 -0.677452050 1.738313986 -0.532319648 0.028092099
-29.810881762 9.158991774 46.672310984 0.130962197 -0.434111344 -0.857307822 0.243761242 1.240528364 1.391923356 0.523831888 0.839817509 0.252176225 1.138382178 -2.587304471 0.821698870 1.536605198 0.781346284 -1.693300983 0.060782576 1.408413994 -0.027206704 -1.450983147 -0.608744343 0.710656751 0.803278144 -1.170623342 -0.718239667
-25.269535333 12.953239474 44.143286957 0.809093427 0.322041592 -0.455089351 0.185878244 -0.923511476 0.113127529 -0.443937317 0.708464567 1.419585094 -0.253314945 1.989204350 0.828028272 -1.407377165 1.048921824 1.421198162 0.260295155 -0.830663086 -2.069830418 -1.141690305 0.638546856 -1.050514531 -0.212342719 1.263240124 0.101945049
-26.353809545 19.956084573 46.126549743 0.607220488 -0.560288707 -0.223035614 0.517315145 -1.578434907 1.087139907 -1.523760703 -1.292333053 -1.181522264 0.868551151 0.673502042 0.887876621 1.660708554 0.106015581 1.541317368 -0.499052602 -1.454899550 0.111280698 -0.321751021 -0.608620592 -1.369573862 0.281995672 -0.694125177 0.072607051
-31.028945893 13.765992624 43.207481087 -0.666424728 -0.732100201 -0.065836530 0.124791541 0.381946963 -0.855415702 0.158688629 0.666871341 -0.171474541 -0.931074092 -0.276648733 0.332192490 -1.089976576 0.347077685 0.784259726 1.379838069 0.714792390 -1.420681489 1.042006642 -0.088956437 0.976359957 -0.182606355 0.043527726 -0.864268234
-36.214587775 9.870433637 35.301711628 -0.056996701 0.931836458 0.343423482 -0.102432927 -0.436752812 1.045781734 -0.301648869 -0.353398247 0.262617496 -1.300720609 -1.726141619 0.600583200 1.418661836 -0.565809685 1.247657864 0.166551028 -0.327293046 -1.423194054 2.066763274 -1.384684814 -0.556454316 0.547090131 -0.624066288 -0.157163504
-32.874537698 20.084199242 32.696570388 0.166620663 -0.296031924 -0.619587493 -0.707611471 1.268877482 -1.055310962 -0.575954122 1.237499103 0.151655169 -1.001397828 1.959656422 -0.155223924 1.261483744 -0.456237653 -0.151235180 1.813282528 -1.436180251 -0.797646726 0.246579645 -0.627184982 0.879552722 -0.379723488 0.011380514 -1.055630372
-24.841041683 10.776612073 44.006870618 -0.463036875 0.815711167 -0.084440258 0.336276653 -0.388419850 -2.340509347 0.013837012 1.143545006 -1.016404200 -0.395750561 -0.793829023 1.337785141 0.011198684 0.972371571 0.546874131 -0.223308864 0.447869300 -1.003426377 0.727885739 0.230923768 -1.454429115 0.739606544 0.783765856 -1.186283633
-33.348531813 13.593256356 46.756885436 0.300560990 0.682173759 0.604760144 -0.280298452 -0.113077916 0.118375645 0.454769669 -0.594399699 -0.650930755 0.307086196 -1.849211614 -1.402079838 0.392907671 0.578846433 -0.735702726 -0.114644247 -0.036095554 -0.309152766 -0.275239361 -0.680908819 -1.119827776 -1.003981035 1.194900677 -0.251143932
-20.297968855 13.817449126 37.647485312 -0.239441701 -0.660198666 0.305562214 0.642990766 -1.215354784 0.778529559 -0.921282044 1.035389321 0.551582113 -0.721895663 0.402821569 0.233144722 1.994112272 -1.639280365 0.643401829 -1.036303736 -0.183488955 1.073391341 -2.144565291 0.258899079 -1.912142142 -1.431858572 -1.648271294 -1.253225425
-33.893931970 15.119096110 39.520979488 -0.083525947 -0.220297817 0.666352269 -0.707436882 1.098505591 -0.092159002 -0.521417882 -1.015783240 -0.121392082 0.343717075 -0.641224360 -0.854681989 -0.475616006 1.134863974 -0.377128572 0.810393238 0.308958253 1.203324016 0.216693315 -0.175945705 -1.480720880 -0.514010194 -0.145298277 0.691031990
-28.570617869 18.324833294 34.713825725 -0.064251501 -0.434634312 0.774757676 -0.454659546 -1.898898434 0.117200202 -1.785278511 -1.024359943 -0.145743074 -0.391069621 1.046051896 -1.289905742 0.998655417 -0.178054878 0.716626817 0.689568253 1.241352174 0.130758481 -0.285948296 0.727296040 0.237830345 0.247507915 0.811462634 -0.622440751
-36.364654062 13.283460976 33.677925310 -0.390302622 0.704465958 -0.446297422 0.390141241 -0.524557085 0.088791363 -0.145726353 -0.201058255 0.452461280 -2.374922939 0.212839495 0.098059725 0.982374775 -1.852368646 -0.342374892 0.672015353 -1.309737800 1.380559736 -0.531728606 1.885092002 1.192998362 0.728501961 0.679125491 2.155742147
-31.849630383 7.661588465 43.320049939 0.370817232 -0.515321215 -0.274759090 -0.722112227 0.365780581 1.375863212 0.452997146 0.578557895 -0.136204478 -0.995136205 0.353471319 0.761213424 2.859770332 0.628776749 1.928087557 -1.726250931 1.498137678 -0.534139722 0.601706606 0.075100166 1.102375725 0.936941329 0.461782708 0.952245790
-30.396918552 17.230841246 37.754023690 0.168484199 0.952888513 -0.154626113 -0.199266963 2.123622805 -0.429234222 0.988572444 1.577400276 0.037847726 0.570096490 -0.741112181 0.176593689 0.249115932 -0.881997044 -0.772276056 -1.165098143 1.317357540 -0.767915762 -0.573593154 -1.430953072 -0.291323706 0.908047508 -0.404421480 -1.120956689
-32.437169379 12.704579081 32.080166860 0.494664845 0.423119512 0.717843179 -0.246936712 -0.595936190 1.481510221 0.396644270 0.064598428 1.094182754 -1.068431767 -2.577580981 -0.818924349 -0.389539387 1.045740932 -0.235645310 0.500730516 0.562160407 1.524822856 -0.555404621 2.585128442 -1.872802801 -0.885367206 0.558586092 -0.185708131
-28.305317454 12.487789463 34.412262732 0.080263923 0.027528636 -0.967747234 0.237202799 2.215911566 -0.978256920 -0.683624546 -0.007824063 -0.848254208 2.357828681 -0.442178755 0.625960523 0.948600810 -0.742317951 1.279251597 -0.160443838 -1.006554525 1.360538529 1.176334331 -0.113067206 -0.415288741 0.850499640 -1.341312733 0.965629800
-31.650224190 12.909782500 32.150642995 -0.242906632 0.867182367 0.291439407 -0.322574305 0.498646434 0.042531598 -0.410227638 -0.242764070 0.658645042 0.290859833 -0.244381579 1.543134123 0.736564578 -0.229042811 0.754811085 -0.170258571 0.353111337 0.818203908 -0.926427140 -1.267769014 -0.601260760 -1.165904896 -0.535406233 0.560355541
-26.756679295 13.908792375 43.794954548 0.920833318 -0.129645717 0.362979361 -0.059194366 -0.447804224 0.357290380 -1.806113494 0.084851847 0.033773561 0.158077977 2.357913276 0.355982802 0.345487715 1.574771254 0.704657363 1.167716558 0.477315067 0.305249155 0.182551200 0.787881622 -1.742379308 -1.165284973 -0.608959885 0.273857285
-21.519200503 19.231166206 36.516948591 -0.424255466 0.412749482 -0.804349303 0.051646523 0.956419132 0.124621710 -0.323212058 -0.837684921 -0.763954614 -0.424427850 -1.215567238 -0.525816863 -1.180663107 -0.458356863 -1.042240528 -2.254500112 -1.730037773 -0.060083767 1.401653336 -1.554498083 -0.468871300 0.429109105 -0.686160753 0.662625553
-36.224978225 19.779401089 38.694349684 0.404208890 0.153904528 0.489601237 0.757112408 0.134624888 -0.966299403 0.793704590 -0.171608968 0.032780487 0.391436359 0.315314992 -0.490993999 0.934926663 -1.378056109 -0.236516676 -0.169308448 0.822571582 -0.592992198 -1.899540248 -1.305130989 0.599357205 -0.257903379 -0.513980188 0.077886285
-23.511030301 11.415181250 33.074704037 -0.349676820 -0.864733887 0.219990330 -0.285597060 0.363489815 0.356512558 0.003765126 -1.246304600 0.369990937 -0.293862178 0.163597330 0.317923780 0.213137993 -0.673902368 -1.005759500 0.535361940 1.082751621 -1.553545061 1.153087137 0.162632647 -0.507883954 0.412348006 0.306702838 -0.316001533
-25.120301021 21.937074843 34.154280977 -0.735105665 0.148944886 -0.641859178 0.159536445 -0.382679655 -1.481954106 -1.695137513 0.875277990 0.445307138 1.546878091 -1.032842633 -0.005051998 -0.542204558 1.558119934 -0.271332863 -0.258705958 -1.337632137 -0.577413613 -0.304907789 0.025351006 -0.694262658 0.009271026 -0.284797662 0.098956245
-33.377275703 15.398751975 47.587189442 0.667336126 -0.515982585 0.260619142 0.469576542 0.155274553 0.586598205 0.230069752 -0.016830268 -0.766138075 -1.115247887 -0.567845720 -1.581715643 -1.086807291 0.483861683 1.604198811 0.125751178 0.095924280 0.650405027 0.257032314 -0.536972161 0.449797225 0.559168955 -1.504112603 -0.524165860
-34.010443775 8.377859654 34.969994116 -0.712500128 0.487078971 0.349127204 -0.364976491 0.225805597 0.398726811 -1.968091521 -0.615514618 0.227375641 -1.709578200 1.328362578 1.082202802 -1.658826823 -2.992290803 0.670971205 0.149119680 -0.086306794 -0.769964431 0.654343388 0.235392035 1.385904370 1.111531150 -1.108790114 0.750714265
-38.694469735 15.200292453 41.637218369 -0.013568037 0.700554594 -0.697286716 0.151097337 0.769886626 -1.488776171 0.417222506 -0.876321459 3.308262748 1.892458094 -1.217571983 0.939449359 -1.075782704 -0.022522850 0.057002530 -0.371871572 -0.702994386 1.849511085 1.028537267 -0.378648093 -1.208928002 -1.192251740 -0.292359623 0.857777437
-25.225782066 16.969099388 32.212117338 0.728516373 0.160200712 0.029826101 0.665364585 -1.744694601 -2.391371455 0.457426883 0.941712575 0.906476286 -0.997381853 -0.411194797 -0.526074337 -0.147157231 -0.525184964 -1.003315849 1.653561108 0.139308229 -2.164718575 -0.723343849 1.867442261 0.917127962 0.277951829 0.595975523 2.135561677
-34.470844724 19.766096542 36.905130083 -0.149537906 -0.212091981 -0.248839573 0.933131434 0.128402932 0.289594740 0.584265491 -0.011508658 2.087631493 -0.607032059 -0.994811137 0.201700146 1.770796309 0.908421792 0.732603840 0.116993489 -0.683772733 0.968802133 1.064389591 1.050213438 -0.837084044 -1.690538174 -1.270026385 -1.096301714
-30.885777997 15.800052180 36.999048417 -0.052432890 0.856091854 0.478255311 -0.188757482 1.688412451 1.778839113 -0.779034335 -1.088161139 -1.381452844 1.163199436 -0.266255623 -0.711920766 -0.663665029 -0.990775224 1.430972027 -1.798191440 -0.666068756 0.809256172 0.865852059 1.121612301 -0.457974001 -1.210545529 0.206333950 -0.569140440
-22.893446584 12.538614531 46.059127723 -0.047846507 0.951665301 -0.165897617 -0.254011509 -1.075314055 -0.508211535 -1.043021218 2.783787114 1.567489816 0.036679291 0.941610443 1.202484901 1.375433758 -0.018267607 0.918587266 -0.887906508 -0.813686867 -0.941767680 -0.423345239 0.541672233 0.643822428 -1.185505362 -1.417401016 -0.574728069
-32.005918803 10.320217887 32.231228902 0.187058046 0.918732226 0.126398578 0.323981146 -0.516431815 0.634163597 -0.430333124 1.475577024 -1.258620517 2.140664616 -0.756869128 0.001040506 0.398441315 1.114630895 -0.705247628 1.443205372 0.210785031 -0.757961452 0.680335290 -0.357024376 -0.040004656 2.438611038 -0.019491357 2.245012755
-28.139289091 24.544518461 42.047733724 -0.800885975 -0.521953418 0.271578506 0.111316663 -0.472254238 -0.990835840 1.220488086 -1.145389933 -0.738151761 1.087478832 -0.094296762 0.818875177 -0.575426762 -1.699124020 -1.812482367 1.348412755 0.337869212 -0.241706431 -0.010013860 0.093839834 -1.530030535 1.015730090 -1.488210989 0.147943766
-31.236229784 14.058227507 32.879401781 0.135501157 0.316970145 0.905590357 -0.247134516 0.825371589 -0.661691545 0.343995114 2.029805829 -1.063557090 -0.952383886 0.537476214 -0.397456084 -0.759911551 0.610126003 0.764551309 0.087928263 0.337574255 -1.395278899 0.060735846 -0.264749856 1.006601342 -0.060144926 0.433716659 -0.221319306
-25.161293697 9.453938907 45.062096958 0.219250329 -0.672783510 -0.394253044 0.586392513 0.993647658 -0.281957165 -1.255039128 -1.349200690 1.234437626 0.918912547 -0.517228020 0.453288088 0.535206278 -1.360905457 -0.499795041 -1.696453652 0.034982156 -1.736997489 -0.483799987 -1.294022863 0.348804428 0.334704644 -0.092295814 -0.686476703
-32.594430946 14.835543007 31.492886141 0.092951839 0.516476426 0.153447486 0.837296797 -0.456741723 -0.939211119 0.593887398 -0.175254287 0.478597128 -0.610057845 -1.520753165 0.829320707 -1.148089702 0.028638681 0.133765662 -0.904404019 -1.303735261 -0.306774809 -1.236751395 -0.185312870 1.892081203 0.100151072 0.528829837 0.850399726
-33.912946867 15.282938008 38.558176558 -0.269425005 -0.571557187 0.221321988 0.742798173 0.399795195 -0.200379008 -0.140340583 -0.492068534 0.299186658 -0.031448268 0.170928888 0.344069662 0.316315492 -0.437992446 -0.917548924 1.207120822 -1.658764689 0.211999652 -1.122329978 1.806004118 1.165975950 -2.322550030 -0.193422802 0.978845522
-29.792940546 14.672851353 29.812884463 -0.392482261 0.374071238 0.821329224 -0.177332145 0.201886672 0.530538254 0.979748477 -0.151108059 1.630900038 -1.138367866 0.631010645 -0.715589971 -0.246284478 1.168544385 1.803166424 -0.237471487 0.054179883 1.318465466 1.056028401 1.133876929 0.916773632 0.442532929 -1.594531761 -0.030786039
-28.861331079 13.826387663 39.352555008 0.314042740 0.117753570 -0.463206625 0.820335832 -0.593598214 -0.469999215 -0.516394122 0.434632192 0.034423929 0.129010567 -0.611048876 0.677022024 -0.324335791 0.456649232 1.252851231 0.890949123 0.501031054 0.721235307 -1.109059587 0.988441854 0.373445044 0.643265870 -0.790256332 0.239418377
-24.638483608 9.468370673 40.252903656 -0.133663288 0.743448883 -0.649826207 -0.084520913 -1.318170607 0.901601648 -0.033529251 -1.420269261 -0.378222304 -0.098419548 0.915168828 -0.615748034 0.688769915 -0.355149630 -1.209649684 0.039628861 -1.805331865 2.096325304 -0.060014342 0.026751521 -2.346648613 -0.729417943 -1.124338443 -1.381987910
-29.711543805 12.289228527 30.598926716 0.316904842 -0.338378411 -0.360299570 0.809478592 0.227212175 0.163266558 -0.308218936 -0.276119900 -0.610591073 -0.220774998 0.331253250 0.654355803 -0.832395748 -0.676994134 1.967075166 -0.781839509 0.436424489 -2.400535231 0.903397527 0.416387588 -2.552615074 -0.583401711 -1.486180819 0.503357064
-27.678498872 18.936799797 36.957237801 0.536621784 -0.395041034 -0.745359458 0.020467556 0.612395958 -1.292819024 -1.301721285 1.776888296 0.286100857 -0.600193020 0.374599890 1.161372447 -1.176090186 -0.953922373 -0.200565155 -0.348930850 0.220694302 -0.492133276 1.254464784 -0.209325067 -1.065651134 1.557781350 -1.226453806 2.097949806
-35.147201877 19.960582511 43.056044262 -0.442669563 -0.438332275 0.781716984 -0.028758144 1.689304673 0.735688953 -0.417078239 0.822697017 -0.459550574 -0.128940759 1.645862330 -2.341155727 -1.090070706 -0.190162847 -0.035465869 -0.201895895 -2.822910388 -1.506101794 0.586611867 0.023828998 -0.900857733 -0.096275229 1.651506396 0.803394546
-23.499594054 12.448215319 39.765750629 -0.154692979 -0.609502237 -0.412132834 -0.659335751 0.256345994 -0.969788660 0.027746989 1.004671439 -0.204012599 0.850187728 0.669838153 0.311030858 -1.765847384 -1.390822672 0.887107116 -0.496996287 0.307210315 1.519037549 -1.058880406 -0.772004650 -0.015061870 0.565787023 -0.608819856 0.059118638
-26.111340521 15.627674151 47.506219232 0.685032645 -0.158269352 -0.292160921 0.648323287 -0.135756160 0.760220595 -0.045752986 -0.371683744 -0.161315309 1.549787159 -2.359876269 -0.691104256 0.021972986 0.078401976 -1.208304396 -1.259039605 -1.552352939 -1.372226752 0.495241285 0.615395249 0.322189586 0.153531574 0.628953297 -0.557800019
-26.509867267 13.486984865 44.103123151 0.199302570 -0.217714556 -0.075012216 -0.952497782 -0.562308334 -0.308509606 -0.476061252 2.047328118 0.033578973 -0.346259689 -1.301756017 0.113145379 3.417432365 0.256499053 -1.591551191 0.375528543 -1.619309030 -1.546448091 -0.540907369 -0.259676122 2.616642168 0.358252130 0.463751721 0.384988287
-33.303388960 16.914558100 44.770623480 -0.908410402 -0.243063872 0.338235072 -0.036159804 -1.233113206 1.121894896 -2.751501717 -1.015471295 0.191303001 -0.239413521 0.393455147 -0.184298675 -1.450000070 0.246241617 1.877362886 2.108482994 -0.427814856 -0.006677801 -1.234218855 -1.418277363 -0.962382909 -0.378021750 0.650027547 -1.264970953
-26.575835520 12.660295377 40.833549429 -0.032295091 -0.372783923 0.926538017 -0.038941956 0.774461988 0.816245324 1.001154653 1.368902579 0.441968590 0.321707159 0.761302477 -0.815146230 -0.709274511 0.434482265 0.151977023 -0.860345987 -0.079243733 2.105645701 -0.134821370 -0.972082563 0.448660296 0.051522239 0.144107084 0.208538593
-34.770419911 23.066305938 36.584018919 0.205042466 0.432275686 0.302732432 -0.824286596 -0.504738866 0.467814004 -0.335880377 -0.538494332 1.197152755 1.257333178 0.504888580 -0.614246454 -0.837003848 0.285901432 -0.851864841 -1.677645657 -1.523804356 0.375627324 -0.126577783 -0.426838082 -1.449068446 0.315974000 -0.800285312 0.484321001
-29.444325293 21.903006091 33.744384477 0.323820945 -0.807513803 -0.369544663 -0.326340613 -0.224710036 0.223820573 -0.927024925 -0.465640148 -1.221303952 -0.470339419 1.199216582 0.026362673 -1.431696761 -0.180421631 -1.392065445 0.239684209 1.415003499 -0.458831867 0.955442201 -0.232015637 -1.134925525 -1.291417839 1.389855691 -0.928016053
-30.614994277 21.434974391 32.541301785 0.142743810 -0.020087791 -0.925521510 -0.350186549 -0.139988839 -0.042207385 -0.595804155 0.868166844 0.159356111 -0.591012084 -1.660639227 -0.431008417 0.502311309 0.186703095 -0.394124050 -0.210883646 0.667427779 1.302304441 1.405566365 0.881437878 0.163892612 1.569609056 -1.490448120 0.365661159
-19.770171400 17.512057661 41.809389650 -0.933109264 0.174866681 0.132891833 -0.284725319 -0.120827206 -1.342382599 1.210021237 -0.834574518 1.447009821 -1.171032764 -1.657283638 0.809491647 0.120859218 -2.461525084 -0.942768555 1.323498704 0.676223553 -0.214707065 0.720553999 1.244654855 0.918085621 0.687110526 -1.096952939 1.636312220
-20.875589715 19.513989146 42.172738017 0.084347079 -0.258552316 -0.301838534 -0.913744915 -1.438587409 -0.595075930 -2.400873181 0.536524138 1.805580215 -1.185227119 0.592987354 -0.370983740 0.630384781 0.833468877 1.164985072 0.809729229 -0.241107932 0.709859767 0.113449575 0.529276275 0.498857443 -1.340009098 -0.916804836 0.546773424
-25.956596102 8.886900928 39.873786239 -0.159461326 0.491471458 0.497358571 -0.696894787 -1.073793249 0.878288497 1.279113357 -0.488524261 1.244227710 0.505620362 0.762544942 1.216419174 -2.700091334 -1.365602352 1.594984696 1.984999786 -0.404330189 -0.601903636 0.367084851 0.638883103 1.024720771 -0.439088948 -0.828199095 -1.778922545
-27.824893415 23.536508652 35.004022932 0.352375420 -0.647949751 0.574553999 0.354796260 -0.635888229 0.694604960 1.703573564 0.009737341 -1.566444775 0.167200039 0.659336432 -0.465130310 0.451052490 -0.486692256 -1.661402492 -0.225838450 0.119300009 0.214128576 0.611647739 -0.469844456 -1.896330514 -0.509761710 0.142997767 1.150532529
-23.800233296 17.456181717 42.308738219 0.409507058 -0.549288242 0.321523524 0.653612286 -0.446181478 0.027125171 0.057837956 0.321130362 -0.133680102 0.791370676 -0.456210668 -1.174605036 0.625430641 3.009456077 -0.806220151 -0.326680932 0.184271188 0.429685403 0.385038095 -0.203488268 -0.107632343 -0.226625050 -0.263115778 -0.082904098
-27.871964609 24.720026804 38.735747796 0.133278147 0.271091255 0.192813710 0.933578781 -0.077307637 0.228188762 0.595069473 0.015498427 0.195252888 -1.626178169 -0.236472062 1.070000794 0.358394736 -1.067871406 -0.818113167 -0.283579261 -1.452291732 0.967940484 -0.101258213 -1.729677703 -0.765590155 0.826153142 0.677828817 -1.167537206
-35.707523343 9.455667868 35.066705250 0.016336145 0.885677619 -0.389548507 -0.252111573 -1.526658248 0.351200327 -0.823801485 -1.591196494 0.089953619 -1.134852112 2.517530755 0.926969473 0.142264379 0.169402116 -0.097906592 1.341118566 -0.737097336 1.184631709 -1.887541646 0.385769929 1.918887898 1.710147106 -0.347468986 0.981707760
-33.167807730 9.756430305 42.875147675 -0.232886702 0.726474139 0.455852988 0.458472640 2.920602851 -0.870838178 -1.013862883 -0.885871693 -0.479550908 -1.965737587 -0.344755412 -0.710837028 -0.326519051 0.267319785 -0.920226639 -0.547151945 0.440709717 0.004660987 0.821524892 -0.190868601 -1.672909583 1.479188491 -1.178970700 -0.210954079
-27.967418777 10.557164596 43.737808104 -0.309412127 -0.661446006 0.104766697 0.675112773 -0.175965870 -0.080463354 -0.552771585 -1.176050546 -1.580919630 0.662745305 0.729131427 -0.288709783 0.941704711 -1.051441757 0.948363259 0.148218017 -0.602900957 0.163112169 -1.454201133 -0.754787057 0.761362231 -1.327893753 -0.753655650 1.266734455
-30.337275466 24.471547769 41.115164378 0.331952884 -0.537604739 0.681925441 -0.368464544 0.714628424 0.150275563 1.305546248 -0.962269247 -2.225339129 -0.052958935 -0.983867690 -0.193309159 -1.122707003 -1.468278281 -0.077817488 1.567293563 -0.024754649 -1.164496316 -0.238785954 0.104845013 0.106641536 0.702977106 0.342302547 0.699335668
-33.922776471 13.208349265 46.283597744 0.007019445 -0.324393806 -0.641332257 -0.695278593 0.789576170 -0.900624666 0.044703673 -1.761646998 -0.441710084 0.236168074 -1.516153102 0.383768646 0.160589916 -1.541593652 -0.213437145 0.384361925 -0.442032013 0.814375873 -1.269333109 -0.111007375 -0.143496711 -1.032120439 0.507142035 -1.231602044
-27.898504515 20.385357659 37.600974236 -0.952863439 0.272302817 -0.001951327 0.133785782 0.086254558 0.483158654 -1.217023143 0.801472252 0.844682664 1.091193210 1.031275387 -0.323574516 0.328356260 -0.763021359 -0.518497127 -3.090611911 0.060668411 1.578695050 -0.540399425 -0.865226898 -0.890627925 0.127463134 -2.247865137 -1.523060250
-24.995804003 24.235479023 36.707989894 0.228814733 0.119550413 0.960854781 0.100546536 0.396507916 -0.011317853 1.405573217 0.693210951 1.177491227 0.423456638 -0.910384648 1.069911359 -1.138635831 0.886492310 2.736351466 1.258102798 -0.655275799 -0.170450313 0.187648419 -0.864590915 0.649050130 -0.111875609 0.139018062 -0.570682524
-22.813762180 20.659086865 33.303219042 0.488232688 -0.235446080 0.839670457 0.033874902 0.634881106 0.530017146 0.245341896 -0.450517242 1.771731201 0.544678236 -0.592368821 -1.414167806 -0.706753445 0.447915070 -0.989420116 -0.716370512 -1.658093777 -1.089475505 -1.407785708 -0.416944764 -0.328083397 -1.386786052 -1.139305839 0.218511152
-22.691111930 9.952178832 34.176808252 -0.730390358 -0.471107106 0.279350040 -0.408107309 0.326306875 -0.464152992 0.533080480 0.146219506 -1.456800663 -0.305240849 0.235047364 -0.788823722 -0.933822556 -1.249306078 1.185666143 0.042275133 -0.687938977 -1.003271022 -1.619121307 -0.380087133 1.247407696 -0.821488362 0.347156645 -1.518428548
-34.554878920 10.130543817 44.452743464 -0.750639112 0.397553183 0.468103267 -0.243663132 1.070328405 -0.223486681 -0.745838758 -0.480801617 0.767003478 0.903099623 -2.128361423 -0.429970086 1.030025191 0.811825173 -2.248191904 1.489055328 -0.583234867 0.883129226 0.317861306 0.307023134 -0.269722066 -1.249440243 0.006534767 -0.230728569
-24.126575143 14.187582594 47.410544623 0.460255992 -0.649928248 0.400840557 -0.452862608 -1.914709862 0.823097511 -1.349828906 0.621643888 1.559901695 2.029596403 1.575468766 -0.765410550 -1.440033045 0.448497887 1.675611248 1.374396893 0.958266480 0.170648624 0.839560114 1.620711513 1.004897288 0.530776786 -1.347014048 1.093632960
-35.833946856 18.163163141 34.325053279 0.173946193 -0.769661645 0.614268498 -0.006155214 1.125446458 0.629095836 0.239301281 1.215600230 0.163680755 0.491639090 -0.099938777 0.806903335 -0.123241094 1.360012557 1.857896069 -1.379323510 0.693654527 -1.177519643 -1.767195403 -0.727067021 0.607843874 0.602904577 1.214827594 -0.964851186
-31.024117028 20.459048670 38.293897970 0.464900955 0.624892247 0.453933036 0.432806633 -0.086232983 -0.819342029 1.239021902 -0.179554412 0.703314698 0.290114308 -0.705895430 2.363337184 0.959909133 -0.576373109 -2.115650119 0.374624353 -0.346480058 -0.749094569 0.963623056 -2.043191454 -0.338781074 -0.619397790 -1.409131739 2.062179008
-31.925960521 12.155017124 35.052274209 -0.205142429 -0.487378422 -0.624408456 -0.574885151 -0.919102357 0.150172368 0.784432057 -0.860549201 0.654095290 -0.954544228 0.686668565 0.407570657 2.091306671 -1.058489764 0.164089312 0.681279391 0.995511728 0.726272040 -0.863148664 -0.174902816 -2.262825112 0.211634585 0.799760824 -2.329024308
-36.830273359 16.545823007 33.458496531 -0.510962465 -0.740012537 -0.437202572 -0.012357820 -0.800068627 1.040599416 1.491098490 -0.150677651 2.430293882 -0.303252023 -1.686865725 0.455715903 1.452460611 -1.618209775 0.478712028 -1.090038266 -0.161147196 -0.087137187 0.334796108 0.932400022 -1.136837452 -2.135890700 -0.930338280 1.119659236
-19.957882942 17.811932763 40.727914849 0.914705039 -0.170242324 -0.023390614 -0.365766486 1.172098426 -1.485223641 -1.042388760 -0.511679778 -1.376471081 -0.387100745 -1.473179656 0.568655921 1.307591012 1.407447629 0.957816849 1.460986812 -1.384877715 2.049930557 0.424760133 -0.053362083 -0.711823646 0.019124145 1.166698692 0.467667094
-26.565823741 18.767737115 31.273825206 0.701861435 0.406655023 0.475914948 -0.339892895 1.097181332 -0.769560384 -0.165102042 1.110246578 -1.256752315 0.156675002 -0.040297996 1.983457671 0.998653920 -0.101662575 -0.706063072 -0.752613501 -1.048163963 0.936506763 0.203217615 -0.029050850 -1.728897789 0.487500288 0.008768652 -0.487214994
-21.463868313 20.739723164 35.666055371 0.188019840 0.575890412 0.495336948 -0.622607485 -0.288902694 0.137962618 0.280011058 0.356409410 1.222736999 0.713595932 -2.423211908 0.483862344 0.502532484 0.337176594 0.318815710 -1.223189765 -1.628019698 0.671228705 0.262979335 -0.667760342 0.144795670 -0.093995013 2.701532293 1.565680813
-27.039588981 16.049770898 31.995801013 0.701381113 0.632684651 -0.095583543 0.314067593 2.424154282 -0.409233781 1.196013270 -0.196482187 -0.330541968 1.726183809 -0.248006493 -1.583182041 -1.111501195 0.417215678 -0.200086561 -0.252018023 0.941766661 -0.893829703 1.330649189 0.084871298 -0.214992253 -1.320885142 1.059980262 -0.237899383
-35.979151279 10.536087547 40.992572261 0.435301535 0.132604070 0.501376019 0.735901367 0.374086612 0.929041608 -0.754407805 -2.037395354 0.046605486 -0.905440993 -0.760475316 1.306860693 -0.292079724 0.987761613 0.377640498 0.204572792 -0.039963544 -0.850531110 -1.478135064 0.667445900 -0.064492088 -0.828097073 0.312922629 -1.401881991
-28.533039039 8.111774049 32.475567528 0.067120548 0.617988413 0.782668203 0.031869070 -0.773555807 1.353521114 0.383069459 0.386324103 0.237158953 1.266818433 0.451764920 0.686464744 -0.258006254 -0.757846158 -1.021562282 -0.157517420 -1.958912715 -0.310608336 0.275332675 -0.882156775 -1.439193476 -1.391121038 0.866239346 -0.615927441
-37.043005170 11.618425141 42.777875117 -0.969542030 0.110126569 -0.158856506 -0.150416091 1.256193369 0.325742842 -1.353912538 -0.246736955 -1.916632209 -0.653819366 -2.165197859 1.250547745 -1.142090782 -0.300190642 1.001001859 0.210848532 -0.096067827 -0.810689988 0.412600593 0.250174390 0.544938124 -1.520337712 -1.588002620 -0.091526005
-35.764648020 19.750078923 41.775926290 0.729439450 -0.511417621 -0.104037945 -0.442206074 1.882326840 0.471021584 0.519830172 0.551623050 1.043355172 0.259109264 0.451438041 -0.575272086 0.692292876 1.112304880 0.211184216 0.417618426 0.281249036 -1.908365578 1.629854268 0.429639870 -1.221256099 0.214852685 0.900698031 -1.070055910
-26.940593509 18.192114663 33.082420031 -0.547340284 -0.349712856 -0.706410269 -0.281254447 -0.546450873 -0.212272821 -0.189511395 0.570389578 0.161814529 -1.870235140 1.209688279 1.971366060 0.260918183 0.549898394 0.173412106 0.509475058 0.592975610 0.787356637 -1.172338901 1.379741976 -2.102135266 -1.146755990 0.872878186 0.448979011
-27.123565216 21.756391787 35.411930600 -0.839289521 0.518581343 0.142272525 0.080156219 -2.689312504 0.940775251 -0.624350463 0.682242006 0.450935206 -1.564399549 -1.323435627 -1.214473742 -1.050465930 1.388074739 0.814175892 -1.847630502 -0.269279850 -0.114597871 -1.339337941 -0.612126833 1.177211481 -0.787789833 0.696376026 -0.450728725
-31.042498453 11.043231382 43.896137239 0.127066177 -0.510688381 0.156132178 -0.835867398 0.697736812 -0.202825323 -0.702977517 -0.213975907 -0.544157230 -0.886335812 2.161192422 -0.198100495 -0.084470801 -1.024741886 0.001162930 -0.104119049 -1.876238935 0.448502205 0.636801810 0.068604719 -2.189973057 -0.769417291 -0.241509963 0.231107690
-28.791241026 8.713220160 39.150839076 0.158922090 0.899887946 -0.121843115 -0.387427037 0.924337229 -0.621734222 -0.097399737 -0.208830377 -0.785552024 -0.845138437 0.296498588 0.600255008 0.986926978 -0.731135473 -0.229126972 0.357195402 -1.864427195 -1.400052168 -0.793005887 0.175240565 0.001246485 -0.381141119 1.003718255 0.695822433
-24.705108624 17.783927838 32.354500720 -0.711398166 0.347265451 -0.555328080 0.254813813 -0.370493663 1.061244462 0.014873740 1.632245051 -2.532576926 -0.740358385 0.295688709 1.740007285 -0.933769191 -0.768957556 0.537748733 -1.324409876 2.026775029 0.846606136 1.079295612 -1.057421783 -1.109050831 -0.444203968 -0.243514015 0.920264036
-29.535069928 21.595073353 34.849500843 0.057420375 0.375451533 0.907170599 0.181054000 0.143583141 0.337988231 -0.347237454 1.319083453 1.839349036 -0.701776189 -1.393328315 1.245153941 -2.187189440 0.011790804 -1.919481808 -1.200220363 -0.134850618 0.312083493 1.573512080 -0.189006397 -0.919739641 0.665773743 1.672393191 -1.542739211
-31.816255085 16.250729418 30.808162180 -0.945941351 0.150521258 0.013803623 -0.286963015 -1.035501862 -0.527755238 -1.004429102 0.298671626 1.235837715 0.374011154 -0.491080768 0.835692255 -0.086128521 0.116635091 1.461763158 0.528391778 1.287212851 -0.749491651 -2.321901929 -0.217405841 0.141130601 -0.987259244 -1.449380974 1.208954899
-30.868690295 8.810957440 43.630404624 0.261236606 0.643251742 0.687399115 0.213225444 -0.380652053 0.447271898 0.445250422 -0.608911341 0.596042867 0.087653502 -0.419777724 -0.764672839 -0.274205635 0.103958307 -0.548749087 -0.187729326 0.538615469 1.454052913 1.937222145 -0.240119017 0.453385275 -0.193392568 -0.951727068 0.542670726
-29.600481569 10.060916312 31.247846268 -0.672766697 -0.594010988 0.167730156 -0.407924640 2.034335443 -0.184850787 0.693913782 -2.252903079 -1.646472873 0.350438291 -2.442082734 1.083370427 0.665810661 -1.183909652 1.077316489 0.271402681 -0.454119318 0.078747077 0.461789552 1.614328920 0.386456189 -0.388917662 1.216420101 0.041362111
-26.247105117 8.986417970 33.268751538 0.979583548 -0.046798781 0.195512727 -0.000848888 -1.045992703 0.535359464 1.240299626 -0.495609904 1.284145453 0.248886491 -0.821958778 -0.215813502 0.338412393 0.307574172 3.196213060 -0.557402358 0.600799601 1.387028865 1.372475435 -0.627661035 -0.761199687 1.220028456 -0.010038908 -1.137384307
-33.036683540 13.099826062 46.904238446 -0.830225806 -0.466305170 0.123306495 -0.279428181 1.259130973 0.071396857 1.347839712 0.976769149 0.938842826 0.379689928 -2.107742626 -2.969032945 -1.040112308 0.165701753 0.255733511 -0.412888311 -0.722881132 1.488516767 1.217439525 1.465103006 -1.440979786 -0.534259467 -0.941370937 -0.535846628
-23.904455965 14.971427228 46.531385980 0.504186764 -0.643945585 -0.090451925 -0.568285351 -1.355809132 0.721744844 0.043422967 -1.810671630 0.862962193 -0.679881140 -0.215158204 -0.395812228 -2.300848918 -0.053399271 -0.500222402 -0.288077530 1.065261529 0.590756651 -0.797191522 0.926186041 0.369857079 2.040949741 0.251148739 -0.253578380
-35.426695642 17.113883803 33.548855001 0.923192388 -0.104915961 0.336611538 0.152974272 0.024440107 -1.207782741 -2.477692940 1.895446448 0.698591042 -0.802998659 -0.382112615 0.131165197 -0.914256875 1.059477149 -0.990683119 -0.149464455 1.318549075 -0.579392313 -2.716656339 0.228187817 0.274132455 0.417315653 0.019785769 0.952843595
-34.180173030 19.576715633 36.626345647 0.364762381 -0.793057642 0.323403319 0.365264664 1.215979462 2.234225185 0.288294999 0.410723091 0.356429334 -0.191129921 -0.852525508 0.727560554 0.658085364 -0.282763824 0.001758991 -1.015518597 -0.897072245 -0.030464124 0.797333728 1.524985714 0.198272810 -1.112177197 -2.022668832 -1.177780540
-24.820146266 19.268221180 34.221041892 0.151702499 -0.301927507 -0.197795848 -0.920164624 -0.714260391 -0.102899521 -0.401456744 -1.058814064 0.879756471 -0.597774929 -1.087860034 0.452917813 0.088933173 1.101802073 -0.553845682 -2.047031746 0.158837115 -0.888669221 0.498765786 0.870357832 0.488842901 -0.777482519 0.571789721 1.013196223
-31.239620381 16.017389858 44.375589865 0.977862806 -0.082144944 -0.114065835 -0.155001696 -1.367261756 1.024879083 -0.223600820 0.893597701 0.949691115 -0.333177600 -0.080855766 0.422185106 0.084675591 0.563426406 0.993485817 -0.585774837 1.613053546 -0.713434337 -0.830950602 -0.531842738 0.377810472 -0.943321815 1.136512378 -0.289416328
-20.997599458 11.428380240 40.217591965 -0.461662436 0.669888791 -0.016803273 0.581235282 -0.508367892 0.139003997 0.780131476 0.454392486 2.276336010 -1.305326933 0.853418368 -1.283114303 0.602645374 -1.190594585 1.567217188 0.242430082 -1.183076929 -0.642084147 1.834222489 0.497194200 0.505161839 0.300538937 1.589767625 0.069414476
-22.608080503 20.131775645 40.693336868 0.640945907 0.674371214 0.359913514 0.069814556 -0.602717850 0.095458927 1.026264971 -1.961482362 -1.747388087 -0.046027407 0.565123831 -0.664797582 0.030815097 -0.297689305 0.083389403 -0.676207635 1.135504939 -1.322922000 -0.238661244 1.252640484 -0.925579605 0.529837866 1.266948379 -0.651878712
-35.048199390 20.676150150 40.797697752 0.254618620 -0.244017384 -0.329736484 0.875727541 1.577561995 0.590704852 1.446974533 0.672897367 0.658266043 -0.679251453 0.036220220 -1.519014300 0.741515039 -0.424681936 1.525583234 1.370451994 -1.429268997 -1.137215279 -0.978566517 0.050540328 0.006617071 0.254562893 -0.415132068 1.551487944
-28.580468988 17.137400911 39.642297147 -0.163226415 -0.976834561 0.095719742 0.099945525 -1.375100636 -1.037840036 1.089238487 0.102788896 -0.641787775 -0.039422592 -0.716675946 -0.373710397 -0.798765298 0.819703340 -1.016963382 -0.009175162 -0.753016709 1.091984905 0.013014083 -0.236593576 0.376078812 -1.196588761 -0.901761357 0.236740575
-25.842364440 24.196100891 41.358403767 0.099810946 0.008621164 -0.058869862 -0.993225951 0.707178614 0.944219483 -0.790003914 -0.774140058 0.821764189 -0.357376874 2.014371522 -0.070179691 1.312068051 0.772940811 -0.665534140 -1.543305102 0.696126585 -0.336588964 -0.960867353 -0.989720307 -0.869233321 0.155650783 0.736263343 -0.294338951
-36.541398267 18.747750452 41.153572694 0.440941685 -0.661673355 0.112166336 -0.595967712 1.075868943 -0.540961078 -1.070886250 1.410114509 2.767365108 -2.505054217 0.287783754 2.023319916 0.095921335 0.477874611 -0.352007274 0.638099418 1.146392636 0.095829558 -0.496945888 -1.089401095 1.284327118 -1.110315684 0.942592829 -0.802083709
-23.350752859 14.847518701 33.333637006 0.223862363 -0.608483358 0.126613598 0.750734735 -1.226193522 0.438280588 0.201457971 -0.336196424 -1.784811184 -0.097462277 0.040711523 1.233357907 2.329279087 0.080306842 0.560946814 1.186488109 -0.519049886 -0.657260034 0.893117963 -0.694045012 1.941261142 0.086496878 1.731859033 -0.206818843
-23.621478613 10.163500106 38.115551118 -0.003144832 0.517199572 -0.202266592 0.831614657 -0.554431660 0.171960937 0.143562002 0.290344772 1.115261444 0.135633846 1.498350172 0.551892518 -1.013275999 -0.803411087 0.370530782 0.090121500 -0.469069040 -2.337257627 0.773910237 -0.042371673 -1.210990600 1.064077678 1.007289734 -1.304351249
-22.814884806 15.728446744 34.465076904 0.106754926 0.352392573 -0.370680297 0.852654079 0.224924303 0.481088065 0.957788096 -0.475130036 -1.433572155 -0.038657742 -1.640931495 -0.891339574 0.011000352 -0.672937267 -1.820795568 0.090310737 0.248589063 -0.930610725 -1.242662226 0.663068910 -1.207382425 -0.822352744 -0.746322949 -1.362914287
-36.231346860 21.598116455 40.458618141 0.227091457 0.071943563 -0.966226735 0.098282703 -1.682041305 0.198150074 0.426736530 -0.110793515 0.347126272 -1.490315711 1.553465992 -1.308678564 0.424738712 -1.126616326 0.188787758 1.018575002 1.219110573 0.201493990 -1.560866878 -0.191317975 0.128143749 -0.814058725 0.979208692 -0.008438082
-34.381231318 10.371053964 39.974465041 0.439101634 0.275859479 0.284014057 0.806490743 0.473205907 -0.635838736 0.685592201 0.261568431 0.727049751 -0.490506864 0.702057802 0.329180733 -0.674877408 0.159479696 0.298423093 1.178712046 -0.771481833 2.616782539 -0.056102008 -0.164341335 0.568443748 -0.658389276 -1.630387126 0.409185171
-26.497248302 16.841917380 33.786264662 -0.274993062 -0.028483115 0.741224915 0.611680598 1.215512356 0.482452412 -0.026570646 0.840439691 0.487177575 -1.374385459 -1.249904195 0.965015197 0.403842811 1.838894047 -0.169216886 0.401976749 1.503874781 0.297934384 0.151143169 -0.130551203 -0.057903933 0.801933418 -1.250236599 1.759292247
-32.023901567 19.874927486 39.703662697 -0.103592445 0.548324759 -0.565073863 0.607700661 0.047893062 0.242541489 -0.020062456 1.319969387 -0.685329790 0.523725744 3.006416205 -0.815869466 0.305582834 -1.832784296 -0.581602062 -0.159263353 0.568745757 -0.117214078 0.475512517 -0.047363363 0.041309698 1.055333415 -0.276324925 1.745956944
-29.380857027 17.487575535 34.056449124 0.849700494 -0.045069266 0.470930379 0.232814108 -0.171062335 -0.464965573 -1.157532272 -0.136172663 0.139575527 1.030733577 -0.285623728 -1.191942901 0.013413405 1.053465331 1.759745494 0.525238241 -0.457068664 -0.134945967 2.906018116 -0.019720162 0.871933904 1.058380725 0.622756268 0.409933317
-34.330882569 14.934163637 43.484625599 -0.503048328 -0.076811580 -0.676696878 -0.532093690 -0.840623994 -1.209666046 1.271200287 0.745165792 0.443198659 0.070305621 -2.545401454 -1.054549615 1.267779814 -0.389116680 -0.869538169 -0.446708875 -1.679729133 -0.943825118 -1.725489570 1.287983499 -0.958908124 -1.033822325 0.836036394 0.401009880
-23.337189081 8.657881997 36.317003221 -0.308579898 -0.181060472 -0.644217831 -0.676002173 0.701498125 -1.117641139 -0.529111256 0.903944477 0.203825388 0.727229766 -0.457765143 0.575447264 -2.090306187 -1.032925741 0.127163991 -0.205130916 -0.500514193 -0.940992963 0.896180629 1.069895179 -0.482971589 -0.640555424 -1.816758705 0.385438491
-24.739924071 23.129396379 40.051701202 -0.621436737 0.764590340 0.062029180 0.159280807 0.113515489 -0.631509349 0.165278885 0.008586871 0.788639886 -0.592117185 -0.069216699 0.770537599 -0.268393444 -0.349989853 -2.279532618 -1.791123543 0.398044622 -1.543964304 0.671524012 -0.998583641 -1.276843383 -0.864287686 0.089237637 -0.108278580
-25.156112715 14.963318118 30.429325006 0.133974922 0.563072839 -0.815456498 0.005513540 0.169867434 0.843555043 0.682192916 0.792255463 -0.334754740 1.801407876 -0.726241180 -1.331609375 -0.171531304 0.768206756 -1.328641839 0.161316453 -1.715126386 -0.101517290 -0.399559664 -0.490759193 0.230543195 0.034645596 -2.064986186 0.499422248
-28.774303106 9.952370964 42.110870687 0.574576789 -0.683469641 0.122641500 0.433231839 0.918259619 0.570667392 0.450909491 -0.173716784 -0.438749660 -0.718064907 -1.190386424 0.706524959 0.668805770 -0.230557753 -0.774657420 -0.362429518 -0.344846799 -0.208626634 0.448530716 -2.130800359 0.684040447 -1.674751744 -0.586758812 0.413103266
-34.967976457 18.018841910 37.520560585 -0.367328952 0.115532949 0.709187116 -0.590571938 1.118814245 -0.615259823 0.359595267 -1.219337943 1.138572566 0.670238218 -0.572478925 -0.013619198 -0.655754598 0.959939719 0.037245679 0.120648897 1.400795483 0.940061429 -0.062385062 -2.129528663 0.231092236 0.503426173 -0.039643239 -0.148178816
-34.829574282 12.465825505 42.542739370 0.136998255 -0.586217788 -0.582565351 0.546074899 0.412647488 0.687488699 0.514959627 -0.202157274 0.324429359 -0.989297627 0.346814942 0.138763145 0.143740125 0.113133399 0.698369701 0.779467311 1.498030901 2.075043235 -0.447377496 -1.349464032 0.294833931 -1.495796891 -1.741785665 -0.495212843
-22.211037712 10.966188966 40.210703715 -0.470483009 0.566129120 -0.071556885 0.673069959 -0.612269210 0.979505290 -0.939166303 2.222129206 -0.812591564 -1.260862043 -0.150859183 -0.358632390 0.583454729 -1.444046028 -0.942949092 0.174396402 0.037258333 -1.254872518 -0.548603161 0.902677813 -2.773615918 -0.277906593 -0.760063353 -0.558235279
-22.573668677 11.991553923 43.340629572 0.956353634 -0.030391300 0.290014303 -0.018862668 0.990007141 0.519442548 0.317626225 -0.243099964 0.062425311 0.483364438 -0.185584542 1.988433847 -0.264913012 -0.273091913 2.110557694 0.721926006 0.901822195 -0.574232960 -0.890423469 -0.459616647 1.018207721 0.966581889 -2.378125767 0.442557091
-22.789517380 8.615589350 41.921334706 -0.964284750 0.169445543 -0.016419874 0.202912583 1.371671230 0.492707959 -0.648517017 -1.574906794 -0.262888895 -0.148639871 -0.918816098 -0.699570321 1.675492595 -0.922063592 0.077122936 0.517948079 -1.061453405 0.977721686 -1.089945210 -0.919059296 -0.294294838 -0.909924627 0.315486528 -0.036409558
-25.362798422 16.541287853 29.870087137 -0.476859924 0.674858718 -0.109789311 -0.552373633 -0.006483876 0.485445239 -0.232006800 0.077864767 -1.023317357 0.424539929 -1.437405129 -1.089625985 -0.174114698 1.226682741 -0.035323949 -1.898229444 -2.778339521 0.022632741 0.138644508 0.311696038 -0.716550071 0.018452052 -0.784601886 -0.337179320
-33.267119873 11.931423520 46.034016972 0.321709878 0.877508788 0.205164553 0.290497139 0.230495682 -2.117731768 1.203649048 -2.036595284 2.038693358 -1.386937573 -1.053302889 0.548523218 -0.485170170 0.406585184 1.018723959 1.983962478 0.075730923 0.966282236 1.408086695 0.709868878 0.465652644 0.020561931 -0.270022598 -0.058678107
-29.001527936 5.566781259 40.493928999 0.367415906 -0.128265775 0.920757184 -0.027561784 0.597176068 -0.500652752 -0.283735962 0.043447133 0.208376122 0.947154798 -0.068434558 1.877344057 -2.184853200 -1.326393720 0.104066753 0.293697225 -0.413123701 0.023894261 0.647271331 -0.504764395 -1.276886830 -0.800156347 -0.837380036 1.454307481
-32.545112643 18.828425639 37.960770965 0.506904928 0.356565929 -0.569418366 -0.540065604 0.152486090 0.713798770 -0.264837780 0.198074244 1.418074281 -1.769091671 0.596665633 -0.086931249 -1.368416316 1.370688702 -1.318274526 0.677444593 1.342971243 0.160467411 -0.623004531 0.599884435 -0.468519760 -0.526731507 -0.890762212 -0.077243842
-32.943859940 18.398385704 45.772327872 -0.228928523 0.013100416 0.959005110 -0.166521198 -0.067652238 0.524196717 1.190743192 1.725601528 1.184838318 0.171694412 0.565497374 -0.580991686 -0.480347300 -1.014596912 0.704393420 -0.022153118 -1.120272037 -0.762807752 2.319161326 0.008687287 -0.319560455 0.222354348 -0.473903162 -0.446686032
-30.787463661 19.517174461 46.110545844 -0.693039546 0.419734772 0.391207320 0.436435266 2.050442425 -1.034717870 -0.000135214 -0.719564852 -1.575223042 -1.250157784 0.715079655 0.178369593 0.984431635 0.361871028 -0.445973098 -0.319816218 1.359148252 -0.692887740 1.634749423 -0.514509265 -0.672534952 -1.660049857 1.648034734 -2.986923769
-25.726663289 21.370568916 37.369985087 -0.169091945 0.071917220 -0.721670457 -0.667403611 -0.056884329 -0.489707256 1.334227509 -1.309516779 -1.110542148 0.356113883 -0.461276240 -0.611355816 0.578428312 0.898463667 0.528906337 0.964465653 -0.463191324 -0.195569662 0.023103659 1.286122158 -1.120621228 -0.674103091 0.562528790 1.069283781
-28.751692170 13.037796417 39.479038368 -0.655962076 -0.251699599 -0.709027809 -0.060337658 1.025341624 -0.156875769 0.942977054 0.323482878 1.568568825 0.627128248 -0.855751900 0.867273662 0.993659379 -0.693923783 -0.219348496 -0.984809158 -0.381033254 -0.640970095 0.078402011 -0.646829869 2.605474843 1.225867643 1.185784266 -0.365892568
-36.558081347 17.538286441 39.628304045 -0.574036483 -0.189157819 -0.775696502 -0.181649036 -0.803621367 -3.294759183 -0.173813048 -0.970774848 -0.437569652 0.351287034 -0.264416465 1.573887666 -0.584496151 -0.191809802 0.727141068 0.028102856 -0.065527844 -0.388088908 -0.623217284 -0.269403032 -1.093146704 -1.921812846 1.594526259 -0.560268363
-26.798756002 14.056566610 41.529059522 -0.331465205 0.196504053 -0.125659756 0.914180836 0.053318326 0.912252782 0.504027075 0.547730540 -0.871440606 0.142873834 0.894542578 0.972578828 -0.671163616 0.192838137 -0.604134547 -0.233743572 -0.834261157 1.191661835 -1.038752433 -0.291096804 2.012163556 -0.202566132 -0.215778658 -0.655272301
-19.659105130 14.134897672 36.159659491 0.712330314 -0.316454966 0.201512662 0.593156325 -0.685858706 -0.731968395 1.281571822 -1.381786563 -0.487183829 1.309437819 1.816270510 -2.155206642 -0.609674130 -0.238496632 1.541644878 -0.208921812 0.412469599 0.245305131 -0.378102594 0.214427069 -0.102271047 -1.043454135 -0.287633659 0.030896605
-36.034270790 13.860122946 34.685237743 -0.659009763 -0.402131847 -0.196937724 0.604327429 0.623804574 0.622395990 0.200980377 -0.853961601 -0.637883467 -0.551455116 -0.076342323 0.260168889 0.639365259 -0.866220614 1.390346833 0.922291732 0.036310467 0.074559731 0.393342543 -0.367172602 0.090729000 -0.166351259 -0.045202620 1.084498979
-28.058893579 8.520007914 38.454353279 -0.948841560 -0.054496407 0.114214717 0.289283310 -0.275830310 1.371913191 -0.743460019 1.739653244 -0.590788937 -1.473170001 -0.379578969 1.670123985 0.946416739 -2.600508880 1.890501247 -0.021208052 -0.510060821 -0.574429452 1.285940343 0.174113007 2.741549033 0.251779830 -0.451492797 0.931177869
-35.060487505 20.259858755 44.887397089 -0.103496090 -0.162522729 0.830998809 -0.521838961 0.920535813 -0.213893994 -1.561590099 -0.359071941 0.654844852 -0.478673955 -2.671658857 0.143206135 0.369184504 -1.000031234 -1.300613368 0.897988114 0.624130001 0.665768920 -0.612623680 0.426065312 0.439152128 0.699030045 -1.989508738 -1.641787668
-31.089410246 19.326345282 37.316055914 -0.290033496 0.710661652 -0.228835417 0.598727767 -0.251995885 -1.654227931 -2.026440206 0.786450807 -0.356601952 0.063387548 0.836182230 0.641254723 0.649205183 0.571255389 0.056551312 -1.374655029 -0.814882540 1.059539960 0.620146743 -0.722930337 -0.005318464 1.373021828 -0.550817912 -0.925781111
-28.532263679 17.336741907 45.701478512 -0.281813398 -0.188932200 0.615302985 0.711539225 0.546265407 -0.645347515 1.600225620 0.700757924 0.742788023 1.053734234 0.048421744 0.135362988 0.954123452 0.096778039 1.528446354 -0.182379310 -0.757296698 -0.003138372 0.598595248 1.085955650 1.752351884 0.317743098 0.375237603 -0.274860321
-31.604617345 18.773526672 30.026835226 -0.159275661 -0.231120959 0.538054469 0.794802966 -2.030056673 -0.220288096 0.622157543 -0.290608965 1.060606671 -0.354810855 0.382259901 0.537773089 -1.688485204 0.094731157 -1.055053223 -0.131220043 0.154323815 -0.179440211 -0.327078822 -0.790354647 0.087793188 -0.489270642 -0.664929012 0.431074934
-26.582603382 16.143918718 47.559725839 -0.587564682 0.695422828 0.142450974 -0.388410293 0.357826318 -0.891506979 1.189295769 -1.019823166 0.553478520 1.579215498 -0.599806640 0.999775036 1.849606579 -1.604910631 0.122909539 0.809049246 -1.624636366 -0.194267030 0.852929450 1.021466428 0.739419615 -0.774244165 -0.364576449 -0.486022651
-30.710461095 9.608925136 37.860147535 0.938987220 -0.309539321 0.148365350 -0.021820467 0.527515197 1.432661529 -0.648327092 -0.470253973 -2.659843814 -0.425614204 0.054627579 1.117803491 -0.060134188 -0.327277578 0.304319756 0.820332824 0.816826268 -0.065131518 -1.087274500 -0.990666182 -0.085225060 -0.861081567 -1.058643307 -1.212137793
-35.829928514 12.378605210 45.390572689 -0.339670087 0.850603943 -0.401346747 -0.004237183 0.072681141 -0.085771114 -2.336797810 -0.100795198 -1.456549348 0.813774783 0.389232310 -0.384982422 0.795014885 -0.445743443 1.269630039 0.263672638 0.498336099 1.002474764 0.936972027 0.272934079 0.592111096 -1.435744220 -0.544842177 1.184999732
-30.226810342 16.701313235 36.050866221 -0.417163545 -0.892760842 -0.008042647 0.169964620 2.437324466 0.078190141 0.452514160 -0.609934411 1.747987869 0.775947697 -1.427069104 0.535997513 -0.545544389 0.529492668 1.947652683 2.078314578 0.614008497 -0.105368414 0.471448423 0.831114398 -0.687855647 0.780437019 1.740196704 -1.519560416
-31.633574287 11.505393224 40.740105186 0.628026907 -0.164284803 0.713940773 -0.262452432 -0.042356039 0.673377314 -0.397414724 -0.719226156 -1.251791595 -0.419011507 2.275258075 -0.424145757 -0.610141934 -0.006887286 0.692064838 -0.680785124 -2.236626978 0.194254004 -0.187037485 0.351522334 -1.550478143 1.698577806 -2.016092357 -0.657789063
-22.825825464 14.285865244 43.242788921 -0.615755604 -0.651256406 0.213969648 0.388493397 0.316401707 -0.649583700 0.432770261 -0.604956146 -1.185631076 0.288342977 -0.085069889 -0.820403871 -0.292389814 -0.066935097 1.269980282 0.051175134 -1.139665372 0.538710062 -0.828499496 0.394527098 -0.338425735 0.177484840 -0.780192446 1.701747018
-34.961292724 20.787047420 41.015008141 0.710062315 0.068193292 -0.694387765 0.094798817 -1.219753205 -0.930573821 -0.170058376 -0.507273601 1.100606790 -1.883477382 -0.612699432 -0.418048095 -0.560509795 0.801910490 0.186788715 0.195983089 -0.452955107 2.313596766 1.489480990 0.007755239 -0.239116144 -1.232062674 0.199993930 -0.920447256
-30.012018394 15.314738592 33.633032521 -0.391061285 0.663260935 -0.355095265 0.530154087 0.353213652 0.578376379 -0.533127365 -1.367646537 0.091892437 -0.662101268 -1.230322613 1.245294990 -0.652300677 1.603877303 -2.071039341 0.163599820 0.027557322 -0.335059876 -0.622411078 0.063490494 0.973795596 -0.651761002 -1.370643872 2.401221732
-26.048617705 24.438763563 36.796268798 -0.866673917 -0.092139330 0.075521645 -0.484441066 -0.338348423 0.081256161 0.479168575 -1.138598800 -2.240583087 0.608336511 0.114167294 -1.039176121 -1.571934853 0.470040566 0.592440805 0.526997255 -0.065761756 -0.979301747 1.945789940 -0.260668615 -0.893566182 -0.113713539 1.558472624 0.004241060
-32.504593312 23.629671585 41.251406657 -0.020307665 -0.214151462 0.414764636 0.884136328 -1.787472972 -0.194095593 0.832868925 -0.654021365 1.179232655 -0.078850662 0.217114101 -1.287987185 0.350532474 -0.084085222 0.178090680 -0.508396889 -1.022701509 0.399982008 0.583708508 -0.440570408 -0.503373147 -0.312288800 1.760100074 -0.247508402
-26.209590232 20.107354686 43.762482679 -0.611552085 -0.359483513 0.427227081 -0.560582440 -1.102778678 -0.062843005 0.722474039 0.370130098 1.513101612 -0.854892820 0.708983048 0.675654849 -0.006533859 1.124334809 -1.124388733 -2.258188613 0.033755324 0.782017616 -3.426270023 -1.211162941 1.071840634 -1.129676196 -1.212960940 -0.228756973
-35.284875274 19.804439159 45.279913216 -0.055785329 -0.904298947 0.241154199 -0.347816136 0.136612725 -1.433872458 0.068191451 0.216204991 -0.233078536 1.359478333 0.101320295 -0.302734608 -0.037105215 0.207527779 -0.438293457 1.583515108 -1.383531701 -1.756401715 0.612490637 0.903445373 0.223957316 0.166005485 -0.027886622 0.555559210
-31.221685661 18.040588947 46.546181369 0.505892807 0.281684812 0.782183363 0.230033302 -1.166596578 -0.018232531 0.066934273 -1.733519757 0.261896963 -1.022535702 -1.558112513 1.435305046 -0.817093916 0.895219204 0.525275385 -0.145575070 2.398730456 -0.087876985 0.884777150 0.976763163 0.942465214 0.539385119 -0.977464799 0.203150798
-29.643162982 13.965317269 34.157925764 -0.350052924 0.558587570 -0.466538264 -0.589732926 -0.651664180 -0.755451658 0.814912037 0.687368656 1.267841568 0.621955139 0.744249217 1.492135731 -0.962134038 0.288563968 0.133665710 0.130965681 1.152739505 -1.312380902 0.587273268 0.757806454 -0.258626256 0.141468893 0.374440475 -0.579099730
-31.511160138 22.738764001 43.583182581 0.145450147 -0.701048398 -0.401878102 0.570849708 -1.046821626 -0.943926002 -0.401163210 -1.217480312 0.582932876 1.062596623 -1.636956231 -0.978350881 0.819434993 0.519964167 1.269409087 -0.963818909 0.068872198 0.794790185 -0.386850035 -1.920551461 0.124806455 -0.243012365 -0.594943713 -0.142419894
-26.823953149 10.004723158 36.355587265 0.806452481 -0.244793057 0.319883482 0.432880252 0.951955498 -1.241740500 -0.323680809 0.639927594 1.064998251 -3.098101453 0.330889164 0.487534202 -0.147804351 0.206965802 0.409822955 1.698306885 0.611458378 0.588636332 -0.078715956 0.288363780 1.435779962 -0.001257374 -0.457223003 0.550565255
-34.082792124 14.034626841 30.399922357 -0.525490000 -0.106707482 -0.474762577 0.697907062 1.226972757 -0.117328577 0.672559081 -0.957572131 -1.317242359 0.645479466 -1.114877970 -1.285400386 -0.786563806 1.164159459 -0.928301672 1.358647602 -0.109605325 -0.592082924 -0.706196462 -0.014914837 -0.959988426 0.562663260 0.435455816 -0.060334880
-29.050243866 10.887543365 47.534322557 0.770132616 0.013857460 0.295311805 0.565238588 1.095024256 1.097401358 1.092618796 -0.087708103 -0.063519144 -2.416031806 0.188791150 0.017718017 0.151301338 0.233379634 0.797384981 0.942426673 -1.996143947 -1.426504120 -0.430641822 0.226606498 0.003114453 -0.430191147 0.683287478 -0.048454087
-30.000438455 11.616754238 40.401637957 0.494224016 -0.671991094 -0.264062167 0.484191867 1.590975267 1.075076202 -1.041965135 2.126642145 -0.323687581 0.395876264 -0.667584795 1.321786048 0.174452898 0.746130307 -0.416280362 -1.452601245 0.702590952 0.483519340 -0.596821790 -0.464736082 -0.479161377 -0.176698667 0.697659131 -0.340247169
-28.197120592 7.561803406 42.762193166 -0.540084165 -0.725871329 -0.280423432 -0.320597267 -0.305057930 0.679078298 -0.977710628 0.888748953 -1.092831906 2.388371412 0.503586402 0.904971194 0.494762135 0.198583782 -0.252895433 -0.499105235 -1.165734309 1.457522022 1.326337147 0.560939924 -0.264919516 -1.135838049 1.523308981 -0.410896663
-32.333855448 18.457511224 36.475263318 0.466889336 0.468798142 0.363318722 0.655928469 -1.414686497 -0.371123227 1.791365603 0.219693967 -0.805995737 1.338443636 -1.273793746 -1.878564345 -0.694307169 1.137715711 -0.120808500 0.214378393 0.979622658 -1.432219380 0.626175013 -0.279922026 0.653557689 0.326049029 1.230472714 -0.160206991
-22.833282423 15.450052858 45.204139696 -0.845126033 -0.331957624 -0.185192130 -0.375859015 -1.281894098 0.449106544 1.155687356 -1.322604829 0.205900485 1.728107566 -1.098844040 0.123807048 0.557969343 1.124347555 0.574923717 -1.005950802 -0.246906355 1.390320718 1.241443233 -0.501736269 1.859832723 0.301711516 0.570875400 0.472807386
-28.423106107 18.205820267 41.495426462 -0.764472373 0.417271979 0.161087342 -0.464238037 0.478711779 -0.908967502 -0.809993741 -0.579567695 0.625965582 1.839327697 0.280600999 -2.113123788 -0.317777641 -0.528796215 0.163536437 1.002238627 2.250349828 0.898970779 0.199814984 -0.028368030 0.203100670 -1.339630545 1.079706777 -1.076513778
-23.463079752 11.696136564 39.355259289 0.370642383 -0.169207085 0.229415637 0.883946634 1.443314789 -1.525419828 0.790914638 -0.645508886 0.651714177 -0.514387244 0.094584407 -0.177848339 -0.904206287 -0.599307190 -0.084326618 -1.094502627 0.152408827 -1.433987219 -0.866543508 -0.339625740 -0.483374401 0.673662874 -0.544687877 -0.928347163
-27.465498895 9.685010525 41.175878523 0.237015760 -0.041639804 -0.326488303 -0.914054180 -0.780731623 -0.506868049 0.344935269 -1.896343195 0.029585497 0.018544142 0.441769388 -0.718038215 1.564331320 -0.174724825 -0.261923525 0.634521153 -0.791910121 0.669569558 0.398940214 0.094804986 -1.849666330 -1.281001757 1.627713690 0.063695965
-31.511404307 15.884894993 37.456781562 -0.352572215 -0.656070177 0.100276457 0.659704016 0.098259144 -0.520161200 0.156337716 0.187635680 0.307230819 0.705504252 -0.600711809 0.838757569 0.090298758 -1.961826293 0.910808729 -0.546728617 -0.321540188 1.218666808 0.451749929 2.067752655 -0.131466096 -1.330900089 0.539283427 -0.913776697
-29.466312709 17.814777791 33.786402891 0.541631955 -0.620790909 -0.297471569 -0.482456358 0.244245425 -0.119968767 -1.964905836 0.196522510 -1.001982585 -0.601097971 -1.716764046 -0.896418275 -0.208900306 -1.394230440 1.150411553 0.709392464 -0.363603236 -0.414406257 0.142679700 0.974000578 -1.125536224 1.763534228 0.177611381 -0.404042780
-36.473514053 18.512575807 44.716683769 -0.394576590 -0.049198581 -0.680473932 0.615503080 -0.460518473 0.017307188 0.607854169 0.852150360 -0.521834184 -0.089816210 -1.099651317 2.815020799 -0.389449383 0.191496025 -0.398901061 -0.379233399 -1.145821664 0.826453304 -1.454232722 1.064011437 -1.569353939 1.753806867 0.392429711 -0.956153569
-26.149229832 21.699254362 44.653008021 0.036131030 0.419641371 -0.797238526 0.432442367 0.395536703 1.089787127 -0.137048122 0.027986235 0.330869931 -0.708712147 0.469975118 0.272560041 0.330282622 1.270656785 0.170552517 -1.377593355 0.407741378 0.483731945 1.612072759 0.778625687 -1.132876383 -0.568920671 -0.539857048 -0.989757605
-30.028512680 16.456779847 33.902538710 0.628307461 -0.112108868 0.761410749 -0.113644212 0.449025841 -0.079756628 1.803424636 -2.490119041 -3.999642711 -0.858165700 -0.324413420 -0.526690075 0.101084419 0.806988483 1.288095794 0.445183220 -1.477900892 -1.122254215 0.167062140 0.171094465 2.036638227 -0.891504430 0.911698783 -0.851003905
-33.311021571 7.878096597 42.001004708 -0.436726194 -0.731546006 0.497964953 -0.161683575 -0.666531371 -1.571265186 2.161134795 -1.043248636 -0.007641356 -0.613902491 0.501187961 -1.564348515 -2.374368668 0.205720210 0.509081371 0.708114502 -0.629939320 -1.569439842 0.671995291 -0.385588264 1.449364440 0.656385734 0.713263682 1.831134554
-21.829735229 10.892625539 35.198172997 0.871986035 -0.020609457 -0.230407679 0.431425436 -1.059633556 -1.467953244 0.637004182 -0.127571794 1.276329627 0.088933502 -0.235954954 -0.156118647 0.853323080 1.290630073 0.021539517 0.103362489 1.625636824 0.703615126 1.412699706 1.523812997 -0.177448810 -0.027374687 -0.422240498 -0.543053804
-37.452621407 13.340174840 35.054591998 0.853602587 -0.049939688 0.317394153 -0.410036100 0.596713570 1.211835992 -0.173266350 0.054678143 1.060989523 0.009098520 1.579837396 -1.122619267 -0.017265666 0.918546098 -0.022535068 -1.309875883 -1.054498228 -0.163522796 1.678219676 -0.795699039 -0.142927005 -0.212718399 1.337208757 1.867073425
-26.196562692 21.468197773 32.290422832 -0.336360964 0.055071835 -0.926687410 -0.158362995 1.398525506 0.051984681 2.186889663 0.512635933 -1.263201457 -0.167298009 -0.537548159 1.788182569 0.738322605 -1.772975203 -0.480489526 0.993456736 1.371841637 1.666304469 0.871404559 -0.442661078 0.992032433 -0.346878311 -0.913849912 -0.443068062
-31.540532242 22.253199914 43.419806726 0.287218372 0.297627328 -0.028807135 -0.909996555 -1.610660869 0.619492410 -1.036208214 -1.371333957 0.793981472 0.189745880 0.692245336 -0.332311383 -0.372544129 1.794709347 -1.507826153 0.686574910 1.863027732 0.559729423 0.184054918 -1.141861854 0.451362412 0.125967508 -0.278777623 0.682462537
-29.923345925 12.413877316 42.463081732 -0.318227337 -0.297777158 0.822880132 -0.364593492 -0.531349813 -0.592488569 -0.454317303 -0.323217385 -0.306721287 -1.396400457 -0.316158002 1.472603015 -0.133572908 -0.357500193 -0.006319906 0.466203476 -1.560290862 -0.422850905 1.944543465 0.948006328 0.981313626 0.778869471 -0.626532365 0.033096355
-35.878960991 10.918086691 37.991696361 0.244613075 0.922092242 -0.245049026 -0.172804270 0.226069985 1.019881406 -0.021804750 2.191568149 -0.923295975 0.601357300 -0.063388037 -0.731558323 -1.625184969 -0.905649654 1.076831783 0.762649628 -1.642108535 -0.214607288 1.169821459 1.866097524 0.416786854 0.274943351 0.163402244 -1.277591978
-21.369335264 19.504452900 38.724813768 0.319440887 0.315362138 0.073775298 0.890539975 0.054936070 1.610633842 -0.360693838 -0.834445617 -0.491719410 -1.827157330 0.894264519 0.867147608 -0.096945507 0.092911520 -1.387871987 -0.446300625 1.570509692 -1.216720597 1.256778089 -1.233346996 0.309914330 0.193091835 1.001437783 0.430489597
-24.180429917 14.952299020 45.491649971 -0.917347120 -0.354855949 0.111119969 -0.142140317 -0.268532590 0.246089176 -1.191485356 -0.829212835 -0.112470621 1.143006348 0.309798052 -2.004823715 0.229963834 -1.013399818 -0.009849651 0.381214914 -2.107538328 0.883236779 0.156023885 1.517296352 -0.361183509 0.141097399 1.592395665 -2.117409493
-21.086831618 12.583090181 42.603078890 -0.520034522 -0.688046100 0.216198144 0.457618862 0.827405111 -1.253034574 -2.135592497 -1.611917177 -0.456270435 -0.427751923 -0.860312355 1.157637190 1.078627575 -0.924378837 -1.796503198 -1.856671370 -0.600438462 0.779400073 -1.669467192 0.048205249 -1.107280017 -1.717139838 0.448770395 0.259668872
-25.956010243 16.061560248 47.106680861 0.218819425 0.911067061 -0.140510420 -0.319893249 0.224405536 0.323283923 0.561613368 0.395556087 -0.575459041 0.566397115 0.796071216 0.922171656 3.202001647 -0.816781835 -0.647961810 0.228347309 -1.599282046 -0.473756313 -1.151608897 1.551662869 -0.975576712 -1.232207046 -0.692811145 0.176684450
-30.644440165 23.601818463 34.869786245 -0.242255898 -0.858327143 -0.350187996 -0.286277772 0.271743562 -0.526422125 2.204670125 0.040366774 0.920615604 -0.126222159 -0.684710519 2.052731644 -0.663989572 1.632529017 1.550997094 -1.484710975 -1.273745666 1.008300689 -0.510706105 -1.574410794 -0.291294193 -2.965035912 -0.826141400 -1.448123790
-30.771436888 23.892680871 39.361728038 0.174082874 -0.008770119 -0.775702394 0.606550933 0.871518344 0.321367519 1.927418061 1.049381849 -1.047681831 -0.817177272 0.730555386 -1.633650048 0.159474695 -0.255787386 -0.704516914 -0.733830312 1.624807910 1.930089600 0.711485599 0.517655109 0.373036981 0.907057722 -0.492923641 0.835832791
-28.641027239 15.736742114 37.329306722 0.265228497 -0.172230564 0.166306823 -0.933987429 -0.452298892 -0.681074529 0.871181506 -0.539232797 -0.439047856 0.126835885 -0.568432834 -1.706034475 1.191649124 -2.249003173 -0.723758387 -0.829827505 0.278606959 -1.806325284 0.357432897 -1.002753805 0.652191295 1.531926735 -0.407522222 0.389971574
-33.017804245 21.823010816 43.675982112 0.106609757 0.488279681 -0.854477150 -0.141725487 -0.308414731 -0.500268222 0.036543790 1.768981770 1.799126341 -1.589622566 -0.232202156 -0.861483421 0.070826474 -1.450662035 -0.066448478 0.483563363 0.565133696 2.392187669 -0.655309155 -0.783627702 -0.439591754 1.216239102 -0.959484518 -0.263183005
-26.642255496 21.342004536 33.659260054 0.501217850 -0.356275172 0.766904580 0.183592030 -0.061822645 -0.238940219 -0.569494683 -0.155654505 -2.053744082 0.303172248 2.451956633 -2.135267806 0.685098045 -0.017966467 -2.648807160 0.063318538 0.238141532 0.166406472 -0.582199600 1.681877208 -1.952151029 -0.528283758 0.550462523 0.485599472
-23.749268499 16.228248501 35.884081146 -0.799830391 -0.109749764 0.587944669 -0.050471789 1.692694592 0.085500998 -0.579564368 0.282626204 -0.638682315 -2.258203567 -0.079367621 0.119438590 -1.513972489 -0.810934533 -0.963280113 0.575003824 1.594405054 1.300356774 -1.086602767 -0.180905308 0.976126583 0.911534554 0.524523457 1.122637772
-37.258053293 15.261808542 43.571467514 0.182835704 0.479479781 0.758421717 0.401829248 0.596509901 -0.481544187 -0.598675636 -0.341975123 1.478016266 -1.785605050 1.289993708 -1.284075969 0.483966460 -0.965759680 0.698626317 -2.481587671 -2.798146203 -0.884294538 -0.981492681 0.731943109 1.047962276 2.269847165 -0.071255165 0.458026317
-24.952511040 19.779343463 32.826544733 0.898174394 0.384902490 0.180960785 0.111292521 0.609709188 1.035258558 -0.350829637 0.817833448 -0.180853783 0.812535874 -0.402972813 0.757999602 1.202656104 -0.759856312 2.568509375 -0.144757672 -1.258929882 1.951123902 -0.147818627 0.809326195 -1.222819941 -0.640922910 -0.356316030 -0.460582482
-22.365664344 17.126277205 43.227673239 -0.360416450 0.322313651 -0.132374862 -0.865269200 0.957682282 0.681693535 1.322038978 0.475525609 0.337333927 1.818723772 -1.068658224 0.037301234 -0.419638364 0.823762435 -0.728385133 1.106990464 0.563048082 -0.666309802 0.662430068 0.390553885 0.224820075 0.573584856 -0.220078690 2.859440708
-25.451181281 17.925902454 34.115223053 -0.494434795 -0.327000686 0.797294029 -0.113697039 -0.660950189 0.001766827 -0.288684515 0.710538137 -0.050815046 -0.042832009 1.175215840 0.453268100 -2.723826644 -0.393132328 1.434170587 1.524936653 1.602169134 0.739228193 0.836534195 0.956886035 -0.078435885 -1.609768753 0.399613487 0.543325278
-25.492895476 20.358419375 32.945589129 -0.919308557 -0.355112403 -0.134768615 0.102977569 0.802809375 -0.352709249 -0.832719592 -0.221974177 0.976430960 0.622516454 1.125585588 -0.843016249 -0.696453277 -1.422628757 -1.036871735 -0.271284800 -1.734441262 -1.296633196 0.313770424 -0.134738917 -1.260350842 -0.683700492 0.217094680 -0.465394486
