-28.612864084 -18.331948928 10.333302357 0.585784852 -0.601426843 0.162247054 -0.518476377 -0.198001035 2.670175834 -1.450764845 -2.298395093 0.117992358 -1.023010739 -0.510592889 0.376737411 1.211073784 -0.057503616 0.339544266 -0.728409688 -1.458196903 -0.165132107 0.231477549 -0.244596458 -0.201195843 -0.352198811 -2.077273783 1.181821027
-38.839751000 -17.180903186 11.624678994 0.151023278 0.839440328 0.403036351 -0.331803564 -0.177448729 0.711394196 -1.195038418 -0.878892906 -0.529538997 -0.890354783 1.782529842 0.000870265 1.219020932 0.931436740 0.959534483 1.159314527 -0.598536746 0.072857400 0.099758546 -0.540846458 -1.524853182 -1.015809263 -0.892119937 1.098243995
-31.580761865 -12.511580372 6.742482979 0.189435101 -0.799469720 0.490445676 -0.290560748 -1.092179885 -0.444570663 -0.783466517 0.908472759 0.082453699 -0.053227896 1.134666745 0.316984631 -1.535318111 -0.595114038 -1.253131623 -0.148732375 2.170486384 -0.732812174 -1.718424745 0.354944544 0.117428385 0.955786776 -3.445041060 -0.132920764
-40.990904000 -16.291879063 6.542902447 -0.172730410 0.715635462 -0.338786288 0.585878777 0.701897249 0.660102653 -0.857868156 -1.595823345 1.620958498 -0.836086140 -2.004021869 -0.841490408 0.728287043 2.153012996 -0.779240660 0.983216957 0.738609591 2.250575404 0.716035287 -0.291665265 -0.585332116 0.512845587 -1.264747913 -0.118736770
-36.052809665 -21.853186346 1.933854055 0.330714146 -0.650478800 0.287366804 -0.620423891 0.095132094 -0.594394776 0.216092691 -0.612190228 1.552968120 0.105329823 0.640716285 -0.758455186 -0.514822711 -1.201817945 1.576518268 1.438203275 -0.760412784 1.572289022 1.033010470 -0.249886496 0.535122252 0.612136069 1.105443311 0.625618378
-37.925304591 -9.727781218 9.963547397 -0.310505366 0.511347172 -0.790512650 0.131149674 -1.975293508 1.331150800 0.028331979 -0.396120016 0.236853695 -0.105095090 0.238791869 -0.278653951 -0.438258705 0.907967692 1.391963936 0.131882648 1.943715501 -0.691290667 -0.085948454 -3.249532196 -0.626882966 0.681988845 0.785725674 1.687013727
-35.851905167 -23.353670792 12.144370619 0.869455827 -0.388152771 -0.288542739 0.100633393 -0.798060419 -0.945977336 -0.013797969 -0.426549012 -0.449341118 -0.292868284 -0.122687366 0.670752029 2.632603612 0.318272836 -0.169965758 -1.106010234 -0.638978624 -0.017141969 0.670401685 -1.189138219 -0.112552294 2.535841308 -1.118340430 -0.094086264
-35.487607071 -23.834376564 2.000968966 -0.869443817 0.454401671 0.128372922 0.145282356 -1.991624345 -0.014397184 -1.194476188 2.026509051 -2.015870592 -1.013606704 -0.994866857 2.248814594 -1.143986541 0.975123133 -0.104868003 0.757814998 -0.393378462 1.801045755 0.415977268 1.286444502 0.151322310 0.954248311 0.096769302 -0.736860689
-34.100885988 -21.520523244 8.889198230 -0.766381517 -0.340504829 0.412048567 0.356274908 -1.239265114 -0.743130284 -0.205329687 0.458994948 0.209367889 -0.029706635 0.607007684 0.856161419 -0.170374356 -0.663738397 -0.345314408 -0.605974973 -0.093023045 -0.533085590 -1.728386920 -1.371813250 -1.272094374 0.009988970 -1.065700718 0.662144716
-33.428096282 -9.674187195 6.394233856 0.566761149 0.188368601 -0.682601981 0.421133715 -0.922396037 -0.430918850 -1.407326249 -0.887232704 0.085310990 0.494121489 -1.605198418 2.112778219 -1.017864391 -0.425166820 1.003968206 0.984237421 1.388714205 -0.524145170 1.101100457 1.940882873 1.179112237 -0.845577128 -0.424411453 -0.381051833
-37.156759204 -10.402226518 4.427561076 0.443798004 0.578682834 0.124719724 -0.672766303 -1.051391708 -2.407146602 -0.331016087 1.330094434 0.853846634 -0.598222772 -0.182220855 -1.172900286 0.012685853 -0.061009648 0.797273330 -0.080281004 -0.219524039 0.458566793 2.460028687 -0.849952905 0.991055643 0.754737770 0.545440234 -0.160153555
-27.386087805 -17.461949910 3.612119617 0.513201767 -0.261405187 0.417512751 0.702833108 1.452317907 -0.077094530 -1.272809823 -1.083234845 -0.001004684 1.298742770 -0.161157266 0.445536835 -0.788699917 0.265718732 0.101836724 0.251021629 -0.790195150 0.388184374 2.859276008 -0.302585953 1.638376249 -0.793456809 -1.096964536 -0.267595917
-33.662402323 -10.831146922 2.045059959 0.315998123 -0.460155373 0.813381351 0.163746746 -0.162289719 0.488578005 -0.137402093 0.258546067 -1.669045453 -0.206923858 -1.693746394 0.875651800 -0.838472046 1.050269321 0.404077484 0.911323328 0.275064363 -1.477700746 -1.131371384 1.225071523 -1.390071040 0.803817774 0.413082052 0.753286523
-39.257326029 -19.413491111 6.547438017 0.027660742 -0.328221688 -0.201058795 -0.922540388 0.833633995 -1.029984287 -0.384978864 -0.774169641 0.466357654 2.145560320 1.014755417 0.908779366 0.371984404 1.121353118 0.097611420 0.361969886 -0.515309437 -1.490225910 -0.310425814 -0.529860459 -0.916543571 0.921065388 -0.048613597 -0.633672661
-29.823724701 -13.755143861 14.685398534 0.715635888 0.310078119 0.573366634 -0.250933335 -0.224452427 1.173272826 -1.308885295 -0.147647770 0.941130134 -0.271570848 1.227084198 0.623760247 -0.049204132 2.039447796 0.406683202 0.062977150 -1.781054503 0.085272126 0.278140456 1.306021981 -0.592689351 0.500937998 -1.725221425 -2.002240483
-36.754103104 -14.790909323 16.160209178 0.114360165 0.837210618 0.527997010 -0.084966416 0.729129294 0.553593133 -1.388265678 0.834733908 -0.155897395 -0.313226045 0.501495948 -0.371852905 0.793685633 0.107933365 0.897683733 -0.777277743 1.520703971 1.664252063 1.032625252 0.265951603 2.236254306 -1.039636219 -1.100718060 0.208369943
-38.420371993 -14.360728032 1.608845264 -0.128672866 -0.413011137 0.733840525 0.523777794 -0.885094137 -1.295980841 0.403538709 -0.268614805 0.724606538 -1.047782672 0.110520431 0.389034923 0.526365278 2.552690978 2.012782425 0.901902994 -1.747826433 -1.330608783 1.223491111 -1.229470534 -0.299355126 0.892535271 0.679080367 2.354596762
-31.503120945 -14.614333303 -0.118498354 0.748599492 -0.617284438 -0.121135061 -0.209487518 1.217254967 0.398722769 -1.884470561 -0.476947145 -1.513595001 0.556283298 0.679552077 -0.472529557 0.295443034 -0.149928965 -0.127444927 0.235765447 -0.827519544 -0.636106043 -0.622451485 0.806069292 -0.691560365 0.058558654 1.437165656 -2.355714248
-32.382287521 -15.983046043 4.578614943 -0.789101190 0.339172320 0.327753195 0.393521654 -0.178025787 2.308557463 -1.488297224 -0.878992935 1.462148020 -0.883086299 -1.646584972 0.374243790 -0.647076037 -2.695581705 0.714157355 -0.830474000 -0.143318026 0.400419803 -0.409968100 -1.014832661 -0.382772963 0.549373485 -0.233957165 -0.063841409
-40.013960050 -19.994879908 7.143864202 0.841679099 0.337555198 0.419019829 0.045333927 -1.387074783 -0.222578883 -0.037841181 0.302385872 0.852270108 -0.648558555 -2.222085641 -1.179967232 -1.302871040 0.269127230 -0.103241937 -1.036290908 0.323702976 -0.073216442 0.026718014 1.269178324 -0.670414168 -1.234804825 0.081485651 -0.112264037
-40.495837781 -8.473888636 6.947099182 -0.297631242 0.505473935 0.129610099 0.799445412 -1.957503042 0.391571252 -0.730602127 -0.277560193 0.473703496 0.552404343 0.165748002 -0.366875151 -0.449811581 0.490968061 0.747439748 0.184324253 -0.878086194 1.099679524 1.406727800 -1.286485862 -0.104784597 1.366333494 2.196434655 -0.237168633
-38.793257679 -19.625872596 -0.062262962 -0.408198282 -0.316409862 -0.828694370 -0.215695627 -1.289074687 1.395529594 0.030400532 -0.554072653 1.045124990 -0.366540048 2.201175828 -0.661092755 2.281128214 -0.739951392 -0.324018211 -1.727540672 1.925888073 0.147006456 -0.886167734 0.557510485 -0.700596274 0.652994916 1.309136511 -0.258017958
-27.580022549 -10.153602988 11.035890705 0.413209618 0.003638161 0.532708490 -0.738556863 0.344947354 1.740462704 0.186532476 -0.233757997 -1.330054112 -0.136718705 0.256489111 0.381604254 -0.712813306 1.165878160 -2.144307062 0.070271874 0.338439906 -1.061973922 -1.644055488 0.611414718 -2.046678372 0.136308921 -1.042165208 -0.974747664
-31.557037450 -8.577200055 11.086352082 -0.942517949 0.179325798 0.062700129 0.274901561 -0.550016755 2.159697984 -0.581838694 0.930817137 -0.734755200 -0.125831742 -0.739772915 -0.195583757 -0.800243870 0.421543693 -0.817728129 -1.284449238 0.023992580 0.709298351 -2.153216882 0.812543877 0.317318414 -2.521391431 -1.182547221 1.048580737
-41.130324200 -17.236856658 6.686346848 -0.613453818 -0.696714262 0.331657643 -0.168127502 0.895960295 -0.802455211 0.219172961 0.909764542 -1.444586959 0.721609031 1.313383850 -1.943690405 -1.670407680 1.345996338 -0.059974692 0.276360076 0.377894916 -1.147416796 0.682100967 0.528371099 -1.145330030 0.267131624 -0.100026568 -0.062581349
-30.407507199 -11.875553254 -0.380614251 0.860433100 -0.370742849 0.309493949 -0.162536508 -0.091700928 -0.164882448 -0.410282440 0.227153597 -1.218981613 -0.675511483 -1.183325931 -1.609889596 -1.869468716 -1.560836906 -0.514582231 0.737103217 0.108154519 -0.996439120 0.950280985 0.571864836 -0.034784788 1.630646877 0.736919075 0.744209753
-35.946093078 -22.547036727 1.871242677 0.259233736 -0.233699054 0.909099204 0.227423086 0.884430123 -0.535373952 0.469027391 0.061406280 0.706982892 0.555226257 -1.265515829 -0.978387367 1.592105969 -1.196644586 0.189173935 -0.124044280 0.157728672 1.439250756 -3.278103586 0.316076627 -1.091932824 0.362722797 0.880081585 0.646992325
-34.166320617 -15.843899946 6.619583963 0.281191024 0.469020074 -0.818885338 -0.174294524 -0.706622447 0.431433481 0.705030450 -0.551256987 -0.834698541 0.541119677 1.077713321 0.261535434 1.074348964 -0.595229440 0.281497067 -0.759107287 -0.285971375 -1.906580076 -0.520518519 2.426111158 0.660762464 0.482518530 1.435675527 0.530685805
-40.644499296 -21.970337928 7.466901422 0.656230192 -0.082354303 0.727994486 0.180565037 0.544010046 0.715926254 -0.862600509 2.432693692 0.133075059 -1.427823538 -0.136862972 1.458804449 -0.900826829 0.590006823 -0.838951557 0.797408091 -1.227771051 1.862429111 -1.129856661 0.318157075 0.115512822 0.017156592 -0.747937351 -1.117414531
-30.763509199 -10.790128844 4.189863643 0.763546294 0.584697668 -0.046103806 -0.270185367 0.787793576 -1.529399596 -1.370881419 0.772200128 0.569797047 0.591911131 1.051325825 0.448967923 -0.599206259 0.630145062 -1.372052586 1.052991062 -2.581659504 -0.998461773 0.812396919 -0.663832991 0.637106860 1.724280984 -0.477314923 0.009345984
-37.290507049 -12.998904164 0.697165158 -0.710583655 0.348185910 0.610202639 0.038602852 -1.881197331 -0.201972576 0.060840480 0.116041171 -0.983563516 0.899868697 0.505123505 -0.740397407 -0.965826430 -1.261749400 -1.462230629 -0.323300345 0.845451421 -0.680001605 -0.621805864 -0.151832467 -1.096063972 0.630624601 1.893353508 1.523109439
-30.838964137 -20.292214296 -0.523028843 -0.182686954 -0.048228503 0.279310962 -0.941427042 -0.710421876 1.364400495 0.344141430 1.135021612 -0.889417208 -0.473247301 0.584584393 -0.542701524 0.047888145 -0.941785450 0.517360440 1.858760669 -1.395886416 0.873059437 -0.785298733 0.945144416 -0.090634736 1.267866316 0.150057481 0.418966527
-28.226254717 -19.505015361 0.543989451 -0.784717499 0.458414482 -0.269175619 -0.318777502 0.202880718 0.379153127 -0.043652978 -0.422948340 -0.920201874 0.518829496 0.348742862 0.057856603 -0.980091213 0.479840907 0.476802200 0.874396964 1.212638623 -0.618094571 0.224933173 -0.193209759 0.120276774 -0.009834168 -0.472067113 1.267537259
-36.077588309 -21.867921786 10.035004280 -0.201433721 -0.512877206 -0.823182227 0.136939581 -0.179301731 0.575105669 -0.681557601 -0.595338551 0.062408504 -0.069206488 0.086412574 -0.596530186 0.085791542 -1.507981977 -0.261616432 0.645059294 -1.212371435 -1.332260683 -1.150744891 -1.029098650 -0.737541591 0.697082468 -0.185545431 0.304270164
-30.196539554 -21.147376409 12.440573770 -0.393775818 0.306285600 -0.779423956 0.378982894 -1.403474076 0.860433447 0.605543926 -0.813605962 -0.830134907 -0.485997324 -0.023479768 -0.226109705 -0.894317521 -1.841941694 -0.822902567 -1.032022253 -1.133381342 0.209079672 0.296906140 -1.018243964 -1.086818915 -2.467132215 -0.841790015 -0.231120756
-31.805468512 -13.443639555 3.982971406 -0.686113708 0.273711206 0.578686578 0.345618287 2.513064988 -1.484526433 0.330741233 -0.196202511 0.235996872 0.160942557 0.621781560 0.323043822 -0.228971098 0.222509434 2.413909580 0.902819406 -0.042901684 0.122400676 1.539009617 0.049275486 -0.359857930 -0.391880654 -0.318312198 -0.724886673
-32.573018804 -16.063402904 5.188060502 -0.429513601 -0.889576246 0.045757402 -0.148588117 -0.072705729 -0.472566070 -0.589327016 1.104495404 -0.605172151 1.013091317 0.303983257 -1.426528750 0.504489707 1.096441204 1.111741516 -0.642263478 -0.310427057 1.655435659 -0.005814111 0.985440828 -1.826112023 -2.050103159 0.397070242 -0.859796064
-34.765401383 -11.006113783 1.536779152 0.604188129 0.614919251 -0.446239734 0.240210571 -0.283856215 0.145681573 -0.909109694 0.553370275 -0.156612858 2.208815980 1.519793007 0.610941131 -0.625049170 0.815844373 0.690925471 -0.613497517 1.597554653 -0.790701876 0.407328218 -0.250570274 -0.533982681 1.095364642 -0.237375996 0.027856443
-27.929503591 -11.113043992 10.712782713 -0.003557440 -0.753429167 0.411651721 -0.512713073 -0.876389970 -0.860399290 -0.914323321 1.226108066 1.267110106 0.007655758 0.408629840 -0.494928899 0.292223214 1.444915707 1.414659664 2.029044655 0.924993633 0.053715641 1.910943881 0.527215860 0.082154877 1.265205970 1.064239036 -1.593570003
-31.114467032 -7.577826606 4.029276514 -0.033875119 0.059136823 0.743722228 -0.665005684 -2.040542134 -0.099419654 0.507424037 0.559412075 0.224245475 0.713156135 -0.985360374 0.179393739 0.276621434 0.187011576 0.939833827 0.982699360 1.131899963 -0.702186777 0.288244607 -2.265551272 -0.406119161 0.781448908 0.374945352 1.353519573
-42.032544903 -21.388588206 6.222937068 -0.365543006 0.738141928 -0.566621238 -0.021567967 1.552794239 -0.936938972 -0.187353181 -0.883192530 0.785635954 -0.745781344 0.726852457 -0.998282571 -1.015756682 -0.348660211 -0.121165135 -0.550514288 -0.125787185 1.225506456 1.977797611 0.799503658 0.641052448 -0.696475858 -0.200083257 0.113046137
-41.142713139 -16.467322605 7.884036039 0.622818780 0.429225630 -0.623605807 0.197428272 0.131280953 1.351604218 0.247618814 -0.819944920 0.051756496 -0.722410476 -0.043094491 1.666643284 -1.600094050 -1.759732889 -1.785587877 -0.856758046 0.155582820 -0.282117094 -0.901783617 -0.039435568 -1.041501020 -1.193871672 0.534664325 0.186577638
-33.359782056 -8.785951649 8.953432722 -0.372912642 -0.194942125 -0.703188395 0.573114134 0.635646883 -0.425372981 -0.662658057 0.455298392 -0.497072426 -1.266477998 -1.507995300 -2.003971695 0.229820521 2.438574625 -0.174182194 -0.417204880 1.315011195 -0.446259270 0.001993300 -1.351979056 -0.331094985 -1.025924612 0.720967195 -1.931300839
-29.471579896 -12.613823700 6.728741905 -0.003630882 -0.089625311 0.754714042 -0.649892941 0.534426207 0.490769376 -0.043078593 0.380479651 -1.450546973 1.128745715 -0.425333012 0.250066219 0.372408335 -1.941779202 -0.094250676 -0.820776168 0.546675490 -0.073935344 -1.172550486 0.814658084 1.175143622 0.499285087 1.589361672 1.272211348
-33.787588034 -21.919981524 4.054888607 -0.162871869 -0.920960874 0.054499192 0.349762293 -0.627838843 -0.969856753 -0.006756320 -1.701995363 0.055538749 1.682012851 -0.989289532 -0.553465580 0.044122140 -1.801342683 -1.717354376 0.147091115 -1.984621627 -0.310955558 -0.366656642 0.368938021 -2.022933583 0.574510778 -2.680863619 -1.028564973
-35.400070547 -18.399457606 7.874473322 0.430916397 -0.724983507 0.352422893 -0.405595955 2.294767723 1.248139642 -0.333749673 2.391001902 -1.609358638 0.077906133 -1.823839425 0.200804608 0.377420712 2.572207159 -0.641554023 0.435648041 -2.241921173 0.616448710 -1.010603410 0.399419117 0.649709236 1.982836215 0.368965632 -1.706047183
-37.556907836 -22.720802824 3.719031304 0.121134981 0.959549249 0.190004158 -0.168789735 -1.829232594 0.490123480 0.281568402 -0.071297822 -0.854451033 -1.334420382 -1.067039174 0.193440374 0.085479256 -0.435346271 -0.819028472 -0.550127339 0.042396102 0.480018467 1.630719621 2.418371483 2.491774289 0.360866780 -0.468457925 -0.919780146
-38.836162836 -22.213024862 5.001160797 -0.312758465 -0.320996025 -0.833422803 -0.323342119 -0.360150200 0.261643293 0.310728510 -0.685315130 -1.086399331 -0.670140519 1.072515666 -0.153212466 -0.530957983 0.669494237 0.364578172 -0.124709992 -0.491029413 0.677616856 0.010399417 1.757739814 1.412467653 0.000480194 -1.430275094 -1.326267806
-43.347296334 -16.369355819 6.234679839 -0.750031079 0.541984308 0.098011965 -0.366196731 -0.104846233 1.475940370 0.392431625 0.564091071 -0.678539361 -0.804204478 0.548542341 0.726735654 1.432583910 -0.613126392 -0.269631244 -0.883500943 0.196305559 0.875748513 -1.514894201 -0.205271375 -0.207298352 -0.867466683 -0.348924701 1.134746603
-38.721023191 -21.690874936 6.761003666 0.023070311 0.208646130 -0.918370660 0.335454742 -0.989217032 -0.034111708 1.001043288 0.576549111 0.454456943 -1.123823681 1.962650497 0.224282707 0.386807746 -0.513283217 0.593338502 2.151062295 -1.130594179 -0.704627759 1.884601995 -0.994729159 0.006646934 -1.343630581 -1.312253619 1.864804846
-35.544379233 -18.723680468 13.030234050 0.731853624 -0.274155971 0.270482510 -0.562199243 0.502675844 0.212330356 0.929223840 -0.550945468 0.097791342 0.170972681 -1.736544963 -1.459832865 -0.160055735 -0.511060319 0.839231734 -0.950106975 -0.792748851 -0.478178934 0.006475428 0.152225912 -0.044639907 -0.132775536 0.032010160 -0.860626045
-29.040733490 -16.874806939 9.165730450 -0.028998435 -0.678916800 0.107550230 0.725716210 0.021149845 1.064573078 -0.161905919 0.856078488 0.803843750 0.772736246 0.458052397 1.970227758 0.312781827 0.453749571 0.619481322 -0.534037335 -0.020782700 0.363166028 1.352129904 -1.048465919 -1.081901457 0.406105001 -0.070441229 0.591128920
-29.217538646 -12.528090835 2.068816709 -0.010531813 0.093859949 0.047044346 0.994417528 -0.629177472 -0.927533530 1.085676568 -1.127053095 1.294511048 1.706352777 0.656407015 -0.694626280 -0.054610896 1.300573401 -1.144450109 -0.380935835 1.314498807 0.298742622 -0.937563055 0.054942424 0.159258725 -1.950755548 -0.753174700 0.031001482
-37.997002251 -9.349676138 9.534152466 -0.496524295 0.827722725 -0.022725553 -0.260427078 1.092496748 0.167120598 0.408787852 0.767026369 0.408289221 -0.004357286 1.442612676 -0.619138493 0.647225677 -0.884265546 -1.319839721 -0.077290129 -0.628676648 -0.563459304 0.455367950 0.353843118 -0.119548989 1.028514998 0.877026285 -1.306033913
-26.837752449 -15.077922009 1.697948075 -0.620389278 -0.092546420 -0.590448833 -0.507860688 0.966444733 -3.276183923 -3.152551826 0.545606036 0.020003987 1.578513447 0.490385396 -0.414969114 0.729356010 -0.744975317 -0.092115506 0.851886887 1.270800435 0.403620828 0.085177245 -1.133078730 -0.499153062 0.752211188 1.089658660 -0.151090473
-24.229581733 -18.396102448 8.495775166 -0.062830498 -0.010332137 0.400189095 -0.914217842 -1.449872161 -0.769423939 -0.735038510 0.852558013 0.093761530 -0.149781896 -0.878743022 -0.330501783 0.657118712 -2.465308565 0.681744486 -0.393421472 1.955485834 0.042654314 -1.007612629 0.411529830 0.738142731 0.483820550 -1.044348675 0.084320339
-37.732059955 -23.031951316 5.423257387 0.187566341 0.244258880 0.595007238 0.742376491 -2.137603277 0.050601920 -0.571023126 0.239499121 -0.457719630 0.587792169 0.141661294 1.025573757 1.111591538 1.377862846 0.943415408 -2.311151806 -1.193740052 0.828298867 -0.885096220 -0.103412028 0.809075531 -1.410108275 -2.164984886 0.708798715
-36.114752486 -24.918903660 10.696239950 -0.601523528 0.306383405 0.203274911 -0.709209394 0.882818895 0.945016554 0.514401876 0.209604729 0.148393182 -0.661961522 -0.633976387 0.636014732 0.151055931 0.087307488 0.095359940 0.150393341 -0.386349262 0.586530929 1.300600003 2.155364320 0.597195734 -0.610639340 -0.078239690 -2.133125078
-27.108000963 -11.978418132 6.200577829 0.740052936 -0.209905620 0.212751082 0.602493369 1.286322942 -0.481223363 0.533947826 -1.071574286 0.398678071 0.332760611 1.802312621 -0.043739214 -0.915171587 -0.577063554 -0.299545612 0.365512648 0.626612303 -0.448327541 -0.961519397 -0.640933658 0.643761145 -0.269855457 -0.109699783 2.166738540
-41.143036967 -17.415748306 8.850271782 -0.148343929 -0.036734741 0.440175407 -0.884810855 -1.011288365 0.332194828 -1.117355027 0.698633642 -0.131774002 -0.163216644 0.798874269 0.888630546 -0.840750132 0.696618882 0.188806570 0.156625002 -0.463112016 -0.201037481 -0.292839785 -1.146061006 -0.646685700 -0.102606718 0.226620248 -1.945304996
-39.296772826 -19.553009300 6.421991645 -0.879871227 -0.283954781 -0.245749208 0.291210634 1.363177523 -0.191034154 -0.850190207 1.872782111 0.079954409 -1.341967210 -0.927245044 1.495511636 0.924427752 -1.947822179 1.367667365 -0.188470042 1.565760291 -0.725967728 -0.327767720 0.913089126 -1.720334104 -0.440295640 -0.790634574 0.616223038
-32.461445504 -10.612434042 12.141050880 -0.128875612 -0.101677422 -0.578499958 -0.798993477 2.225239613 0.898070114 0.772121736 -0.332673960 -0.362454095 0.873981751 -0.999192113 1.477038439 0.889190037 0.721955936 0.279435226 -0.303033968 0.136667417 -1.637827110 1.260699550 0.267085674 -0.184092780 -0.659694142 -0.491038467 -0.429683292
-36.507493448 -23.463982908 3.434846797 0.291291644 -0.020115362 -0.207955086 -0.933541232 0.338830094 1.423553819 -1.094178499 0.695076096 -0.434395953 -0.037784043 -1.019866587 -0.675986980 0.673207862 1.293753898 0.372913052 0.964877965 -0.884555568 -0.627590895 -0.105149855 -0.526276025 -1.194249264 0.681073797 0.476426091 -1.595664705
-34.421340652 -15.393397240 4.657104177 -0.635515318 0.761166872 -0.119788245 0.048949461 0.546195047 0.161674596 0.597454975 -1.009999007 0.918516899 -1.103823976 0.466673247 -0.320259749 -1.551366520 0.745106135 -1.763404377 1.146013496 0.299562914 -0.130786691 0.042678577 0.226792386 -0.360541138 -1.176472563 1.509446310 -2.415623345
-37.879936187 -22.078579811 2.229993039 0.368315045 0.115010614 0.300693966 0.872181016 0.434189772 -1.326578367 -0.218474852 -0.784089307 0.876224578 -0.128581067 0.749087892 -0.563301026 -2.506549639 1.781614195 0.343974151 0.942907355 -1.316454389 1.014149868 -0.371494792 0.651757682 -0.490298485 1.146655086 1.100687557 -0.552732392
-41.022614937 -14.855993668 9.543757948 -0.447799900 0.347361895 0.814005891 0.127316033 0.839516730 0.533486080 -0.490749310 -0.134754661 0.814461207 0.186843682 -0.971596065 1.081849792 -0.936718423 -0.150295670 1.061301661 -0.425278560 -0.843514627 0.354095075 -0.830561122 -0.087088700 -0.415204155 0.915700022 0.788197697 -1.144415976
-25.130199125 -17.359065016 2.913615272 0.140727181 -0.153094101 0.356070777 -0.911027803 -0.475853168 0.511050673 -0.118556025 0.285802337 0.177754964 0.284955268 -1.332355040 -0.168254784 -0.443395980 -0.870841634 -0.014843009 0.010311453 0.372923018 0.873786500 0.763502277 -0.485636449 0.892012622 1.868033912 0.594150775 -0.784399482
-38.350531511 -11.501167887 12.041789315 -0.442903046 0.295403275 0.714425884 0.454058866 0.373001877 1.003081017 -1.273748531 -0.099598423 -0.737688546 1.489077400 0.319690646 0.052453498 1.346854338 1.470188600 0.345660070 -0.143057690 0.509598747 -1.233925754 1.783466575 0.701946521 -1.132292785 -1.809843388 1.842994257 0.140200880
-36.050974623 -17.359373052 9.252212670 -0.855015219 0.152150804 -0.485039928 0.102641984 -1.057172401 0.401150664 0.416706644 0.510698950 -1.053925810 -1.562828866 0.081510367 0.319926914 1.291663001 0.649284101 0.551361178 -1.573160479 -0.775266253 0.476325898 -0.013924848 -1.653401493 0.609829949 0.781193798 -0.480368168 0.011294121
-29.309147943 -16.201090978 7.852966520 -0.448303676 0.409233105 -0.758714477 -0.236441161 -1.756565242 -1.725658943 0.894729316 -0.459155625 -0.020286251 -1.208504132 -1.253672695 -0.160784557 1.318678341 0.407498464 -1.459180477 -0.768779031 -0.052047442 0.283727979 0.633640541 -0.170749911 0.868831111 0.154604649 -1.412535685 -0.812255178
-37.922036442 -20.090788557 5.913484518 -0.351366121 -0.022537601 0.579764865 0.734783374 -0.071506837 0.052409140 -1.984780737 -0.632449909 -0.187605841 -1.407435613 -1.143013810 0.198343059 1.330421616 -0.160374863 0.081938618 -0.453540662 -1.550449801 0.657516662 0.082210037 0.047395825 1.350004701 -0.217073390 0.599985553 0.546923671
-28.121918852 -18.984889161 3.300842401 -0.724709150 -0.269540031 0.552894551 0.310567924 0.111138168 -0.348004783 -0.737412697 -0.689106872 1.385360814 0.670097630 -0.586887446 -0.009287707 1.248852466 0.634834125 0.580120030 0.695009712 1.503567899 0.267362401 0.950039696 0.706871915 0.571453237 1.700269766 -0.877412294 0.879458751
-28.906361244 -15.172751400 0.352056934 -0.864796856 -0.392469542 0.309031928 -0.050924689 -0.354270556 0.414615292 -0.133124960 -0.107867228 -0.222692648 -0.739859092 -0.765874582 0.466502090 0.445241782 -0.499489069 0.845884661 0.332881075 -0.576884257 -0.954143475 0.896548583 -0.138095173 0.869005583 -1.043586204 0.681781170 -0.815187765
-38.692965381 -19.367371656 13.591930970 0.087134734 -0.606031697 -0.019774679 0.790406277 -0.646097786 0.278435674 -0.787376916 0.146941103 0.200265854 0.702707422 1.314366135 0.083834923 0.143619247 -0.552651874 -3.649122970 -0.236915826 0.485223148 -1.717638644 -1.480789941 -0.143904239 -1.125027942 -0.114998723 0.020416060 0.017043430
-37.978255788 -9.370349870 9.413969846 0.628435989 0.087340561 -0.222683617 -0.740170144 0.066419195 1.951708263 0.317982668 -0.532898078 2.152949139 -0.679504017 0.352652593 -1.545418120 -0.163588345 0.033057140 1.140914898 -0.689474284 -0.948322421 -2.467857906 -1.611970218 0.275468692 0.108990312 -1.020928345 -1.034944150 0.633442623
-39.988526812 -15.978307437 -0.003181962 0.678197466 0.566599969 -0.455645185 -0.106771421 -1.075988479 0.362155528 0.542345401 -1.134206859 2.031510796 -1.224277080 -0.158285317 -1.294969651 0.112869876 -1.259272289 -0.305114217 -1.712536466 0.251916114 -0.320523950 2.525833376 -0.056874926 -0.440957951 0.759831598 1.195341920 0.791559562
-30.210014491 -20.441107972 5.818564090 0.895113565 -0.243381450 0.135586895 -0.348070925 1.163200267 1.625376998 0.967100563 1.428743437 -0.465950259 0.653603698 0.934207759 1.266167422 -0.410540322 -0.396877089 1.540367105 1.194402155 0.060817010 -0.899964358 -0.280949301 1.549945613 -0.225895240 0.450594807 1.628295224 -1.104614440
-26.278669520 -19.904393628 7.138476829 0.043622865 -0.967311153 -0.066685351 0.240747261 0.849347894 -0.610306567 2.154676272 0.425945303 0.786508929 -0.880929975 -0.064513993 0.378863778 0.822461388 1.287875383 1.172740505 -1.214324650 -1.086755147 1.535211629 -0.390950526 -0.060021401 -0.989318151 0.236790450 0.389163411 1.002739841
-29.607114639 -24.499274367 9.974624922 -0.990391982 0.041410963 -0.045217622 -0.123952493 -0.662320068 -0.882326523 0.698838371 -0.047309825 1.229216814 0.718746802 1.585708407 -0.034883041 0.946292423 1.892628175 0.613591413 0.938111971 -1.369766966 -0.647673073 0.247074168 -1.156372361 -0.407637909 1.346615231 0.748329230 -0.534017040
-29.680012522 -10.808726087 1.957244276 -0.745090991 0.514404188 -0.068780851 -0.418923549 -0.137347117 0.522455351 0.883563912 1.780226778 -0.840303470 0.111241680 -1.406443177 -0.239575959 0.090421412 0.321771126 0.351425659 -0.076580142 -0.973357692 -2.321706224 -1.200322438 -1.327697020 -0.477025078 0.077009395 -0.492838133 -1.250185445
-40.678445271 -19.062238721 8.828000683 0.174052974 -0.149816869 -0.969813769 -0.081986101 1.259499870 -1.131788806 -0.133141723 -0.011435616 -0.659416626 1.118842477 1.379986831 0.905472963 1.102070424 0.408792894 -0.689869693 1.778232644 -0.408041516 0.056176972 0.830959617 0.400888870 3.120300226 -1.249969470 1.904603874 0.355717090
-40.174830913 -14.340350656 6.675856051 -0.288588654 -0.119616514 -0.765039190 0.563137209 -0.491996369 0.816094345 0.517221556 0.312891888 0.708299747 -0.745085782 -1.505368071 1.269584579 -0.231559479 -0.436592160 0.048688409 -0.157341049 -0.495751390 -0.541411300 0.693549995 -1.112345589 0.425637417 -1.083465892 0.008230965 -0.116662381
-32.644174123 -19.393466613 9.147389928 -0.091802060 -0.265987994 0.105384352 0.953790809 -0.559293582 -1.674888524 -0.084479645 -0.328188515 0.024077988 0.963651721 -0.518828387 0.763935044 1.080851536 1.366511114 1.884362337 -0.988358191 -2.020103547 -1.432771027 -0.249183975 -1.247254787 -0.883653251 -0.378654151 -0.032956915 0.252857900
-38.584579251 -10.974896504 10.111140935 0.223020908 -0.817686078 -0.432164129 -0.308034605 0.428258356 -0.833644123 -0.143116160 0.272010435 -0.631741902 2.200780956 -0.220840731 0.967184449 0.406148631 -0.801608879 -0.181016623 -1.109638314 -0.179855627 0.290280119 0.561473504 -0.733154785 0.764905317 0.419435070 0.713929269 -0.947845830
-41.633709268 -18.485286709 3.925895501 0.698977212 -0.702493200 0.112867368 -0.072077173 -1.044333566 -0.169775121 -0.298112606 -0.252480555 0.367871542 1.209328307 0.246911482 1.542604801 0.506943998 0.314712724 0.314638374 0.047058180 -1.671902232 0.055549334 -0.838712392 -0.303301920 -0.864509941 1.537106323 1.315533025 0.728043998
-28.922912861 -17.289387322 11.259631626 0.024370468 0.231028097 -0.858732863 -0.456738402 0.934429898 0.354293619 -1.516426870 0.652359677 -0.653664095 0.904645297 0.802940763 0.767122413 -0.631940380 0.594730168 0.011018855 -1.284640349 0.286768232 0.173309685 0.455750106 -1.037065534 -0.037279063 0.092117513 0.032314039 0.728117744
-34.382457964 -21.906138087 8.996059734 0.808937211 -0.140118247 0.558076062 -0.120576009 -0.713494834 -0.533652727 0.127321721 -0.540571502 0.497078626 -0.702936633 -0.555489118 -1.166258442 0.489007018 -0.748077132 0.105630261 -0.372650369 0.896799415 -1.581580205 0.114679569 -0.885932769 0.247752770 0.726290866 1.722984001 -2.339859874
-32.025995232 -23.960105170 9.723216797 0.299363359 -0.883399412 -0.266805681 0.242490796 -1.164085706 2.358023131 -0.009482559 -1.369594702 1.269647491 0.818037833 1.147488240 0.641101401 -0.306321649 0.475846760 -0.819356433 -2.772478192 1.153267028 -1.830749952 -0.746218344 0.271378071 0.212680915 -1.814470548 0.176744310 1.186901380
-32.610187611 -17.502024306 11.189550288 -0.493379474 -0.031332286 -0.195461017 0.846988768 1.008282319 -0.869270340 -0.272174432 1.741092546 -0.098256951 0.263367121 1.427043865 0.955094789 -1.967253891 -0.773620972 0.078466431 0.898511375 -1.083944048 0.228179845 -0.356716198 0.548395735 0.476753002 0.194272010 -0.124075788 -0.052715050
-34.392558760 -17.560174178 13.896517771 -0.497512271 -0.222028622 -0.302081190 0.782260690 0.765793147 -0.565978395 0.572091927 0.141371026 -0.144663081 0.752350490 -0.320315760 -0.325363141 -0.054400477 -0.476236854 0.531910936 0.272549286 -1.304272048 0.596843136 -1.820109103 0.158179788 -0.001481132 -0.253698668 -0.258181744 -0.625970362
-25.940278618 -13.655730721 8.156156936 -0.406191100 -0.370907198 -0.045044667 -0.833911038 -0.740694305 0.634294831 2.403628375 -1.030273161 -0.700142059 -0.131128906 1.902045683 -0.603799531 0.031303096 -0.155293984 0.052254892 -0.007726664 -1.274528313 -0.881201464 -1.034437330 0.070579252 2.639170116 -0.699047943 -1.209125434 0.376997948
-25.704490832 -20.204938248 6.228959406 0.587768118 0.410068898 -0.613063645 0.332453163 -1.002243101 -0.488324364 0.409035427 -1.045395024 0.066206381 0.089838550 -0.417021327 -1.199407106 0.509317557 -1.972889365 -0.342450280 0.467331867 0.922069224 -2.804192020 -1.136215260 0.683082579 -0.039952453 0.335974694 -0.457828880 1.496501726
-36.529066117 -21.784599895 2.986683205 0.366970617 -0.528231377 -0.762239524 -0.072767341 -1.468014128 0.710411591 -1.269562011 1.930276767 1.161786000 -0.169886816 1.317393205 -0.648832789 -1.953086245 -0.602094456 -1.742294368 0.545211547 0.068605285 0.283365236 0.070355113 2.471326363 -2.297622811 -0.186093441 -1.038127066 -0.281212500
-26.352458616 -19.854045228 6.854898362 0.020766887 0.820725675 -0.455827221 0.343801757 0.411703542 0.254109192 -0.051338466 1.432259637 0.320255034 -0.712109989 2.269144735 0.708275638 2.695919239 1.072987104 0.892401002 0.551119649 1.039812075 1.845396410 1.072796164 0.082613094 1.585303092 2.355825230 -0.578196173 -0.023902043
-38.506717347 -12.556280336 0.105446400 -0.459767519 0.216999819 -0.736016936 0.446994382 -0.561668374 -1.750922958 0.374005050 -1.373001772 -0.759966378 0.384037186 0.546073433 0.330452502 0.435478709 0.442664411 -0.345622286 -0.176482934 -1.613227233 -0.424589893 -0.904661198 1.683054616 -2.129757669 -0.063653012 -0.654174195 -1.399116346
-35.286658301 -8.098473662 1.995065167 -0.388166194 0.636510450 0.118794587 -0.655796690 0.517714976 -0.221222694 -0.031795094 -0.674876266 -0.572078240 -1.074100349 0.394573535 -0.400756814 -0.479545329 0.253437552 -0.552870528 1.521291698 -0.605239882 0.790044098 0.749706683 2.221600295 -1.193340943 1.119355588 0.345199196 -0.573776697
-31.545594802 -21.790220257 2.904476066 0.650319526 0.150457004 -0.705737104 -0.237449669 -1.225346270 1.415005078 -1.313422805 -0.395131598 0.205776441 -1.848201239 -0.099235281 0.553113454 0.129910082 1.438059001 0.768210987 -0.290033925 -1.185244170 -1.533880468 -0.408104558 0.660640087 -0.570936620 -0.231926328 0.252913905 0.304079618
-35.047393088 -21.489775593 1.331326259 0.202020300 -0.907475061 -0.138545957 0.341294344 -0.002815637 0.073064381 -0.092365052 -0.461959031 0.983914717 1.758387895 -0.751590225 0.865432440 -1.073722926 0.142671363 -0.455004929 -0.572562372 -0.104924556 0.307437878 0.888846891 -1.138020004 0.313296143 0.128084789 0.492201456 -0.139519439
-29.745296990 -23.272288754 2.907917146 -0.477770572 -0.616292189 0.576546560 0.243953442 0.090325650 -1.601999909 1.702982579 0.177642135 1.446545857 -1.108162422 -0.116090222 -0.018043344 -1.584921200 -1.279719805 -1.068620039 -1.742032479 1.025807540 0.383323471 -2.243949995 0.429680428 -2.194919210 -1.001233852 -0.563925615 0.352265266
-32.441310200 -24.609256409 4.666597188 -0.781422502 -0.096430972 -0.522396082 -0.327387041 0.548748055 -2.360066184 0.435501335 1.593770824 0.376641745 -0.809198422 -0.131118201 0.995484401 0.905453034 1.170139193 0.499366157 1.637841226 -0.037189529 -1.247482455 1.278232981 1.131034547 0.257675344 -1.546434321 1.149158784 0.582626914
-36.683890170 -15.953866808 9.167191138 -0.193003408 0.377350620 0.600676068 0.677897083 1.279807689 1.337801777 1.719630588 0.697363601 0.311695074 1.334351618 0.739515375 1.078628826 2.075436250 -0.539127617 0.895959058 -0.226497549 -0.811924055 -0.549375183 -0.522757987 -0.801141115 0.906012649 1.964656234 0.349139643 0.024822818
-32.940338627 -9.084058540 10.713276307 -0.445941613 0.394982418 -0.378773893 -0.708276292 -0.907745910 1.444970487 -0.832735479 -1.462073485 -0.927618237 0.361280260 -0.151940126 0.811495819 -0.643548936 -1.137511855 -1.664526557 -1.971631266 -1.796793922 1.456569836 1.193725824 0.568885691 -0.829729811 -0.708077429 0.182787196 0.167636767
-38.632246353 -8.439573322 6.176317655 0.095587632 -0.660932788 -0.128654541 -0.733129500 1.549206261 -0.874048226 -0.029919309 0.394448593 -0.873103043 -1.807312127 -0.029747138 1.644066216 0.484561464 -0.339709342 -0.324356589 -3.179185243 -1.140759380 0.334807935 0.613298239 0.126354444 -0.601438466 -1.247946524 0.186602054 -0.328964919
-34.237913226 -21.846826337 8.524642860 0.153007946 -0.003506808 -0.516555656 0.842464554 0.420025293 0.695620441 1.185320853 -0.147986620 1.892865017 -0.418560228 1.092006058 -0.942864038 -0.139233459 2.024332035 0.196502011 -1.088461297 -1.155456918 -0.217123393 -0.093390907 -1.678880110 -1.762283783 0.635321954 -0.911348489 -0.207169970
-38.201760116 -16.942632353 8.588451655 -0.259681946 -0.083271198 -0.925841289 -0.261627795 1.021874838 0.055118467 -1.502054752 -0.609156497 0.032640184 -0.592001598 1.767004357 2.167680285 0.428325513 0.776694620 0.199554400 -1.688368165 -0.473416581 -0.543455785 -0.134602385 -0.536953260 1.137196936 1.362944734 -0.257191063 -1.617483682
-37.211043614 -21.534045940 6.569096733 0.209811803 0.219645335 0.791007522 -0.531076297 0.837410444 -0.562863984 -0.208576201 0.351727118 0.326039393 -1.765387951 -1.316263028 1.678320110 -0.536709766 -0.431350480 0.104764270 0.510932338 -0.219602957 -0.412603982 -0.227986231 -1.246852960 0.662375751 -0.449289151 1.427525592 -0.522410976
-38.164137637 -15.560011879 7.052745630 -0.318716928 -0.200420641 -0.626479230 0.682477004 -0.567456826 0.220610851 0.710232821 1.597464298 0.371660852 0.032251400 0.800596950 -0.164186686 1.846142254 -0.365271692 -0.670592449 -0.269506953 -0.590117087 -1.904345623 -2.168275130 0.368392011 -1.241088279 -0.284232426 -0.870067574 -1.345789692
-34.651773548 -11.045665076 13.027990676 0.096016774 0.065339923 0.962666107 -0.244510611 -0.442016658 -0.113956093 0.531046136 -0.933673683 2.186248389 -0.485366470 -0.962560296 -0.033035938 -0.362958719 -0.822577387 0.410152479 -1.538848473 -0.145032033 -0.437921317 0.037592064 0.207014174 -0.960190093 -0.098346992 -0.475381980 -0.609234864
-39.339127329 -12.720293729 14.409253896 -0.105678234 -0.134969731 -0.949218286 -0.263817984 -1.025355363 0.630564815 0.976791088 -1.540217833 -0.392569917 -0.734935991 -0.097588796 1.064464929 0.102647484 0.638419075 -1.809444828 0.303234851 -0.342241640 0.410660445 0.808415509 -0.576185205 -0.031439503 -0.472565640 -0.085855717 -0.014290521
-39.179830543 -10.757057437 5.446979571 -0.285455515 0.624298277 0.268513722 -0.675771553 1.118456676 -1.780311397 -0.049659086 0.215980282 -0.648081048 -1.228060918 0.315110569 0.638432499 1.394671709 2.594549151 -0.508699322 -1.127026784 -1.461950008 0.369943113 1.256962077 0.170437365 1.372461773 0.388590925 0.838977683 0.828723844
-35.978514106 -12.959647229 16.413507400 -0.553452759 -0.207004608 -0.801790194 -0.089283931 -0.592047044 0.266771300 -0.119782918 0.905027484 -1.470321918 0.573776114 1.236361648 -1.023791833 -0.475564563 -0.434723363 -0.358943890 0.304168600 1.675019848 0.190563599 0.718744276 0.572643382 -0.260817534 -0.628473089 0.450445033 0.528473807
-32.419644709 -15.795757164 16.497978794 0.462150859 0.784439565 -0.345615506 0.227202717 1.750862806 -1.010902527 -1.985407975 0.887758081 -1.608411216 -0.299120937 -0.702130774 -1.058654316 -1.444508226 0.156768043 -2.192684850 0.125833903 -0.878825200 -0.062754912 0.359545103 0.032714170 0.618262981 1.634984103 -0.114368480 -1.165868210
-37.220664140 -18.049981358 15.486028236 -0.628664466 -0.276390419 0.146347570 -0.712019462 0.321830918 0.601072122 -1.826110773 0.762554265 -1.265860413 -0.560341513 0.182771006 -1.425574893 1.169662081 -0.750539828 -1.101964335 -1.365403025 1.286521685 -1.092470596 -0.788527698 0.536386365 2.680192224 0.539947206 0.728137787 1.043319678
-39.443080755 -11.690834025 6.938530894 -0.259809374 -0.209684168 -0.884990376 0.324536089 -0.745204466 -1.307144461 0.235271953 1.199604044 1.006819437 -1.161436718 -0.116244992 0.957610163 -1.902814226 -0.152075241 -0.074251460 1.234594377 -0.273019364 -0.107544429 -0.758470292 0.722001693 -0.043560811 0.751229456 0.127651092 0.689840691
-33.803542979 -21.987101266 12.516180686 -0.649409683 0.307272015 -0.669484233 -0.188790450 0.025767123 0.005694476 3.298891858 0.656736226 0.267108742 1.229448554 -0.371255939 -0.984719908 0.034206898 -0.740389007 -0.476378784 0.215308881 -1.918832801 0.597415290 1.612225985 0.560607429 0.875824944 -0.979876556 0.369698299 0.472470051
-33.500682574 -10.490749437 6.819769967 -0.138784813 0.003019539 -0.859426464 0.492052651 -0.462457456 -1.500059018 1.011249046 -1.037642124 0.601134608 -1.317460621 -0.411025799 -0.358622205 -0.752264747 0.087122549 -0.507796171 -0.484999051 -1.071519016 -0.435535565 -2.054983782 0.828919384 -1.079839000 0.028882568 1.731371057 1.319094532
-34.382171620 -6.524839382 3.944305351 -0.570183340 0.640319669 0.152380884 -0.491591035 0.393981710 -0.359763940 1.712712826 -0.007203738 1.064637898 1.082652377 -0.817221247 -0.420902798 -1.696612099 -0.455173868 0.272387031 -0.021879996 -0.652804904 0.544793559 -1.634591589 -0.195344311 -0.048365917 1.018018002 0.622496743 -0.944731120
-36.824910694 -18.746654336 -1.304832193 -0.019040820 -0.982444944 -0.159237658 -0.095303450 -1.360370653 -0.086015470 -0.958409126 2.155819464 -0.512833868 -0.825757615 -0.615040886 0.522177270 -0.950898849 -0.909733240 -0.219775199 -0.800635296 0.429814231 0.766950130 -0.211929046 0.452491913 0.137076055 0.516942532 -1.054461750 -0.801184828
-35.086296959 -18.938289089 16.616361789 -0.052112989 0.041116040 0.456594771 -0.887194975 1.536911929 -1.842467007 0.488031664 -0.233825172 -0.502427341 -0.366855418 0.693334747 0.578528397 0.232644224 -0.955869094 -0.021424004 1.025008421 -0.347996777 2.095010386 -0.702820986 0.306372567 -1.391813107 0.001861373 0.560636610 1.228441783
-27.327867718 -20.590067750 13.160646438 -0.689702044 -0.160242961 -0.706115464 0.005851100 0.159577368 0.451129799 -0.510380598 -0.794919978 1.420329108 -0.253054567 -0.459692038 -0.148743161 0.488753011 -0.023844918 -0.815117149 -0.007696077 0.154267195 -0.390077477 0.556284637 -0.911295999 0.509873589 0.878450329 0.614186838 -1.690051276
-38.997416326 -20.447648244 0.682398238 0.767823698 -0.122886265 0.354594998 -0.519238020 1.570077811 -0.781939804 0.438455696 -0.699092013 -0.059191205 0.472479802 -1.157523105 0.526625227 -1.366072303 -0.482154178 -0.489847286 0.094083337 -0.642107741 -0.139433521 -0.712274666 0.198062336 0.780681679 -0.682285933 -0.923855037 0.307682047
-33.344545334 -18.190466869 5.602019198 -0.904990144 -0.101466445 -0.070450822 -0.407104508 -0.436579056 0.542088865 -0.252083430 0.614787523 -1.461685123 0.345542089 -1.603891458 -0.185075532 -0.244336922 -0.281267364 -0.194059529 1.733839640 1.382940121 -0.857219177 0.652861329 -0.169386569 -0.402739562 0.215559204 0.536582337 -0.959347028
-36.416028061 -15.747481519 -1.671136565 0.488025960 -0.203130674 0.825448717 0.197997494 0.664829334 -0.203683376 -0.365070767 -0.790968200 -0.764190784 0.624077343 0.332656742 0.199633558 -0.014070359 0.228378562 -0.410794800 -1.260417750 -0.934363994 -0.501209822 -0.788337222 -0.396565873 0.020096233 0.308753638 -0.347288604 0.457206952
-29.284143235 -11.589484817 13.269505074 0.220901968 0.222486366 -0.157158890 0.936484501 -1.369314980 -2.319949804 -2.009907860 1.884303193 2.164325292 0.425843044 -0.011226453 -0.221137811 0.034783326 1.154245389 0.379901281 1.059442586 -1.333961362 -1.347665138 1.056254559 -0.129409819 0.306634849 -0.950554328 -1.426373886 0.630618498
-37.331798635 -13.638825567 6.574738638 0.164826131 0.262470773 -0.847395887 0.431116748 -0.406359992 -0.928149791 -1.051295493 0.138889518 0.244333728 1.591601367 -0.003214041 0.608161053 -0.169236985 0.472878039 1.166321400 0.376685971 0.025180450 2.207627827 -0.192231068 -0.745295893 0.058313748 0.539052703 -0.147583859 0.690940240
-28.075210553 -16.805518959 13.856920577 0.020133010 -0.661297453 -0.610141725 0.435898401 -0.997750464 0.412748507 1.098827385 -1.303112735 1.128460733 -0.506275079 0.698264946 -0.158832906 -0.628728021 -0.405020256 0.426218870 -0.840413159 -0.560414382 0.359440095 -0.260445956 0.766444943 0.170223991 -0.389090443 -0.395022553 -1.283600819
-34.655317187 -18.550064599 0.248701863 -0.076911424 -0.241158989 0.747572443 -0.614054083 -0.480296107 0.645274057 0.509504442 -0.342848881 -0.668209732 -0.486564083 0.741379864 -0.218964606 0.163931356 0.469018315 -0.107106163 -0.877513778 -0.615194487 -0.157635204 -1.946779182 -0.366121254 1.642444190 -1.112607101 1.063868688 -1.705018389
-36.037823510 -12.346774132 3.419231364 -0.460802872 -0.767474837 -0.394842283 0.206742976 -1.938408615 -1.846409850 -1.970289162 0.238864979 -0.508114535 1.709588168 0.995283800 -0.681091248 2.847066276 0.426094153 0.362879227 -0.827625897 -2.174717506 -1.596356217 1.168701721 1.296521051 -0.560145161 -0.516166190 1.250759289 -0.466894210
-42.694735526 -19.454136703 7.230960704 -0.005115824 0.428530799 -0.885357353 0.180215262 -0.275798920 -2.543293286 1.981594877 -0.154223103 0.751928236 0.860212052 0.452249309 0.572184852 0.024069087 -0.294118789 0.168753010 0.863723922 2.211423529 -2.402257368 0.052732844 -0.182020600 0.198256561 0.493890150 0.566595395 0.805105058
-28.050553559 -18.180193356 14.280627634 0.247143367 0.065466414 -0.363816491 -0.895696302 0.226957660 0.163002490 -0.454314533 0.639331637 1.006542044 1.031013781 -0.048775973 -0.004530272 0.814448150 -0.723277003 -0.328345096 0.542105671 1.405540981 -0.226718449 0.203342697 0.551380357 2.133063156 0.131043429 0.652998311 0.958190007
-31.056333375 -12.359815006 10.466443870 -0.292932165 -0.415260501 0.565752540 0.649363940 0.775632228 -2.083272563 -0.189168756 -2.504527618 1.658591016 0.195114253 -0.763557016 1.445080546 -0.009923485 -0.119524134 1.298821734 -0.741393129 0.488721703 -0.183235046 -0.047365331 1.435628738 -1.161618867 1.577705543 -0.000184700 0.200094723
-37.941527023 -20.959019441 12.162528636 0.043391337 0.178032266 -0.578042084 -0.795166054 -0.663740604 0.802399880 0.308778321 0.061869581 -0.030522767 0.149068507 -0.037383727 0.686936068 -0.760547567 -0.715672174 0.446958314 -0.307743679 -1.675998138 -0.142589070 1.167566046 -0.142880899 -1.320059854 0.119765877 -0.568800089 -1.756005887
-29.336438695 -12.661909170 4.064069027 0.836322756 0.439606438 -0.187498755 -0.268616167 0.620758941 0.802173294 2.594519741 0.538049676 1.069105173 1.615573906 0.352979571 0.614893317 -0.202706434 0.240129682 1.333343025 -1.269652605 0.097959779 -0.996877347 -0.052920978 0.185531064 -0.165554129 0.454392831 0.098730141 -0.073005667
-33.389734936 -15.671956181 3.935475686 0.756622142 -0.298565781 0.050087870 0.579545179 -0.815781321 0.253290786 -0.297930302 0.212412170 -0.263563800 0.616843898 0.127302061 1.122934163 -0.537724606 -0.353596390 1.243978414 1.278507561 -0.711319201 -0.498575643 0.197551829 -1.536824089 0.051146353 -0.580380518 -1.812996114 -0.029460870
-30.858783500 -9.002715887 12.310603056 0.629361732 -0.421763423 -0.084233273 0.647243525 -0.439938082 1.230378615 0.791492221 0.154652506 -0.491428983 1.171265921 -0.558007638 -0.736155806 0.344681185 1.851443812 1.899652291 -0.925463954 1.817929332 0.190537023 -0.147089575 1.774717262 0.355316601 1.515540511 -0.146576266 -1.243173494
-25.219019020 -16.867747013 9.529433474 0.870227975 0.173815924 0.460967780 -0.000026945 0.330068101 -1.588545307 0.622400125 -0.514480763 -0.476687648 0.167796041 0.612234560 0.662118180 -0.639381979 1.096269664 1.169505093 -2.419417257 1.991565666 0.413278725 0.749411995 -0.927814229 1.015753548 1.145769406 0.671279091 -0.708523948
-26.817217064 -20.846591857 7.502742710 0.475913631 -0.578658765 0.222669281 -0.623761686 -0.197477198 0.606720744 1.218515268 -0.386226652 0.417834556 0.747609775 1.853809261 -0.520861767 -0.261079879 1.437894289 0.611524839 1.081696763 -0.371341309 1.258427822 -0.715405069 -1.287895869 -1.714648737 0.225435876 -0.838746551 -1.558314546
-39.351585581 -14.656502481 14.731185869 -0.075313741 0.139529765 0.820861258 0.548676663 -0.094235065 1.815725321 0.778212435 0.517416227 -0.475571811 0.224049798 -0.227271179 -1.353543234 -0.375267568 0.205265490 1.125960010 -0.803171852 0.598727108 -3.224120314 -1.040626850 1.618323156 -0.923312063 -0.066048176 1.904062181 -0.119578506
-38.280943645 -17.299375612 10.847373842 -0.745481238 0.510132325 -0.408598163 -0.130653264 -0.914629468 1.512973516 -0.339429800 0.078188190 0.475155515 -0.792157635 1.018766623 0.591535528 0.251984539 0.081795504 -3.123675156 -0.107562549 -0.008189647 -0.817053895 1.585708268 -1.457227191 1.258272587 -1.306004869 -0.484454625 0.554840721
-36.572017701 -19.725862485 8.312439800 -0.177121944 -0.641896215 -0.368916641 0.648457846 1.846928038 0.797094768 0.089097883 -0.426420437 1.213766147 0.743124335 -2.856382780 0.047823674 0.808526861 -0.810914272 1.056522095 -0.135871012 0.515380787 0.813579451 -0.769389830 -0.120394911 -0.814054041 -1.034562005 -0.941940674 0.047817997
-38.203337698 -10.870518960 9.325440931 0.266855771 0.195196840 -0.875126850 -0.353325894 -0.613546593 1.121827388 0.931111862 0.357465019 -0.460712092 -0.289812997 -0.049420012 -0.503197687 0.918181734 0.814064689 -2.679986381 0.625756043 -1.067614479 1.965582851 1.463323454 -0.222419160 0.170038224 -0.961728763 -1.278540024 -1.135228951
-32.260935140 -10.372994141 11.183793503 0.293899684 0.639385987 0.661543262 0.259169920 1.439326283 0.631523077 0.387942152 0.122387848 -0.772646739 0.688531635 -0.554315167 1.615645938 0.247844779 -0.345421589 -1.413788102 -0.243626919 -0.501129556 0.373326927 0.312372058 -0.548721120 2.385221137 0.859162501 -0.918900805 -1.792871454
-35.062213703 -23.509241837 5.758291461 -0.572090870 0.226626022 -0.137288465 0.776211672 1.173517647 -0.480483319 0.156713559 2.188214365 0.968608896 0.395454681 -0.340702480 -1.597116082 -1.874698039 0.349155418 2.701436760 -0.684248881 1.975298179 1.774119384 -0.827052554 0.550336140 1.223298185 -0.206864151 -2.993336238 0.100420871
-29.669433041 -19.955306422 1.858012253 -0.236393021 0.178784342 -0.488900839 -0.820445287 -0.598080333 -3.268971575 -0.386116603 -0.979037575 -0.720167225 1.628020635 0.535353042 -0.529050440 -0.981932197 0.762998506 1.485502759 -0.474073411 -0.183159861 -0.844024964 -0.364022480 2.660531643 -0.942733770 1.049434087 -0.158547660 1.879021590
-39.816125030 -16.746158576 5.513199806 -0.358681785 0.395064899 0.034977539 -0.845013417 1.341980583 -0.896603344 0.133703314 0.109503427 -0.031193245 -0.763920351 1.416906831 0.161513828 0.200644285 -0.588748637 0.299257747 -0.581203644 0.221115194 -2.828744750 0.625862141 0.493361575 1.646991470 -0.228278883 0.475125375 1.048281113
-31.439298106 -24.765352189 9.374122857 -0.477332142 0.243431346 -0.138090400 0.832962332 0.720612237 1.457255322 0.684227871 -0.596880534 0.901363630 1.057721082 0.271986779 1.144485999 1.069415116 -0.349391905 0.403913658 -1.077127880 0.953536911 2.037688448 -0.162564444 -0.222996441 -0.460385270 -0.208870265 -1.453515483 -0.544885996
-34.145345877 -7.420273867 11.493467432 0.931498080 -0.216309623 -0.287521432 0.053412541 -0.209900637 1.110356205 0.028442245 -1.640933760 0.184588915 -1.212363446 0.661759028 1.251679348 -0.228994022 -0.830057832 0.435407542 0.838577384 -0.338586839 -0.858531881 0.072611623 -1.035869389 -0.970545242 0.148398286 0.010477259 -1.254911221
-30.025411510 -21.148343988 0.288349131 -0.020541246 -0.544339711 -0.668656216 -0.506133580 -1.090044279 0.844778365 0.619500701 -0.151304447 -0.479668160 0.285386597 1.063481495 -0.209625538 1.557501597 3.029323740 -0.760957885 -0.186750014 -0.828648374 -1.105754123 0.653547422 0.297403867 0.260129894 1.185542521 -0.320681516 1.562792103
-37.934499179 -11.060872017 13.212794827 -0.004476945 0.825449410 0.391232443 0.406878857 0.478246077 -0.944851239 -1.278074793 -1.368268408 -1.226780320 0.528598993 -0.460861787 0.718518701 0.458534085 -0.000940227 -0.098108845 -0.957403584 -2.193671356 -0.576958014 -0.981280556 -1.429878753 -1.467168389 1.171512098 -0.987602599 -0.896187773
-40.142301291 -11.441660390 12.387675238 0.458066082 0.013310923 -0.784021152 -0.418699316 0.101650312 -0.324426811 0.007307649 0.151108410 -1.376293282 -0.487872951 1.815369294 0.642750634 -1.438055180 -1.388996853 -0.361869936 -0.134874082 -1.562265112 1.312551237 2.270487611 -0.449523493 1.481395262 0.448041040 0.433242339 -0.763322192
-30.893812894 -18.781626460 12.162163248 -0.165494960 -0.587683254 -0.289767994 0.737071449 0.469396971 1.494353024 -0.428886231 0.337164925 -0.115319128 1.376957733 -2.177120468 -1.047768606 0.226907351 -0.720137573 0.534063764 0.386311286 -1.106802047 0.491246953 0.150970259 -0.429560565 1.202085097 -1.585578269 0.433924930 0.069940703
-30.035619585 -12.087244648 0.136354226 -0.504825192 0.413368844 0.251374338 -0.714904656 -0.287105349 -0.055064817 2.320115560 -0.665211317 -1.160843990 -0.043903876 0.243231956 -1.042235939 0.403491753 -0.518067417 -0.954911933 0.093585779 0.533270859 0.383912569 0.309438833 0.440474258 0.930648196 -0.419753920 0.901158626 -1.314980520
-37.664643661 -12.915756836 9.078311476 0.042755186 0.969333638 0.201840880 0.133508622 0.696687160 -1.573651235 0.026725839 -0.109856179 0.439021888 0.442951511 -0.757090587 0.599524314 -0.849462175 -1.823322245 -0.887196515 -0.621574143 -0.145350160 -0.782795969 -0.036126682 0.065002273 -1.301480557 -2.442262035 0.472679796 -0.440373437
-38.159431633 -20.840991393 3.019976843 0.215755548 -0.214331456 0.875378090 0.375798842 -0.066605785 -0.016326270 -1.519842215 0.788345290 1.280038911 1.331617581 0.406868625 -0.219122805 -1.629584090 0.168234286 1.147607947 0.791523565 -0.102387858 0.550894937 0.661042947 0.663560844 -0.674390818 0.698478902 1.357044504 -0.144327872
-37.447479342 -11.400285219 0.775403205 0.243364129 -0.947396385 -0.003521077 0.207849927 -0.479881464 -0.037718470 0.381766273 -0.343360446 1.057243522 1.992998112 1.516299884 2.127187888 -1.815363599 -1.660480153 -1.194630125 0.726376832 -0.231223851 1.185059342 1.150759236 0.390513630 -1.236638381 2.580821461 0.766410910 1.941491437
-40.359694601 -13.584100179 6.584512286 -0.473524556 -0.576697264 -0.201333666 -0.634554580 0.577270111 -0.909565009 -1.018167506 -0.436236472 1.009670711 -1.263420101 0.257767415 -0.430604485 0.369551913 0.570639060 0.775585726 0.028815577 -0.136444701 1.500912029 -0.288585978 -0.041356059 -0.078444582 0.518243613 -0.794028847 0.136011067
-27.953735511 -17.319218256 4.370020640 0.701775970 0.167759821 -0.676860917 -0.145692927 -0.014856296 -0.830396055 0.076219896 0.785717346 -0.639168535 -0.685320130 -1.754816080 -0.101153893 -1.625559945 0.196267272 -0.131001541 0.006655115 -0.544258199 0.358607668 1.631239011 1.147065624 -0.289102082 -0.569683613 -0.793338672 0.976328815
-26.029863051 -16.465594485 6.934223195 0.174295451 -0.392013801 -0.661068868 -0.615576338 0.620443916 -1.870105430 -0.289421154 0.168570850 -1.063990903 0.139023470 -2.025461608 0.060147378 -0.325269098 0.847084747 1.372210926 1.489898370 0.613434790 0.931499774 1.033845474 2.124415091 -0.289441267 1.409087896 1.241820222 0.074844715
-32.223382898 -18.692772234 4.026875956 0.239934270 -0.420765385 -0.243362839 0.840334794 1.030508541 0.660650222 -0.411243412 0.682968437 -1.342493627 -1.227300415 -0.363022552 0.855672665 1.214248384 -0.806096461 -1.037335187 0.593151565 0.301792236 2.423893238 0.806146439 -0.148090779 -0.143848562 -0.984399395 0.157273629 -2.467323018
-32.841957372 -21.956431861 10.195099146 0.978486897 0.182298494 0.092327400 0.028395454 0.518403227 0.481357967 0.451234523 1.716116678 0.473429418 0.701035192 0.599045600 2.004491388 -0.195920940 0.385921289 0.018381231 0.028941753 1.388397770 0.910193752 -1.824807063 -1.670788836 0.982511767 -1.310795254 -1.033770236 -0.657231779
-37.345142227 -18.777063282 9.300579558 -0.604268070 -0.503950530 -0.611509471 -0.083367442 1.173634870 -0.402375403 0.178715209 -0.385553983 1.015054284 0.056475999 -0.224509999 0.512661876 -0.906090652 -0.173169560 -0.540378652 0.451204240 2.359440040 0.020958106 -1.433736398 -0.155995260 0.944102996 0.726207940 0.820384886 0.216778255
-31.349397564 -17.319233892 12.231253308 0.204890703 0.868992330 -0.445533992 -0.066118022 -0.792075232 1.902348899 1.665366723 -0.781743868 -0.106810241 1.083830671 0.678816890 -1.980470300 -1.106370187 0.614731665 -0.640794422 -0.307742783 1.722000189 1.809008046 0.931015101 0.714902811 -0.920106161 0.943160943 -0.497887333 -0.410000882
-39.212983108 -8.196730258 6.717797445 -0.907700382 -0.265847183 -0.261033068 -0.193046701 0.546967641 0.614949394 0.940173503 1.173699115 0.468324390 -0.201232268 0.061786356 -0.696589096 1.532666239 0.854648352 0.381880753 0.696177868 -1.427782582 -0.441697368 -0.825230626 1.115189071 0.526497389 -0.680546384 1.626765849 -0.816905433
-38.196334682 -18.455041594 9.133171377 0.159251035 -0.775826620 0.275562549 -0.544791194 0.030963965 1.039479607 1.241699371 1.262696643 -0.231007003 2.108327171 0.930920619 -0.386330985 -1.175272533 2.275017278 -0.876481004 -0.964774848 -0.957415852 0.008130115 2.724851268 1.420520173 -0.719711217 -1.499558570 -1.646731196 0.014115112
-30.875165917 -11.738204300 10.505745930 0.344777008 0.126377790 -0.862897441 -0.347225395 -2.241947661 0.748251297 0.466562902 -0.756411588 -0.163484296 0.468054049 -0.512519039 -0.194305102 0.807464373 0.909299706 0.204151595 0.437574811 -0.673247419 0.837843457 0.469331854 0.307000641 -0.019857130 0.719937578 -0.623783007 0.112763117
-33.201078091 -6.858248623 4.648364108 -0.001157003 -0.666850420 -0.542538211 0.510843879 -0.039147291 0.652925049 -0.578540780 0.912894292 -0.403116092 0.343311516 1.475535843 1.521361768 0.049096087 0.571420483 -1.404336990 -0.145674937 0.787031672 1.416368451 0.305057521 2.939315825 2.169072912 0.077478284 -0.699090078 -0.962569690
-33.300286658 -10.681714331 10.322141489 -0.378883838 0.235970188 -0.767324430 0.460411041 0.257998684 -0.168448061 -0.852949162 -0.772209923 -0.238636483 1.980837242 -0.385168799 0.490661926 -0.116815584 0.767270949 -0.822200241 -0.850980810 -1.909656197 -0.070416269 0.852392750 -0.676835036 -1.898306254 0.039049832 0.067694815 -1.570910616
-42.139355349 -16.836456671 5.423300556 0.265788563 0.636500873 -0.320197395 0.649381788 -0.495396246 -1.849527963 -0.576230159 2.252297113 -0.524138613 -1.631791682 -1.215942467 0.789566360 -1.693498500 0.130608327 1.153026276 -0.127154479 1.136441459 -0.681384583 0.533029674 0.761790555 -2.285075670 0.293535445 -0.365705362 -0.411702769
-24.655932181 -15.207567702 4.865216149 -0.117436498 0.795589932 -0.399499344 -0.440051818 -0.518889111 2.339485058 -0.264537739 2.601072727 0.329571582 1.008474907 0.848426476 -1.169760417 -0.822207025 -1.658328725 0.022040934 -1.230427405 -0.256411202 -0.195760157 1.709775710 0.634946649 -1.004991383 -0.868823377 -0.627830898 -0.577377397
-26.536905204 -14.447729555 13.998781330 -0.973918273 0.135011669 -0.178853456 -0.035587760 -1.578451796 -1.251435486 -1.026271728 -0.387499044 0.761060521 0.819514577 -2.120446301 1.480631762 -1.227750361 -1.743525494 0.225638919 0.595224833 1.288192275 -0.543499775 -0.044973288 1.064747438 -0.831977366 0.051619921 1.689856651 -0.740373613
-40.503779235 -18.236600468 7.879809940 -0.358171194 0.914213674 -0.188620608 0.018682099 0.101379194 0.299118343 0.171595949 -2.699860929 1.237051670 -0.051016390 1.760661298 0.569941740 -1.044608587 0.948376077 -0.643239196 -0.249129633 1.377878606 1.874968783 0.038802979 -0.616981332 0.293910478 1.474660520 -0.173660121 1.389975863
-33.040578794 -18.581414048 7.629770253 0.529612373 -0.355594177 -0.070048364 -0.766913778 0.313547634 -1.011707636 -0.265334580 -0.348959174 0.252296666 -0.439636648 1.459595689 -1.255886951 1.006123745 -1.512899454 1.752856099 -2.197363150 -0.296013957 -1.238488117 0.095768890 -0.111815840 -1.422853564 0.412738004 0.827983063 -1.275187127
-34.910188253 -6.887235811 8.092274204 -0.505087215 0.380397026 0.555175145 0.540338381 -0.753704349 -2.458788170 -0.545748100 1.613556551 -1.025985440 -0.709092187 -0.052843876 1.524146275 -1.308553963 1.279982041 0.812143844 0.901877975 -0.560274014 0.467994166 -0.065802013 0.529838636 0.255593817 0.638588708 0.229007497 -0.104605040
-33.599889836 -8.130600026 6.377866655 -0.967369343 0.074241570 0.160319678 0.181610420 0.225167682 -0.784161155 0.209362908 0.217242259 -0.590068783 -0.470146526 0.282864870 -1.170573655 0.025465901 0.208184804 -0.028651420 -0.713397250 -1.030911406 0.178559880 0.547503116 -1.120241967 0.675388482 1.252669265 0.118469917 -0.238590318
-31.036625308 -12.845777803 4.467004762 0.433899288 0.096719767 -0.455314595 0.771404766 0.605474962 0.375161391 0.257495771 -2.116356431 -0.216054632 0.500462227 -2.896002124 0.302592186 0.309263130 -0.306087477 -1.086585792 1.566479011 0.980280809 -0.913730165 -0.524010191 0.632275262 -1.501139850 -0.916046717 0.782214159 0.588313467
-28.034580110 -15.071056933 12.864735565 0.423140686 0.671199957 -0.549777418 0.261127112 -0.478886375 0.018481673 0.490542630 -0.317829395 -0.054237470 -1.311763097 -0.609929168 0.011630820 0.050176737 -0.718442909 -0.833152461 -0.978362076 1.265791686 0.663060648 0.111949776 1.816091813 -0.634768625 -1.323672187 0.906379282 -0.124398778
-33.112609271 -10.565868189 9.657352016 -0.897663317 -0.382377512 -0.212663678 0.052556326 -0.696608419 -1.212006868 1.020892998 -0.956838405 0.171186789 -0.601100824 -1.420495271 -0.231728598 -0.826442304 0.102859835 -1.202978129 -0.284937600 0.135304284 -0.620043119 -0.062870324 -0.247749215 -1.877323054 0.504758628 -1.505562176 0.972317847
-28.482526403 -13.655418892 9.932810858 -0.792523075 -0.187576856 0.039892178 -0.578904753 -1.346141807 -0.343613842 0.568883674 -0.687495907 0.266126724 -0.517103169 0.256508372 -0.388791297 -0.835413513 -0.561156825 -2.139471586 -1.205204583 2.426905988 0.160681765 -0.549179654 0.218087144 -0.031779745 0.003081042 -0.129136932 -2.519362958
-37.803356354 -24.444598364 6.528831629 -0.022250038 -0.452247039 0.602140456 0.657574652 0.811239406 -0.923316803 0.772722054 -1.231187238 0.030586531 0.433839710 -0.653270498 -0.900224523 1.488375677 0.220420168 -0.695066686 0.117919964 1.550710694 -1.037486471 -0.257923331 0.288409126 0.084624039 0.424013262 -0.003261074 -0.250661546
-35.401465672 -19.850375705 8.827162885 0.071744144 -0.622477576 0.081853980 -0.775031852 1.494226602 -0.559418167 -0.021977262 1.932352422 0.211537234 0.372504684 1.174319436 -1.416771229 0.147316170 1.827410509 0.109256966 -0.682267804 -0.473170994 0.460439243 -1.878974652 0.431748804 0.458974731 1.551067530 -1.379452953 1.313662423
-24.994675389 -17.322238467 5.901017290 -0.358873649 0.166502937 -0.029030647 -0.917956261 -0.708452472 1.502348509 1.042713632 1.157458860 -0.679527332 -0.391228303 0.712714439 -0.848330665 0.349733656 -1.002626739 -0.295857478 0.257562816 0.548441451 -0.542411062 -0.165909088 0.383657434 0.819227241 0.360573180 0.706800670 0.720129262
-34.840045011 -17.723011607 12.227841413 0.604363388 0.535161224 0.521453835 -0.276465652 -0.718472782 -0.340571361 -0.173353735 0.874479287 -0.457653319 0.838291392 0.320544022 1.211286177 -0.679936119 0.001276829 0.698562913 -0.904903138 -0.963078689 1.993065854 -1.571178637 0.268232381 -1.061162715 0.204712187 1.137888504 1.190414012
-34.701690167 -9.073749017 7.596573313 -0.151956406 -0.297407422 -0.049287815 0.941291022 -1.987033656 -0.193678555 -0.758562345 0.260543922 1.152993156 -0.275923193 -0.198528852 -0.699277868 2.301464400 -0.668800109 -2.058137506 0.723365897 1.845988413 0.086405098 1.358018513 -0.566673702 0.229658999 0.447960808 -0.704435227 0.936643661
-29.462983102 -19.302232017 7.410873262 0.915270784 0.352236542 -0.085776613 -0.175645052 0.519437081 -0.053122963 -0.423947653 2.447940969 0.724634854 -0.854590538 -1.190886023 1.237904965 -1.173196101 -1.386318930 0.801628154 0.344944734 -0.378288856 0.295255151 1.120453469 -0.459098600 0.353526533 0.166559710 0.760346347 0.291273709
-35.583909956 -19.581724838 7.376480303 0.238522894 0.917732613 0.147518579 0.281268463 -0.711205672 1.534114837 0.084363985 -0.340831345 -0.006225206 -1.234146448 -0.993145663 1.159300403 0.016579521 1.031639313 -0.152637179 -0.976327406 -0.501390741 0.464917299 -1.068388746 -0.683902759 -0.103497743 0.818562737 0.018297739 -1.384457878
-32.025315625 -17.974187138 9.900982047 -0.591220345 -0.300597099 0.692166714 -0.284613998 -0.181794529 -2.794006260 -0.075254847 -0.105273351 1.185159167 -0.122618241 -0.881352593 0.822346794 -0.109903623 -1.181013669 0.395581602 1.438089623 1.502137384 -0.003817063 -0.671577751 0.141493020 -0.229070415 0.636110407 -1.473607238 -1.423232952
-35.815103573 -23.038146496 3.531312753 -0.024949958 -0.952631195 -0.299347202 -0.047566349 -1.534789935 -0.754153471 2.075962190 0.033046237 -0.145306360 0.134530135 0.728107668 0.143415686 -0.663911488 -1.935402449 0.718372929 -2.528118581 -1.038634406 -0.016635309 -2.672222537 -0.768337364 1.943482636 -0.037299050 -0.143859476 -0.717513798
-35.732326326 -10.407196836 14.125371366 -0.522705276 -0.373517883 0.718211882 0.267273788 -1.494522607 -0.307053858 -1.460709122 0.371126801 0.070693441 -0.190094026 0.464274590 0.418462841 0.933509375 -0.768754175 0.293662146 -0.254877019 0.059630560 0.912276478 -0.454275066 1.229361158 -0.716825349 -2.965997271 0.553832951 1.762068564
-26.373042104 -17.383873247 5.306469202 0.499041446 0.631827348 0.312634249 -0.503995698 0.286271407 0.821057461 -0.841716180 -0.586307093 0.898892732 1.166967874 0.000903872 1.074700450 1.123573598 -0.579023295 0.469157832 0.661886976 -0.250498774 1.056357332 0.549382351 -0.949304855 0.464763668 1.401854595 -0.904954463 -0.099183627
-31.575634224 -23.738119479 8.749195851 0.087365071 0.587457160 -0.349579978 -0.724606975 1.153320557 -0.266817640 1.980903103 1.375129949 -0.941736836 0.288723283 -0.473039502 0.628878401 -0.266904250 -0.846412546 0.699179252 0.135303463 1.520226609 -0.631837511 -0.003164519 1.770153472 -0.052366773 0.925706473 -0.643921926 -1.638164358
-29.066200377 -22.373414835 12.120007216 -0.052452872 -0.188745973 0.193560500 0.961331362 -0.045405895 0.501900778 0.304219230 -0.115763770 -0.742385262 0.757484269 -0.559988537 -0.568213903 -1.238523197 1.416011684 0.490822232 0.275738771 1.190094225 -1.499188766 -0.171476678 0.118992136 -0.830001429 0.301729886 -0.522533888 -0.614223719
-38.350745218 -17.673555477 0.381862201 0.755518327 0.207859077 0.619577694 -0.045936289 -2.556622270 0.705031995 -0.237676634 -1.668155998 -0.407962926 1.270214722 -0.317888955 0.533250999 1.407571661 -0.770375011 0.240364571 0.123428421 0.489794700 -0.875008086 -0.897551942 -0.095572916 -0.527277913 0.966766291 -2.260345320 1.373733991
-41.113787910 -15.171360147 10.026734856 0.411738167 0.031534836 0.388856435 -0.823570221 -0.044921363 0.989602215 0.700085699 -0.522047785 1.963364953 -0.694896805 0.721886129 -0.047761505 -0.042444051 -0.475146262 -0.915166650 -1.166402421 1.078797264 -0.284328576 0.837704414 0.917119373 1.300702138 0.619501734 1.041740224 -1.283645992
-40.378806069 -20.986090766 4.708243149 -0.769127730 -0.529415225 0.347289456 0.086902750 -1.119770524 -0.318483651 -0.079643633 0.720284549 0.635725553 1.664488021 1.513929264 -1.026653548 0.594087928 -0.644185357 -0.578481129 0.862007769 -0.572968381 0.618917137 1.236738746 -0.539034203 -0.523174861 0.847515732 2.004247678 -0.646514154
-29.405879931 -13.784827867 1.210695407 0.650605359 0.025034481 -0.155946100 0.742810040 -0.155935578 -0.415779440 1.053984904 -1.210084829 -0.660940997 -1.187939826 0.747974735 -1.442175564 1.403724766 0.219572434 -0.703489018 0.012907319 -1.614926358 0.800956012 0.634594183 -2.067219679 -0.740713987 -0.365289717 -0.122285582 -1.377309114
-34.910082182 -19.040954621 11.807809038 -0.681222706 0.644170804 -0.019965054 0.347247745 -0.027013238 -0.596718124 -1.671339097 -0.097796855 0.683939532 1.810044089 0.387113800 -0.967587908 1.328918298 -1.042097652 -0.198130166 1.694272064 -0.477536446 1.834190003 -0.782398304 -0.348659394 -0.710595077 0.880231516 0.890827673 1.086572379
-32.832750150 -25.085447282 5.081805980 -0.807074862 0.159574281 0.137032974 -0.551713857 -1.331810189 0.336490007 0.615723512 0.333475729 -1.318161633 0.361980644 0.766304369 1.654942734 -1.345270610 -1.024127863 -0.200866405 0.593185248 -0.042498441 -0.420002747 -0.396106115 -1.243633092 -1.208970314 0.529964786 0.998588223 -0.092220911
-30.401618387 -9.988764025 13.808206163 -0.414384389 0.829226989 -0.196618180 -0.319389214 -1.179950702 -0.583457680 0.210556820 -0.258775144 1.010899500 -1.160180531 -2.256379146 -0.806059169 -0.972906317 0.841020404 -0.748388463 0.326941523 0.112742031 -1.251010452 0.772804226 -0.381805678 -0.524307900 -0.161101097 -0.797287507 0.372637601
-30.939747450 -18.652926095 14.529902470 0.897029780 0.298738369 0.221620160 0.238699528 1.478191853 0.363426880 0.347491016 1.037186328 0.815547811 0.634839008 0.485958674 1.452725211 -0.427181668 -0.401197852 -0.566136464 1.066308816 -0.765662378 -1.349331837 -0.380779225 1.243635469 1.176241958 -0.726944005 1.816504540 -0.609787761
-25.662351340 -11.616035511 4.568492628 0.023208078 0.289743676 0.630165425 0.720001059 -1.161410325 -0.312644558 -1.499256131 0.554303731 -0.753882699 -1.152480448 0.123126353 -0.951764238 -0.732369590 -0.895705893 0.894870698 -0.141940354 -0.146941312 1.349817806 0.464490403 -0.199379707 -1.445186298 0.245229225 -0.287560793 -1.469234209
-37.878399337 -18.989167605 13.799733002 0.314283010 0.203929747 -0.799474073 0.469553037 1.298756103 -1.099034795 -1.250765029 0.547773208 -0.725151111 -0.179076233 0.254176900 0.890446506 -1.638487857 0.561888378 0.276980673 1.250223836 0.342949320 -0.615625676 1.164805755 0.299271309 -0.512065201 -1.779437272 0.441395523 -1.464516622
-31.324240412 -19.164120604 3.479510446 0.494679573 0.838383187 0.133324443 0.186092303 0.085996716 -1.635353768 -1.212044531 -1.721627086 0.054607993 0.027616749 -1.858141276 -0.091998611 -1.028707630 0.647394060 0.056321245 -0.808069761 -1.171267696 0.427333770 0.326464955 -0.975465649 1.815699919 -1.211120096 -0.112052518 0.081873174
-28.413222553 -22.693545819 9.981127371 0.220764486 -0.792779034 -0.414563909 -0.388460051 -1.495313074 -0.774306188 0.279911812 -0.460079482 0.436393526 -1.040529662 -1.043888688 1.003519824 0.197654513 0.934847251 0.133870096 1.892833259 -0.599026041 -1.031410692 0.145350975 -0.120276578 0.206565084 2.011824791 0.319836275 2.126306497
-37.887372612 -17.652114005 0.474308415 -0.778328817 0.501979756 -0.252618867 -0.280007651 0.252252408 0.954932602 1.279806046 -0.339238146 0.010293999 0.059515098 0.009013781 0.101880202 0.208037625 0.171213375 -0.060895170 0.253315320 -0.925127106 0.268275213 0.763655238 2.576214474 -0.687650240 -0.459273282 -0.005145310 -0.270488883
-35.949155870 -23.963689683 8.779405892 -0.461990810 -0.453421293 -0.656733930 -0.386877458 1.159442963 1.163941623 -0.188506362 -0.829576866 1.821161177 -0.266867484 -0.739036149 -0.970542151 -0.126763232 -1.422766137 0.548774697 0.532780443 0.155049888 -1.488006509 0.309904499 1.355462952 -0.382146145 -1.516606532 -1.928221087 -0.093683212
-28.291725930 -17.878441247 7.679301636 -0.621289178 -0.301664354 0.491612851 -0.530391534 0.202843569 -0.849389578 1.557875023 -0.605630436 -0.821542394 -1.948328238 -0.748338276 0.238726574 1.515594965 2.224230823 0.825994352 -1.121530732 1.622091636 -0.706091680 -0.705722444 -0.221816468 -0.469563317 0.809132664 -1.774935497 -0.043836844
-33.215394561 -12.712816132 9.708865165 -0.511618998 0.750696750 0.417946908 -0.004557666 0.056839310 -0.220049959 -1.163694465 0.765698801 0.127985165 1.617599894 0.020707030 -0.009574878 -1.095431444 -2.888400768 -0.367688878 -1.999236218 0.179044562 0.000473564 -0.653063816 -0.003296364 1.035406191 -0.409439492 -0.011303717 0.583824560
-25.908165026 -14.119001656 8.315307365 0.463938711 0.103548429 0.575860516 0.665149052 1.907658478 -1.177715717 -0.450526141 -0.067481876 0.098659464 0.841333839 -0.619687045 -0.152231214 -0.317334193 -0.721601777 -0.738788873 1.602342042 1.083746920 0.419214235 0.677737235 -0.505934568 0.570813447 -2.038847712 -1.350695583 1.187693960
-36.162643202 -22.522536123 8.026804043 0.185517886 -0.745856141 0.630090974 0.110756923 0.112296809 0.008836717 -0.723060966 1.278783614 0.570797414 -0.347217783 0.568486666 0.291796829 -0.670248857 -0.634611881 1.275065996 -1.905416557 -0.126081239 -0.439100656 0.775679485 -0.183509902 -0.183653031 -1.666025013 -0.290322509 -0.882348166
-29.126555521 -16.787173048 -0.770443674 0.146244298 0.939162377 -0.299701733 0.082252696 -0.163037509 -0.226011657 0.302772726 -0.486791663 0.574021288 0.247925435 0.960566503 0.254814209 0.904077119 0.577921836 -0.214057348 0.718893597 -0.656997955 1.056431130 0.100557578 1.269446563 -1.205884044 0.133393156 2.213247676 0.102391862
-28.659013677 -9.914897393 2.831310076 0.297289782 -0.522167669 -0.537622188 0.591542132 -0.940472309 -1.132763532 0.848864968 1.107481749 -1.304404917 0.562274219 -0.779240717 0.499852145 0.242990502 -1.003153716 -1.649661342 1.447011249 0.511803797 1.497860403 -1.077950556 -0.601113036 0.446898114 -0.766318700 0.248512733 -1.211150903
-35.260488526 -24.160726102 12.719322839 0.457237145 0.874484269 0.041940175 -0.156372881 0.289894516 -1.505102703 0.590280452 1.624988127 1.698477284 -0.082567719 0.181353257 -0.737752388 1.488868152 -0.098799710 0.237875844 -0.400415306 -0.562659989 1.351636165 0.205500289 0.244746132 2.429949123 2.290870646 0.275785762 1.115233612
-30.452277128 -17.833617632 7.445134069 0.420995465 0.219036057 -0.762783054 0.439258508 -0.333261700 -0.579003728 0.355551243 -1.266578618 -0.054652510 -0.008757911 0.369011723 0.104969343 0.069568404 1.157741957 -0.913204163 1.428518835 -1.806158029 -1.443466833 -0.022739969 -0.403679220 -0.526364601 0.384249747 1.686728842 -0.566434239
-29.695846331 -23.459046928 2.511933863 -0.400333912 -0.296413126 -0.193622980 -0.845211311 1.559212264 0.557076965 -1.281383141 -1.340367810 0.070116268 1.732002333 0.288651354 -0.067716431 -1.126096149 -0.075536778 1.131155610 1.341585119 1.264431038 0.038731142 1.046474223 0.030965345 0.621593979 -1.161389996 -0.091794578 0.107853434
-31.091996178 -24.595279891 4.343631523 -0.270453719 -0.637608720 0.414004228 -0.590686384 -1.386813732 0.021238009 -0.951197253 1.449014473 -2.793852146 0.974110798 -1.013535934 -1.203989000 0.215663400 0.721252968 -0.373600205 1.405263798 -0.035499656 0.300409020 0.944789889 -0.893602385 1.339747950 -0.400724772 -0.039852156 0.661647968
-32.780716923 -18.680642136 10.541889060 -0.580946781 0.251805344 -0.747905278 0.199330382 0.654577431 -1.102879703 -0.702625203 0.865934709 -0.696405515 0.443588097 -0.201256463 1.044056642 0.089766761 -0.768129843 -0.712571715 1.350124921 0.197492299 -0.964955500 -0.460806228 1.400907099 -0.362409059 0.113410988 0.767709348 -0.826696463
-36.637160654 -19.593439294 4.174885476 0.108258204 0.439337705 0.705071114 0.546019475 0.670208652 -0.305394905 0.441668208 -1.666690884 -2.274065780 0.455213578 0.410391258 -0.434582478 0.981758565 -0.280518052 0.212583495 0.773179614 0.491913624 0.306601276 -0.189709917 1.429729408 -1.903378822 0.475240850 -0.726366675 0.507909696
-34.594636809 -15.073231061 12.374265683 -0.733572957 0.405151079 0.062416243 -0.542058605 0.919702278 -0.303966795 -0.064445176 -0.373912542 0.537817933 0.570647080 -0.763467081 0.042041196 -0.354198082 0.237514308 -0.699794819 0.862909909 -0.436424827 -0.004260526 0.204503703 1.569264071 -2.020468589 -0.209389222 -0.802071681 -0.815674259
-31.180205096 -8.900292629 13.523662483 -0.454144618 -0.239776091 0.823218380 0.242015683 1.064404715 1.720740694 2.366483891 -1.557778018 0.914600199 0.718107729 1.621770151 2.001162920 -0.487135649 -0.833851652 -0.906722999 -1.984764905 0.121201188 -1.042548310 -1.411155344 -2.146595808 -2.311393484 -0.215397102 -1.258620172 -0.665007550
-36.335034884 -14.831676727 16.136089260 -0.650747582 0.101248746 0.363942643 -0.658651675 0.477628525 0.677480905 0.516236959 -0.318443096 -1.955485605 -0.939102197 0.610786561 0.086124108 0.742964812 1.114496111 -0.154584008 -0.426073841 0.447792324 1.011414295 -0.761629273 -1.581654942 -1.425593898 -0.575892338 -1.701444436 0.405168394
-27.703649046 -20.016565651 13.183655117 -0.738889934 -0.673113494 -0.024660695 -0.018754749 -0.748514097 -1.805071147 0.251314320 0.978501168 -1.244942559 -0.752520315 0.131712695 -0.667612541 0.818680293 -0.598566414 0.432336474 0.210085285 -1.032484065 0.271240852 0.996904814 -0.803726381 0.857049394 -1.761615075 -0.616440853 -1.432845385
-36.322201099 -20.639239584 7.857997417 -0.304696119 0.627363888 0.071944231 0.713020935 1.059510690 -0.757163440 1.035277139 -0.312019014 0.129960735 -2.052690433 0.177358699 -0.429797858 1.386054050 -1.407933185 0.991300905 -1.656040719 -0.875343176 -2.032767176 -0.252879309 -1.521694055 -1.825565551 0.872764925 0.227644652 -1.784484432
-35.158666190 -22.627878202 14.185318693 0.340840236 -0.140997617 -0.544709606 -0.753152741 1.122029179 1.281275355 -0.328340638 0.201785370 -1.511596246 0.374183540 -0.284446327 -0.812282869 1.073609561 0.493493414 -0.006224225 -1.306120379 0.124198052 0.814329493 -0.960983752 1.064120411 0.935229530 -0.699219177 -1.249383553 0.366118265
-28.290875627 -9.776144676 10.433168998 0.366839812 0.502107311 -0.775356471 0.110177785 -1.677987228 -1.077904056 -0.319120738 -0.212774751 -1.163118070 -0.626623485 -2.646878578 1.312046215 -0.824200585 0.457397163 -1.477727193 -0.085311436 -0.104431780 0.517667610 -0.598219497 -0.751352445 -0.243459190 -0.458502130 -0.776980033 0.564888069
-28.689115392 -10.726432645 6.213818742 -0.944352553 -0.260073785 0.156989004 -0.126152033 -0.319241950 -0.210414918 0.964175667 1.683229844 0.275185948 1.692894839 0.486976701 1.288944274 -0.653282821 1.390405609 -0.569756422 -0.131751805 -1.957873704 -0.903166646 -0.414354458 -0.150663733 -0.745991072 -0.190146838 -1.015109497 -0.724418729
-36.099999832 -18.954744070 5.579182982 -0.157787307 -0.913694887 0.310286763 0.209730648 1.191776869 0.898798073 -0.071024892 1.225090262 1.636257846 0.940415242 0.947917272 -0.235725619 0.158348400 0.587450556 0.263021590 0.571496468 -1.226391851 -0.513313134 -0.386832555 -1.542726267 -1.755770525 1.116617868 0.919325309 -0.059665328
-28.600340835 -14.358317467 2.052213954 -0.303682633 0.207947851 0.406022330 0.836469018 0.165139732 -0.995386001 1.136323278 -0.279901184 0.655597801 -0.619047483 -0.087171866 0.556337495 -0.834673455 -1.014968762 0.495694793 -0.847055160 -2.600552601 -0.111038522 0.067558810 -0.983754565 -0.310740040 -0.029424132 0.767719626 -0.702734687
-40.028265307 -19.514112701 8.253899578 -0.345378784 -0.188586514 0.787212160 0.474811160 0.593897739 -0.228074783 0.155584454 -0.609251072 -0.875325394 -0.471490407 1.632958886 0.766133666 0.533409536 -0.571533588 -0.303546721 -0.261683011 0.836993679 0.051614108 -0.194831995 0.400116439 -2.216477944 0.669725560 0.284045296 -0.650242602
-30.782386823 -22.661146119 11.159269714 0.709223312 0.178874174 0.513639109 -0.448532262 -0.311983930 -0.245982158 1.216465617 -1.005164328 0.697113505 -0.489806041 1.170449386 0.288424432 1.250785831 0.445674062 1.123408924 -0.096930766 1.926493473 -1.195006698 -0.155813364 -0.020336586 -0.209048554 0.027423351 -0.137047733 0.768133367
-30.281507948 -18.543442587 10.903803360 -0.276913034 0.549774969 -0.633471789 -0.468807153 1.673967458 -1.050248675 -0.137416319 -1.469992532 0.551928493 0.739712213 -0.420099510 -0.197320082 1.924565391 0.026027519 0.163672977 -0.176475546 0.155951611 -0.526187007 0.709276246 1.126695292 -0.433323993 0.060218404 -1.380987365 -1.168064660
-26.693927969 -16.510650155 5.689766027 -0.761563967 0.567043297 -0.305425949 0.072091695 2.115176066 1.233338141 -0.371989880 0.817172818 -0.082108084 -1.419763941 -1.593225828 2.069500885 0.713959123 0.145812576 -0.618417951 -0.060585196 -0.750660206 -0.111858857 -0.397175697 0.383974340 -0.364810246 0.473285488 0.196517929 -1.709801441
-29.010674494 -23.399539668 4.774392890 0.302713922 -0.492900820 -0.746718456 0.328366580 -0.416518607 -0.551146168 -0.732794116 0.881683178 -1.641614676 -0.645665762 -0.588698851 -0.907835238 -1.188208260 -2.362819095 1.031923541 -1.217151748 -0.036251224 1.994474877 -1.518856149 0.193254060 0.214890337 -0.405940482 0.460116980 -1.326647870
-34.594855035 -10.180695130 4.413913253 -0.794151179 0.322617606 0.509177093 0.077333524 -0.024019429 -0.693310512 0.053213531 -1.354815058 -1.895608926 -0.561259379 -1.604985592 0.554677455 0.680283402 -0.235640524 2.437394347 -1.449614161 -1.624204220 1.086325725 -1.280764210 0.057190595 0.008801915 0.386921910 -0.539200608 0.719613390
-29.011743974 -7.576621090 7.154512007 -0.361557010 -0.701316915 -0.614308791 -0.007471514 -1.220672490 -0.012383591 0.790665152 -0.785666680 -0.174748642 0.457478116 0.234298264 1.226230270 0.940421369 -0.992463555 -0.257372190 1.193068299 -0.231004879 -1.532050211 -0.348659813 0.406481889 0.875120612 0.487607380 -0.720963570 0.495992866
-31.022686062 -11.790475035 8.855010872 -0.841392624 -0.393366293 -0.036034788 -0.368812833 2.229118662 -1.524105449 1.141042179 1.053834585 0.402968527 -0.153992497 0.421173157 0.911223507 0.369571992 1.285869541 0.450535411 0.098799619 -1.148269497 -0.340854667 0.017422300 1.449195025 0.298016167 0.270714976 0.682334317 0.517498818
-34.518025212 -15.950658847 14.146744008 -0.345412867 -0.231435762 -0.413028747 0.810268285 1.522157079 -0.984813388 -0.999127252 0.307653121 -0.921810229 0.207014936 0.052741158 0.749245943 -0.210949657 -0.009227907 -0.244503538 -1.051087729 -2.118319902 0.913074752 -1.982292292 -0.746171754 0.519838882 1.090087139 -0.802062135 1.053548687
-27.785257280 -12.778678857 5.498518001 -0.254683930 -0.294198975 -0.270876603 -0.880459497 -0.112199406 -1.100260895 -1.051919525 0.066793456 0.819356239 0.234737874 0.634967667 1.142960577 -2.190581699 -0.683783402 0.663176872 -1.289237046 0.634925375 1.419087682 -0.552826422 0.781391572 0.781395037 0.363828027 -0.063925848 -0.294462314
-42.035777659 -17.083330667 10.270590659 -0.173372538 -0.357794358 -0.446448672 0.801628807 1.863407653 0.855108988 -0.368650927 0.393397978 -1.502972105 -1.546063860 0.527281094 -1.977540752 -0.562380039 0.567423940 1.176622007 -1.635218193 0.741133295 0.822785984 -1.014128019 1.257845404 -0.989087553 1.059454807 0.522060379 0.587096595
-41.439505340 -14.998724271 13.106673680 0.313020310 0.790942142 -0.243161049 0.466156108 -0.363241130 -0.923909529 0.616998315 0.566928206 0.756439508 0.277112897 0.471070573 0.958426261 0.011634262 -1.692459979 1.500547901 1.805289764 -0.415100112 0.338041751 1.315168171 2.175471872 -0.595200079 0.339631216 0.037638943 0.691384327
-35.748937691 -21.415139457 6.406062905 0.520576100 0.325660185 0.385699132 0.688608850 0.563677318 -1.388875205 0.790184773 -2.197107889 0.404240683 -1.154726197 0.756016061 -1.660448648 -0.423511374 0.050940935 -0.185804880 -0.213457907 -0.519182633 0.739247163 -0.338919566 0.814623013 0.777710069 0.019145550 0.488931063 0.162113338
-35.520119029 -17.844417777 0.133477521 -0.898057087 -0.105309950 0.166910922 -0.393120881 0.253368282 -0.368569044 -0.985245033 -0.689856709 0.396017508 -1.265013719 -0.491735582 0.950660244 0.214139021 -0.230720412 0.428845055 0.125733916 -0.299090573 -1.081428683 0.146309282 -0.141076882 -0.726625710 1.838312624 0.610177407 -1.236947427
-28.162099522 -11.840461576 11.887518857 -0.431851578 -0.710280403 0.368253621 -0.416407533 -0.227990345 0.686117765 0.516406034 -0.660615891 -0.059602198 0.173882578 0.361623268 1.282107414 0.110894465 -0.377679403 0.659581429 -0.387650296 -0.436686451 0.687805216 -1.070072681 0.134996657 -0.197922451 -0.667742780 0.744797476 0.509819024
-31.282958676 -12.646863349 -0.304513390 0.626386374 0.652314155 -0.362383508 -0.225398642 -1.058372315 0.144501740 -1.726319343 -0.495561704 -0.122037975 -0.374989534 -0.802419770 -1.646132047 0.169224729 -0.859607222 0.653118730 -0.670973485 -0.379869856 0.262218796 1.656509059 0.884330221 0.523975430 0.280565895 -1.699096269 -1.020138616
-37.451363872 -8.074454358 9.360901311 -0.423876174 -0.870261286 -0.156747977 -0.195970289 0.428580989 -0.099919658 -0.482968597 -0.422851887 -0.235449965 -0.503477764 -1.566951023 1.354526859 -0.407611966 -0.182634415 -0.490683625 -0.904875728 -0.212617800 -0.360518218 -1.093249384 0.099620425 0.123002305 0.118821191 1.205415067 2.122126600
-35.540482957 -18.321866883 11.837486786 -0.757501760 0.270977499 -0.491847303 0.332939197 1.381064491 1.538116881 -0.443232138 -0.807986841 0.101127549 1.146424120 1.942042390 -0.992006345 0.025341328 1.281422086 -0.756457628 -1.595332758 -2.659771517 0.214813978 1.879705562 0.668286164 -0.019395343 -0.336656541 -2.638249517 -0.624806238
-37.069087185 -11.735941810 -0.052947871 -0.435548355 -0.450081205 0.312739812 -0.714085674 0.546298922 -0.918774951 -0.068994307 -0.030814182 -2.389247758 -2.022677391 -3.276885564 -1.475410041 -1.279601960 0.008697224 -2.164315209 -0.384026145 0.585057562 -2.208584614 1.168082684 0.026950269 0.553665272 1.697026626 0.168952836 1.010858621
-32.245501370 -11.291760431 8.767076764 0.537450080 -0.163826622 0.794044406 0.231952002 1.906137427 0.200326948 -0.967761306 -0.949721191 0.983409432 -0.156530406 -0.065982965 0.737923779 0.609573686 -0.347822377 0.696893177 1.126733012 -0.291462386 0.550859175 0.254854342 0.893904448 -0.151892423 -0.345815144 -0.695998420 0.351704100
-37.831261064 -12.040455172 5.288165603 0.641079851 -0.034402402 0.744170082 -0.184510130 0.238917942 0.633498002 -0.485135672 0.576647905 -0.142718726 0.324806240 1.134750677 0.358849427 -0.676466278 0.855426391 -1.283576755 0.802191154 0.989789275 -0.297976922 0.368679404 0.217803464 -0.944967292 1.245652499 0.030167019 0.323238863
-28.967650823 -18.629243313 -0.745047137 0.200155880 -0.934167874 0.110730375 0.273873677 -0.434855235 0.298068928 0.374589005 0.228983311 -0.255458567 -0.066694522 -0.143536776 -1.779162134 0.715273522 -0.380672904 -0.237983133 0.070101318 -0.637535300 1.462764699 0.394921418 -0.999717303 1.273706639 -0.679254234 -0.761046288 -0.316264641
-36.200071395 -9.689235988 6.249194050 -0.161522392 0.419642145 -0.642735924 0.620243113 0.104314551 0.688569940 -2.045587226 0.448716915 1.060014418 0.072692749 -0.129083168 0.923260037 -0.334555155 -0.912938565 -0.281649402 1.067693692 -0.366125916 0.100549719 0.110513466 -0.955137877 0.286222494 0.621296641 -0.697470030 1.443036677
-25.649576271 -19.633737984 9.460692613 0.009247630 0.761209176 -0.350401273 0.545613434 -1.390945169 -1.402266808 -0.216863381 -1.415499520 -0.978372265 1.437038169 -1.910173410 1.281103685 -1.369212520 0.468470460 -0.151628234 -0.050507086 -1.185113439 -1.112760505 -0.304723461 0.489369974 -1.718105235 -0.738409692 0.360969249 -1.874230893
-29.520729104 -10.901436492 3.279156820 0.316596080 -0.898061984 0.015660047 -0.304969436 -0.179797533 0.648326278 1.539683810 -0.536946824 0.035123747 0.931092060 1.357998133 0.007102746 0.170198900 0.651937605 0.149813284 0.570551789 0.438858538 -0.684449529 -0.248079140 -0.762724434 -0.629539272 0.623862319 1.276764416 1.327102741
-30.201469999 -19.670900401 2.208525391 -0.687182916 -0.498035397 0.294521113 -0.439315032 -1.595361391 0.439330939 -1.222777949 -1.319710565 0.645488398 -0.150978426 0.624334237 0.679031653 0.206907063 -0.303411757 0.301593674 0.515949277 0.449828644 -0.135606654 -0.415720136 -0.980329038 -0.225010972 0.128792582 0.398507116 -1.295426012
-35.948349859 -12.570397916 7.696249349 -0.141940825 -0.920002990 -0.091863326 0.353565313 1.541436867 0.794806994 -0.924016447 0.928850343 0.827017433 -1.611689302 1.352575261 0.687780962 0.526056176 0.265264098 0.571411091 1.562791655 1.477553602 -0.979279106 -0.664395058 -0.658930071 -0.049309019 0.355354804 -0.224852137 -0.629160318
-32.909303493 -24.759286936 11.800943422 -0.578548289 -0.564691902 0.287518549 -0.513554298 1.290132756 0.634386459 0.186128001 0.003311465 1.406773496 0.439879147 -0.532003813 0.909501954 0.940191716 0.344235190 1.452636681 -1.768764135 1.140578848 -0.869619925 -0.135925306 1.053595244 0.363793622 -0.802978209 -1.271302594 1.400179704
-36.152445469 -17.255278898 -1.814622317 -0.439972818 -0.303536843 -0.499542767 0.681723059 1.162130788 -0.447728422 -0.017209374 3.030190152 -0.422278450 -0.431719276 1.938649350 -0.077847824 -1.928354519 0.273684398 -0.442847831 -2.325057452 0.501635009 -2.057368753 -0.438742377 -0.813770777 -0.351017207 0.560523706 0.541052382 1.434889401
