18.764441705 -3.730835236 40.880604049 -0.114130422 -0.563420919 0.712070939 -0.403095636 -1.735445778 -0.422162100 -0.303471814 -1.269167490 -0.359822503 1.497103787 0.787884658 0.146357774 -1.084116217 -0.594339266 -0.781659787 -0.029756287 -1.045169755 -1.538936113 0.243551571 -0.337989792 0.337551278 1.263136920 0.028729478 0.973985796
23.450379354 -1.884301347 28.960121648 -0.048870342 0.873664801 0.429972114 -0.222363413 -0.970023565 -0.630708855 -1.108456652 -0.327111999 -0.697928904 -1.678007384 -1.361548861 0.965880167 -0.075100913 0.401007701 -0.272208607 0.859003586 -1.091598437 0.394839676 0.356735941 -1.453489835 -1.269983487 1.101989304 0.601607712 2.012964061
10.770879135 -7.231258172 27.991538391 0.355160158 0.881801141 0.310225144 -0.006954861 -1.409987763 -0.378352103 0.878524039 -0.033650783 -2.789623441 0.871845669 0.459628090 0.152003963 -0.197035121 0.779331945 0.335100841 -1.017206002 0.910197038 1.101832378 -0.669370135 0.716623449 -0.694138396 1.298182700 -0.133124993 0.364824048
24.496921460 -6.225466654 29.912732702 0.025402341 -0.760713815 -0.345884405 0.548664916 -1.493294426 1.178840474 -0.234383770 0.454392636 -0.142919882 -0.325679489 -0.405139082 0.089737276 0.171728698 0.906626696 -0.516887571 1.127958795 1.033409760 -1.432429102 0.217367091 0.525199821 1.540062728 -0.438871934 -0.807696668 0.334015749
24.085188757 -4.424993025 36.487849208 0.320319990 -0.224031312 0.316915702 0.864158269 1.097036190 0.216281992 2.484506099 0.084414974 -1.212985218 -1.626570531 0.030342687 -1.990409239 0.887631071 0.038565941 0.657892686 0.992833118 0.297677073 0.897060573 -0.598101301 0.523364837 1.300602540 -0.380823484 -0.829432348 1.326396206
26.556922080 -3.162376412 28.405872859 0.678541903 0.686191913 -0.043399161 -0.258530574 1.943926548 -0.447349951 -0.737321330 0.149131597 0.720476587 0.958844465 -0.225815489 1.125240511 -0.732374259 -0.884415547 1.141420432 -0.949963112 0.593861892 -0.997520660 0.814379367 -0.673932157 0.343501920 -0.522611395 0.100823048 -0.865416843
25.472830339 -6.354659958 31.778776157 0.746654644 0.002903936 -0.649015283 0.145868337 -0.249961535 1.093571442 0.176328706 -1.211572099 -1.238248099 0.990271251 -1.840021047 -1.326966512 -0.919992450 -0.279730654 -0.798028082 0.762484144 0.269949331 1.142900570 -0.176732571 0.658630193 -0.572424918 2.121655564 -0.990882446 -0.630352994
10.145597145 -7.286454930 35.467212776 -0.277222728 -0.885392281 -0.363815467 -0.082863584 -1.173132592 -0.806555904 0.996327905 -0.242548507 0.402941978 0.072843646 -0.629549310 -0.134839260 -0.134627419 1.871154456 2.686439810 0.312172216 0.683294536 -0.582313308 1.078073608 0.225478203 -1.113619751 -0.110764052 0.721217687 1.688196669
15.625923516 0.928004145 31.333673592 -0.655308441 0.636616685 0.405769004 0.025329021 1.794972896 -0.016397308 0.490613291 0.515777976 -0.688312353 -0.408376409 0.978591459 -0.852095522 -0.081723871 -0.386976817 -0.000882818 1.502004088 0.137602402 -0.480371555 1.170041939 -0.659434476 -1.187036916 1.548737741 1.896377258 -1.417489829
13.388799672 0.289408845 31.485189962 -0.066484900 0.907851858 -0.411855333 -0.041951726 -0.113320126 -0.944299283 2.767189100 -0.725893006 0.081175184 0.700827118 -1.905441970 0.999375884 0.466164155 -0.345425783 -0.677270309 2.720940693 1.676670136 -0.761041706 -0.979342329 -0.108890890 0.771409397 0.007232600 0.823465384 -0.306988127
15.604990116 -5.975258594 30.317355255 0.267063114 -0.649362062 0.552127235 0.449623978 0.677171882 -0.758984144 -1.536187536 -2.014267525 1.363252962 0.899600567 -0.091984168 -1.528225309 0.213588217 0.943384916 0.348863691 -1.493703649 -0.163210937 -1.309360010 -0.503157690 0.300334369 0.102471604 0.062863899 -1.112791760 -2.056634477
22.249724081 -8.547493386 29.099590751 0.223324491 0.311075911 0.492149223 0.781758973 -0.283153505 0.274096632 0.926516047 -0.262848226 -0.629061692 0.658408522 0.602133892 0.228247672 0.031920621 -1.058048710 1.285666963 -0.372340911 -0.451168645 0.872509922 0.336192902 -1.031726943 -0.909062487 -0.339151932 -0.153003654 -0.319638410
20.143301204 -8.286108485 26.027184322 -0.152131891 -0.365757106 -0.336163863 -0.854442207 -0.010472059 1.226875193 0.443645486 0.135829987 -2.027342976 -0.707262354 0.472020574 0.527089089 1.142018832 0.066866702 -0.079108908 -0.597700247 0.285049260 0.994238044 3.125766258 0.713894857 2.428776487 -1.512752030 -0.706588040 -0.393266312
11.791438155 -10.711104754 34.788598103 0.463828405 -0.504460147 -0.716354890 0.131220589 0.630073975 1.446207996 -0.499291474 1.379233049 0.671079092 0.104475783 -0.762286666 -0.945998762 2.062180368 0.634371403 -0.815120098 0.910339378 -0.692872414 0.554820606 -0.858307851 -0.751224981 0.770671650 0.470444205 0.114695870 -1.539956266
23.812295317 -3.087055041 29.692342761 -0.300994414 0.726020979 -0.613833463 -0.074191514 0.430526932 0.719782450 1.108498690 -0.310249722 -0.426357342 -1.332796475 2.203692676 -1.477569395 0.100819950 0.466425273 0.234685222 0.612557306 1.520849282 -0.656883251 0.524937052 -0.348725723 0.701374094 0.011553509 -1.316903568 -0.520128448
25.430761322 0.970169149 33.825809491 0.516699311 -0.419303329 -0.728071481 -0.164676831 -0.050683375 0.351069722 0.677472027 0.324018984 -0.307126332 0.749702532 1.177034975 -0.775978427 -1.090405403 1.322860971 -0.324864493 0.075024558 1.827747244 -1.258438858 0.806054475 -0.848486450 0.356631674 -0.605498259 0.822545328 0.031758395
24.301075207 -5.545615166 28.598251751 -0.398346776 -0.470328875 -0.774675584 0.141380108 1.065490754 1.369834890 -0.710848294 0.223009604 -0.207720034 -1.253803072 0.525293801 1.305342686 -0.189551828 -3.342469374 0.501867135 -0.639156079 -0.207887998 0.672894730 2.511927802 -0.371197073 0.033933461 0.661923716 -0.786479225 0.024689940
21.126341421 -3.812580608 39.026701951 0.386816707 0.139343267 0.245733619 -0.877821894 -1.055961780 -0.259685752 0.172469169 -1.282088337 -0.007802864 1.720714253 0.455875000 0.644085380 0.700775760 1.117480231 -0.911454832 -2.550738467 3.496968098 -0.713153542 -0.208560956 -0.981395569 -1.782302422 1.504952017 -0.792954503 0.274202930
24.105103395 -0.258946437 31.212109288 -0.620170739 0.593148920 0.446498717 -0.253380166 -1.588155762 0.688698330 -0.806874375 -1.177923467 0.189633184 0.382893351 0.006012938 0.376642411 -0.458298661 1.438466040 0.406323667 1.607575872 -0.701177964 -0.264725023 1.112530160 1.746191645 0.424300085 -1.141689845 -0.089201714 -0.295620749
16.566116109 -12.661328855 29.784033941 -0.330951961 -0.720615313 0.232653842 -0.563077757 -2.432608022 0.317893404 -1.204102460 -2.134710713 0.583052076 0.920805557 1.571140695 -0.264264757 -1.548070331 -0.609069483 -0.018235617 1.124646008 -0.043565854 1.143885956 -1.557829059 -0.134729735 0.830302142 0.122232110 0.761435548 -0.199194136
19.044754939 -8.095183572 22.323590592 -0.475655532 -0.261500969 -0.761499448 -0.354242359 -0.105685538 0.314559218 0.118628130 0.398375594 -0.846974582 -0.413387093 -1.274426885 -0.322786537 -0.736520355 2.963973008 0.159499730 -0.197353798 -0.787358556 1.002687006 -1.084017650 0.190497320 0.625821468 -0.517200788 0.010791110 -0.094159258
15.975518271 3.829627467 29.757961256 0.250291809 0.037677561 0.750654744 -0.610288347 1.147101657 0.418212471 0.632499824 -1.255114860 0.018738643 -0.576279496 1.944606583 -1.488382955 2.068654816 1.022879994 0.354213146 0.525784241 0.124504481 -1.023893254 -0.710075663 -2.423985790 -2.136418616 -0.204684813 -0.243411395 -0.124025819
18.207489648 1.992982053 35.956470591 -0.782729929 -0.224398389 0.364391535 0.451882762 -1.084420179 2.460382153 -0.506070510 -1.206889383 0.091041342 -0.336878721 -0.922524028 -2.491665702 0.333974346 -0.808297808 0.444590850 -2.133439617 0.080541252 0.637563873 -0.637919982 -0.265679492 -0.114581760 -2.567195647 2.946469902 0.284479461
18.589661653 -11.850984791 35.569981900 -0.126184469 0.988322863 -0.071889480 -0.046122665 -0.194148431 -0.088999973 -0.426035027 1.603367951 -0.625183836 1.749329560 -0.384298270 1.915407480 0.076833888 1.339480413 0.848734460 0.483878618 0.070655796 0.229510105 0.082188001 -0.353687263 -0.719288778 -0.157109107 1.533933692 -0.598653437
15.142688844 -5.822473782 33.878746393 0.416552779 0.149687481 0.651851434 -0.615765498 -0.811074232 0.113978434 1.197313236 -0.358257119 0.262557997 -0.678475692 -1.782053610 1.374957679 1.253341447 -0.726844378 -0.145003988 -3.150282042 -0.133429882 1.035482603 -1.221497502 1.711453145 0.297333729 -0.263871673 1.548276847 -0.411592074
11.856257796 -3.671699919 33.346064592 0.127495120 -0.937593152 -0.236621046 -0.220623110 -0.456392405 1.268018685 0.039604835 -0.209304655 0.875133470 -0.041251912 -0.278386807 -1.715976067 1.732278737 0.279169378 -0.766027124 -0.123304791 -1.325228561 0.174235891 -0.315329162 -1.577931815 1.664891733 -0.768758514 -0.547428331 -0.006572523
21.208139858 -6.214356243 39.697819534 -0.727845834 0.317714117 -0.041220310 0.606299487 1.728681483 0.246135348 -0.108240641 1.884136036 -0.410479874 -0.684043081 0.549137983 -0.634227325 0.007715472 0.017119019 0.010027652 -1.498107952 1.083179665 -0.921266160 -1.314987666 -0.951870634 -1.024405154 -0.698417160 -0.730767875 -1.134312789
22.289729386 1.893603357 28.554286906 0.405911994 0.135570831 -0.759666764 -0.489655399 0.989099262 -0.164768611 -0.273318548 -0.254781783 -1.060655402 -0.035638169 0.675378142 -0.201033195 -1.157353744 0.610424254 -1.526459284 0.161115005 -0.471879796 -0.474078790 -0.360163598 -0.029213456 -1.133144923 0.059174995 0.367953349 -0.596864280
20.276088358 -3.089736433 25.433287175 -0.643842509 0.413989722 -0.220610085 0.604491956 0.785887134 0.876699187 2.353963176 0.233029523 1.033979345 -0.115202718 0.489005803 -0.166752398 2.684389933 0.421677114 0.429973772 0.754977417 -0.065885890 1.966543891 0.026858401 0.841193044 0.399676385 0.147978988 -0.501753449 1.277873995
12.841973593 -2.370935273 29.799274414 -0.137188626 0.457136115 0.038708959 -0.877899464 -0.841843538 -1.618520095 1.420169984 -0.543133685 -1.883484173 1.851148019 1.266145539 -2.271292474 1.307283245 0.897576101 0.185210775 0.973723984 0.827924819 -0.086575734 0.144402092 -0.298586186 0.147649713 -0.843149457 0.001294022 -0.606168354
25.192055980 -6.210629024 25.968008626 0.535020644 -0.422977344 -0.544079665 -0.488692537 -1.115318962 -3.266947019 -1.096158616 0.986443240 1.719049922 0.742161399 1.465511701 0.981601855 -0.355630384 0.940695195 -0.565931918 -0.492100254 1.313265417 1.469292186 -0.337849001 -1.701928610 -0.111714499 -1.045424517 -2.092535804 -0.641921638
26.730305186 -2.407402807 32.279738556 0.645816214 -0.393806704 -0.050549405 -0.652136838 1.954406386 1.327412861 -0.414322143 -0.913977595 1.316736660 0.421301324 -0.356558307 1.234575387 0.373660372 -0.354162380 0.075408250 -0.231974969 -0.684113081 0.184556677 -0.182752980 0.388792144 0.119975248 0.748012078 -0.873013610 1.688856635
21.464309945 -11.377938346 37.031887350 0.613255406 -0.041477343 -0.207841846 -0.760919973 -1.579661940 -0.858102562 2.508078117 1.189537356 -1.170876237 -1.438679193 1.353248286 -1.407860706 0.198170615 -0.875977408 1.315135649 -0.020134924 0.627637102 0.478771020 2.178553357 1.323652405 0.267418876 1.044117877 0.010907319 0.789187573
24.099703217 -7.875612051 34.940880998 -0.318431302 -0.585913872 -0.601989207 -0.439221395 0.061791526 0.994359731 0.164556705 -0.181623438 1.030652981 -0.563590505 -0.279140715 -0.981515215 -1.400493639 0.445698037 0.216126665 -1.681639541 0.374538705 -1.093563168 0.144471534 -0.313722255 1.176161527 -0.838482305 -0.481748208 -1.721078767
13.510511000 -8.155411685 23.702585095 0.522145283 0.164617796 0.767503430 0.333472292 -0.833096091 1.404412141 -0.110967642 -0.517434972 -1.316536624 0.208865002 -0.172941300 1.170123543 0.301159675 -0.119278831 -0.263593858 0.244266072 -1.288363183 -1.477070046 1.468340980 -1.454017245 0.258359609 -1.226032389 1.315177981 0.158513019
22.392123265 1.368024288 24.866432284 0.446709359 -0.135044224 -0.120259056 0.876214338 -1.298054247 -0.174663310 -0.970280551 -1.349484610 -0.160369484 0.293317633 0.028723069 -0.886130830 -0.065318545 1.085123235 -1.055012040 0.380779244 -2.100300499 -0.389720232 0.937056434 -0.834872041 1.922634413 1.347933474 -0.229083826 -0.029483153
18.870229415 -9.869078878 39.390855325 0.077902363 0.692258230 0.619812423 0.361306415 1.516706153 -0.550746880 1.147025778 -1.331198383 0.947865044 -0.146434815 -0.651914211 -0.093926540 0.209397091 -1.201092086 -0.316386568 -0.407709693 -0.250377000 0.615802952 1.186012619 -0.099565341 -1.365826434 -0.778411027 0.230308695 -2.005203518
16.290205118 -1.372350847 33.897034127 0.816887457 -0.370775407 -0.423557395 -0.125776042 0.559927094 -0.122352054 -0.695475982 -0.360261330 0.188673612 -0.904663319 0.093953631 -0.124539862 -1.403983837 0.146949603 -0.031882413 0.048190091 0.309157970 1.974749506 -0.975422816 -0.462288533 -0.715911802 -0.724410930 0.828382980 -0.099676957
27.173851198 -3.737354094 35.547538754 0.473033519 -0.360538354 -0.063680518 0.801371435 -1.105578076 -0.517278163 0.481542614 -1.293999207 -0.196217767 -1.898348853 -0.450746796 -1.528858348 1.536716568 0.924299471 -0.311213833 0.205088374 -0.612975164 0.419294463 -0.149296017 0.065356002 -1.950527251 -0.324394715 -0.715646462 -0.861537251
17.157802703 -8.576053790 23.521549102 0.096120602 0.032840135 0.908080993 0.406289633 0.294336462 -1.127018005 0.962612525 -2.141119001 -0.466960584 0.500768316 0.576484284 0.399199734 1.107631450 0.601749128 1.069926529 -1.810925440 -1.151084066 -0.566834747 1.664530305 -0.053593315 0.626365355 0.843430826 -0.573781137 -0.850881475
14.639778804 -10.165960977 36.799207641 0.458244544 -0.301150723 0.819281392 0.167625122 0.223852631 -1.101770609 -1.090504038 2.123420327 -0.067183572 -0.868849665 0.475252148 0.549735310 -0.149380842 0.208586333 -1.004120194 0.115975289 0.385374305 0.711232039 -2.523051704 1.140511953 0.681307698 -1.196265375 -0.825172923 0.028404772
26.283413797 -5.818028665 26.629561894 0.500232695 -0.392514243 0.702615979 0.319422301 -0.835125132 -1.756944115 0.188314360 1.032868150 -0.752043914 0.490169215 0.068142503 0.006625900 1.385391819 0.896604958 -0.393899255 0.318794383 -0.130131537 0.328733839 -0.592823511 -1.856713159 -0.202201074 1.934519226 -0.538093091 2.435186298
24.487895191 -9.479479725 34.897492654 0.571223893 -0.033639190 0.251092663 -0.780720272 0.408822783 0.370724576 0.389869021 -0.410116232 1.009660079 -0.645653477 0.281315165 -1.618976731 2.077147222 0.395331424 1.521717296 0.741129661 0.205899366 0.027496081 -1.062925053 -1.778952977 0.276000738 0.933835966 0.639572525 -1.881694649
13.139425174 1.782737319 31.729406362 -0.490696345 -0.065823545 0.800669920 0.337360396 -1.042252031 1.093392085 0.031357592 0.279336377 -0.949785371 0.371046385 -1.522595075 -0.253522538 0.705656282 -2.256046172 -1.569491525 1.088317784 -1.906202735 -0.877950278 0.748056925 0.799128526 -0.574401124 0.540082176 -0.459439601 0.000439394
20.117151935 -7.543073634 23.862814555 0.292792467 0.315415815 -0.803658067 -0.410997745 -0.381579135 -1.405172945 0.121495020 -0.572835397 0.184396578 -1.075503792 1.983871815 1.523918241 0.245147660 -0.890202841 -1.473454859 0.035531060 0.755290320 -0.646052386 1.392720857 0.352018552 -1.869516471 -0.218024619 1.917179966 -2.152778010
16.179024454 -9.875252602 36.017801308 0.559040888 0.665332905 -0.407152785 0.281126344 0.436565050 2.424969360 -0.319768150 -0.004481608 0.275583277 -0.162079256 0.954431099 0.126141769 -2.281188739 -0.064157589 0.828009917 0.092813014 0.414203562 0.561899394 -0.491071885 0.523634647 1.489032866 -0.319264667 -0.600056802 0.195012795
19.614238848 -3.003750238 26.346500641 0.610804598 0.555713362 -0.518480654 0.221986970 -1.867269597 1.667573966 2.283379894 -0.590684845 0.091746673 -0.248440536 0.932779639 -1.329631641 0.123535618 0.084330997 0.021024921 0.167984773 -1.185657051 -1.696585441 0.931023052 0.234539251 -0.417178231 0.986337706 2.206740182 -0.053648605
12.505088570 -6.901079243 37.610312120 -0.470369270 -0.778680670 -0.019041531 0.414784986 0.206326800 1.009241753 0.151923919 0.421206814 1.374650172 0.702038048 -0.796480042 0.501855850 -0.079316117 -0.352698286 1.689211061 0.460706385 0.989260887 0.595805651 0.985037872 1.531219293 -1.147120509 -1.327175348 -0.324129541 -0.129156630
20.817851546 -4.551544937 40.433993415 0.763666076 0.448247721 -0.164095722 -0.434696100 0.437289733 -1.289321873 0.335163004 -0.014380098 -0.967321957 -0.137221212 1.177990172 0.075731238 -0.746436399 0.454681141 0.658271236 0.688446000 0.137136458 1.227783829 2.788419813 -0.103564097 -0.452554019 0.474978930 0.293920955 0.068597673
12.030746358 -3.748915033 31.461455901 -0.074111125 -0.260927430 -0.773600585 -0.572683640 -1.821838263 -1.711253408 -1.055440125 0.772922555 0.938393022 -0.272363628 0.180280642 0.151986201 -0.326268667 -0.099228871 -2.206963276 0.813932538 0.403630399 2.281734174 0.532895756 0.769016099 -0.450690689 -0.052822674 0.059829754 -0.008802806
14.044718049 1.054433129 31.611352030 0.207712280 0.859186478 0.386691534 0.262914172 3.184675380 0.572768201 0.748806427 -2.133275666 1.726034524 0.625836071 1.041637638 1.463884248 -0.998374591 0.427464290 -1.265365744 0.912991277 1.775751226 0.843665928 -1.096919718 -1.457419857 0.688787788 1.067227116 2.862314036 -0.672054056
17.919051854 4.680417959 28.503345840 -0.908905077 0.006021724 -0.385692949 0.158417958 0.521248913 -1.104928451 -1.603604219 -0.873718025 -0.798192773 -0.532484802 0.222922177 -1.101480254 -1.523968727 -1.576579143 -1.020001529 0.965811999 -0.476053451 0.395910821 0.069846504 -0.215135107 -0.672974982 0.063402779 0.663005971 0.607720657
20.328340767 1.239427973 23.815365446 -0.595290540 0.346337065 -0.096956440 -0.718525754 -1.796780806 -1.941035294 -0.869363528 -0.198122448 0.197421513 -1.184589420 -0.609739606 1.271914935 0.382714029 1.244332255 -1.387277889 0.157160844 -1.400804078 0.402341477 0.187715154 2.243332475 -0.877238904 0.432205835 -1.511603859 2.041580864
14.754910812 -11.491764579 31.386426080 -0.761256010 0.029897444 -0.552677457 0.337850645 1.191463094 -1.147684742 1.865505432 -0.495811743 0.367552500 -1.030879154 -1.059055415 -0.733401125 -1.282419753 -0.800437029 -0.086891422 -1.284462393 0.553506301 1.289523445 -0.042548795 0.866488484 -0.576059846 0.026106182 -0.127420741 0.185649250
20.965188427 1.986085656 24.791046186 -0.359184931 -0.368826940 0.566625284 -0.643341792 0.162417042 0.131029158 0.666704485 -0.432080329 0.483131405 1.446391384 1.527702812 -0.528075669 2.222843550 -0.436010620 -0.805505962 -0.830328149 0.862655271 1.088050382 1.379567179 -2.849130585 0.485147780 -0.788320374 -1.362449620 1.072309009
24.852121045 -1.201886880 31.213957442 0.524998162 0.534886115 0.194659518 0.632757020 0.299384355 -1.450759557 -0.087522757 0.316199016 0.480460413 1.307883185 -0.127768319 1.229007888 -0.557976505 -0.327396525 1.003270649 1.268554824 0.371262331 0.405761141 0.094185857 0.457604317 1.009085946 -0.015518297 0.375675526 -0.078577648
15.469967357 -2.124656447 35.689466747 0.785467775 -0.507938588 0.351840305 0.035315234 -0.248160373 0.224724010 1.082138482 -0.681960569 -0.403343954 -0.266590676 0.834746113 -0.596521919 -0.784026919 0.226023702 1.161371953 0.009602935 -0.174719774 0.357430386 1.642493034 1.307100404 2.283890113 -0.423204441 0.118457163 -0.686954506
17.430468566 -2.908288366 38.879093063 -0.479414192 -0.625642101 0.550161843 0.275782415 -1.192698191 -0.066661279 0.691526149 0.409646057 0.103782753 1.774774679 -1.354385829 0.514321925 -1.075781588 1.551965390 0.276315818 -1.056142029 0.440063787 0.684794008 -0.717180821 -0.281702214 -1.574922808 -0.375623016 0.476866336 2.396209339
16.836966407 -5.481266519 34.491558342 0.685969595 0.055793777 0.352072742 0.634332368 0.611725989 -0.363825093 -1.297839977 -0.733656470 0.249469674 0.909567344 -2.454198923 -0.153799605 0.104831908 0.726029327 0.778090813 0.753564618 0.919716198 -0.309313700 -0.472571813 -2.125530316 -0.121428478 0.174670574 -1.155172713 0.436416417
18.849375734 2.275019965 27.325422201 0.198659027 0.338218474 -0.876620193 -0.278711127 -0.162639543 -1.402635580 -0.132957813 -0.895778878 -0.900083147 0.909774284 -0.475939581 0.012530411 0.345345719 -0.392076140 0.551475366 -1.671274783 -0.750981764 -1.162745800 1.441017645 1.578494739 -0.595328765 -0.475885082 1.631682173 -0.770947886
11.934073909 -1.844355071 37.509533640 0.386529363 -0.344236029 0.842617267 0.148636298 -2.030977757 -0.660265235 -0.267238611 0.688836029 -0.192671467 -0.525630989 -0.393787899 -1.515667576 -2.066805950 -0.164311549 -0.421372770 -0.897667949 0.737312362 -1.170871921 -1.718502850 -0.115290939 -1.250446519 -0.091780108 0.600272685 -1.134582376
21.335822813 4.643714355 31.198833133 0.026793232 -0.884817433 -0.323931912 0.333838808 0.105690253 0.963612700 -0.332470605 0.345011063 1.809903531 -0.155727003 0.330825513 -1.330062103 -1.148772483 -0.020438137 -1.189593874 -0.266317248 -0.573738284 0.420791642 -0.534745639 0.260059347 -0.709596651 -0.586571485 0.259514509 0.130986336
17.682040022 -8.696920825 34.076078687 -0.714231213 -0.679113289 -0.086154074 0.145795714 -0.636496036 -0.028201380 -0.432221424 -0.359514287 -0.309876957 0.631254313 -1.370937056 0.896559002 -1.584330223 -0.138442139 0.926451885 -0.062721648 -1.994218280 0.324336804 1.374088447 -1.291943492 -0.189082290 -0.282928349 -0.579688140 -0.962797954
26.821715938 -3.197494792 30.424333954 0.182461572 -0.654635238 -0.154716362 0.717093667 -0.088350722 -0.782587500 -0.719232462 2.260223784 -0.167745499 -1.301754628 0.447807558 1.928088548 0.364114465 -0.907368363 0.062698515 -0.309410261 0.438461642 1.257145917 -0.624074945 -0.016566493 0.215729589 0.969485059 0.004235026 0.799458815
16.132142999 0.318289228 34.336028839 -0.495241323 0.532383003 0.481404238 -0.489442876 1.478351109 0.590610256 1.071101225 -2.311844119 1.613821994 -0.994585697 -2.177148385 -1.225123874 0.867502901 0.954112183 1.212556534 -1.434165461 -0.227552277 -1.600209877 -0.696905258 1.025081668 -0.716014962 -0.664116102 0.504366463 0.195495564
20.345121110 -13.654383452 30.881165253 -0.067149991 0.388648300 -0.547001469 0.738398788 0.325868071 0.290203684 -0.444504169 -0.205073814 0.481867297 -0.804900837 1.244829640 1.111719464 -1.354766816 1.277946242 0.906687159 0.414957491 0.544647995 -2.386766416 0.231890926 -1.826237723 -0.752268718 -0.145217044 -0.125265816 -2.181841312
12.744718213 -2.666497049 32.755334950 0.598531239 -0.369996740 -0.704831674 -0.089861446 0.329058546 -0.399528253 1.492255350 -0.287909822 -0.285847284 -1.431165871 0.530355605 0.054029156 -0.708434183 -0.379569153 1.280249673 0.259049173 -0.260490528 -0.139780227 0.070083679 -1.220096494 -0.672330438 -0.218308314 -0.162630244 0.668252693
21.217589474 -8.135055688 28.160588086 0.158750651 0.324939522 -0.511355848 0.779568942 2.504885664 -1.303151905 -2.058526629 0.907351515 0.941174616 -0.143461245 1.271253269 -0.127228888 0.475826735 -0.190206891 -0.671652723 0.509037742 -1.396694615 -0.331790331 -0.956867106 0.348566437 -0.709281496 -0.376701725 -1.356768535 0.244050395
17.564294509 -4.235063329 34.149945108 -0.773877453 -0.244307768 0.034493189 0.583298913 -0.717823364 -0.678471129 -1.374839697 -1.172263571 -0.373178495 0.101505242 -0.688507958 0.067450457 -0.478475845 1.447673836 -0.441567201 0.061849802 -0.827082258 -0.392949932 0.311867457 -1.766306187 0.791529491 0.450381668 -0.645387283 0.011191595
17.831938502 1.893361141 37.457629401 -0.537663514 -0.447857811 0.638787225 0.319831531 -0.072498292 -1.804810346 0.084427711 1.463210972 0.025820023 -0.141845120 -0.483446518 -0.450952629 2.206792574 0.567606944 2.386441369 0.262309874 0.924719634 1.458565102 -0.286262981 1.041217160 -0.238531939 -1.864355795 -0.775809070 -1.178015316
20.985396731 -12.072236289 33.652921146 0.299447095 0.278231554 0.912093901 -0.031675796 0.505412161 0.913722663 -0.388714283 0.779486264 -0.724077269 -1.029100398 0.532333377 -0.363243100 1.397800996 -0.610670610 -1.052021676 -1.099828501 -0.074764220 0.544494895 0.859655453 -0.002864511 1.933009078 -0.902776376 -0.446493712 -1.645072303
12.136157949 -9.316193621 36.896356418 0.359623223 -0.439229015 0.332393428 0.753169051 -1.789165639 -0.913580350 0.637200081 -1.186871241 -1.235998498 0.080498422 -0.310820632 -1.367412512 0.692857511 1.487492964 0.034624421 0.726091040 1.095914647 -0.865490768 -1.084494929 0.155216233 0.237468502 1.008712122 -0.002035043 0.226630316
21.140695547 -12.017251052 25.974942603 -0.378880328 0.792564241 -0.096502051 -0.467951895 -0.383800442 1.567318711 -0.466874663 0.324050444 -0.764498390 -0.989033429 -1.385005871 -1.202895916 1.267369681 -0.329525304 0.302844493 -1.297727736 0.476957704 -0.322760370 -1.449905389 1.322870525 -0.044163294 -1.246219762 0.794491560 -0.688535599
11.698079614 -1.798478208 30.888802280 -0.792353470 0.310609913 0.519299775 -0.077622189 0.994613398 1.391903544 0.305361052 -1.065511413 -0.900542247 -0.461924886 -0.816261585 1.637177508 0.955570595 -0.420759119 1.745909671 -0.174181883 -0.565143331 0.362360998 1.423733392 -1.401419582 -0.683703654 0.190673457 -0.421840931 -1.817816774
16.862683412 -1.832253026 28.788649637 0.042707363 0.276985660 0.808038429 0.518197764 -1.095152996 0.922282158 0.806730605 1.009989917 -1.193912057 -0.509787062 -0.827542733 -1.838913910 -0.501743935 -0.018655012 -3.043757739 0.261797574 0.601495150 -1.989188733 -0.148364592 0.094638927 0.216768651 -1.895718009 0.350071191 -1.126350120
18.986371285 -10.582041373 38.610529594 0.844147039 0.522751656 0.091006700 0.076578477 0.448504501 -0.199220728 -0.260509278 -0.098482304 -0.381776548 0.410739488 0.089489649 1.201664177 -0.134079378 -0.062665480 -0.908094029 0.368745391 1.338924145 -0.083825496 0.330280070 0.398607167 0.153302918 -1.680438325 -1.806034977 0.275807239
14.918826611 -6.157320943 25.378791996 0.612415145 -0.604895179 0.481674503 -0.164435964 -0.369829957 0.152543454 0.186923345 0.284195512 -0.034691098 0.242100683 1.363450604 -0.382176071 -1.204997571 -2.348825534 1.419390474 -0.683051066 -0.386904766 0.560927310 -0.000066728 0.658101072 -0.711736444 0.658612326 -1.264199655 -0.865522356
18.240372332 -1.208824163 30.984887277 -0.461104291 -0.667264297 0.016002366 -0.584709428 0.331257857 1.364543940 0.082065012 0.249423246 -1.445436390 -1.551240618 -0.701580882 0.869316694 -0.376840512 -0.424273709 0.023756155 -1.067248360 -0.770145633 -0.456396431 -1.581546304 -0.495849156 1.054589695 1.471202528 -0.398465035 -1.528451803
14.211403479 -6.189364152 33.336614172 -0.623837658 0.324961654 0.382960862 0.598805041 0.890942205 1.410577643 1.088392353 2.373332205 0.105367108 2.023826107 0.040069961 1.342995231 0.554191550 1.868151720 0.798440233 -0.050485307 -0.082187930 -0.862213551 1.868971477 1.296604229 1.163709873 1.237386069 1.760077472 0.529514782
26.414017039 -7.319483863 35.703930288 -0.965208423 -0.260396760 -0.011308207 0.020936836 0.549166960 -0.047598403 -1.409176671 0.533768940 -1.580910671 1.204448989 0.073516283 -0.316249130 -2.234955517 -1.174104223 -0.201117531 1.200686725 0.607808520 0.915707319 0.376891270 0.151191987 -0.085698436 -0.086682973 0.471016398 0.893511519
22.042742800 -3.563880212 38.467546041 0.952222701 0.125979605 -0.278201367 -0.002250608 -0.976116869 0.934293669 0.728857373 0.478988479 1.978501557 2.390143497 -1.236610710 0.423298314 0.662826610 0.167047020 0.878121929 0.945012799 -0.590860595 0.240471490 2.024187602 0.600622134 -0.523768802 0.168204309 0.338967884 -0.753564502
18.281787221 2.071430914 32.328138422 0.126435468 -0.650853793 -0.607681592 0.437180164 -0.559055727 0.530004139 -1.368952650 -0.677604142 -0.075065647 -1.199945764 1.626673939 0.090874710 0.108294475 -1.374130807 0.125217262 -0.263780700 1.453350327 0.844104429 -0.252712856 -1.357430069 0.672606909 0.488124013 -0.199268806 -0.816368130
8.624893243 -2.947755282 31.226746838 -0.767146839 -0.486206998 0.190927924 -0.372337227 -1.848991171 1.359769273 -2.474642843 -0.483077153 -1.095455918 0.414839739 -0.206116334 -0.283907364 -1.936780538 0.703241757 -1.835181549 0.040776265 0.731783630 -1.358729623 0.679218756 -0.972292835 0.314096566 -1.143302933 -0.654206623 -0.022379215
15.927765786 2.392102249 26.730398993 0.333250361 -0.326089060 -0.126582504 0.875549537 0.542812766 -1.165923606 1.343503831 1.018367045 0.099193332 -0.700427692 -0.476990462 -0.102436166 1.675366997 -0.162559436 1.542266519 0.899618995 -0.270939734 0.746896530 0.054463880 -0.753216384 1.993766503 -0.091866577 0.248912739 -0.829824547
23.549536204 3.635002498 32.249735193 -0.917989984 0.396487039 0.006227886 -0.007323338 1.790571118 1.246018954 -0.143960510 -0.283845208 -0.273484572 -0.971635584 -1.676359468 -0.377154885 1.489231082 -1.524987871 0.574032861 0.110700571 -1.653965614 0.876771870 -0.670218647 0.230023805 0.690207059 2.344986281 -0.901880834 -0.137553322
16.755741345 -6.380652160 25.206651794 -0.510155321 0.516248607 -0.253434188 -0.639531107 2.222668150 -0.385492458 1.519683430 -0.119926908 0.589663075 0.726711561 0.066236718 -1.154508070 -0.126075316 -1.259393798 -0.685953899 -0.421966053 0.008434944 -0.161035608 -0.531751777 0.622826919 -0.666946334 -1.175471857 -0.703645507 1.497185143
21.953974405 -8.089475559 33.050074562 -0.004575237 -0.496477378 -0.743502470 -0.447988122 0.799320384 -1.794464656 -1.702660845 -0.401047944 0.509366328 -0.903212483 -0.005194763 0.665407604 -2.747089157 -0.352932503 1.182228389 1.057975694 -0.728872973 0.237515652 0.988409313 -1.171591416 -0.932429771 -0.226341154 -1.331048010 0.089707621
26.893130439 -9.585984507 29.970976149 -0.208550795 0.442399337 -0.838974735 -0.238559819 -0.131321703 -1.631272704 0.106470756 -0.696332309 -0.336950268 -1.627735405 0.350832138 -0.210767762 -1.059147990 0.865555599 1.879497074 -0.063630263 -0.276641788 0.554930590 -0.329441512 -0.396586006 -0.412332910 -0.193464413 1.182759116 0.989107930
10.216188121 -2.842182224 35.733768580 0.314275353 -0.702228043 0.168693033 -0.616156992 -0.499152881 1.590917994 1.327540472 0.180128813 0.388203846 -1.642967914 2.685694610 -0.993820573 -0.821454314 -0.557713766 -1.671660203 -0.565027004 -1.039509835 -0.566657493 -0.836687626 -0.071577373 -0.092557199 -1.916812938 2.222030906 1.341826990
12.050124433 -2.082791945 25.252007666 0.598973248 -0.161759189 -0.226477762 -0.750848078 -0.350280061 -0.225717826 0.271431233 1.294219689 -1.263725336 -0.736761519 -0.500581081 0.677053381 -0.643221603 -0.279977928 1.341375838 -1.296116717 0.600376250 -0.285479199 0.092099749 -1.286057355 1.301630140 1.910471238 0.713583212 1.630555969
13.292892866 -3.172345823 30.264201107 -0.455697785 0.097059509 -0.275838047 -0.840733223 -0.331355582 0.810806691 -0.933323615 1.267540144 0.033888768 -0.294274146 0.271129937 -1.103441777 0.483601437 0.318184154 0.180408216 -0.091136112 -0.561333749 0.283851075 1.659837342 0.216652519 1.064436913 1.896463231 -0.495922325 1.331057947
21.404179730 -10.423239524 29.999694679 -0.340618843 -0.288142002 0.038013632 -0.894152086 0.518626766 -0.663414662 -0.497734582 -0.811272573 -0.465902843 1.088177573 1.564061332 0.810478467 0.210344641 -1.157738500 1.456527848 -0.163018548 0.670691182 -0.114122167 -1.448393879 0.455753784 0.088217624 -0.104103967 0.785966955 -0.315040890
16.598743675 -10.179634782 33.260170869 0.599972697 0.159014970 -0.278877063 -0.732785498 1.620351208 0.827731058 0.504309799 0.022343751 -0.782802936 0.439722830 0.642771993 0.101763654 -0.416573683 -1.205871151 -1.176031018 2.822398825 1.152095933 0.736900694 -1.617221321 0.218870585 1.237697014 1.699877760 0.170942873 0.125717784
12.895154711 -2.258821532 36.476910097 -0.321114059 -0.254749073 0.445957578 -0.795682417 -0.519072331 0.981365484 -0.125606162 1.074319831 -2.057935251 1.060709400 0.440395897 0.622519237 -0.858434804 0.541746760 -0.962354186 2.124732349 0.692868439 2.037743591 -0.340169803 0.766375248 -0.564468919 0.071736669 1.893380304 -0.422012549
21.181794165 -4.060741802 39.416960495 -0.744629839 -0.350948767 0.528413715 -0.207702458 -0.325311045 0.338718277 -1.029334290 0.073309281 0.226664347 1.310732836 -0.685702965 -2.340747116 1.452767440 -2.162267692 -1.148345554 1.646675805 -1.113524748 -0.699118022 -0.121066263 -0.119754616 -0.918808362 0.579408978 0.296788628 0.108628549
22.192432949 -11.909333322 30.424666116 -0.194570350 -0.612148513 -0.045132050 0.765101088 -0.533210783 -0.676023878 -0.797251477 1.192980374 -0.878769941 0.317902751 0.233623906 2.433001755 -0.552518179 -0.334830635 0.278512242 -0.226587081 0.605407206 0.033710628 -1.332799177 -0.154762256 -0.261006857 -0.415014138 -0.252493719 0.391061164
18.006836421 -6.591464865 37.313945049 0.577525280 -0.037797743 0.249857826 -0.776277623 0.140458147 1.777060578 -0.297459031 -0.934949428 -0.642088387 1.129184928 -1.395647663 0.508507820 -0.842698646 -1.564004841 0.910413725 0.316840467 -0.387637544 -1.591277592 -1.831441218 0.236192250 0.140837787 0.142768971 0.547134871 0.484727407
14.115141002 -6.972868471 25.601119922 -0.529454893 -0.054697542 0.546630604 -0.646436909 -1.209179591 0.396550492 0.122249480 1.870640224 -0.057459405 -0.454858237 1.728417327 0.987911699 -1.988324743 -0.501778566 -1.009919361 -0.124572123 -0.274388895 -2.700605924 -1.138422444 -0.959613570 -0.220299994 0.458392124 1.252761390 0.600719954
25.673208504 -10.030802263 33.496730867 -0.451294265 -0.464375852 -0.761121468 -0.037184210 0.123853136 1.500446558 0.889757294 1.308149038 -0.649252385 -2.701553217 -0.546255645 -0.819545510 0.529103344 -0.707213943 -0.721940890 0.170272704 -0.477703435 -1.369256887 2.049765679 -1.049299071 -0.228218613 0.406471656 -0.111687731 1.314052867
28.096493901 -2.879252290 32.202753751 -0.045140081 -0.342794716 -0.762685645 -0.546593782 2.013808866 0.136148024 0.563625785 0.426344703 0.391470921 -1.123911034 -1.575579879 0.159044430 2.130358542 -1.378916575 0.260525054 -0.119341953 1.507609990 0.527392137 0.486952503 0.622441622 -1.623624852 0.669041597 -1.050973954 1.011228545
23.455438712 -5.272549066 24.370732779 0.617079272 0.688183246 -0.166320646 -0.343444952 1.532747601 -0.819716631 -0.951203253 0.730109892 -0.128471214 -0.580502984 -0.727191879 1.667194394 1.605336371 1.400751059 -0.028562180 1.823275828 0.452712515 0.880995309 -0.237635232 -0.356914221 -1.056034643 -0.533059508 1.453265194 1.278038567
18.131567462 1.343374581 33.103042490 -0.423252533 0.351914361 0.098134774 0.829085726 -0.270450123 1.510872335 0.096586127 -0.202137593 -1.490239012 2.195424293 -0.344897778 -1.829713259 0.720344586 -1.510264645 0.672929593 0.510727411 1.864981833 0.511330085 0.352876925 -0.254650523 1.427895462 0.368063115 -1.615293876 0.740962061
20.245377967 -10.247837788 32.475855857 0.208323474 0.914528532 0.346533797 0.012378254 2.431374415 -0.494090924 0.236192258 1.987243712 -0.246543878 0.659167037 -0.544864539 0.199928524 -0.739713907 0.061101820 0.234299161 -0.029071157 0.082786847 -1.433389944 0.831519920 0.283024851 1.398627112 1.728184320 -0.445776523 -0.991823093
12.231842160 -0.323795287 35.868166121 -0.444306626 -0.577121036 0.448162514 0.518337046 1.509930059 0.316571615 -0.835757828 0.492537109 -1.045175462 -0.006147422 0.428562853 0.910184226 1.479217868 -0.140985591 -2.236851232 -0.235573480 0.134596960 -0.450188368 -0.626928381 0.279281590 -1.135993200 0.794670170 -1.096288200 -2.347682591
26.044958366 -6.456370014 25.972806457 -0.064448907 -0.771637150 -0.096455231 -0.625394944 -0.902772248 -0.348621672 -1.082871371 0.979218578 0.609638122 0.887449278 -0.094478039 -0.973530085 -0.695608701 -0.521436854 0.610609643 0.077921001 0.729472369 0.455106452 -1.458487345 0.060213161 -0.135161740 -0.516570130 0.006102013 1.043941175
18.437743081 -7.723788467 39.738057592 0.016153059 0.119652935 -0.433205167 -0.893171617 -0.445674375 -1.271285910 -0.735486544 0.404917541 -0.367848724 -0.591001538 -0.248422905 -0.036946640 0.704573089 0.300180649 1.241105762 0.200511613 1.238278418 0.404483814 0.237675488 1.859003631 0.875604347 0.663882255 0.641861165 -0.512675968
16.325151083 -4.953673634 33.359618835 -0.549595857 0.821785913 0.119990317 0.090634602 0.178350978 0.416097621 -0.912209477 0.280797863 0.003136126 0.457471500 1.367670068 -1.687538308 -1.194723516 -1.461662577 0.424040616 0.750144480 1.117369872 1.039633726 -1.086634988 -1.632671140 -1.300407041 -0.607788060 0.527386183 -0.826084132
19.094629206 0.984273331 31.218134108 -0.023119751 0.729309275 0.088651625 0.678022380 -0.601171569 0.040365703 -0.519003184 -0.378914469 0.169068200 -0.004445048 0.243931520 0.020246991 -0.711799465 2.204852028 0.906761435 0.155646825 0.543532123 -0.005714422 -1.154273434 0.896325171 1.187914823 1.715072888 -1.718603372 0.407926688
11.634614196 -8.544325230 33.636353754 -0.423105592 -0.786538436 -0.194740627 -0.405481238 -2.106454509 -0.104777768 1.026137821 -1.603094178 0.271911090 -0.660399344 0.294750666 -1.065638557 0.025631220 0.068587734 0.314961675 -0.212979146 -2.178520040 -0.578311100 0.298921533 0.016630657 -1.622626285 0.364687305 0.090656445 0.291342720
19.328214476 1.142397248 28.452930455 0.054946664 0.645170193 -0.759688868 0.060075867 -1.260420374 -0.471501583 1.697646989 -0.141259636 0.156030360 1.641223066 0.122627813 1.337242818 0.800981647 1.024740976 -1.609454611 0.478430971 0.118756184 0.946633607 0.764727448 -0.359162602 0.906708844 0.101230277 0.519310133 -0.393425550
19.756195043 -5.629959029 32.988258828 0.250518619 0.854867606 -0.354137428 -0.284655019 -0.649327278 -0.168606387 0.896737519 -0.093194813 0.964528024 -0.421795720 -0.091586706 -0.896029459 -0.763905610 -0.473527299 -0.968761317 -0.699273124 0.799789586 -0.007775768 -0.796773689 0.164457581 0.194268570 -1.626306522 -1.622837113 -0.135359887
20.245793025 -4.309777545 25.002662346 0.483720453 -0.522724762 -0.701859155 -0.012925667 -0.248758816 1.147455736 -0.035772670 -0.710077324 1.312048592 1.013016080 -1.131329886 0.569581922 -2.266270990 0.181691537 -0.339724619 1.436247447 -1.229495976 -0.623181161 1.232979050 -0.009907009 1.018516433 -0.622989075 -0.644169060 -0.435207108
18.978075364 -11.025550494 32.655757053 0.370353581 0.606671893 -0.449667606 0.540912640 -0.815674206 -0.884411620 -0.062523198 0.211401538 1.467289026 1.388364605 -0.218506862 -0.143995352 -0.038814816 0.883817539 -0.333326401 -0.805747761 0.772341908 -0.494484139 -1.488936754 -0.175022081 -1.854201906 1.952815996 -1.036190454 0.633995684
17.463358773 -10.464259226 27.531721413 -0.217842421 0.542076289 0.078718745 -0.807775548 1.297163191 0.509486225 -0.004757631 2.125801190 1.252809166 0.171314466 1.740658974 0.934804060 0.793511392 0.016122121 -1.481846167 0.404833376 -0.336882443 0.256283854 0.646294853 1.264957242 0.008774672 -0.618416177 -1.173783794 0.380062428
16.938873433 -2.830017677 21.974629879 0.109130014 0.714692001 0.625322851 -0.293730004 1.335338073 -0.167941979 -1.466937641 0.461123410 0.218491367 -1.665403090 1.708503204 0.763703762 1.904680712 2.167202786 0.748090604 -0.270014429 0.222963006 0.289710688 0.146626652 0.883165053 -0.388949255 1.855541995 0.393013902 -0.014591039
26.539661195 -7.063199448 32.848305783 0.279109999 -0.611551169 0.736825687 0.072046398 0.712405511 0.714395858 -0.414399717 0.430483944 -1.265412598 0.287492954 0.709867529 1.282590141 -0.342859454 -0.142524365 -0.323548352 -0.717582960 0.331158830 -1.057756574 2.893434070 -0.161109644 0.578051742 -0.678812367 0.025813861 0.254811871
11.464938621 -9.697128770 26.963264954 0.139439480 -0.752979653 -0.587513619 0.261545447 -0.991006727 0.549123284 -0.046554433 -0.971955583 0.182357204 1.564392620 1.111083251 -1.731300441 -2.612625881 0.578419022 0.294106508 -0.221563931 -0.382739461 0.653783318 -0.009976232 0.556601393 0.305443752 -1.658885429 0.211149764 0.103743071
14.891541639 -2.937089372 28.087801594 0.806192602 -0.408003483 -0.428052503 0.018912995 0.198540964 1.634314396 -0.674442100 0.425089846 -0.043854907 -0.621218935 -1.101081871 0.309323154 0.818586714 -0.342788890 0.605246427 -0.796958743 -2.108456424 -0.326903821 0.423609765 -0.960519441 0.508213877 -1.007263997 -0.244206527 -0.509740709
21.961382560 2.281426262 35.694678095 -0.033515185 -0.631462972 0.461266112 -0.622386393 0.205436561 -0.439841580 -0.358950630 -0.168364796 -0.155070776 -1.527669507 0.832889504 1.161217777 0.149151758 -0.231443208 0.941180200 -0.005603953 0.620893531 -0.840398659 -0.816752336 -1.249097330 0.230194908 -0.512043908 1.536506365 -1.445713344
21.745397739 -11.063486131 34.768070190 0.495251967 0.264280440 0.352886543 0.748566915 -0.849540948 -0.570848021 -1.121222023 1.420773514 -1.186734196 1.389071382 1.307013237 -0.901097571 -0.030201381 1.091728232 -0.746553422 1.609830939 -0.064358243 0.323150755 1.183474760 -0.436111663 0.186836748 0.335293184 1.171186626 0.907490463
21.645187811 -2.301982547 21.873923165 0.713330673 0.065115975 0.072577959 0.694011311 1.032218339 -0.110409560 0.290865359 0.525069801 -0.350502848 0.103451220 -0.171870033 -1.023367007 -0.576120410 -0.350331171 -0.666810634 2.067472640 0.414182837 -0.254655177 -1.201833851 -0.689233333 -1.789776872 -0.101329681 0.002137735 -1.178114351
16.902175095 0.555801206 29.955717473 0.133766714 0.838003232 0.032689185 0.528004229 -1.655955168 -1.288981980 0.070636193 2.117726050 -1.381422535 -0.982649157 -0.109340850 -0.350612622 0.971057714 0.573761089 -1.552207256 -0.381727831 -0.628896549 -0.062764249 -1.279687228 0.322737613 0.317397618 -0.352442243 -1.192910089 -0.975379695
23.335381604 -2.831877668 32.451768193 -0.178458324 0.983297607 -0.033960035 0.011187468 1.216640470 0.215734471 0.330328500 -1.560352994 1.090810820 -1.755056079 -1.089325535 0.061756935 -0.655115299 1.242828252 0.678425211 -0.023329624 -0.216710159 0.004056110 -0.054004519 1.172212370 0.151218736 -0.706837185 -0.283239497 -0.415374082
14.686184040 3.067519088 30.734378259 0.427377532 -0.708157607 0.561472965 0.024685179 -0.403992461 1.180784423 -0.231913320 -1.251939213 0.916449633 -0.055445985 0.391461995 -0.891677078 -1.165741819 -1.667098984 -1.918241706 -1.783028228 0.938303387 0.533271388 0.428529766 0.323583719 -1.061808436 -0.890675434 0.872228109 1.621973896
19.433657199 -7.533957145 39.725185174 -0.450014219 0.110224979 0.305230675 -0.831968684 -0.650429516 0.325596294 -1.091920778 0.294462839 -1.640002613 -0.853143703 -0.132120189 -0.098789821 -0.428736733 1.943105534 -1.151731794 -0.856802201 -0.736036132 0.124420677 -1.293350917 -0.702136163 0.902513013 -0.888288294 -1.384391891 -0.913659175
21.387991892 -1.339526707 36.254834176 0.461322138 0.399658763 0.476764714 0.632574237 -1.245177368 -0.720502730 1.766076043 2.056233848 0.236785959 0.493322379 -0.625746429 -0.236137541 -1.080663024 -0.638850508 -1.239685328 0.786262145 0.256900687 1.481133689 0.034698325 1.229969265 -0.232702314 0.425878134 -0.594274188 -0.263986290
13.476803457 -4.907170703 23.419715563 -0.798926896 -0.185657383 -0.556031946 -0.134445624 0.429577909 0.508851792 0.118030819 -2.509938144 -1.278319529 0.430774292 0.712647519 -0.651361606 -1.319617145 -0.381988659 0.476846365 0.546030236 -0.480128488 -0.593138821 0.293326628 1.601631269 -0.179416531 -0.358079440 0.097533518 -0.088300513
12.610198629 -4.739128776 35.329191500 -0.542803083 -0.511797227 -0.611453153 0.263729886 1.301174943 1.824468953 -0.633211329 0.878636039 0.331908027 -0.376582447 -0.782549305 1.537910864 -0.153622796 0.728179062 0.740677498 0.612644339 -0.323566860 -0.861242115 -1.026597216 -0.222968958 -0.676697853 -0.342209036 1.030088869 0.199130432
22.118001190 -4.529416632 32.637171678 -0.164428539 -0.101442866 -0.917379401 -0.347976487 -0.996235711 2.284925338 1.559955188 0.041098873 0.461090850 -0.015382229 -0.283032020 -0.828051658 0.389349907 -1.969389344 -0.210352370 0.956257341 2.598279997 0.346105327 0.854786995 1.470924486 -1.016775885 1.815314464 1.050029025 2.315817580
19.578484137 -13.270048300 27.280174725 0.148851472 -0.579869541 -0.144211542 -0.787907092 -0.647991039 0.478853417 -0.394903949 -0.712912458 0.606488798 -0.472918456 0.016635620 -1.303775655 1.736612314 -1.128272595 -0.568845782 0.277705332 1.067341978 0.927232383 1.097620811 0.609036930 -1.436101657 -1.010870893 0.651376843 0.571442462
18.941247659 -11.431411423 28.025216932 0.351052597 -0.903342334 -0.149839459 0.195660007 1.125522281 1.412659905 -1.578354066 2.119828631 0.259428070 0.782737808 0.034938220 1.462363688 0.263744633 -2.308554911 2.590913504 0.813456809 0.932102006 1.164122723 -1.142146701 1.417005736 0.289238854 0.316487597 0.454186881 -0.882064963
22.316513304 -2.501161906 38.082518035 0.509755450 0.321045311 -0.368653374 0.707936423 1.180581103 -0.504962902 1.151355406 1.499716825 3.233170253 2.816021327 0.258937734 1.036974279 -1.107795186 0.029548428 0.653154485 -1.998241359 -0.602192956 -1.309008490 -0.426527877 -0.698930313 -0.400912759 1.720330071 0.652289764 0.041615872
16.974622081 -5.585151356 31.331226164 0.074251896 -0.299063976 0.951191266 -0.016809798 -0.770536913 -0.697520296 1.907229400 0.435666291 0.093974380 1.282449794 0.023970438 -0.251931557 0.366745076 0.109182368 0.157712165 0.788818953 0.499084509 -1.275547642 0.574872602 -0.113711874 0.568827032 -0.742969576 0.319104723 1.047237482
15.936866042 -7.270593913 39.354946386 0.589283221 -0.792184833 -0.134840960 -0.083704185 -0.549516758 1.172300263 0.771747427 -0.075416793 1.404036201 0.094507551 0.137224922 -0.667607614 0.638917898 -1.315542604 -1.434249612 0.523596467 0.885050550 -2.222065945 0.395782420 0.021546593 0.008729431 0.696139332 -0.376853538 0.461007187
24.733633997 -7.010719885 37.366576028 -0.058992231 0.396682597 0.231476461 0.886330346 0.442959307 -1.809610425 -0.773866365 0.809537054 0.382229774 -1.924880949 0.172334557 0.774673082 -1.119585497 1.217573925 -1.080499665 -0.594880570 -0.046565414 1.039841201 0.141573720 -2.037813140 -1.180953807 1.171004648 -0.728697807 1.743807218
19.902205890 4.717723644 29.076311567 -0.209933663 0.547167071 -0.762713367 -0.273503882 1.080503903 0.602060486 0.461917173 0.229225926 -0.282399981 0.337664452 -1.165088350 0.174814761 0.231113976 -0.971627393 -2.709144083 1.450943939 -1.368242147 0.612320787 0.233314126 0.380098319 -0.247371924 -0.535996876 -0.280049896 0.444253910
21.299804092 -5.292890320 33.136203910 0.362726726 -0.216586902 0.310555908 0.851513044 0.936301433 -1.027705167 -1.959490806 0.678841514 1.568085892 1.568950132 0.122276621 0.613114611 -0.968443742 -1.558486751 -2.610636725 -2.991785763 1.176206297 1.062294930 0.078022270 -1.065649197 -0.039265183 1.181965424 0.364602021 1.966243392
22.519289365 1.684754509 31.441738792 0.317709990 -0.086121632 0.626761886 -0.706266922 -1.054969939 0.679965427 -0.750762223 -0.202674282 -0.083890615 0.184620540 -0.577380005 1.091640192 0.593386887 1.519423008 1.424749571 -0.757140652 -1.428678978 1.026150757 -0.851514554 1.032916749 1.851620307 1.000779343 1.034481428 0.998321487
24.955459790 -8.183367785 30.230656294 0.242165521 -0.422045931 -0.731524460 0.477603451 0.414887515 -0.911714806 -1.304642927 -0.503849514 -0.934672806 -0.099963223 0.438779393 -0.488788949 1.370446962 0.243368871 0.757165531 -1.019059346 1.681983887 0.983349937 -1.007548998 -1.047093955 -0.155891173 1.247167672 0.788378294 -1.896258395
26.874176831 -6.569085011 27.084423060 0.539951899 -0.239790705 0.648239429 -0.480351961 -0.573741067 -0.030423752 -2.629476953 -0.672138642 -1.304147308 0.936459172 -1.330836898 -0.198341749 -0.847804844 -0.618492502 -0.946212028 -1.543443674 -1.069986422 0.698992359 0.230989920 -0.585325231 -0.286343051 -0.894866643 0.422024940 -0.176041966
23.475901057 3.554248566 30.238847757 -0.266055190 0.111839860 -0.921573751 0.259631089 0.129702948 -1.949130982 -0.137650005 0.746258953 0.772535549 -0.453495358 -1.109324609 0.144760434 -0.450900294 0.104632783 0.018027103 2.247026840 0.884020781 1.240026597 -1.349964807 -0.437996616 0.091175798 -0.484795194 0.494257862 0.508515184
12.693578268 -0.517262943 32.740719599 0.181588350 -0.111498522 0.728316760 0.651266802 -0.762381567 0.462958947 -1.056664633 -1.257699048 -0.451461099 1.823040710 1.379697782 1.248722533 -0.391529251 0.137842146 -1.286351371 -0.100421488 0.151550184 -0.205354349 1.006126903 -1.784338466 0.680506948 -0.098129811 -1.200228782 0.646902026
26.351486797 -6.870349249 25.641566884 -0.541914614 0.256269295 -0.737779525 -0.310380367 -0.265073480 0.260578288 -1.037831520 0.335444096 -0.349563927 0.549110326 0.633570154 -0.853183233 -1.782172739 1.321944548 0.352862084 -0.003486384 -0.861663222 0.393790414 0.803198448 0.252915750 -1.520595383 -1.194993863 -0.927243595 -1.784299775
17.229122671 -2.820068785 25.873853375 0.116778536 -0.121265593 -0.772803827 -0.611908224 0.991041591 -1.456649055 0.877791653 1.082377881 1.074410977 -1.355486985 -1.183765243 0.996470685 2.189602025 0.338721992 1.265630483 1.054343408 0.127356993 -1.801560047 -0.787232123 0.077690166 -0.629540775 0.588558508 0.448169716 0.737279835
18.408030889 2.731666666 30.019220566 -0.038393083 0.257869665 -0.563306908 -0.784037330 -0.900327054 -0.839804082 0.371716826 -0.064685315 1.418598916 0.337990630 0.759224759 0.908110355 -1.772021449 -0.193063725 0.715326704 -1.886144268 -1.530650866 -0.416240184 -0.779693916 0.844847421 0.511522918 0.030752754 -1.594151182 0.481077504
14.516609025 -5.011156488 28.673256765 0.555419694 0.764841283 0.325115646 0.028750511 -0.781028530 1.691659570 0.431613902 -0.621250465 0.174859737 -0.301015906 1.527409320 -0.620257858 0.785788300 -1.846910064 -0.676209056 -0.309786876 1.114797885 -0.897619056 -1.084363789 -0.169452962 0.218857556 -2.035751194 1.570482262 -1.460033617
18.386979868 -5.576921084 39.521992132 0.250535329 0.320907806 -0.265709446 -0.873869967 1.112657713 0.788039952 -1.363272937 0.750758234 2.185207288 0.034173856 -0.962608988 0.379942806 -1.086307880 -0.060548929 1.588336332 -2.127865039 -0.384276121 0.708410662 0.747271308 1.987196361 -1.516869400 0.936473035 1.076390845 0.155207763
21.564585983 -11.536967060 24.720498552 0.635239731 -0.316282162 -0.688633072 0.149065660 -1.995561910 -0.935260440 0.783515029 0.790978722 -0.330072753 -0.578893346 2.070065995 -0.274660737 -0.367869735 -1.056799254 1.626970488 -0.785775238 -0.533304249 -0.259334738 0.794442478 -0.488897031 -0.174350533 -0.229817054 0.543277769 0.461659888
18.498425419 -0.880142088 26.817969087 -0.514405728 -0.356032184 0.710586277 0.322017040 1.958173799 0.066202275 1.207126428 -1.731485608 1.052192755 2.421975624 -0.007802238 0.828742777 2.162951619 -0.047143924 -0.042132102 0.589967741 0.378586041 -0.181067355 -0.907261014 -1.962518562 2.275824858 -1.041281986 1.556733738 -1.010475774
17.791919453 -10.360860920 37.577132937 0.042658319 0.787419340 0.468864419 -0.397890950 2.499855367 1.039923282 0.262750707 -0.119251504 -0.766959752 -0.125852602 0.712260805 0.061433535 -1.435302278 0.723437835 0.899009834 -1.581975571 0.822863421 -0.751473559 -1.307402122 1.005864135 1.483906040 1.424322295 0.418944644 0.028252534
21.544780015 -7.865059019 37.192788736 -0.874407378 -0.366163028 0.275696910 -0.159146434 0.910100977 0.107216539 -1.862136198 0.711190954 -0.845706439 -0.031383556 -2.024289723 1.427339729 2.265028035 -0.391315145 -0.313149547 0.438108794 1.188508879 -0.468128728 -0.329096620 -0.905137905 -0.799041353 1.213239206 1.103370876 0.423333207
18.391233893 0.141559633 25.629258304 -0.220197225 0.139335979 -0.517004451 0.815355790 0.165641368 0.755941570 -1.094408202 -1.494227324 -0.794837537 0.201258484 -0.532678065 -0.619319934 -2.479868509 0.144907145 0.029924954 1.551559961 -0.963802660 -2.124191632 1.630441925 0.222816880 1.696891540 -0.929980388 0.271103161 0.677356462
22.450435624 -11.233922021 33.625214775 0.163307480 0.162777422 0.924355447 -0.303975632 -0.251431136 -1.411376159 1.349308812 0.808810207 0.683130603 0.111967192 -1.377425051 0.859725335 0.314647033 0.595428662 0.728175849 1.456778556 -0.284221082 0.523591084 0.022936405 0.437374368 -1.254917047 0.939998221 -0.052820670 0.985013277
20.086679151 4.870339640 31.930148519 0.586989204 0.769497459 0.166176275 0.188951792 0.257947335 -1.422313402 0.319460058 0.604755560 -0.699006236 -0.615270611 -0.939711603 1.031598637 0.108613481 0.563108193 -0.427747689 0.343980867 -0.302407897 0.104499005 -1.581641516 -1.584441530 0.390662911 -0.122474434 1.752304676 -0.053037072
12.937766979 -9.996592286 25.688323756 0.328526780 0.664814393 -0.670641153 -0.018232435 0.286300970 0.072881289 -0.166690430 0.402086082 1.566993517 0.069574611 -1.326925307 1.587914269 0.657919440 0.588832752 0.316194450 -0.191045121 0.773792194 0.824928755 -0.000956819 -0.207114185 0.084258722 1.355723104 0.769363149 0.693682112
17.782511623 -7.201634741 23.466481921 0.701394491 0.489606005 0.517424266 -0.024573487 1.617026441 -1.633496213 0.511065767 -0.861570737 -0.331732786 1.218602344 -0.421046143 1.002297760 -0.164686192 -0.911785488 1.099631513 0.663646862 -0.258778869 -0.444598560 2.145274976 -0.379397438 -0.704147819 0.472436877 1.577370980 2.162521664
13.832451886 -7.361432172 28.838403809 -0.489311657 -0.682916348 0.066595351 -0.538297709 0.335979910 -1.131677593 1.191189789 -1.083709512 1.220903286 1.409736194 -0.397701128 -1.047944815 -0.031813082 1.486969170 -0.364647291 0.570999632 -1.082022083 1.821788745 0.565087782 -1.106721198 0.855457096 1.202374258 2.258580204 -0.336076767
11.399753842 0.785596471 30.563729774 -0.171042337 -0.136950961 -0.951541145 0.215773962 0.016897613 0.148717256 -1.426691684 1.036144075 0.326279030 -1.026860515 1.081758158 -1.593008669 -0.457395929 1.357690280 -0.753531680 0.271999206 1.221437650 0.351484562 -0.824659089 0.225092079 -0.253660137 -1.003931225 -2.267564234 0.764116011
16.504718971 -2.725533250 33.119550596 0.924485088 0.059827147 0.289508072 -0.240692983 -0.532686571 -1.666050817 0.341129458 0.503220344 0.671240530 -0.144119485 0.796554731 -1.028704108 -0.841612771 1.231636772 -1.258787835 -0.629142258 1.011704724 0.265065726 -0.858701501 0.584270402 -0.611942856 -1.121117937 0.404823046 -0.063726636
13.268560670 -9.993263746 33.527393537 -0.611758919 0.364372005 -0.693334470 -0.110776262 0.085572360 0.404515164 0.879198903 0.009427237 -0.398592485 1.035595102 0.853948780 1.145458335 0.064573651 -0.390915340 -1.188607668 0.041560954 -0.825659314 -0.065354438 -0.248513417 -1.820142810 1.404541451 1.337623011 0.284918026 1.576668017
20.442991873 1.170954858 28.447318047 0.259385969 -0.172128205 0.676422433 0.667490444 -1.177549389 0.234409671 -0.567388786 0.452626634 0.289061067 0.498539445 -0.771806114 0.544830957 0.721641616 -0.024514564 0.026136900 0.154334534 -1.960165643 0.635357527 1.375101499 -0.122999774 0.278631798 -0.584583550 -1.842239496 -0.380532491
19.295020857 -1.911666535 21.997549082 -0.864791623 -0.444665054 -0.223028978 -0.068311882 0.474310303 2.721564988 -0.528348386 -1.659924937 0.805585974 0.575193027 0.490858688 -2.180421414 -0.145175729 0.580861424 0.267981504 1.238471728 0.584534561 1.857075539 0.226707898 0.433626209 -0.564863232 -0.649193716 -0.908639472 -1.121038522
16.439936530 -13.135350205 27.856773746 0.181858135 -0.683962436 0.520729538 0.477455498 2.088716128 -1.222856308 0.830323737 -1.152033376 -0.999521090 0.341863221 0.103805926 -0.759176128 1.187446578 1.080657679 -0.332110918 -0.063778966 -0.452630112 -1.834224136 -0.471827568 -1.480874138 1.496162746 -0.033817370 0.084804581 -0.249535352
24.578540646 -0.680833877 34.083619457 -0.398247365 0.237883907 0.227069698 0.856299968 0.186266052 0.171029866 2.092698001 0.700781470 -0.777327801 1.217157611 0.891407092 -0.579588765 -0.858266861 -0.311748852 -0.900542140 -0.757368084 -0.331961080 0.359103424 0.022109790 -0.273333531 0.321860607 0.921607684 0.496836948 0.401267057
17.921461536 -11.775697531 25.714499205 0.409410571 0.345744912 -0.677874266 0.503318903 0.350606492 1.210648439 1.264939320 0.070442952 -1.253913843 0.563471284 0.754396300 -0.589552454 1.371035151 0.510736669 1.768588582 -0.709805930 -1.328198100 1.461234014 -1.301443017 -0.583544841 0.159060495 -0.201406036 -0.611703868 0.601627303
14.251592056 -9.672995565 34.498329954 -0.545150054 0.010368280 -0.177520228 -0.819262159 0.805138754 2.571854167 0.514806257 -0.177420719 -1.121129789 -0.184139460 -0.339987747 0.079965587 0.524484408 -0.992013422 0.528264114 -0.603590054 1.394433201 0.686398468 -0.537754982 -0.355085492 -1.363837164 0.039683666 0.885332209 0.307232240
18.020441094 0.150036277 23.625586104 0.282196024 -0.449870866 0.339888931 0.776181115 1.767351164 -2.295108391 2.443723598 0.643347365 -0.912670709 0.117151470 -0.364334215 -0.409388435 0.849222194 0.280703575 -0.737115038 -0.077697100 -1.136657791 0.492009943 -0.208447903 -0.600226919 -0.481419033 -1.460232650 0.091635566 0.649053522
18.378542253 4.055372339 31.259049420 -0.562931551 0.116250010 0.021522062 -0.818004159 -0.957442672 -0.923560992 1.846909890 0.072133740 0.064769001 1.315979060 2.661694091 -1.354166897 -0.718711123 0.189845810 -0.377615599 -0.957954172 -1.253077937 0.112648876 -0.873643630 -0.493545783 -1.245808820 0.700406543 -0.763680032 -1.964320441
22.148232138 0.932093427 28.787851048 -0.375487841 0.179952015 0.907867065 0.049025974 1.700538378 -0.666514536 -0.398316723 -1.030490697 0.719088422 -1.341030446 -0.418938746 0.213385719 0.177294216 -0.819637698 0.378028949 -0.467420944 0.503112171 -0.383033856 -0.866992516 -0.036228604 -1.643385153 0.129584290 0.586450194 0.634877923
12.051053193 -6.154625108 23.502160032 -0.580017005 0.116268887 0.033001530 0.805588430 -0.146440894 0.930493394 1.995185011 -0.011124134 0.048669350 0.635009909 -0.518462643 -0.862410966 -0.064873454 0.071892424 0.233409719 -0.638367765 -1.340213432 -0.485603165 -0.307867369 -0.211181467 0.679168066 0.064201134 -0.484433841 0.368899760
19.202898656 -5.815343139 25.413579196 -0.773246536 0.267923002 0.025215615 0.574170038 -0.814275167 0.757554424 -0.094794109 -1.863122717 -1.706722388 0.801996299 1.815262115 0.041291398 1.337879296 1.582879284 0.384113503 1.316920319 0.487616714 -0.972257393 0.877613676 -0.132885584 0.067083333 -0.537467113 -0.636787856 -1.288516993
9.714436329 -7.540131151 27.644274050 -0.107763707 -0.105548685 0.109859909 0.982434353 -1.586984497 -1.618797659 0.031535307 -0.772890785 0.325431312 0.642314367 0.088549236 -0.050946722 -0.133752963 -0.085355567 -0.459821030 0.939375381 -1.256079181 -0.308543359 1.137832845 -0.182912687 0.228729175 0.351720387 0.112409566 -0.712323775
18.146253512 -13.284600421 29.609747694 0.478702196 -0.829802622 0.214167860 -0.190798177 0.284881613 -0.859818652 1.987611463 -0.193142151 -0.318103529 1.725445487 -0.404713997 0.123564303 -0.322397086 0.723175677 1.906389979 0.018237197 -0.645599716 0.510368955 -0.454498296 -0.332359449 1.067486509 -0.890959484 1.210032790 -1.080340175
23.652925051 -12.852419689 33.272491686 -0.282788133 0.805794160 0.087304225 0.512937243 0.053974084 -1.570264430 1.217804110 0.773657961 -0.087217246 -0.327469608 -1.826437466 0.388415645 -1.052324552 0.539876952 1.170939542 0.039336207 -0.148263205 -1.384869418 1.534843424 -0.290599713 -1.528212752 1.204909756 -0.928369773 -1.187251142
18.747019706 3.685255349 29.461962311 -0.874145398 -0.428549304 -0.209474782 0.091299683 0.274957580 0.591011337 0.142103149 0.381087448 -1.978097169 -0.162174564 0.934602148 -1.516671210 0.403015642 -1.666612458 -1.018084733 0.949018034 0.109609297 0.103966953 -0.982638754 0.289670646 -0.504042619 -0.402923053 -0.752879141 -1.265347587
12.569426604 -2.880015652 31.571616303 -0.140687185 0.330844397 -0.827001027 -0.432224945 -0.541410678 -1.129294840 -0.784831442 -1.645369489 0.938983226 1.582646309 0.204418455 -0.758773687 0.120027237 -0.593996614 -0.927881831 -1.449409032 0.279822689 -0.177400681 -2.474539955 1.374139561 0.014131538 0.147062645 0.221895087 1.547753964
16.084050460 -1.206648133 37.207076731 -0.270356200 -0.849540090 -0.160749118 0.423496023 0.699237435 1.134498004 0.722682952 -0.616119707 0.640705338 -2.036501485 0.077632602 1.251256566 -0.731514541 -0.498033352 -0.371715051 -0.899208309 -0.379330545 -1.566353059 -0.893743723 0.927334666 0.926349657 -0.054987290 0.954543777 1.474271597
20.323879619 -7.797560962 32.249398547 0.529012447 -0.129189687 -0.487884803 0.682220108 0.672253827 0.139973036 -0.274080691 -1.205405402 -0.618277788 0.192240965 -0.928370339 -0.195115787 2.020380055 -0.089381645 -0.806438772 -1.014702028 -1.689198791 1.129299582 1.482947302 1.017410280 -0.151187651 0.766183573 0.320782253 -1.836233052
20.225557134 0.501747120 33.767385627 0.738801558 0.559772206 0.363049131 0.094987706 -0.173402553 0.995808175 -0.002851284 0.773920726 -0.344876487 -0.348204853 0.771499584 1.694632992 0.898946985 0.431436276 -0.487827548 0.346702772 1.916093680 -0.222378061 -0.665942452 0.344148525 -1.356208523 0.263862402 2.068947298 0.520110472
16.018936195 -3.267858573 30.371906054 0.241528728 -0.131584428 -0.672513831 -0.687076821 0.052476275 0.050280972 0.571781850 2.370992460 -0.300933489 1.863770156 2.413735069 -0.974912259 0.592032431 -0.726503389 1.385819526 -0.422840162 2.278997298 0.452892737 -0.069212891 1.491961721 -1.339363740 -1.864722815 -1.232014615 -1.385673310
24.343056906 -0.671674057 31.065965094 -0.026460090 -0.233347994 -0.906355904 0.351237175 -0.326580764 -1.446354520 -0.466125378 -0.825108672 -0.533803881 1.572235479 -1.584098562 1.142158545 0.414341206 -0.430943478 -0.781059218 0.818949450 1.440527402 0.407773867 -0.615943296 1.532060086 1.188488075 -1.306206763 0.089763956 -0.303495655
15.381277305 -6.141857967 34.551205717 -0.598279314 0.061405693 -0.726915374 0.331489431 -0.336384669 -0.352692512 0.561601613 -1.313566315 0.540218186 -0.100739800 0.963119835 -0.875317872 -1.012828930 1.432730401 -0.997563802 -0.706317898 0.585486920 0.928607824 -1.503106702 0.280761837 -0.499803208 -2.067365337 0.405953518 0.243566159
13.921397427 -10.819893347 29.502823868 -0.006068076 -0.758898882 -0.637946913 0.130611645 -1.489414954 2.242444976 1.036368477 0.866808131 0.592953251 -3.188147013 -0.832616608 0.222951595 0.683462681 -0.593529622 0.045288742 0.648230729 1.157078760 0.342313820 -1.540429205 -0.403593653 2.444020026 -1.445883608 0.225547754 -0.983129094
23.351008962 -4.273197924 25.148333446 -0.254730094 -0.030639388 -0.576795029 0.775552256 0.447189488 0.832128763 -1.636306334 1.020082422 0.839389769 0.220198654 -1.363969320 -0.965067402 -0.745278474 0.422526972 2.282147928 0.946859059 -0.809168687 -0.010372993 0.748163923 -2.267561270 0.146868902 -0.080828421 -0.167717146 1.448110214
15.474444914 -1.749369109 27.902023864 0.076391489 0.370626806 0.877168490 0.295593556 -0.794755474 -1.517263525 1.015609899 -1.418456411 0.003470082 -0.944992247 -0.407064332 -0.686451912 1.322956240 1.427422073 0.904985450 -0.467954519 0.307844900 -1.821800782 -0.534270440 1.215146052 0.148177857 0.711540725 0.525048919 -1.081304640
19.753210118 -7.734010446 24.591886916 -0.195501824 0.126164237 0.582851805 -0.778553399 0.130810445 -1.122274486 -0.440203084 1.550843640 -0.286902674 0.028674015 -0.587518500 0.375715140 1.676732290 -0.019799126 -1.177722891 0.265912371 -1.201412661 -0.670754265 -0.044320821 0.104903689 1.181966564 0.073720293 0.040068628 -0.970449840
22.692198917 -8.137176580 25.736885228 -0.231370670 0.647638121 -0.508790814 0.517845909 -0.899782529 -0.054417350 -0.952697916 -1.358072323 -0.559870681 1.329358993 -0.613165314 -0.746290666 -1.704862253 -0.610137381 1.569644794 1.473437615 -1.087591866 -1.825186780 0.982332358 0.429025679 1.442864580 0.935887401 -0.967222756 -2.288421592
21.275915237 -4.363490143 23.709448307 -0.424735860 -0.112851191 -0.849144513 0.292946505 -1.341314502 0.626521984 1.128765340 0.250657446 -0.290934165 1.144984942 0.084167949 1.910485807 0.573812386 -1.750465889 0.772952389 -0.000034104 -1.185349072 -1.274121997 -0.760084750 -0.571893067 -0.869116334 -1.085782164 -1.236789901 -0.847278598
18.301239794 -8.763042150 37.431759197 0.880664134 0.022432743 0.255336270 -0.398410398 -0.821341286 2.473583356 -0.037559415 0.613726640 0.664818197 0.193664619 0.864601239 -2.028448956 0.992434323 -0.644386026 1.788970153 1.350925619 -1.299785350 -1.061628349 0.041532867 0.426043020 -0.116724185 0.781404987 -0.283829955 0.211725672
25.525035110 -1.476935008 28.751604346 0.913202073 -0.328967974 -0.107380737 -0.215200891 0.438644013 0.795521646 -1.537388008 0.707875266 -0.060942234 0.124723050 -0.013053478 0.243219929 1.593811867 -0.858869181 -1.821907668 -0.750577089 -0.119978769 -0.856634453 -1.120980226 -1.608210293 1.252717739 0.030689468 -0.768717202 1.166680969
18.174452608 -7.892210626 31.318603403 -0.892696300 0.382297534 0.123902623 0.203936388 0.258514415 -0.937476810 0.546985717 -0.864004719 -0.810362179 0.624369579 1.509689216 0.104597957 0.319689188 1.563403083 -1.125178839 -0.151480257 -0.306090880 0.124558496 0.797913485 -0.302071226 -0.936055791 0.298496345 1.045366849 0.882882080
14.822047081 -10.639245682 26.853272805 0.040789978 -0.494214194 -0.352841024 0.793468160 -1.102432349 -1.123302756 0.918301333 -1.787199986 0.926679380 1.257587416 -1.187732764 0.541095146 -0.797530629 -0.378052545 -1.282113890 -1.276930220 -0.394079307 0.629773481 -0.193789435 0.563184268 0.425543189 1.075404222 1.037960372 -0.192546017
26.367034147 -8.014786677 32.498350645 0.223034703 -0.434509515 0.871408046 -0.045880495 0.143452159 0.568973835 -0.468466177 0.434982172 -1.420380791 -0.455858952 0.181806316 0.680104058 -0.623379959 -0.312013702 1.236671090 1.132676717 -1.053041717 0.123017259 -1.533481639 1.714183460 -1.291683210 -0.896748081 -2.101745699 -0.122376218
19.780787137 -3.745247619 24.445130694 0.099325418 0.072178561 -0.573807161 0.809734560 1.908575471 0.174400202 -1.055265486 -1.292688503 2.325785425 -1.917619091 -0.175825346 0.313472025 -0.821037375 0.222801390 -0.204465473 -0.260332382 0.103174350 -0.765015385 1.001061752 -0.751740896 0.088482968 -1.339559581 2.484546882 0.496763024
15.743163279 -8.900110516 39.576449501 -0.246698420 -0.216183759 0.819168502 -0.470497010 0.161180284 -1.173460494 -0.850579783 -1.447654174 -1.228597831 -1.115938408 -0.294060349 0.035401296 -1.095915022 -1.000936966 -1.097265489 2.156028075 0.625570053 -0.949151545 -0.156327390 1.154744495 0.751167283 -2.233112477 -0.536478125 -0.015795326
22.296889728 -1.395186604 39.299675980 0.185577963 0.822879797 0.282227892 -0.456921303 -0.951199601 -0.552937598 0.136204417 0.900628853 -0.858438784 1.409640296 0.557637003 0.748252472 -0.525111757 0.751044893 -1.148702292 -2.003853531 -0.510538878 -0.360035166 -1.133639255 -0.895799228 -0.484026242 0.992847368 1.620430079 0.503223370
17.045556454 -2.906408284 38.258443301 -0.720573673 -0.191666889 -0.247027192 0.618882017 -1.620272401 -0.387005313 -0.998005289 0.373118033 -0.527457675 -0.027050154 -0.235372616 0.391886449 0.097747191 0.696351078 -1.318702763 -0.054665297 0.469934319 -0.503251882 0.085657562 -0.784114189 1.123171163 1.356801448 -1.341301977 -1.833905115
17.240194841 -5.300513802 32.371616760 -0.762382535 0.557503361 0.328497552 -0.007227081 1.989855358 -1.743710596 -0.143261282 0.622911088 0.911835905 0.069830006 -0.826950078 1.344388762 -0.266317022 -0.019449951 -0.384595692 2.266991336 -0.829807352 1.563780965 0.327062892 0.193863000 1.597167190 1.627090016 -0.395428688 -0.705217316
19.012632571 -4.851575816 31.828342565 0.240233533 0.095038245 -0.966044028 -0.003810209 1.508011355 -0.893227131 0.222171139 1.684389321 1.522094817 -1.194009146 -0.556093757 -0.588466345 1.616398170 -0.433817229 0.705737793 0.945359323 -0.699400978 -0.092500550 -1.255219831 2.526634046 2.361405013 1.354327387 0.988212559 1.002879491
10.231575489 -6.781135636 31.922312316 -0.366514287 -0.589583966 -0.716938745 0.063693488 0.906445113 -1.127945253 0.833140476 2.070802179 -0.162107883 -1.166316811 -1.260502210 -1.049730616 -0.580095427 0.208805539 0.321297729 1.549421196 -0.231383910 -0.811813241 0.696673935 0.105668502 -1.738396029 -0.395774231 -1.232150800 -1.127552352
18.520339620 2.257332217 32.182005507 0.052246291 0.051080793 -0.883247166 0.463179794 1.643374350 0.867763619 -0.762263830 1.799117018 -1.357971802 -0.329627166 1.104131224 1.016659517 -0.111514335 0.115139859 1.107437049 -0.046480750 2.649598703 -0.458419797 -0.435162970 -0.943721064 -1.176228215 0.137421241 -1.122302625 0.426828394
17.653568571 0.545340812 25.524354850 -0.327562088 -0.832637469 0.048832412 -0.443884353 0.760818683 0.270872691 2.808167770 1.181313617 0.665414587 -0.021304542 -1.158155192 0.407115867 -0.334831934 1.153650191 -0.691108558 1.149737069 -1.583551340 -0.917184802 0.742018856 -2.016449830 0.684878840 0.757842809 -0.169961944 -0.224501194
24.998316557 -8.813658139 26.326797744 0.312672622 0.821183950 0.429779263 0.207804082 1.132799577 -1.683438434 -0.352920622 2.716638088 -1.097909694 0.129420369 0.985474770 -0.976137119 -2.048189686 -0.514417050 -0.093817564 0.608139045 0.508788264 0.471153309 1.029832259 -1.126762402 0.582952448 -0.679065248 0.413068869 -1.268185390
26.867309787 -2.644360312 34.693574825 -0.105860348 -0.447848458 0.860467726 -0.218679302 -1.208365477 0.342238311 0.657591938 0.427480052 0.110667337 -0.221967079 0.650756147 0.235765843 1.128262257 -1.406781410 0.290868116 -0.094596838 0.948706119 -1.947954340 0.762169669 -0.447572624 -2.313755474 1.731833495 0.708501941 -0.599667744
26.946013539 -8.736409932 30.492931889 -0.137586519 0.394101275 0.841182015 -0.343754205 -0.087323259 0.172494315 -0.747716600 -2.233405510 -0.716910475 -0.615069871 0.116730333 -0.358478420 2.053420653 0.457253448 -0.242481193 -0.399188931 -1.467487572 -0.699515460 -0.162971459 1.448317870 -0.677334505 -2.970130615 1.914617523 -0.897225104
18.693153252 -6.148645303 39.948333811 0.589192403 -0.165168077 0.185690237 0.768824397 1.273800195 0.647751714 0.255780005 -0.561264459 0.794068945 -0.669373724 2.254753145 0.839462699 0.856104697 0.064124703 0.721098436 0.013191953 0.212623295 -1.043805437 -0.222422965 1.196091642 -0.443321330 -0.139701214 -1.308345177 0.306810237
17.248881169 2.968018033 36.719186888 -0.537672536 -0.768560481 -0.317297917 -0.139803658 -0.559048990 0.568365456 -1.758160915 -0.110660348 0.899615208 -0.872512913 -1.200635828 -0.809758583 -0.464690522 1.045564479 -0.845182634 0.160105699 -0.090117549 0.447895530 -0.139984146 1.213247247 -0.257481883 0.800269094 0.605735192 0.555123526
18.274762787 -1.049352298 26.932231450 0.207770219 -0.174656918 0.469409533 0.840226867 0.883113715 0.554836061 0.160151833 -1.206656466 0.554172265 0.911435297 0.135564099 1.422186870 2.042503818 0.334140842 0.377066837 -0.118000235 1.530101694 1.101154790 -1.065847043 -1.823107691 0.482555716 0.538039396 1.245499927 -0.541387261
16.250364264 3.733584770 30.587339077 0.695903649 -0.156216024 0.376864889 -0.591005517 -1.276131072 1.231947174 -1.048375557 1.783038700 0.292802127 -0.883629551 -0.545538187 1.730145664 0.243549016 -0.107030787 0.994310582 -0.134876135 0.882777854 0.521155676 -0.493361591 0.079162737 0.852933511 -0.361822390 -1.195607190 -0.059738275
16.635284210 -9.778072399 38.084231572 -0.456470681 0.496937305 -0.500875026 0.542044316 1.024180706 0.735352102 -0.140980744 1.153030277 -0.054934912 -1.199561519 1.512091237 1.735265831 -0.565071997 -0.332694709 1.124443568 -0.254431213 -1.468043520 -0.254709552 -0.568066456 2.293304117 0.016993353 0.604916491 -1.402842918 -0.516922425
17.259868241 -14.256272729 31.507912497 -0.389304402 0.479761111 -0.781919922 0.082901115 0.691574096 0.337102703 0.432967188 0.626120162 0.768455759 -0.274335918 1.532021087 0.971204686 -0.180963752 1.044107633 1.376336282 -0.755010044 -0.868951870 0.892924049 0.678268105 1.045574863 0.943694978 0.345941923 -1.134319742 -0.493834762
22.455641640 -0.206190642 34.607137149 -0.049082155 0.871845188 -0.486682762 -0.024835433 0.096930417 -2.054006416 -1.224458705 -2.213213136 0.381130030 0.894088406 0.064004639 0.621921895 2.477379377 2.226127523 -0.010666521 -0.498495097 -2.814527166 0.194739049 -0.607068946 -0.160195845 1.350102480 0.766821782 -0.194203372 1.396598500
18.028953053 -1.399944137 38.295672366 0.271033319 0.764220506 0.263688783 0.522471227 0.294209934 2.622198777 -0.682961540 -0.121814752 -1.125076274 0.100882844 -1.146995212 0.214135068 -1.256492958 -0.180312144 1.059473418 -2.289586134 1.052733317 -1.380552919 0.369253925 -0.933277555 -0.317249622 -0.792298269 -0.535556714 0.393871514
16.501231236 -9.785796282 28.770458159 0.241215377 -0.934584707 0.210921528 0.154527269 0.449799171 0.448194658 -0.333904210 -1.000428032 0.077612237 0.143381646 0.012904399 -0.612683736 -0.307351305 -0.721297960 0.689417306 -1.313853495 0.934479592 2.209148553 0.301848479 1.652557525 0.093929060 0.311268438 0.734757484 0.369786013
9.391798690 -9.019598336 31.143296127 0.178554033 -0.979501563 -0.085784367 0.036553899 -0.387834988 -0.333566977 -0.996467840 1.374319846 -0.773919163 0.044784032 -0.410167467 -0.919220692 -0.268359862 -0.718225678 0.669074478 -0.530405535 -0.767757534 0.894136890 -1.476889187 0.475727873 -0.083173618 0.514213697 0.125112188 -1.269245427
22.610052662 -5.000286228 30.443743145 -0.112326079 -0.848637193 0.067992382 -0.512420534 -0.697654579 0.241388493 0.745578413 2.188465574 0.264169686 -2.070555185 0.159401759 0.147830246 1.722449227 1.287532544 -1.091127545 1.382064000 1.534593879 -0.136604584 -0.535975487 0.983313135 1.313795071 -1.288935436 1.858565436 -0.376049435
10.816129920 -6.713335670 31.048402692 -0.851507044 0.211521600 -0.358154408 0.319248785 1.177177097 -2.097929847 0.435246157 1.227238841 -0.672064922 0.699379625 1.254881105 -0.672477487 -0.648947975 0.684583419 0.451107716 1.845463050 -0.287678688 -0.825057591 0.678173090 2.270948056 -1.178613297 -0.059269311 1.485038951 0.969767888
20.141329587 -5.789634411 29.444416294 0.197952354 -0.747363865 -0.631815518 0.055419035 1.165419646 -0.904659407 -2.136464839 -0.897885063 0.893035106 0.806554056 -0.461049460 -0.908950727 0.843581088 0.014199544 0.431385378 0.402173258 -1.114686813 2.305323008 0.669185654 1.641572344 -0.184479907 0.418434996 -0.570740155 -0.783678939
24.370356276 -7.229464702 32.138929815 -0.782437731 -0.119524514 -0.497762452 -0.354595021 -0.330992632 0.723538884 0.247743580 -0.154758537 0.039657552 -0.489951225 0.301086988 -0.442422019 1.172292276 -0.021116979 -0.028806989 -0.869852620 -0.903519615 -1.260789635 0.335038638 1.396977543 1.705028427 -0.278773330 0.694778214 -1.208584872
25.276642559 -6.238973930 35.440078934 -0.620746740 -0.560432296 0.440567074 0.326327717 0.239957724 0.852860835 0.657465154 -0.869496555 0.702030531 -1.532240511 3.129750845 -1.694301804 -0.904981207 -1.369528633 0.807577705 -1.449637443 -0.558715373 -1.469746624 0.285621274 -0.909378734 0.967353880 -1.132862574 -0.321093357 -0.729660856
25.264229585 -1.087042442 35.361060486 -0.373411371 -0.841603303 0.199058382 0.335624178 -0.074137364 -0.743509792 0.887208769 -1.847821361 1.052350765 -0.598190237 -0.325955088 1.050655942 -1.688409625 1.249055388 0.207595823 -0.792764252 0.026967797 0.177179602 0.106210040 -0.226207342 -0.335975097 0.422062188 0.086053308 1.621830434
16.966602476 -13.099000592 33.994180918 0.083381154 0.715925482 -0.498843368 0.481304043 -0.722939919 -0.320941843 -0.075145766 1.584235762 -1.139051787 -0.280896357 -0.222537371 0.302928024 -1.606025187 -0.299048523 -0.797080650 0.266699824 1.972770204 1.075708697 0.069466873 0.560644941 -1.640623630 -0.724773148 -0.382734154 0.624421942
14.567602176 0.282188590 23.338684356 0.592049874 -0.540260474 -0.597988188 0.002386192 1.644735501 -0.198228525 0.383652885 1.460785587 1.719644482 -1.879403848 0.957979638 0.286929055 0.207026306 -0.131339522 0.057867231 1.033834288 1.994606827 -0.980493305 0.028031055 -0.532692507 -0.796594027 -1.083963432 1.469855436 0.232317335
20.786292486 -0.089809544 33.087364750 -0.514620989 -0.248610628 0.703262320 -0.422823962 -0.046086587 -1.256379103 -1.285569963 -0.075256045 0.345822364 0.751208320 0.314016251 -1.346607810 0.184369532 -0.028751858 0.587751376 -0.837706419 0.112283458 0.756059861 -1.750873606 -0.344224983 0.363337029 1.420967374 0.538508196 1.633826306
22.616157357 -3.585726528 38.148757504 -0.720732945 0.175753921 -0.273573611 0.612218965 -0.403943952 0.908269375 -0.499955674 0.124938745 1.290418163 0.922920569 -0.752305359 0.107871808 -1.014707469 0.632563246 0.725261671 -0.417082877 -0.199216942 -0.148540060 -0.186277066 -1.342538042 -0.784371322 0.474220861 0.090116665 -0.894799230
15.236960096 -3.464886826 28.805551668 0.695977955 -0.379458340 -0.434271213 -0.427825393 -0.976709542 -0.085993614 0.600743918 -0.987130783 -0.110412344 -0.015728632 1.205604287 1.456148742 -1.064838986 -0.884837697 0.158694104 0.360184415 -0.876330556 1.253419240 -0.614431785 0.090151302 0.669191198 -0.456129253 -0.962673925 0.508672883
13.381076654 0.627281604 29.914707520 0.152561962 -0.777359082 -0.609490879 0.030960838 1.881155704 -0.076729565 -0.343918163 -0.743436240 0.208456058 -1.720130365 -0.102530572 0.419687358 0.200836847 -0.932206896 -0.371022861 -0.444378572 0.843290237 0.968282219 -1.502746156 -0.160539823 0.158483016 -0.081061764 1.727243407 -1.179981623
24.305982038 -2.815037782 37.477959778 -0.844831013 -0.267218827 0.397281081 -0.238793638 0.088647922 -0.289917479 0.520583952 0.158072549 -0.090894748 -0.036272637 -1.189165989 -1.386918997 0.155940588 -0.900267704 -1.006260123 1.170586764 0.302046697 -1.406874221 0.015912393 -0.777155483 0.367997171 0.190221772 -1.056363049 0.497257778
24.196248297 -10.064694531 37.013021646 -0.352168719 -0.730140749 -0.313105617 0.494809612 -0.142861426 0.228245333 -0.904699997 0.444487619 0.224705513 -0.481185454 0.771463025 -1.610285342 2.285545115 -0.734666432 1.473333577 -0.999302907 -0.343015772 -0.838085089 1.054415257 0.605281003 -0.845953053 1.115301643 -1.068414244 2.462196441
18.624496689 -1.673886488 36.929649277 -0.129212158 -0.454055754 -0.585453801 -0.659076200 0.248178731 -1.188975528 0.764449347 1.421480475 -1.988170333 -0.892312775 1.051510327 0.867105311 -0.020045956 -1.393904773 0.055882803 -0.568785228 0.051601326 0.956031861 -3.286072085 1.493626109 0.697237932 -1.876235064 -0.270873937 -0.581317587
14.266049609 -0.343221744 25.622653278 0.822151553 0.231455572 -0.359341316 0.375990639 -0.564157731 -0.473949114 -0.536127948 0.272553131 -1.902811651 -0.682973831 0.113985397 -0.671220222 0.827816042 -0.064704756 -0.747875902 1.227152552 0.810414616 0.948719202 0.386281658 -0.408607223 0.115875554 0.945944385 -0.536724963 2.054348356
26.333860573 -3.130140993 34.037564047 0.596718638 0.427359004 -0.160269732 -0.660003608 1.187095730 1.042919957 1.613093347 -0.180912830 -0.507706166 -1.635807330 -0.510430962 1.245474699 -0.775296772 0.254572833 -2.682157368 1.426633127 0.031186823 1.231025498 1.622758144 1.192512449 -0.291856292 -0.466743504 -1.290901172 -0.414187657
22.576335399 -6.560009581 35.127652766 -0.500884416 -0.227748304 0.611991585 -0.568077293 0.546222380 1.864180919 0.909864983 0.410481829 -0.424926112 1.743597712 1.488843283 -1.507759697 -0.527020255 0.077610734 -0.766904268 0.364808739 0.825265741 2.266698124 -0.537889285 -0.709719860 1.033040160 0.370183615 0.644459272 -0.319987805
20.162956025 -3.618808163 33.269463464 -0.798076374 -0.125909303 -0.495869063 -0.318331307 0.700007794 -1.686982009 1.607375997 0.988928013 0.165029837 -0.451240826 -1.265742762 0.999579460 -0.280397266 -0.233676380 -0.319038636 -2.339516535 -0.487709172 -0.592638785 -0.718908427 -1.015998631 1.233937608 0.804210044 -1.070238185 0.229971104
20.645417842 -7.031847462 27.628987589 0.592563954 -0.228631691 0.333128637 0.696864995 -0.239490142 0.381152264 0.122595446 1.519402805 0.760805275 -0.566954209 0.058457204 -0.564763681 -1.660592212 -0.323294188 0.936827375 -0.545015261 -1.874698801 0.949915898 0.339768888 -0.453578045 0.857532297 0.685357442 0.464537077 -0.368036128
22.166674697 -10.133198226 27.424880011 -0.438860400 -0.238973112 0.818061763 0.284725048 0.355955571 -0.348912338 0.104706678 0.478945824 0.054413011 0.617869813 0.344243580 -0.202933103 -1.965920337 0.867584051 0.921137199 0.560324722 -0.784543110 0.045706685 1.127124166 -1.468798124 1.427740995 -1.715484383 0.183464813 1.148878169
10.476786745 -3.589427379 36.213339581 -0.369164488 -0.734689682 0.052924401 0.566698914 -1.196717269 -0.589654318 -1.105264654 0.380298192 0.063411764 -0.868283001 -0.531225693 -0.121420917 -1.052988424 0.335985838 -1.401173629 0.648317739 0.994138470 1.315317008 -0.772752236 2.079223858 1.412598897 0.096298295 -1.139027153 1.623838240
10.588848984 -7.559202174 26.559922618 -0.616280422 0.638227365 -0.422754333 -0.184778368 -0.048079981 0.018060597 0.247552283 -0.248223727 1.053108372 0.323459148 0.805981239 1.185251110 0.202002065 -0.964569965 -0.039689201 0.329876660 0.700248962 1.956846993 1.239459221 1.103069052 -2.721694175 -0.397129379 -0.857861177 0.101941789
16.245806608 -10.800818387 26.734301003 0.197212276 -0.512961687 -0.294056671 -0.781989961 0.286344386 1.660875564 0.111405825 -1.029555683 1.399005157 -0.263390289 0.525922423 -0.559802327 0.354413320 0.268948318 -1.974086689 -0.972518454 1.305184683 0.818783861 -1.585941805 -0.347153291 0.464374482 2.962506075 0.826445467 0.420674331
26.629558072 -7.639016334 32.060496434 -0.572824262 0.207724742 -0.790413919 -0.062997098 0.667541017 -0.306465888 0.763155107 -0.667669889 1.015645909 -1.896184768 0.684957858 1.268954327 0.093392052 0.782543321 1.358089122 -0.662436495 -0.277433839 0.679238361 0.962920944 -0.765069418 0.463427777 0.227340809 0.675127918 0.736133236
22.135623766 -8.818323488 30.448728394 0.297075688 -0.061858446 0.022829508 0.952574607 0.203228086 -0.144998417 -0.496459044 0.439183438 -2.185438180 -1.369110439 -0.547667309 0.447978497 -0.178266087 -0.600342022 -1.555813450 0.300925901 -1.039173568 -1.069406901 -1.509113958 -0.364910529 -0.922876710 1.337761609 0.513136090 0.510535044
16.099261829 -7.604733457 26.642886560 0.716387062 -0.031901718 0.549854606 -0.428289354 -1.492745880 -0.759623758 0.331579199 0.204785158 -0.389162578 -0.684918714 -0.780045610 2.857945524 -1.998514022 1.120414424 1.245409838 0.335718054 1.715844381 -0.428046332 0.261427778 -0.885862081 -1.149063375 -1.026124572 1.015751673 0.213520524
9.794492007 -5.648721812 29.761912068 0.510022794 0.197431913 -0.168739605 0.820014838 -1.262118295 0.271404053 1.888642163 0.707162648 0.612292287 0.255120088 -0.944699569 0.677032604 1.569703435 2.113219279 2.130810120 -1.812334897 -0.314910028 1.350433410 0.520058085 0.246735424 -0.056228707 -1.681411641 0.680059355 -0.490788068
12.452191809 -7.683658679 29.023725780 0.535329084 -0.065680729 0.122070356 0.833191240 -0.570193743 3.029065080 -0.917926750 -0.300988605 -1.214583534 -0.028617842 0.387024048 -0.194155283 -0.279534236 0.338443605 -0.199325169 0.319725714 0.220908045 -0.138433928 0.391516416 -0.661808325 -0.320483708 1.027127361 -2.273653635 -0.513832923
16.100833127 -7.971001985 30.533140289 0.756395264 0.050552618 -0.210747652 -0.617167777 -1.780218920 1.190588825 -1.544764511 -1.316073781 0.686298861 0.535036951 -0.617598497 0.586258096 0.081625122 1.183836713 1.825852362 -0.240726816 -0.382284915 0.570512878 0.780123198 0.622734248 -0.887682147 0.113792751 -0.457869662 -0.410349392
16.033190707 -2.452711659 31.335945685 -0.824125981 0.327668516 0.180222349 -0.425405238 -0.344186442 1.044426190 -0.870971250 1.387096744 -2.030419875 -0.331569584 0.697189159 -0.940058344 0.494291029 1.702554749 0.350909778 -1.797569294 -0.273952378 1.597309042 -1.693429292 0.453568484 -0.752206581 1.054548923 -0.615811307 -0.015579142
11.691292775 -7.633501603 34.603723438 0.546486330 -0.171397893 -0.489776003 0.657339274 -2.317175076 0.710811637 -0.190272658 -0.598994263 -1.000693722 -0.323738798 -0.789529591 1.203955486 -0.107894042 -0.364916544 -0.819757568 -1.973062176 0.997106923 0.420036015 -0.809322479 0.888641438 1.167594657 1.613388040 -0.590266039 -2.072268328
16.768277352 -11.122017599 28.448609443 0.583366684 0.013344281 0.712057869 0.390485382 -0.669155355 0.255374353 0.672560203 0.247685617 -0.237389607 -1.031454012 -1.631914573 -0.269077673 0.823037285 1.797425941 0.052337402 0.470251810 0.966925968 1.760927111 -2.420799444 1.170950985 0.411959863 -0.114691929 0.015154675 -0.922188215
19.682827822 -7.790930467 34.324486000 -0.086180550 -0.450462269 -0.642136426 0.614261726 1.217206518 0.154500300 0.271091902 2.163859121 -0.630372398 -0.025165879 -0.358670064 -2.107042199 0.818942897 0.494701493 0.750653004 0.148070546 1.009154747 -1.395169793 0.413669505 -0.871993228 -1.486407722 0.650671460 0.605460494 -1.147334554
17.759500586 -0.933753484 38.086299183 0.517566862 -0.592495800 0.083724737 -0.611607259 1.728912817 -1.010445240 -1.744298451 0.526107442 -2.245051916 0.819971991 -0.561783668 0.767987663 0.163646653 -0.313792542 0.068844818 -0.219113455 1.420488536 -0.638115856 1.064734212 -1.392421769 -0.074880011 -0.463119172 0.247135089 0.955552963
24.158934060 -0.275664631 27.520427856 -0.894434635 0.346999038 -0.073502619 0.272352192 -0.542798244 -0.724037745 0.143503845 -0.469819059 -1.397518007 -0.364800574 1.238404799 -0.248412858 -0.010188608 0.516757457 0.791773506 0.241961386 -0.087491531 -1.201985809 -1.254839158 0.856301115 2.135367071 0.235858375 1.020081192 -0.546914116
15.340597972 -9.860454037 38.146422657 -0.529638800 0.766116167 0.156637282 0.328654105 -0.482144647 -0.854494241 0.633949587 -1.083683308 -3.108943485 1.015337020 -0.378765683 1.327496636 0.739921632 -0.199277879 -0.682636028 -0.135374317 0.648726628 0.361843005 1.553353984 -0.853242959 -1.845626651 -1.190420180 -1.854394313 -0.849147974
13.339811742 -12.886826136 29.650912565 -0.964724047 -0.134881371 -0.214853940 0.070372673 -0.870006105 0.357874085 0.482810845 -0.393172606 -0.465858856 -0.061241213 -0.344230942 1.483935017 -1.446534938 1.179187716 2.054939000 -0.306872303 -1.720899099 -0.383771671 -0.544007090 -0.019331645 0.660783797 0.772407201 -0.018360710 -1.058733053
18.056661794 -5.506211312 39.780085826 0.296530481 -0.219852012 0.149242421 0.917312088 -0.448182049 2.080034268 -0.441239644 -0.243030572 -0.395730578 -1.525453146 -0.736494326 -0.376225813 0.028366436 -0.645837089 -0.371833076 1.505188569 0.948294569 -0.854414521 0.593646090 1.566344773 -2.402535513 1.453249020 0.323333964 0.808279414
12.281816150 -7.505402624 34.130438433 0.464547573 -0.219595626 0.397553021 0.760213726 -1.909424105 -2.229353205 0.620161018 -1.971111516 -0.157101887 1.480692031 1.050367486 -1.242290710 1.322909102 -0.690433766 -1.226840384 -0.012980399 0.959610942 -0.197024875 2.114312004 2.408620002 0.472476775 -0.102655126 -0.886687241 2.482324725
14.120231034 -11.613940181 33.531379614 0.143354826 -0.087876504 -0.948937481 -0.266917162 -0.432725218 -0.156219931 -0.855963299 -2.360567499 -0.702354567 -0.369700283 -0.440898378 0.718255958 0.613851481 0.426115864 -0.409925428 0.002854016 0.764479878 1.732623738 0.496149624 -0.481651843 -0.715950132 1.484227874 -1.043769219 0.629015933
