-5.612411980 -44.031819569 -12.553925038 -0.364412849 -0.392376502 0.665328816 -0.520174511 1.129895457 2.078197416 0.714480123 0.696462741 1.011300696 -0.797328695 -0.438904963 0.234490299 -1.292044652 0.433538708 1.013976928 -0.346940962 1.636236410 0.074684966 1.028390165 -0.225847673 -0.377837433 0.381536182 -0.624493514 0.115186419
-4.508311851 -46.067340641 -11.276089049 0.171345784 -0.236995772 -0.949772424 -0.111382085 1.200063431 0.457126305 -0.886323646 0.609922842 1.035178385 0.635709962 -1.080989949 -0.589600542 -2.493592816 0.616959496 -1.591008087 -0.436857309 -0.242059626 0.333217479 -1.231199390 -1.262046970 -0.675861455 -0.021767847 -1.105726108 0.626061561
2.591928231 -45.850326109 -14.579151379 -0.447728048 0.208586843 0.592382488 0.636485752 -1.137252222 -0.968661897 -0.383191041 -1.100908852 0.319611913 0.075885642 -1.675866227 1.206890565 -2.140143526 1.452501962 -2.773487499 -1.250695326 -1.295049085 -1.246224111 1.376602863 -1.322320848 0.919914883 0.894172319 0.730322780 0.585412881
-5.083148420 -43.766205671 -19.627707720 -0.022505352 -0.461627865 0.771408028 0.437404706 -1.163962901 0.095926693 0.539618934 -1.429815648 0.472968222 0.317156704 -0.984533912 0.180949164 -1.562562232 -0.848282586 -0.227050211 -2.786779740 1.277281387 0.734729962 0.904993393 -1.277574623 -1.412841560 -0.801867765 0.514249530 2.143860065
2.948913073 -34.081199505 -8.167154687 -0.817560092 0.468838828 0.318514348 0.101657564 -0.467491325 -0.058589289 -1.419905781 -0.746388607 -0.202325583 -0.308455374 -0.636189588 -0.088076103 -0.041225840 -0.671489593 -0.642762053 0.947861146 1.802539113 1.050779894 -1.158013310 0.773767554 0.109777134 -0.364726530 -1.176115545 0.339319758
2.243897121 -37.273841539 -18.683226771 0.422732628 -0.778875986 0.457489156 0.073164168 1.712458796 -0.638241451 -0.636994810 1.063264513 0.499186141 0.128136748 -0.125031291 -0.177959671 -0.103312353 0.548170087 -0.992224422 -0.131612425 -0.310219625 -0.330614209 -0.701483772 0.344162555 -0.485791130 0.850227784 0.187087758 0.651864516
0.442653617 -39.911093234 -6.117763561 -0.906634919 0.085160051 -0.056037589 0.409415044 -0.076799923 1.383980740 0.956196105 -0.115401662 -0.423460401 0.448087848 1.002878898 -1.685758993 0.353503791 0.534634729 -0.670286604 0.871921366 -1.041449239 0.545846686 0.885135873 -0.506131933 -0.996192617 0.615878098 -0.433554814 0.634493627
2.014829941 -39.491715428 -16.472204661 -0.562480158 -0.595805080 -0.217418289 -0.530435355 -0.316421579 -0.898294002 0.451174334 0.050920561 -0.903352269 -0.175116508 -0.088841809 -0.021930655 -0.290242325 0.196338552 -1.276134457 -0.312222884 -0.375017490 0.781625936 0.101406532 0.921912272 -0.406000946 -0.388779035 -3.091876988 -2.091300960
-0.463847209 -50.088465173 -15.826782432 -0.268968898 -0.743804874 0.471080747 -0.390503484 -0.572467659 0.418700916 0.143376426 -1.017870833 0.349545630 -0.264244046 0.654147194 0.399127487 -0.073160165 -0.739459077 -1.985821462 -0.431917342 1.097685329 -0.501333216 -2.606071795 -0.446489758 0.417092235 -0.903842904 -0.908848769 0.593787081
-3.836542636 -35.090715976 -9.041482626 -0.638993323 0.002429671 -0.303374529 0.706856086 -2.273809741 -0.662459218 -0.510138369 -0.054209980 0.282975001 1.440190733 0.564211704 -0.631799351 -1.079924278 -0.023830006 -1.171679966 -0.649489578 -0.072086140 1.854910466 0.599144944 0.362994367 0.212674453 -0.139036563 0.688004156 0.143102474
-7.393839792 -44.591799934 -19.365430933 -0.760450187 0.573432116 -0.300844731 0.048821814 0.068430437 -1.017166369 -1.610947474 -0.508075030 0.821256973 1.469564793 -0.411822602 -0.142521722 0.287399390 -0.156286623 -0.414725191 -1.529828576 -0.356183998 0.550664955 -1.257461949 2.257085367 -0.409660369 1.752193618 -0.822111387 0.914010571
0.865438792 -41.717340492 -20.732752574 0.959471586 -0.247167883 0.076328082 0.111787013 1.041534365 0.724206418 0.608978732 -0.547863666 -0.879153882 1.013708845 -1.831092756 -0.599657019 1.388304452 0.318378591 0.892936697 0.309532262 0.542890765 -0.492077463 0.246544711 -0.912926074 -1.415307148 -0.498501817 0.813397152 -1.728419372
0.919367163 -41.034122914 -15.412072261 0.128264883 0.651084927 0.450935343 -0.596903556 0.798439645 0.499511417 -1.866891087 0.174571116 0.602963718 0.640768062 0.387783197 1.927177119 -0.405855601 -0.701456024 0.043658474 -0.812512579 1.238109625 0.285642571 -0.006421837 -0.597510080 2.286944771 0.550032872 -0.032031655 -0.159010005
1.885706748 -43.286109240 -22.163450730 0.882231661 0.002381881 0.147306095 -0.447171708 -0.007915433 0.431621817 -0.666334397 -0.932337904 -0.968304839 1.369818810 -0.194372515 0.084675445 0.726475972 1.431428789 -1.369917488 -0.682123350 0.250379706 -0.214623792 1.744361457 1.489663909 0.421836012 -1.152314900 1.257826963 0.485824429
-0.845572889 -49.736903602 -9.792376058 0.950807735 0.146797090 -0.168740041 0.214340997 0.539970724 -0.261388316 0.477370871 0.278109147 -0.450499421 0.722311973 1.068949187 -2.697463093 -0.319361686 -0.864646431 0.617490525 1.852697162 -0.137091133 0.728273778 -0.116528041 -0.660977902 0.113073228 0.016898891 1.024512175 -0.083493241
-6.806884259 -43.818313065 -5.924738598 0.190350347 0.184470009 -0.586240414 -0.765545387 -0.094493089 -0.535024462 -0.794143334 1.013531821 -1.894955020 0.398998901 -1.285680388 1.835756148 1.009262570 -0.834252119 -0.718333703 -0.489682972 -0.877754562 -0.817643191 1.337972352 -0.459675860 2.123236862 0.467054765 -0.456239025 -2.483458543
-8.055722916 -34.421839513 -11.227675478 0.957607272 0.161301112 0.236863074 0.029430378 -1.248789624 -1.553628735 -0.351516371 -0.128346996 -0.578635196 0.548792664 0.049434255 -1.775789381 -0.048812963 -1.701681006 1.145895773 0.143734725 0.439809994 1.046569750 -1.011139201 -2.437011930 -0.047894485 0.604748076 -0.518534482 -2.000784291
-7.546499480 -40.035687223 -10.358644510 -0.268520382 0.525370791 0.012223165 0.807299777 -0.009835606 -0.821885329 -0.403180011 -0.150427101 -0.554476477 -0.172955403 -0.982219515 1.635620654 -0.295925289 1.842902571 -1.084294837 -1.923587174 -0.709588185 -0.595770076 -0.224146024 0.131518522 0.029133402 0.080710954 1.644757631 0.042772015
-2.782626171 -39.901693021 -3.326291324 0.460742122 -0.257804496 -0.550376223 0.646791738 0.936832852 0.125569351 0.556562305 0.866527751 0.799979166 0.291250255 0.306989977 1.476844932 -0.406288309 -0.118993248 0.564210315 -0.029756219 0.099607495 -0.331144235 -0.772251095 -1.029196846 -0.575421177 2.199931304 -1.529483556 -0.462031867
-0.983299167 -38.626104166 -8.462690297 -0.338115447 -0.403490865 0.390095890 -0.755445738 -2.392245022 -0.351137566 -0.529316145 0.669630494 2.201769961 2.337717270 -0.906338989 0.419251733 1.069194468 1.582133899 -0.036599903 0.642765363 -1.390601907 -0.045673893 0.166795126 -0.081338638 -0.822327215 0.237649330 1.434325217 -1.210115482
-1.168497811 -46.725855262 -13.523362732 0.340294821 -0.411169774 -0.843860548 -0.055120128 -1.703094082 0.833701842 1.220130374 -0.198463098 0.449780654 -1.011829532 0.911695720 -0.638897870 1.637195629 -0.839377937 -0.766213134 0.696898478 0.530411159 -1.170660571 -1.026036845 1.253910914 -0.684410196 0.979139433 -1.369511864 0.537340010
-6.552210769 -43.180706055 -19.098874988 0.367667194 0.098444043 0.645990375 0.661684245 0.286740013 -0.391450202 0.264929484 -0.633385898 -0.803130300 -0.076938742 0.396567976 1.549085531 -0.552701762 -0.277164185 0.719961148 0.198149532 -1.559003645 0.497957597 -0.169914672 -0.573377741 -0.618584069 -0.767223581 -1.004833537 -0.475658526
-3.915499895 -46.669835393 -18.050221439 0.139753690 0.863255939 0.424936768 -0.233852162 -1.101675499 -1.375803454 2.689613135 -0.004105273 -0.925274765 0.643412497 0.186119036 -0.696186591 -0.910738329 -0.069168908 -0.263770400 -1.205973180 0.367816199 0.971133618 -0.604735073 -0.906300537 -0.393720229 -0.059185813 -0.284820379 0.208968485
-8.519836380 -40.349837735 -11.791929374 -0.299723867 -0.635601556 -0.468758290 -0.535202701 -0.332275135 1.497524847 -0.473341994 -0.232026689 1.443335687 -0.655229189 -0.364849782 1.392579619 -0.007649965 0.753874730 -0.730299011 0.498930477 0.985280675 -1.104894666 -1.101047778 -0.285534292 -2.133848486 -0.644909717 1.533738965 -0.856918187
2.676015327 -40.244134158 -21.160551800 -0.411057487 0.273064663 -0.571739697 0.655424405 1.372694545 -1.521605941 0.103959258 0.640656895 1.165404921 -1.380606609 -1.314698645 0.256114626 0.346384365 -0.852886679 0.518064260 0.017177428 0.024032588 0.944451458 -2.504060743 1.600722406 -0.156222074 0.726619104 -0.342908561 -0.433046849
1.987872305 -42.756015214 -4.586909673 0.587700732 0.330273997 0.021645257 0.738280719 -1.338295258 -0.363241857 -2.031686750 -0.461033931 -3.533565612 -0.958761253 0.025216985 0.022556099 1.081345374 0.052244102 0.749714705 1.029166962 0.581751247 -0.052574294 -2.176200131 -1.027401415 1.388154448 1.161526335 -1.213846602 0.106045231
-0.966411730 -41.949848159 -5.210827306 0.724579855 0.463255522 -0.055498990 -0.507245716 -0.398755567 0.125819468 -1.682875481 0.987175291 1.076108849 0.255976451 -0.560105096 -0.992081616 -1.250920028 -0.390985583 -1.013214118 -1.281979502 0.439644421 -0.550928882 1.028127693 1.117733362 -0.681244644 1.291718190 -0.014620677 0.210640294
7.815288329 -41.463447297 -16.912031857 -0.742421382 0.514770939 -0.425092705 -0.055835155 -0.354261520 0.016403301 -0.382227722 -1.175949244 1.121948567 0.133941579 0.918179767 -0.306447917 -0.904896892 1.262093256 -0.591810863 0.106736807 -0.366502676 -0.179379323 -0.436422274 -1.218361978 -1.314013184 -0.687181080 -0.212292357 -1.712540613
2.486250761 -45.086183837 -8.927530126 -0.846423475 -0.458438266 -0.186018812 -0.196973754 -0.187000463 1.851520273 -0.497691568 -0.318865961 1.917842368 -0.548079821 -0.491307484 0.620757295 -2.525444545 0.408636197 0.020370510 -0.540003312 0.237783821 1.337387169 0.071942921 -1.453090160 1.196676712 1.246291263 -1.400287970 1.436227703
-7.808277170 -45.737540703 -9.030604894 -0.630883005 -0.566841423 -0.428187147 0.311982696 -0.377745334 1.412181577 2.280502960 -1.980130780 -0.444798019 -0.376275777 0.668290614 0.024653439 -0.757822235 0.830768960 -0.772020765 0.433629880 -0.939984485 -0.137307463 -0.219363441 1.396007646 -0.001865429 0.163764247 1.451386906 -1.345180721
1.231911971 -38.382179680 -10.264572311 -0.367564611 0.688042952 0.277279956 -0.560900150 0.858146013 -0.952125361 1.837865182 -0.369610159 0.852878008 -0.370367218 0.463031463 0.387409341 -0.522508480 0.606942586 2.035288295 -3.712303616 0.862100742 -1.524355561 1.009377248 0.119218976 1.449371896 -0.833055269 1.154921822 -0.526379302
2.814969759 -39.800384709 -9.327187138 0.599301690 0.067376440 0.796628242 0.041004193 -0.892107505 -1.363098854 -1.057133697 0.952405529 1.048235365 -1.703362948 -0.089042132 -1.166778641 0.624474863 -0.308415270 -0.794570803 -0.332777064 -1.149092332 0.197255286 -1.563546792 -0.769535786 0.033946550 -1.159012693 0.789613906 -0.448225270
-7.609433723 -37.735646157 -11.450871942 -0.863446599 0.016710906 -0.395857703 -0.312213702 1.474884444 -0.424847524 -1.650994763 -0.919323386 0.617183993 0.616309635 1.689396855 -1.169840573 0.538070331 0.486532331 -0.111459910 0.600458200 0.320317000 -0.732294486 -0.438060729 -0.492402764 0.720913033 1.068221936 1.444134862 0.946501062
6.559567227 -37.260427967 -7.363015323 -0.229685556 -0.088421316 -0.291163792 -0.924472748 0.549972335 1.003534174 -1.129290022 1.619260830 0.082588281 -0.106239596 -0.374870220 -1.000017997 0.365582336 -0.788004771 0.546230812 -0.471042393 1.670683815 1.087269898 1.025024442 -1.757676605 0.522311599 -1.758270383 -2.072111343 1.113706190
-1.004259019 -44.030249013 -21.017576923 0.530635382 0.761144677 0.157285317 0.338151151 2.270758160 0.976108034 -0.381893304 -0.521366252 1.508707077 0.203297015 1.200745986 -0.850158324 0.769061721 -0.446382003 -0.138791501 2.309286679 0.074268887 2.407142083 -0.333428315 -0.272703374 0.035495609 0.263102543 1.567255212 0.159416913
-2.481668121 -37.699393271 -8.988245381 0.080528122 0.741855895 0.325874939 -0.580491668 0.936261695 -1.115068323 1.852676304 1.023735126 -0.116505428 -2.029185318 -0.583840856 1.469623051 0.644037016 -0.574986433 -1.266365423 -0.129191580 -0.746209180 1.650192250 -0.706988936 0.562438998 -1.661914567 1.302172745 -0.478055081 -0.122411737
-4.602718285 -36.125825859 -8.861817893 -0.516843759 -0.672687539 0.112757395 0.517348793 -1.016561583 0.256121673 -2.204195872 -0.893902423 0.042168005 1.562480351 -0.095959944 0.826204883 0.559331826 -0.581442023 -0.029463824 -0.062097536 1.829768971 0.928760400 1.529143280 1.767653082 -1.482120421 0.990221659 -1.943877515 0.422439667
-7.148862331 -44.413199537 -16.420141403 0.869647522 0.197270496 -0.452515896 0.005186818 2.329950453 1.599537234 0.333305977 -1.542127702 0.813388632 0.535127535 1.147276765 1.456174910 -0.780745700 1.056298134 -1.404065920 0.791745699 -0.226676817 -1.188342164 -0.899503857 0.378061851 -0.301028403 -0.405016753 1.344301233 0.930732261
2.110769613 -39.968495309 -5.791637725 0.954410802 -0.167754665 -0.187193244 -0.160987833 0.183248476 -2.347243024 -0.119095274 1.168366059 0.173423665 1.110382527 -1.441550179 -0.584131976 -0.236817653 -0.468694243 1.687762901 -0.389526650 -0.274542125 1.396786388 -0.436400155 -1.100016306 -0.193322692 0.715617835 1.174288175 0.827702444
3.968519428 -48.652841400 -12.136839004 0.485555920 -0.842217660 0.073818987 -0.222386193 -0.481848054 0.264208413 -0.215559002 -0.159182692 0.472711727 0.268624688 0.405389878 0.869741579 1.714471123 -1.030734063 0.048607450 -0.540335263 -0.382359643 -1.984422854 0.930253409 -0.411346375 -0.570692672 0.474709421 -0.773118217 0.325735695
-5.838159299 -34.031269864 -12.494751262 -0.453650946 -0.364604898 0.101553643 -0.806815311 -0.622003205 -0.722684713 -0.266980288 -0.178840756 0.815122515 -0.260015820 -0.311858378 -0.032120174 0.075011482 0.864861025 0.921957151 -0.674671597 1.579413897 -0.879582804 1.282041822 0.011561121 1.092911590 -0.631937931 0.773866260 1.962546641
-5.235779414 -42.184709081 -19.378810948 -0.334285695 0.083587539 0.900265664 -0.266060014 -1.285957392 0.120987924 -0.381719544 0.937714201 -0.851132412 0.882411093 -0.682824652 -0.148649824 0.364031678 0.239703155 -0.499813035 0.514496383 -1.351338042 -2.101376528 0.062402798 0.545525754 -0.446346906 0.015680435 -0.796969111 -0.801682806
3.910946912 -45.566758849 -9.806308779 0.497774340 0.320445676 0.700815944 -0.397985285 -1.201267224 -0.021342203 -0.169806728 -1.093977877 -1.589561214 -0.418443159 -0.437587763 -1.044952373 -0.790656954 1.226287798 -0.143344720 0.082948966 -1.174706247 0.181187038 0.422659182 0.947469253 -1.379587662 0.901275309 -2.563317707 -0.158261170
-0.927355003 -42.452499377 -6.894019680 -0.156721287 0.296720005 -0.356170753 0.872088339 1.418895875 0.042918614 0.363257676 -0.100376082 -0.885005570 0.874762081 -1.317255906 1.170889120 0.098279412 1.494571398 0.154821020 -1.160746954 -1.383957091 0.854191144 0.948076853 0.105225816 -0.381633152 -0.094681376 0.923262401 -1.562501139
3.208581210 -40.872622818 -17.276288460 -0.214755176 0.570189644 0.777381444 0.156339615 -2.191174525 -0.805106403 0.971520966 2.242893035 -0.214826097 -0.670285906 -0.405759381 -1.342703749 -0.231342091 -0.920753647 -0.114993090 0.982759282 0.302096675 1.602107018 0.219725477 0.599990776 -0.905155397 0.026154338 0.170750816 -1.134081967
-1.443227720 -31.133114521 -13.596896899 0.387830425 -0.498374394 0.011076903 0.775298540 -0.397727709 -0.131064883 -0.148491387 -0.623343275 -0.002183542 -0.719039349 -1.595169324 -0.061535662 -0.693733497 0.430974008 -0.122455887 -0.007140935 0.369356467 0.259107201 -0.673452542 -1.761407761 -0.434843805 0.272942770 0.203615454 -0.032453798
-2.385862696 -45.994559436 -16.596241820 -0.145506009 -0.300130047 0.281392295 -0.899760153 -1.905753763 -0.699761256 -0.376507807 -0.753891779 -0.481130708 -0.124848860 2.470533255 0.229408644 1.055417358 0.016050131 -0.010892658 1.789285249 0.234914114 -0.219049296 -0.259191006 -0.141520486 -1.507643909 -1.985555106 1.884671959 -0.222017868
4.402784303 -38.697735449 -15.350547631 0.537316530 -0.535281077 0.277793880 0.589572451 -2.367840358 -0.147020452 -1.196220832 -1.164607904 -0.216755863 -0.986430992 -0.274188797 -0.295941636 -0.025552180 -0.415978046 0.219134881 -2.089721880 0.818858613 0.969678444 0.141906048 -1.135648558 -0.400583026 -1.453001584 0.391381754 0.613351303
-0.786776300 -45.479409872 -17.454890389 0.472394831 0.195406647 -0.805357568 -0.300097574 1.404144621 1.448813699 -0.560329758 -1.698167419 -0.983218695 1.437240491 0.123344849 0.195881836 0.131370768 0.193511473 -1.104367914 0.893033434 -0.457885929 -0.654273851 -0.447030760 -2.293081364 0.740386334 2.694223054 -0.319048578 -0.880773795
0.789920366 -33.426805321 -8.362762923 0.729503624 -0.088164518 0.392231476 0.553358789 -1.031151150 -0.101748302 1.324695510 -1.519292252 1.169404723 -0.149451456 0.823592500 -0.129359995 -1.154099468 -1.032101197 -0.341543032 0.204461822 -0.491135939 2.028370388 1.611935803 -1.281713581 -0.190671484 -1.793278036 1.182068025 1.406649735
-2.707211748 -36.979293902 -19.115797285 0.818785327 -0.319633553 -0.476526602 -0.018638081 0.713819628 1.486553887 -0.724384493 -0.431220613 2.510510096 -0.023266814 1.005798754 -0.531501407 -0.055185875 -0.089233111 0.385722479 0.610540436 0.575191156 -0.457359895 1.974247516 -0.533439987 -1.347367656 0.422792413 -1.667292092 -1.356675499
-2.751393964 -41.544559160 -16.198623131 -0.138848096 0.013467018 -0.947415142 0.288000685 -0.793692051 0.511637611 -0.236179633 1.859770982 0.910845303 -0.534645932 0.035111156 0.027549112 0.896953688 -0.460224197 0.441063331 -0.145048919 -0.053291615 -0.014165089 -1.750025328 -0.248562901 -0.993170968 -0.406038232 -0.795760460 -0.571981625
5.055164965 -40.597939029 -10.463991079 -0.607058479 -0.340929823 -0.568860927 0.437771749 -1.014605666 0.483137701 -0.242220950 -0.525430058 -0.351816991 -0.020143542 -1.388105062 -0.211130113 0.445202594 0.277677082 1.182347342 3.060039585 1.105767290 -0.583403133 0.127013412 -0.275879085 1.302825955 0.299886955 -0.056070317 -1.637897050
3.566137624 -43.297464836 -15.037303637 -0.455772477 0.416689621 -0.725154004 0.304619236 -0.629597782 -0.855562712 1.730124541 -1.862174061 1.130781740 -0.961012333 0.112448269 -1.001838339 0.489952073 -0.157291449 -1.335092130 -0.437574226 0.266896981 -0.393031649 -0.342628037 -0.121034944 0.784091714 -1.065979499 -0.119091807 1.468288151
8.700076927 -39.544580143 -11.034956000 -0.374097740 -0.063322510 0.165133257 -0.910369237 0.142599531 -0.662409148 -0.853127671 -0.559385963 0.538685147 -0.027803245 1.116664288 -1.372581865 1.515378569 -0.052674215 -0.920882770 -0.264815621 -0.301898594 -0.437341910 -0.337205763 1.553230749 -0.271640560 -1.215574518 1.342829715 -1.641886804
0.235350661 -44.454424960 -5.909005449 -0.857792039 0.194693205 0.137532105 0.455381481 1.362606688 0.890089746 -0.205396938 1.083844367 1.509586358 1.735612865 -1.262296631 0.240602687 1.234348909 -0.225192004 -1.217607941 0.330921001 -1.382679676 0.286936605 -0.983538219 -0.777057899 0.588506283 1.397099798 -0.291185675 -0.903849558
-7.000634420 -39.000150324 -18.463092715 0.751959342 -0.304505799 0.478066175 0.336580005 0.983704488 -1.216964179 1.865389945 0.438344138 -0.285781821 -0.337353693 -0.040107438 1.473704513 1.086999917 -0.262446451 -1.002696263 1.561611070 -0.884314360 -0.356669444 1.862267235 -0.467990278 2.142642047 -1.130107409 0.711997228 -0.016676025
-4.222932028 -42.616213266 -19.320200841 0.959572307 0.020422763 -0.231915822 -0.158173796 -2.126188439 0.614419689 -1.070708081 0.389503860 -1.008074761 -0.980709788 0.032592728 0.677035957 1.187632369 -0.181511827 -0.878438301 -0.483687135 0.770962816 -1.314361861 1.352179686 0.010203886 -0.058173611 -1.693475206 -0.674669701 0.570616991
1.730006897 -38.211320918 -7.430515990 0.103248725 0.653830374 -0.539478114 0.520393032 -0.723779865 -0.908000872 0.044752288 -0.805054918 -0.763284201 1.210320122 0.546165741 -0.821726365 1.696848372 -0.151785042 -1.343445507 0.587455236 -0.840247646 -0.999298119 -0.408559348 0.689147304 -1.458061135 -0.169244328 1.803226248 -1.800314100
2.758292078 -39.596616621 -20.775384115 0.391352909 -0.150310150 -0.905298122 -0.068447568 0.002214162 -1.047264744 -1.396927862 1.273152299 -0.351372669 1.149123253 -1.343536047 1.204571523 -1.040654912 0.480727940 -0.445777077 1.455855923 -0.909612740 -1.419056285 -1.293072432 1.911808459 0.510477348 -0.129914392 -0.119097254 -2.285291428
1.964049188 -42.771723835 -22.032281264 -0.900519788 0.374572436 0.154048074 -0.158204909 -1.141176616 -0.037157920 -0.157890751 0.192682710 -0.894468364 0.573344466 0.972431205 0.480167383 -0.765468799 -0.023284017 -0.324075222 -0.352770669 0.033540178 0.107361320 -0.505329435 0.627738849 1.104743228 -1.444702055 -1.075099146 -0.124326558
-4.456287543 -42.980616964 -9.970176677 -0.291275632 -0.725387684 0.189831241 -0.594083591 0.573542734 -0.601997692 0.028639692 1.451302674 -0.224207682 -1.277030292 0.623059499 -0.376572533 -0.521103454 -0.751446091 -0.189903628 -0.440502558 -0.395027137 1.240030905 1.139236080 -1.675552899 0.133870223 -0.654684621 -0.393601356 0.182895509
1.664554232 -45.190631572 -10.861707409 -0.333930861 -0.359798499 0.091008888 0.866459810 -0.631268854 1.223482052 -0.326743640 -0.559097094 1.048849690 1.689067204 1.848559384 0.102992641 0.251351414 0.323242815 -0.503664859 1.005538282 -0.298531600 0.037268835 -1.121194053 1.523236162 -0.724521220 0.692257242 -0.649623460 0.755440746
-7.608808421 -43.697453038 -15.687136265 -0.501387557 0.482837701 -0.178039619 0.695543073 -0.949314621 -0.714201545 2.935038034 -2.002540677 -0.046587962 -0.335168065 -0.530038007 -1.207080097 -1.826848007 0.410373865 -0.505157572 -0.634069013 0.108869558 0.090293247 0.022517621 0.307494914 -0.880217558 0.317164451 0.439484265 1.509049777
-7.549457540 -34.659287402 -12.778115783 0.350314813 -0.672983785 -0.153898299 0.632998950 -0.259440291 0.225162332 -0.141977386 -1.429825229 0.511837891 0.324898720 -0.680263489 1.932579096 0.165951037 0.652407777 -1.735825116 0.445683458 0.384973291 -0.346322003 0.132408670 0.024887470 -0.096307904 1.198249954 -0.330240047 -0.187646849
1.975119018 -32.041633738 -12.800717310 -0.073972952 0.264130391 -0.742626257 0.610957758 -0.007530573 -0.110795763 -0.173616564 0.458248524 1.698102182 0.709986493 -1.933022704 -1.168395747 2.059833947 0.070314916 -0.133227238 0.358686718 0.425047163 1.084468355 0.987501216 -0.519477057 0.955148559 -0.078124088 0.432176915 1.753530959
-3.518292824 -48.228593794 -9.742467850 -0.843157385 -0.427543324 0.032836302 0.324367242 1.763786183 -0.077363526 2.297951582 0.791692726 0.788022374 0.806880308 -0.534519142 2.602505495 -0.709251370 0.149594631 -2.260967497 0.386059149 -0.928013859 0.133152939 0.129694773 0.011050429 0.142316711 -0.787688967 0.551708025 -1.882843183
-3.388156722 -41.021032228 -5.211084128 -0.905445502 -0.059916089 -0.028487760 0.419245695 -1.841257078 -0.813112369 1.439115859 -1.011717945 -0.613881684 0.927109961 -0.400085891 -0.290049709 0.683455834 -1.257163158 1.987636627 0.313629044 0.185701913 0.717280842 -0.339863330 -1.217699087 -1.568201834 -0.194356868 -1.576062347 1.044698446
1.633218697 -40.402342631 -22.381913450 0.391294203 0.701832932 -0.017042013 -0.595003322 -0.178140368 0.638552764 0.978218885 -0.027442594 1.277561157 -0.471364512 -0.500819162 -1.535338188 1.695051163 -0.200803464 -0.399949120 -0.714552790 -1.798787966 -1.054823077 -0.152467070 -0.001756630 -0.710814423 -1.029301748 1.166400279 0.950185325
0.002236588 -40.964352710 -22.421783313 -0.806425306 0.378039507 0.378783029 -0.251570613 1.112638342 -2.433524158 0.999448775 0.836797384 0.385517897 -0.183379504 0.355000999 0.484640213 0.632149445 0.024422651 -2.155851656 -0.927394885 0.000056130 -1.363524203 0.822566780 0.870542375 0.513098124 0.711776208 0.003306941 2.360312733
6.510764295 -46.839551184 -12.664903548 -0.038438897 0.420802323 0.763001860 -0.489158479 0.525659300 2.863541840 0.686959387 -0.667424731 -1.025032432 0.311019668 -0.574086286 2.109414817 0.050363607 -1.213735801 -1.213143888 -1.908994396 0.097233914 -0.108540950 -0.053120793 2.144594530 -0.497359174 -0.639453049 1.312687774 0.528552981
-2.437007280 -46.717036915 -13.307262632 0.499294403 -0.018622301 -0.852075543 -0.155966591 -0.648311514 2.340231091 -0.859876576 -1.178042898 1.979679622 0.981785552 -0.802304114 -0.151192018 -0.671963148 0.149383473 -0.545782057 -1.009672664 -0.954250907 0.980886115 0.305258421 -0.093788162 0.231287794 1.367320176 1.956996061 1.840167115
0.210505565 -35.578984116 -11.144376777 0.000394008 -0.049410932 0.459864154 -0.886613425 1.430220379 -0.386982256 -0.974953753 1.173607371 0.349652315 0.790446241 -0.877477446 -0.094406564 -0.280408284 1.294835726 1.037042991 -1.140871544 0.007960062 -0.310216633 -0.995730002 0.853485050 -0.941765823 -1.449962492 -1.396913995 0.280416230
4.616375276 -45.526653394 -15.376542542 0.844719394 -0.372629102 -0.095948520 0.372008844 -0.642075635 0.420181345 -1.277401534 0.856572462 -0.574910314 -0.588637758 1.135668412 0.042028293 1.275855166 -0.381870520 0.123017887 0.836782924 0.759363469 -0.690247090 1.233499198 0.134164520 -0.195059429 0.133386438 0.496343990 -1.045730680
-6.146727315 -41.109768864 -10.774754313 0.079247205 -0.712119561 0.502042167 -0.484313198 -0.268259513 -0.461944869 -1.333832648 -0.222269447 -1.176482006 -0.275935818 0.115724693 -1.039038056 -1.748745296 -0.056899701 0.853051994 -0.598852104 0.996497602 -0.492587702 1.158074431 -0.349693043 0.133273737 -0.552717298 -2.228286101 -1.730282430
-5.313338783 -35.105930749 -18.918690686 -0.458563697 -0.838196274 -0.126055865 -0.266938682 0.940008952 -2.207391256 -1.545698032 1.410661011 -1.112359527 0.426468308 0.248356959 -0.785196688 0.834583074 -2.049422680 -0.293888427 -0.082687048 -1.572007631 0.184064317 -0.174968719 -0.048840946 1.283769245 2.086108154 -0.833021136 -0.017904380
-3.498921166 -43.292322026 -22.093819625 -0.116454772 -0.421225454 0.889784026 -0.131498251 -0.326372121 -0.407134673 -0.536866819 -0.110552633 -0.123528774 1.543369472 -0.544447809 -1.868679262 1.310865781 0.968345896 -0.553320491 -0.028793550 1.112561039 -1.145189055 -0.055400684 0.380958938 1.632776620 0.275135437 0.455573795 -0.890197940
-0.645585112 -40.793809126 -18.111939563 -0.800906906 -0.550297940 0.108245853 -0.209769254 0.982263602 0.788153087 1.015160732 0.991920939 -0.667036145 -0.627560537 0.727819219 1.536688609 -0.703998864 -0.786021537 -0.114972104 -0.144711376 0.358635700 -0.941358730 -0.515513427 -0.238376049 -0.828332384 0.300165982 -0.598094073 0.704643227
-6.492096924 -47.649789934 -12.492235119 -0.564102938 -0.094106667 -0.727178697 0.379661631 -0.627580911 -1.602000205 -0.060810154 0.427799427 0.012342561 0.457096817 0.901398645 -0.034635122 0.543209685 -0.184514572 1.248155947 1.243639879 1.154739827 -1.492125170 1.101644342 0.160491874 -0.720019977 0.270270507 0.910816178 -1.622350085
5.116066725 -42.281011215 -18.007239960 -0.035809475 0.760077680 -0.611785423 0.216143930 -0.801039648 1.751454377 0.130224659 0.527275604 0.855264943 -0.186471866 -0.808204428 -0.679071567 0.078734396 -0.227938164 -1.711608524 1.156555183 0.906941842 1.000614684 2.002392046 0.091257914 -0.658308368 -0.159475102 -0.327204084 -0.875993710
4.415617635 -34.880070628 -8.086900088 -0.820244952 -0.247499882 0.280647184 -0.432642098 0.444472964 0.854133995 -0.011103188 0.156333637 0.582916839 0.602740513 -0.748773535 -0.458296601 0.423051005 0.388456733 1.281645278 0.135250990 0.833343617 -1.079687487 0.990921235 -0.669507845 -1.461326986 -1.125034069 -2.325829071 -1.768498824
6.362369774 -43.285321448 -6.917263013 -0.422537220 0.412161980 0.647153643 0.482469649 -0.213195244 0.063520622 0.411585415 2.024547619 -0.041544196 -0.372177959 -0.278570613 -1.566320541 1.207839752 -1.207833760 0.400119008 0.268287569 1.198375442 0.226469355 1.979431313 0.037516611 1.544586179 0.327698004 0.924663971 -0.355138185
-4.256220710 -39.380866871 -8.352870571 0.441745928 0.857265606 -0.214780232 0.154355654 -0.927438017 -0.210951595 -0.008015481 -0.227423008 -0.531462113 0.313292437 -0.003367164 0.054569493 -0.446837644 2.057739412 0.818880116 -2.631830064 0.347270350 -0.179430754 0.063493463 -0.733394498 0.920017892 -0.309826457 0.907452393 0.528669336
8.077782826 -41.901971758 -15.656175167 0.330194545 -0.605511207 0.285195787 -0.665575769 -0.037236554 -0.646280712 -0.051466271 0.355872991 0.449455779 -1.482476044 0.202220518 -0.528861635 -0.403365038 -0.549634164 -0.635771415 -2.115243398 0.131395229 1.500866919 -1.709010790 -0.293462364 -2.743086600 -0.702714284 1.066011354 0.249558667
2.265482493 -36.469789808 -20.562811723 -0.345919310 0.497515783 -0.789148708 0.100310484 0.884772351 0.827069567 -0.108797964 0.159527314 0.995362615 -1.503088723 0.629566658 0.061568697 0.648242237 -0.522555517 0.628051590 0.725273760 -0.999355226 -0.672111432 1.376443652 1.178020493 -0.718834762 0.009867075 1.268507705 -0.814874604
0.585246078 -35.394179288 -8.297486498 0.235479094 0.114296221 -0.358142060 -0.896225549 0.754054509 0.055618489 -0.953724824 -1.321413164 -1.148018910 -0.266091554 -0.550596414 -1.787514151 1.406628437 -0.062638575 0.758504003 -0.058815824 1.673435194 -0.473844433 -0.819024872 1.254726205 -0.007896949 0.705069883 0.592665436 0.258994608
-0.635860962 -41.764420625 -8.643892270 0.232240940 -0.626997950 -0.116592218 -0.734400416 -0.369876789 0.199809158 -0.073087682 0.453521904 -0.226448838 -0.263441876 -1.383727733 0.764225946 1.213870292 -0.974235471 -0.338789088 0.897781843 0.921259683 0.201150889 -0.424753205 0.985857500 1.492609967 -0.851255155 -0.184178977 0.384593393
4.529118614 -38.019687309 -12.666459687 0.613234941 -0.186250914 -0.737855144 -0.211715116 1.372307579 2.028448862 -0.441966984 -0.560348667 0.888088869 -0.275861731 -0.989795242 -0.529729107 0.094116314 0.190098209 -0.167813191 0.031124502 0.410063693 0.988200028 -0.259365374 1.473496350 -2.720642603 1.020007056 -0.446373701 0.400072865
-5.220748459 -40.110561786 -18.027421256 0.573668323 0.252259664 0.593358659 0.505168505 -0.983516586 0.134268503 0.989123627 -0.874858780 0.720612313 -0.633180456 -0.529524585 0.028362439 -0.045017548 1.003107655 0.296975190 -1.346988304 -2.030982127 0.087792409 -0.853905122 -2.264445966 -0.461293830 -0.136681101 -1.042205927 1.752382150
-0.411533685 -34.450198242 -17.758964480 -0.243186771 0.254714225 0.934501792 0.051838786 0.629503989 -0.821689504 1.325559634 0.182595427 1.328657424 -1.977447163 -0.665081870 -0.622351098 -0.192036151 -0.146278206 1.572597821 -0.594555482 0.034162898 0.648912368 0.122015371 -0.468499577 -0.322736802 -0.036918633 -0.938172314 -1.137766941
-7.955928368 -38.897908764 -13.952606033 0.720299171 -0.057554727 -0.278532941 -0.632673659 1.871011572 0.726264950 0.025701203 0.000614403 -1.601401940 -1.270648336 -0.368500159 -0.005092948 -0.999305502 -0.407986399 0.339163724 0.734944683 0.184184899 -1.294253171 0.122292839 -1.044757636 -0.556910581 -0.856436828 -0.506542160 0.952892026
1.419027541 -34.405236816 -9.612781861 0.404028862 0.629470826 0.241780361 -0.618117638 -0.210488001 -0.226101991 -0.736956070 0.754953317 -0.705798440 -0.479670134 -0.021198788 1.886553882 -0.807685393 1.306328017 0.453094243 0.772448210 -0.444080659 -2.444412048 0.820663976 0.272918648 0.940972374 -0.673519667 -0.020545023 -1.233470997
-0.216120318 -38.122991533 -8.182617185 -0.338281001 0.184790884 0.466087675 -0.796354553 0.245096957 1.327395712 -1.037689287 -0.777905729 1.104495232 -0.454058552 -0.757992749 -0.446999842 -0.247369762 0.540198410 -0.141442431 -0.930073934 -2.549517283 0.077129660 -1.665954864 1.327207142 0.450438792 1.846383342 0.442611131 -1.018883609
0.488414912 -41.677013966 -22.696909688 0.545877770 -0.143862327 -0.345678105 -0.749551692 -0.483422096 -1.229072271 1.914680536 0.580435373 0.719115293 0.331737967 0.851250544 -0.075143697 -0.930268419 0.180880578 -1.478689878 1.417423604 0.520036840 1.851471034 1.464242373 0.995340908 0.294980004 -0.226264928 -0.071489264 1.375959933
-1.313646005 -31.607227672 -13.506668023 0.509185052 -0.381803304 0.697140587 -0.330078510 1.453167865 2.469460071 0.033627306 -0.375190739 -0.588532597 0.141226983 0.576777861 -0.623175386 0.992302029 0.455104230 -0.365584684 1.264351472 0.770774283 -0.496689970 2.305183595 -1.673666264 0.833167755 -0.904691618 -1.077680128 -1.466242808
-10.676509158 -41.214890837 -13.165562017 -0.018154202 0.797165443 0.355963224 -0.487327266 -1.715173485 -0.730940393 -0.865576169 -1.353699958 2.643533500 0.724240779 -0.114029807 0.761963110 0.085435888 -0.642543558 1.832150494 -1.012544910 -1.711901686 -0.095258248 0.003018050 -0.375021330 -0.093395422 0.786181160 0.661429523 0.034174668
3.065599427 -38.994941692 -6.417461096 0.255708326 0.108679514 0.861711169 -0.424565514 -0.416540158 -0.881531975 -2.406785762 -0.357123016 0.343086098 0.217556569 0.425967519 -0.605020290 1.104470994 0.174552611 0.252371387 0.987148130 -0.611458437 1.493589380 -0.076753673 -0.792363043 0.262195990 0.120759654 -0.486412145 -0.383006689
-2.240961094 -44.709144584 -16.634263641 0.230203598 0.501192390 0.552570483 -0.624882671 -1.451030342 -0.557339863 -2.530553328 -1.043646187 -0.335453938 -0.626747839 -0.372011653 -0.944674828 -0.584589848 -1.834117655 -0.458476358 0.647191348 -1.120104632 -0.236378648 0.653636532 -1.049019585 -0.105813520 -0.077274945 0.009761939 -0.094662709
-7.198224317 -43.246324693 -19.369628931 -0.308644364 0.227930950 0.372616752 -0.844951416 0.549973381 -0.294285778 0.985635038 -1.822087686 0.653725209 2.170486655 2.045114709 0.343918493 -1.017189965 -1.837904779 1.499516527 0.854114328 -0.911096914 0.716982542 0.601480173 -0.815716518 0.599902188 1.092656092 -0.318436146 -0.383857011
-5.393055629 -41.068373124 -4.381777905 0.553437624 0.604183949 -0.533298560 -0.210383455 -0.567197004 1.415279958 1.461976666 1.468662558 0.103384289 0.788479210 -0.355445426 -0.233555481 0.936755094 1.371800499 -0.226202986 0.714323488 1.639508645 -1.213200409 1.324984082 -0.585010857 0.935707337 -0.955826444 -0.883495488 0.531730040
2.777517376 -31.901860599 -10.978765198 -0.845193750 -0.507590664 0.154797879 0.063536280 1.088090060 -1.097371156 1.955534029 1.619890395 0.960475110 0.079164775 -0.030752163 -0.106744233 -0.583047619 0.548756329 0.892280295 1.436179275 -1.149532596 -0.244747337 -0.245175604 -1.061684660 0.995644161 0.491004730 0.091813839 -1.041337002
3.331900315 -33.080988667 -8.842936984 -0.065348401 -0.404485311 0.135824884 0.902038148 0.232281102 0.907488917 -0.584006679 -0.279845275 -2.149632157 -1.187752472 0.825941016 1.148186303 -0.976722082 0.937147601 -0.768348111 1.064147713 -1.231905376 -0.507438943 -0.690072630 -0.778448364 -1.186855897 0.126793970 -0.114963073 0.670821011
3.146664101 -44.198691881 -16.814309954 0.108714537 -0.583191622 -0.647062773 -0.478934702 1.030909753 -0.221415171 -1.446772196 -1.074936883 -0.711260085 1.446131248 -0.044224385 1.367605496 -0.670005124 -0.001021590 -0.849809766 -1.364315524 0.288444855 0.575923425 1.240720400 2.028465047 -0.023459377 0.163124827 -0.035196898 1.425235917
-6.404736020 -37.010060004 -14.757211105 0.305822037 -0.698329651 -0.112939738 0.637223035 0.061772395 0.093203432 2.577141603 2.617189453 -1.482734071 0.533591008 -0.373562029 -0.071893606 -0.820137780 1.032867638 -0.597516914 -0.174895566 0.608696931 -0.262139027 3.336658305 3.030389462 -0.253376830 -0.442251306 0.221384321 0.257873865
-1.877109911 -38.004886272 -14.065856889 0.533565785 0.029599892 0.351354950 0.768752950 -0.619659212 0.696303347 1.437714481 0.131670485 0.058337203 0.016481964 -0.169893669 0.206545636 0.256123363 0.823160851 -1.555921558 -0.217885526 0.714630601 -1.562075206 -0.063790605 0.504299634 -1.137250300 -1.373839815 -0.431250171 -0.392376714
0.271118257 -42.650290950 -15.269631906 -0.304864349 0.131282562 0.643004956 -0.690193628 -0.444548579 1.219743398 -0.842714142 1.175515227 0.541835686 0.238422575 0.560775963 0.403183549 -0.207072805 1.096145876 -1.178121315 -1.525796280 1.667762776 0.326613793 1.021351869 -0.537050713 0.312694170 0.755794567 -0.174474659 1.421903359
0.998347149 -39.738513086 -13.250700892 -0.215909424 0.154193341 -0.725117125 0.635462578 -0.276603719 0.027166399 1.640801088 0.196968630 0.003924374 -0.273570588 -1.192001267 -0.272721074 0.740495180 1.802618318 -0.239401835 0.117434125 -0.816690998 -0.251845648 0.035289912 1.961842266 0.028977628 1.747258654 -1.278990707 0.676288295
-4.222805543 -34.554772919 -19.780192558 -0.156802005 -0.016107626 -0.863497892 0.479087744 0.451487189 0.709130387 0.226761271 -0.176854784 -1.420039861 0.530623383 1.758292253 0.124021199 -0.317578012 0.268505464 2.279743703 0.166005856 -2.069536732 0.425717931 -0.670696881 -1.006971435 3.566332191 0.327954507 -1.019148108 0.681330599
-2.878443438 -34.159275807 -15.294778954 -0.193121345 0.108778403 -0.302898051 0.926889517 -0.040433534 0.591075542 0.650904137 -0.827993040 -1.221563322 -0.648455491 -0.672564307 -0.003436749 1.065231206 -0.148404878 1.900631265 0.830258455 -0.580779151 0.587591267 1.129784670 0.084763682 -0.526246112 -1.072541913 -0.405811468 -0.869450899
-0.169896876 -33.100390828 -13.518419227 -0.331617971 -0.146215139 0.382031158 -0.850119314 -1.090061868 -1.597467273 0.746324511 -0.888244433 1.413058070 0.208262593 -1.506338304 0.682730270 -0.009197619 0.837024930 -0.035082722 0.794647824 0.296041666 -0.192100087 1.460967864 -0.526562613 1.653732519 0.603969002 0.642302275 1.082164592
-6.733711688 -43.635471839 -6.839269940 0.156285986 0.599478490 -0.364735077 0.695103269 -0.820346819 0.325943258 1.093263708 0.597291661 -0.080969461 0.133734480 0.083117581 0.567383236 0.228254530 0.471237155 0.008641237 1.020140035 -0.233237893 0.986795292 -0.516883762 -1.452064941 -1.591102072 -0.872417990 -0.015762248 0.561049091
-9.595889838 -41.131239774 -13.702627681 0.495818653 -0.004439864 0.031665769 0.867837214 -0.458424522 -1.317098604 -0.032507052 0.880939497 1.566306804 0.031883370 0.115367665 0.269591895 -0.328936449 0.038053886 -1.927709371 -0.679103261 0.896357649 0.614368849 0.318451400 0.381822700 -0.717557098 0.053282529 -0.717042513 0.873863034
1.770068521 -40.165326700 -3.968342920 0.427683522 0.680365422 0.472715221 -0.361566063 -1.186505319 -0.532232029 0.162860281 1.313180755 0.022147623 0.725578418 -0.669201914 -0.435065956 0.746806318 0.863418104 1.734325919 -0.854206224 -0.702021826 1.807153624 -1.161122500 -1.485104055 -0.865602596 1.044368018 0.911049438 0.033572828
0.239183467 -45.944772644 -9.272828843 -0.587027607 0.320182739 0.697893679 0.256565809 -0.073662967 -0.224065092 -2.126862266 -1.242414916 -0.927126189 -0.225941454 1.584955548 -0.464490018 -0.320793542 0.131850016 1.116630132 0.848986544 -1.404053153 1.852671033 0.390140145 -1.141723533 -1.156812367 0.795973107 -0.353058153 0.920023147
1.637904976 -47.346544790 -8.639907598 -0.768327930 0.525426938 -0.009942485 0.365376343 -0.520449834 -0.619174300 -0.566829229 0.323471824 0.678944102 0.544760498 0.486330016 1.957073422 0.536784667 -0.803973127 -0.364141948 -0.222959538 0.858215923 0.688772729 0.687519925 0.333790374 -0.633719600 0.599209434 -1.283189553 0.618660644
-1.018725899 -31.705391765 -16.886789980 0.746554622 -0.123063642 0.621799484 -0.202180460 0.232865725 0.924074922 -2.128846801 0.015967736 1.164139824 -0.264995227 0.652049880 0.585962385 1.305465301 -1.150250136 0.275372661 -0.023266141 0.389469305 0.343096260 -0.831225912 -0.617495870 2.158395523 0.065131867 0.679891272 0.020652719
-4.361227151 -42.512014899 -6.691841417 0.510069272 -0.560523802 0.108769210 -0.643281948 0.131452005 -0.457388182 1.570862262 0.384072163 -0.206455969 0.967386660 0.264074027 -0.111195133 -1.296632805 0.408695732 0.016821952 0.148358724 0.636259840 1.007761390 -1.532151620 -0.130990676 0.729053898 -0.721409499 -0.071640882 0.331006426
-3.640733418 -39.344706396 -11.196410338 -0.068794314 -0.514163106 0.821662165 0.236167165 -0.187694610 0.201339709 -0.294417129 -0.588346787 -1.023873459 0.641904107 -0.513776296 0.360724531 0.148389306 -1.779961670 0.459309405 -0.861564679 -0.073342879 0.298632536 1.019337918 -0.104682416 -1.264258067 1.851242109 -1.699910715 0.095993096
7.188577405 -40.483605750 -9.101783791 0.336943720 -0.450474574 -0.132687016 0.816048861 1.127373884 0.466900587 0.441734712 -1.381326048 0.120939053 -1.200256888 0.009920926 -0.048012704 0.180651583 0.788848795 -0.578884601 0.235480928 -1.829867177 -2.026143318 0.176760824 0.153735226 1.062361440 0.205518759 -0.647807850 0.996141861
5.440909073 -38.392209775 -6.509728362 0.772474303 0.405373066 0.338281961 -0.352875962 0.802943225 0.612264195 0.085239918 -0.841461029 0.279980852 1.140036887 0.128660915 0.257074127 -0.230855630 0.296995632 -0.957055045 -0.950651829 0.287874990 1.021052846 -0.599597737 -0.381504705 -0.510947947 0.216949412 0.565192776 0.442534255
-6.994084724 -47.292768701 -13.895113578 0.196276350 -0.605534318 -0.519473847 0.570044477 -0.196926757 -0.732995895 -0.739895925 -0.014569753 -0.814278713 2.835940340 -2.099376313 2.125110118 0.427235729 0.015708627 0.053144577 -0.854506424 0.558259865 2.131351971 0.162776399 0.657640945 -0.725302011 2.101259924 -0.544844608 -0.982163604
1.041606003 -43.501231650 -19.423939451 -0.676949064 0.626731452 -0.126964761 -0.364455213 -0.368845443 -0.383125128 -2.673822492 -0.347097601 0.744816168 -2.586774538 -0.135982860 -0.036331661 0.337818103 0.812316553 0.767158063 1.931340366 0.202423574 -0.010755963 -0.099493875 -0.808426022 -0.065817013 -0.936655558 0.045133246 -1.121917558
-1.209340868 -42.231867159 -19.876826519 -0.247649699 -0.067119059 -0.104417582 -0.960865041 -1.275332976 2.315635541 0.448074179 1.457471586 0.886096640 -0.405603491 1.417077018 -0.671885932 -0.412775015 0.462189836 -0.402461879 -2.159707441 0.659221683 1.458301286 -0.304967360 0.343690234 1.551134248 -0.381348056 -1.057267106 -0.445528889
2.010834307 -43.765839818 -7.355551719 -0.189782046 -0.808683829 -0.041793773 -0.555217543 1.995311612 0.061574620 1.565060915 0.827194115 2.582007827 -0.771041995 -1.319172140 -1.180486671 -2.223473821 0.873696685 -0.639008091 -0.710614658 0.297325159 1.778773472 1.842766547 0.769216489 0.335078747 -0.646313298 0.424154853 0.186876380
-8.028802888 -46.313700372 -16.171047417 0.401268342 0.851503951 0.337455545 -0.006963830 0.482430732 1.063547364 0.069660991 2.196239058 -0.826886059 -0.170154536 1.331220544 0.934300116 0.681183082 -1.300226979 -0.379919375 0.694181231 1.690905990 -0.168650399 1.980411665 -0.323494235 1.149845716 1.071971171 1.724585505 0.172748319
-3.664060595 -43.688489217 -16.697355380 -0.205804395 0.273941286 -0.695600771 0.631458859 -1.687146150 0.627373893 -0.264495684 -1.197393061 0.168207617 -0.238589087 -0.523916043 0.191385889 0.526844322 -1.082411726 0.673573056 0.029713103 1.035731643 0.752602610 -1.077385852 0.328543030 1.692847404 0.598731313 2.061990377 0.619919413
4.906261772 -38.882070110 -5.999549894 -0.843789756 -0.069509166 0.391407305 -0.360537993 -0.634243236 0.895711835 0.528953342 -1.493279213 0.017461242 -0.374861822 -0.419082614 -0.522226939 0.214519518 -0.268515368 0.261316001 -1.268782312 0.603453040 -0.140733056 0.566674971 0.315470170 -0.973615866 -0.163853154 0.399058559 -0.136511833
1.760061850 -41.032509676 -17.442640387 -0.651156522 0.399715172 0.640738651 0.075345510 -1.724199129 -0.243361375 -0.006272813 -1.124313159 0.578188233 1.135941618 0.968499939 0.050598211 -1.320952854 0.593790185 -0.465448873 -0.143625682 0.197585763 1.440016839 0.911759320 2.382506988 1.682671318 0.959188515 0.803319912 0.290908975
5.786956932 -35.834828923 -12.614941802 -0.667601068 0.699462200 0.237828378 -0.092190600 0.490569069 -1.113482592 -0.683862685 0.893733084 -0.214616646 -0.816930099 -1.000718826 -0.665868550 -1.880083971 0.742012405 -0.172027563 -1.807583164 -1.359045570 -1.280325100 0.197213777 0.782767701 2.621462486 -0.658870328 -1.222723160 1.275493650
-6.118073505 -45.281115262 -13.142678077 -0.540295599 0.515386129 -0.539080720 -0.389679074 -0.488944707 -0.666972885 0.150343890 -0.135792111 0.017028586 0.983046145 -0.701772276 0.985211986 1.052144489 0.616608598 -0.908316047 -0.137560087 -2.812509331 1.028801577 -0.147918144 1.223691056 0.352693745 1.080401499 0.987141233 -0.293827320
5.299608824 -42.619433789 -11.521472018 -0.049864229 -0.900224553 -0.016142350 -0.432260035 0.767501802 -0.275398380 0.574651676 -1.111748008 -2.441818806 -1.510277497 -0.918947616 0.534448252 0.038486670 0.411742708 0.662205809 -0.841776581 0.692319496 -0.978449272 2.107685567 0.224862748 0.513326183 -1.184470955 1.008459168 -0.307509834
-5.347030559 -38.396346341 -8.398898613 0.682074988 -0.469919124 0.559150644 0.036059452 0.251266461 -0.236772423 1.333702167 1.289417184 0.723150142 0.791351200 -1.180115841 -0.064048044 -0.508655001 0.162289397 0.727597116 -0.123892712 -1.735972408 -0.921899151 -2.137908532 0.013795524 0.269145683 0.326153051 1.344752988 -0.355558176
3.449588740 -44.095027346 -7.766365054 0.006089447 -0.453615115 0.748369706 -0.483879148 -0.453323138 -0.199826917 0.727483619 -0.985564082 -1.861779744 -0.322492507 0.332888913 1.885943463 1.251748415 0.263262210 1.257069055 1.928669830 0.544686958 0.467202136 0.611285437 -0.709603844 0.303974216 -0.237630326 1.016171959 -0.590301603
0.396043683 -38.539970105 -18.540931786 -0.540157960 0.272933481 -0.199406572 -0.770696901 -0.110605471 -0.618476530 -0.690258857 -1.048844570 0.576523020 -1.091033321 0.000540129 -0.485390677 -0.698779312 -0.576638647 -1.063332623 -0.678000092 0.399989416 -0.374037082 -0.726030254 1.784468461 -0.439770526 1.605871778 0.016418908 1.629271269
-3.079769156 -41.039741877 -16.199721250 0.197154253 -0.122588469 -0.693457884 -0.682069228 1.560761436 -0.109427806 -1.562043901 -0.456649862 0.430503384 0.576128717 -0.574903115 -2.830809712 0.928380345 -0.477176695 0.402564769 0.064104420 -0.294177260 0.307747895 -0.805389762 0.541958265 0.009106906 1.964507030 0.737604570 -2.327013333
1.518385165 -41.803371195 -5.488206189 0.663401531 -0.322089423 0.015732185 0.675210568 -1.504061377 -1.403481930 -0.111450857 -0.182284796 -0.292518399 -1.844398086 1.310908673 0.303557066 -0.716028107 -0.646784459 0.120527212 -0.860742511 0.303797136 -1.600799446 -0.088050275 -1.570183922 -1.363764583 1.220785818 -0.042581711 -0.753506766
-1.478639507 -35.853105753 -6.221271729 -0.218841169 -0.199996127 0.222637420 -0.928731754 -0.387968167 0.186272538 -1.053765127 0.744222504 0.332981035 0.222874835 -0.041211498 0.129557603 -0.104477171 0.469223885 -0.332385384 0.899627835 0.228281461 -0.087027912 -0.198524814 0.177798023 -0.401554583 -0.570896925 -0.911170491 0.075203672
0.181257538 -44.117624005 -21.944324038 -0.674838523 -0.230685531 -0.232723345 -0.661223864 0.066311489 0.766516284 -0.650359575 -1.930260619 -0.336450833 -0.808041255 -1.215486067 -1.846514253 1.593012470 -0.873965329 -0.992679840 0.247444078 0.419134737 -1.394796640 0.350969074 -0.148778757 -2.433844552 -0.670180507 1.229540054 1.184355964
-5.256848590 -37.461204028 -16.203196743 0.164182431 0.161469237 0.955186170 0.185987083 -0.683938173 0.206205726 0.207770069 0.334780444 -1.430555627 0.096076114 -1.230397646 -0.925147169 -0.736952578 -0.620271507 -0.415170417 0.117233555 0.512808058 -1.165535515 0.465204032 -0.031269431 -0.719695859 -1.762091564 -0.940015303 -1.148999469
6.956220391 -38.903477052 -10.250715345 -0.076707997 -0.190563957 -0.189009696 0.960248195 -0.010754315 0.082487499 0.330919160 2.776485171 0.235187682 -1.812842588 -2.695948336 -1.051228059 0.566408551 1.306809456 0.396910911 -1.514795382 0.465732834 0.010040588 -1.227853757 -0.573795192 1.006926149 0.102993178 0.068676583 -0.108358183
6.886959279 -41.347792827 -18.623313758 0.317686709 0.748188216 0.319952531 -0.486744210 -0.114186554 1.111181782 0.228063486 -1.281131644 0.582225559 -0.088097886 -0.976299853 1.771129428 0.015128822 -1.273260898 1.007989645 -0.762504192 0.747592051 0.021526042 -2.186564666 -0.314261987 1.299997650 0.862391594 -1.505060304 -0.712083533
1.681047177 -38.096258801 -21.437604984 0.091943969 0.094929727 -0.986419304 0.097527479 1.384131086 -0.411720778 -0.658451640 1.114055261 0.207393447 0.438087753 1.094786305 0.036356882 -0.409338856 -1.198510836 -0.371715382 -0.568527688 -2.172646025 0.330972545 0.271149301 0.142959095 0.620398683 1.585429378 -0.619185473 0.368856899
-1.170051013 -40.911500689 -20.007211798 0.223555714 -0.221293161 0.670365333 0.672058405 -0.036667252 0.213866297 0.156250056 -1.788173561 0.164585090 0.296707867 0.066239458 -0.971598314 -0.330993812 2.892870031 1.349347416 0.471468245 1.571880023 -0.292009988 -0.109078902 -0.371378208 0.773074119 1.270175403 -1.117362372 0.028054978
-6.973293945 -45.231608881 -13.287551671 0.773590827 -0.222630108 0.507418393 0.307440469 0.715012833 -0.846603649 -1.551399914 -0.985337649 0.941192303 1.824796597 -1.403839954 -0.193165778 0.948946014 -1.045846761 0.939273163 -0.742387995 -0.352897342 0.675973538 0.519877611 -0.950736165 -0.053075859 1.315069836 0.120537367 -2.281506651
-6.472774133 -38.854399678 -11.639366622 0.079303476 -0.919570882 -0.118950109 -0.365993475 0.841763120 0.071108281 -1.503433678 0.467766190 0.354633412 -0.282068921 -1.944311364 0.523697139 0.418272672 1.126679733 -1.504399138 1.091554566 -0.289743598 1.005982189 0.301450611 -0.753308493 0.593117289 -1.292764733 -0.936295705 1.715809612
-1.096511601 -43.030915931 -18.999383035 -0.011955685 -0.582981860 -0.684027435 -0.438287212 -0.707360825 -1.912482043 0.635675107 1.087715822 -1.183160737 0.014385414 0.143686235 -0.907703042 0.318997777 -1.373847296 -1.181244703 0.936972680 0.393017968 -0.967419127 1.027249901 -1.536201701 -0.910326173 -0.889691754 -1.078991554 -0.053639838
4.622585131 -44.103689774 -16.791095931 0.566150178 0.579887924 0.483014852 0.331512631 -1.265223445 1.510965694 -1.195326420 -0.769841510 -0.670572931 0.223705241 0.294072420 -1.331572257 0.370781859 0.075416850 -0.679267032 -1.077629187 1.337648984 0.225863431 0.763239866 1.893335908 1.598806916 -0.510355937 0.399210204 -0.679833002
-1.309578573 -37.593227439 -8.394049184 0.109490153 -0.075257436 -0.846448150 -0.515629474 0.076083887 -0.819766359 0.746215613 -1.616126600 0.589859399 -0.920536454 0.831549587 1.026089863 -0.271286689 -0.068174983 -0.396734681 -0.774917318 0.909354966 -0.071401022 0.242608241 1.048056400 1.138019036 -0.527063704 0.331332959 -0.972178691
3.262522732 -42.277452542 -6.111173539 0.125300739 -0.714583741 0.149888767 -0.671716577 1.775123634 -1.072220896 2.305924672 -0.425051595 2.099203741 -1.195005999 -1.119834000 -0.576530420 0.409206135 0.439131224 -0.036546028 1.737486436 0.481446293 -1.028979866 -0.342494340 0.749994072 1.333513532 -1.463667233 -0.069071172 -1.014247510
-2.854969707 -45.483133520 -12.660684425 0.322064399 0.635298745 0.588572594 0.382429509 -3.084194220 -0.531257446 -0.147778946 -0.659946236 -0.899489371 1.253154844 0.343274070 -0.389550568 -0.582490562 -1.318453984 -0.793675251 0.069641083 -0.387195980 0.785552802 1.271281473 -0.155510596 0.694105219 0.619554861 -0.577506536 0.190564827
6.934757088 -42.823137012 -10.324087986 -0.544762891 -0.795958991 -0.230159126 0.129265052 0.362972768 0.249552806 1.209746722 0.675059990 -1.007491157 1.244059224 1.813094645 -2.303270253 0.829755902 0.238732024 0.815594701 -0.233770119 0.113951852 -0.874954832 0.921608153 0.346792723 1.515445534 -0.681612791 1.117623144 -0.041704111
2.731998620 -31.580929698 -12.080386039 0.055138519 0.333665843 -0.547490776 -0.765428442 -1.090424490 0.857656630 -1.042501990 0.813868938 -2.541448737 -0.769185490 0.198390985 1.224791495 -0.128194204 -0.167326667 -0.778655672 -0.044689034 -1.411127680 -1.727918601 2.145748094 1.791536406 0.201665739 1.816364092 0.437166524 -0.877228044
-1.586590991 -46.464004982 -20.876904691 0.605766151 0.041445822 0.656337885 -0.447828309 0.605064850 0.107743551 -0.826669108 0.312502978 -0.004369835 0.054869283 -1.489620200 0.108025372 1.558441170 -1.297099617 -0.963500339 1.645750034 0.496432444 -0.327952652 0.081200130 1.255832002 -0.006812079 0.457815499 1.135510955 1.272011755
0.918664120 -41.049114583 -15.309682147 0.811132105 -0.429666548 0.381663941 0.108554142 -0.344571314 -2.278394053 1.250719993 1.128768350 -0.498718286 -1.151240519 -1.649267493 -1.490307481 0.036447030 1.150839321 -0.377856457 1.325611290 -0.444655968 0.755728220 -1.038516414 -0.463541269 0.969381923 0.110434578 -1.647921593 0.146344560
7.453909076 -36.549288676 -16.380867140 0.229850754 0.911137436 -0.270581402 -0.209243660 0.046833428 -0.189976061 -0.504945017 0.106227336 -0.459032092 0.627133480 1.001591315 1.179216473 -0.034254907 -1.667016721 -0.347583427 -0.214817057 1.103053835 1.215210759 -0.999510424 0.159129617 -0.897255011 -1.228746655 -0.207254172 0.111504187
-9.025544620 -36.483346210 -15.755616685 -0.101837738 0.962101476 -0.249966016 0.038817728 -0.178022586 -1.853129048 1.330860024 0.602249030 -0.904706712 1.428501409 1.500420331 0.307875893 -0.089618358 1.746000350 -1.467963753 0.066969740 -0.820124656 0.032233953 0.020792792 -0.667990826 -0.401532344 -0.554569806 0.686346051 -0.561944595
6.537607179 -43.744567551 -17.975295764 -0.085322869 0.338430572 0.839470768 -0.416501603 0.165000645 0.111737718 0.738126896 -1.138872998 -1.461710743 -0.925212632 0.747680614 2.889860471 -1.738052461 1.276376842 0.438452144 0.620563075 -0.109047446 -1.603973446 0.207682360 -0.149203977 1.068179822 -1.723076225 -0.478470205 0.057732554
-1.195647604 -40.694649743 -14.336516217 0.492151720 0.857989264 -0.141479390 -0.040307445 0.812318933 0.381133757 1.411129928 -0.205253469 -1.988061921 1.161318879 -0.101371434 1.148476532 -0.086382934 0.180284228 -0.194419279 1.756050908 0.082992195 -0.746756585 0.265396251 -0.389649769 0.081716812 -1.194538429 -0.089943676 -0.131103474
5.373121471 -46.096145604 -16.295570694 -0.406772605 -0.558320846 0.474644881 -0.545459547 0.616117825 0.490769812 -0.699434361 -1.690942976 -1.049476248 0.023630456 0.663479260 0.690199839 -0.352257311 -1.485227644 -0.181839804 -1.755897378 -0.389349457 -0.045507688 1.836260483 1.343336823 1.105347584 -1.329183853 -1.075758288 -0.536317397
-1.919214368 -35.286989091 -14.329275105 -0.602225439 -0.646469642 0.272075006 -0.381282983 1.245642165 -0.307461561 0.416585508 0.875037928 -0.086524085 -0.453120747 0.619715478 -0.116492680 1.072155990 -2.595937064 -0.558775158 0.505368098 -1.696563684 -0.360929901 0.442159514 0.996359269 -0.057115374 0.721510874 -0.475506016 -0.962553241
-6.237480309 -35.615635043 -12.812712905 -0.317222392 0.115581294 0.529906523 -0.777952438 -1.148124044 1.400570026 -0.697147301 -0.012497683 0.111320262 -1.378422509 -0.555204549 -0.333719931 0.701218580 -0.687881968 -0.186236110 -2.100634740 -0.996758769 1.252346207 0.392783506 -1.198192783 0.761835854 -1.601663546 -0.226547298 -0.876076571
7.831869293 -39.360811423 -12.190886894 0.516036440 -0.730192829 0.129568041 0.428645481 -0.339484830 -0.633884124 -0.650097711 -0.100948496 -0.676097484 -1.571054772 -0.081705444 0.271273492 0.453871289 0.314334957 -0.841131542 -0.635356100 2.044264136 0.339618540 -0.267923238 -0.935248355 1.295623404 -0.305813183 1.513972887 -0.080867151
-5.978667412 -41.880297680 -8.623627088 -0.370881213 -0.018613391 0.482112211 -0.793516530 -1.575923945 -0.268399083 -0.510878920 -0.764031400 -0.680413579 -0.453828167 0.513830348 -1.814205077 0.121206021 0.345995619 -0.878724650 -0.470047537 0.575860991 -0.583125043 0.960269798 -0.122546406 -0.509382243 -0.636928824 1.181216557 -1.462550834
-3.040678873 -37.273875563 -17.403605068 -0.322465789 0.208845008 0.725538285 -0.570958645 -1.016177029 -0.800518115 0.137248102 -0.739508084 1.866192626 -1.014221030 -1.516183211 0.829990150 -0.799097296 -0.174648171 1.869896859 -0.772159316 1.959877855 -2.027582857 1.330295809 -0.583257540 0.498680704 2.510626279 -1.284439109 0.703544771
-3.438279507 -33.377651584 -11.397484842 0.789914559 -0.163946450 -0.340083201 0.483218342 0.179980508 0.826285309 0.205681621 -0.142410837 0.416648716 -0.192667404 0.641464771 -0.056446038 -0.994930423 0.683862043 0.414984368 -0.822414114 0.495033135 -0.933595340 -0.225721234 0.603168418 -0.564562778 0.367729166 -0.990776656 -1.032982230
3.361626548 -40.805096991 -16.450054291 -0.872864809 0.307938755 -0.332044930 -0.181733082 -0.843217992 -0.347066797 0.197066094 1.224209785 -0.995497827 0.677887281 -0.465477871 -0.839331299 0.029835394 -0.705889207 -0.020502850 -0.863115408 2.154123472 -0.366891481 0.004260284 0.949863528 0.924119598 -1.245584246 -1.284746465 1.210086723
-6.453817562 -38.377037349 -9.627701075 0.691334215 0.343743529 0.344678015 -0.533942371 0.294048803 0.855612288 -0.150712347 -0.837234493 -0.418772217 -0.917261619 -0.073070708 -0.133295827 0.920409030 0.168806866 -2.450814584 0.045591297 1.573819142 0.958996147 1.775012768 -1.702473001 1.308781018 -2.425085519 0.805743221 -1.254090242
-7.158056423 -41.629272261 -17.358224181 -0.465070559 -0.111461933 -0.614897299 -0.627046189 -0.808567388 -2.262042700 -1.810387053 -0.035225667 -0.939649670 0.016393760 -0.650601959 1.379146203 -0.904293910 1.115931351 0.409397903 1.712704560 1.405045884 -1.732603031 1.559657950 0.505536527 -1.371230099 -0.073305612 0.507267358 -0.318918984
-6.018051341 -38.242796489 -11.947229969 0.642866142 -0.098328064 -0.616636045 0.443638032 0.180035659 0.231285053 -1.376036837 0.301331429 -0.581877295 -1.713337305 -0.794823230 0.536687047 -1.618950807 -1.932266786 -1.559625355 0.753972986 -0.543971847 -0.416033177 0.742871231 0.006174165 -0.791957942 0.269833661 0.205860563 0.430064083
2.466605426 -45.288685184 -15.573044474 -0.164663085 -0.746438348 0.165734588 0.623095424 1.322987129 -0.609951442 0.351606946 0.046889996 -0.114854585 1.330436551 0.840568378 -1.030544257 0.174624981 -0.031362893 -0.710841478 -0.124665236 -0.494981913 -1.044737255 1.860825622 0.298430446 0.741080227 -3.035898605 0.669339107 0.445234393
-0.836757853 -38.607687913 -14.239849794 -0.970927124 -0.174590173 -0.147680458 0.070776230 -0.223312292 -2.427644444 0.055640485 0.048427489 1.582745377 -0.486316929 1.619670771 0.169772061 -1.147283004 1.793327816 -0.049626164 -0.149462067 1.223640255 0.542943745 0.415364790 -0.976648503 -0.600183646 1.222462329 0.919233910 -0.783538556
-5.954852390 -43.547684856 -8.957182886 0.126851978 -0.908875825 0.385318633 0.096865170 1.965218400 0.118797469 -2.068713200 0.477654876 -0.445726746 1.335536349 -0.152513405 1.800269539 -0.622892198 -1.122191505 -0.805566285 0.534655924 -2.661527042 -0.631808567 -0.896661554 0.180132830 -1.026249380 -0.002457998 -1.219007578 0.132721866
8.285272092 -37.801201312 -15.249532524 0.846451828 -0.292408741 -0.382681447 0.227093242 0.064548924 0.132480897 0.815994544 -0.211166197 -0.322461293 -1.023802241 -0.386034920 -1.342275011 0.623843393 0.753285684 -0.572965758 1.208775703 -0.035848249 0.590806619 1.102075918 1.106679440 0.443184948 -0.523669984 -1.804897671 -0.095758193
5.302182033 -43.712564441 -16.766492938 -0.410500448 0.355803150 0.601020371 -0.586232049 -1.516831756 0.237229987 -0.096824141 -0.322795301 -0.707133585 -1.770609119 1.185763976 1.645951509 -0.056902716 0.806165125 0.204499693 -1.569452983 -0.521624882 -0.334691195 0.245433723 0.589355137 -0.907954988 0.804368663 2.538506063 1.120951459
1.010778619 -43.731825922 -18.533206605 0.547450883 0.539441736 -0.539403155 0.344012181 -0.182144699 -0.731512902 -0.982544113 0.475434798 -0.118276045 -0.763741361 -0.675618605 1.021240483 0.810156352 -0.896986143 -1.256508089 -1.643679058 0.156265414 -0.190349501 0.805982473 1.352529881 0.816864836 -1.669370071 -0.060343923 0.168774902
-3.401478389 -37.146379699 -12.466344819 -0.738045632 -0.122503181 -0.557879811 0.359237710 0.635435389 0.454240053 1.779949751 -0.699289308 -1.440851781 0.140381571 1.074183516 0.107398829 -1.129626024 1.555883126 1.465252581 -0.043324526 0.645369281 -0.499574369 0.049158054 -0.614414367 -0.301311611 -2.604364552 -1.537614132 -0.578911194
-3.783656127 -43.335729961 -12.016969219 -0.451715181 0.615423201 -0.026221228 0.645383705 -0.114236612 -0.515772405 0.169096842 0.348590495 0.177459357 -0.232304451 -1.241381897 0.217206524 1.725304632 0.692423775 0.514836310 -0.725058346 -0.087138669 1.354280198 0.784944159 -1.014525757 1.250492515 -0.751736374 1.315648978 0.320997181
0.432866910 -38.276217752 -8.876052192 -0.053047768 0.547416777 -0.198733787 -0.811187826 0.337909477 -1.207855883 -0.950526031 -0.039848665 0.157956260 -1.999806535 -1.036109808 1.105119031 -0.000332960 1.425236062 -0.309596946 -0.368793925 1.314877631 0.561023871 1.376066981 -0.434996320 -1.753393026 0.812408354 0.801470302 -0.039242188
2.981284044 -36.582896101 -6.913824840 0.189196554 0.082519367 -0.719676510 -0.662918501 0.012913298 0.459386796 -0.505528524 1.685505632 -0.549340425 -0.338941695 1.175128647 1.809027326 0.647941519 0.569387948 0.400795193 -1.196133395 0.076989212 0.545204858 -0.077272896 -0.152588298 0.650743695 0.865632510 -0.410016353 -0.038702334
4.038213060 -46.343431371 -12.510669869 0.596202391 -0.726631677 0.337628688 0.050556745 0.980557588 0.527403351 0.042855410 -3.289726744 0.619229087 1.759158226 1.599706617 0.570057883 0.877354018 0.187496450 0.992675042 0.014217091 -1.562972638 0.346843213 -0.990884314 0.140026470 -1.628262701 0.025022964 0.332368953 0.555421716
0.492318640 -41.566585075 -18.240823990 0.196225915 -0.382146315 -0.310856106 0.847837287 0.445931037 -0.821422486 -0.743946935 0.534326832 -1.257833831 -1.133159782 -0.676465110 1.428371268 -1.573709764 0.216780527 -0.067172590 0.171523307 -0.511753535 0.093551698 -0.242962006 -1.470362180 0.845978361 -1.749564406 -0.683780450 1.041464517
-6.413678914 -35.691617223 -19.813528440 0.319625006 0.765161084 0.445308747 -0.337740271 -1.374832779 -0.142477728 -1.126060181 0.465868941 -0.546094013 -0.051028127 0.120624703 -0.138770803 -0.659305887 -0.129463804 -0.848065948 0.075580592 0.154392826 -0.963293937 0.349206169 1.671528703 0.679882561 -0.336788993 0.191577405 -0.466994164
-4.418605493 -38.695203706 -16.202157863 0.545194314 0.787743285 0.272937408 -0.087913867 0.087905672 0.497187143 -0.002968662 -0.040482255 -1.121600135 -0.982716596 0.162086799 0.613170058 0.389854005 -0.738833920 0.651265353 0.522919152 -0.215762253 -1.032437124 -1.096617630 -0.694589218 0.431504473 0.224052614 -0.057413650 -1.758075485
-1.414413434 -33.205923104 -10.333719148 -0.198030735 -0.488907773 0.286214425 0.799896444 -0.636537983 -0.631861803 1.116477363 -0.127994038 2.229936023 0.445998773 0.600568882 -0.345741349 0.879018149 0.620794454 1.375233859 -0.177189295 0.893320893 0.532569733 1.107623928 0.267729801 -0.928962838 0.822006312 0.111526806 -0.169288687
8.561897171 -41.654191037 -13.859633536 -0.725316120 -0.482268018 -0.382233480 -0.308596259 -0.498454399 0.998356291 0.447315902 0.644544418 0.017205947 1.436065794 0.706774272 -0.224200200 0.700771765 -1.918046790 0.106745307 1.084875860 -0.783916045 -0.756739111 0.919671014 0.887653900 0.174209502 -0.268657500 -1.297946922 0.624058962
-5.717577518 -48.667974031 -14.364653757 -0.025759980 -0.829204484 -0.384003946 0.405336054 1.985413175 -0.358732804 -1.092358702 -0.167633769 -0.113561634 1.083044685 0.259038837 -1.727332422 1.054148524 0.697057668 1.483216367 -0.576735016 -0.596083162 0.234505406 -1.649977416 1.325610921 1.225998661 0.457973595 1.562378795 1.014941757
5.528810017 -36.541606794 -14.409470668 0.242001514 0.780059954 0.382942713 0.431620915 0.064416652 0.221884140 0.394467647 0.114686970 0.673859990 -2.021766317 -1.067088896 0.364300606 0.350273495 0.398097280 0.717652878 -1.741778373 0.152429041 0.270953916 0.492000501 1.387515380 -0.190802181 0.462016154 -0.329349184 -1.152676671
-7.328968352 -37.911354992 -7.570099249 -0.772898602 0.008982863 0.302727019 0.557587134 0.803758264 -2.435383272 -2.065691552 -1.189170336 -0.671211178 1.574322522 -0.391950013 0.818466959 0.762259238 0.582012401 -1.160680917 1.364734425 0.748625893 -0.049499820 -0.833117559 -1.608304528 -0.965561951 0.222064956 -0.473402782 -0.504297468
1.727893243 -48.035825338 -13.634998966 0.178191743 -0.393077790 0.259325075 0.863995405 0.703797895 0.780317194 -1.153225420 0.671830703 -0.056795394 -0.820632667 2.143923068 -0.443069880 0.691584510 0.699688435 -0.849196791 -1.424791613 0.308696719 0.160557470 -0.457154396 0.888571142 0.721945920 -0.810747124 1.171487457 -0.192832264
-4.892385548 -35.608641453 -6.915043295 0.724116814 0.219646784 -0.525318569 0.389166456 -0.699319266 -1.574141285 1.037085356 0.689580119 1.223312184 1.328986435 1.419317621 1.933913930 -1.001639639 -0.894389211 -0.291518758 -0.088802073 -0.158830753 -0.393190178 -0.932501258 0.433318241 -1.651702390 -1.676829628 0.556061131 0.278215417
-5.804606155 -38.294796294 -10.107360466 0.475208880 0.377191803 0.268183534 -0.748318419 -0.521739572 0.756535555 0.408883034 -1.181797237 -1.598094928 -0.299750507 0.649135730 -0.388541496 0.386289470 -0.195890020 0.605229384 1.579677383 0.365611707 -1.411389593 -1.531527315 -2.566277837 -0.614337335 1.150124227 0.241197776 -0.975758161
-7.952111957 -37.846889017 -13.288803248 0.544860723 -0.539249422 -0.635602789 -0.091356157 -0.249515716 2.109076134 -2.424733816 -0.001309859 -0.332909534 1.173038560 -0.167804516 0.107139926 0.915031950 -0.490504593 0.823120385 0.031783457 -1.351163313 -0.906389187 0.991685318 0.073194435 -1.523542517 0.513059924 0.741766321 0.729094769
-2.403402612 -38.427640980 -10.596432671 -0.974621841 -0.189282810 -0.011277137 0.118983657 -0.375559008 1.031297782 -0.508439111 -0.264596435 1.005724489 0.391382332 1.083041221 0.185190465 0.218121236 0.234296447 0.182341695 0.100966074 0.484537968 0.605386029 0.348996392 0.459748931 0.369967118 -1.151305300 0.034012122 -0.377264115
-1.839035795 -43.792858266 -9.450321584 0.013042151 0.041812221 -0.034007368 0.998461386 0.178706986 -0.570322873 -0.511353408 0.257609628 -0.079315576 -1.208695834 1.172498915 0.268286690 -0.400833997 -2.642663607 -0.493527248 -0.847589846 -0.159984245 0.361932988 0.846192101 1.159693980 0.325509360 -1.216288133 -0.965502701 -0.988405964
4.380972515 -45.922879741 -10.653206594 0.528621388 0.355181781 -0.641675153 -0.427385456 -0.365750326 1.533172410 -0.727567434 1.788782686 -1.411941643 1.249201135 0.751799601 1.222454058 1.426893423 0.693315668 -0.591913764 -1.807193118 0.855836050 1.383996004 0.284315199 -2.855998378 -1.188439374 1.769342866 1.714537010 1.415682142
-4.311844099 -32.208185780 -10.118731134 0.466675256 -0.780257838 0.404637730 0.098388106 1.556197501 -1.102401158 0.011325584 0.909315512 -0.993742038 -0.629317070 1.663456495 1.384480897 -0.926575902 -0.380604785 -0.693387280 -0.141433149 -0.229360144 0.555096439 -0.714124541 -0.872141795 1.256823734 -0.566003704 1.688987192 -1.058792262
-10.202686167 -41.484744810 -14.190886794 -0.537560996 -0.278435856 0.322785935 0.727537552 1.106366392 -0.578724514 0.257304076 0.060039862 -0.135176926 -1.303158042 -1.703305242 1.136532519 -1.296991951 1.863647580 0.078921181 -1.359974543 -0.073954668 1.164064186 0.066867052 0.320621072 -1.111415427 1.121809131 1.307296365 1.236486624
-2.425384174 -43.540357572 -16.802526762 -0.041150283 -0.602110444 0.477481832 -0.638577143 -0.920216718 -0.747186377 0.425261050 -1.701982199 0.997878836 -0.827610441 -0.328455376 0.639043020 -0.293686156 -1.170608145 0.154533754 0.569953681 0.117119378 -0.167621036 1.184057414 -1.327625123 -0.048771125 1.100723067 0.053503851 -0.385656244
-0.845397439 -48.108960332 -8.040357547 -0.603708196 -0.709833783 0.267899541 -0.244749360 0.935726986 -0.388848204 0.006357370 -0.021349304 -0.615748709 -0.408791247 -0.670980804 -0.527518564 0.058610036 -0.414359231 1.167433490 -0.646939462 -0.856461573 0.313286404 -0.434378037 0.689650513 -1.708515823 -1.105454223 0.292224899 0.456533439
3.204909372 -40.369659729 -16.174334049 0.165417658 0.701476863 0.513771634 0.465409408 -0.419991869 0.315399101 -1.523357551 -0.560954006 -0.793093294 -0.510819485 0.246546213 0.827325981 -0.187222797 -0.245186316 0.613142541 -0.473923661 0.008617643 1.233420035 -2.033861610 -1.888008586 0.623760248 1.593666913 0.482517895 0.210191305
5.322186365 -38.918454704 -18.294991365 0.129651269 0.563515356 -0.452555312 -0.678848055 -0.742744124 -0.677215580 2.729336645 0.345145629 -0.443844754 0.733589487 0.825399558 -0.358467201 -0.383818020 -0.137903298 -0.977787256 1.273858126 -0.638303005 -0.790731040 -0.850016598 1.711559706 -0.410864591 -1.665629329 1.484029522 0.093081291
-2.623916709 -41.373665682 -16.335902847 0.875592772 -0.453272133 -0.065481823 0.153602743 0.760408172 -0.270400384 -2.140737849 -0.585365178 -2.116673656 0.541092705 0.343956047 -0.480362578 -0.459438215 -1.734727110 -1.406822070 -0.266181652 -0.985094850 -0.673535823 1.480380581 0.161421837 0.330054091 1.504622640 0.497849888 1.297525249
-0.950755292 -36.993872283 -20.823637952 -0.704589886 0.481369634 -0.495502741 0.162214063 0.123065031 0.210341426 0.853872422 0.514622049 -0.235292528 0.893199922 2.367910617 -0.158526179 0.653853341 -1.180098567 0.370674510 0.703113870 -0.832242475 -1.166011064 -0.706969949 0.083795647 -0.442822557 -1.428628548 0.745987122 -0.205902537
-6.917526575 -35.228857626 -7.164669535 0.026127997 0.547146733 0.539982354 -0.639035866 0.471800061 0.209209986 -0.872814901 0.123430201 -0.098118202 0.657956994 -0.129535704 2.100717127 0.576750713 0.381900914 0.503635729 0.809268908 0.764727101 0.268327215 0.512166850 0.566651551 -0.839946460 0.429566270 1.696109321 -1.358572769
-2.353682320 -42.265541515 -14.482573682 -0.163674959 0.710139889 -0.509845707 -0.457131493 0.645730211 1.509246126 -0.765832706 0.951680567 0.644693061 1.535690370 0.436698036 -2.665646335 -1.709739183 -0.575356312 -0.958746134 0.045354386 0.351356683 0.492155974 1.433414560 0.412995343 0.977724220 0.202150674 1.283131612 -0.257894901
1.833789787 -36.785192913 -8.755681210 0.640884260 -0.577966754 0.436854754 0.253731591 2.055915474 -0.586491576 1.044847014 -0.972063179 -1.437715838 1.222202950 -0.856528331 0.972122459 -1.965527610 -1.407788412 1.103040865 0.308803453 -0.494615247 -1.139449419 -0.436722123 1.801973425 0.653980151 1.623102583 1.897174204 0.650120188
6.355727282 -41.944249610 -10.925805962 0.058438042 0.149629212 -0.224837824 0.961064018 -1.078051511 -0.212647141 0.371311131 -0.479197410 -0.145274727 -0.321835103 0.102930377 -0.044938066 -0.478524000 -1.849775018 0.595315370 -0.665995507 1.586474056 0.208280516 0.067587125 -1.034352687 -1.369074832 1.185053325 -0.820639610 -1.659059408
0.625457906 -48.655413360 -12.269000584 -0.482587952 -0.152238221 0.770858415 0.386923373 -0.189945065 0.573956659 0.281811656 0.622637684 -0.098599641 0.512854328 0.765738632 0.642008278 -0.283880708 1.208494845 1.366208646 -0.639677044 -3.018260305 -0.786173879 -0.267321278 -0.389975193 0.502923685 -0.136434419 0.584644954 0.364765647
3.746064094 -45.212088733 -15.571233846 0.748042330 -0.227535282 -0.253048453 0.569760343 -0.707853105 0.265263859 -2.181328643 0.215807919 0.337412577 0.779115108 1.009358979 1.150137607 -1.246512670 0.629279952 1.266990659 -0.399767345 0.288717078 0.472069824 -0.096236940 -0.148237455 -0.054512586 -1.641850267 -1.091211019 -0.035741046
2.362467215 -45.656989067 -15.838160485 -0.550623517 0.316978407 -0.684051664 0.358345856 -0.471608995 3.061439120 1.171336661 0.324574327 2.046588011 0.041225489 0.377870298 -0.475051282 1.099177463 1.058656100 -0.636932514 0.208423282 -0.233776554 0.880980942 2.533592909 1.412422715 -0.731544064 -2.067117439 0.704168116 0.841965137
-2.806753269 -34.227382488 -8.178762174 0.435918341 -0.860748581 -0.200825775 0.169576204 -0.679506730 0.652325112 0.713219818 0.188175503 0.007355254 0.598656555 -0.827621192 2.102673588 0.402031054 0.230987058 1.230641017 2.662686224 0.260349532 -0.037535331 -0.669003673 -0.005749925 -0.909489033 -0.482348530 1.340803033 -0.655142243
-8.097120507 -42.557556972 -15.393262472 0.297235173 -0.777515801 -0.116630917 -0.541772702 -1.757921410 0.101998173 0.803044760 1.518129305 -1.603986889 0.514674722 -1.709366832 -1.872212177 -0.123475835 -0.667739041 -1.224278443 1.924189311 -0.744787063 -0.386228081 1.408943513 -1.022413934 -1.429126861 -0.322045797 0.292450394 0.406707405
-5.615891010 -37.886230218 -5.612833978 0.175167870 0.048457187 -0.983266915 0.012421455 -1.852698564 2.131609223 2.348232330 0.536210195 -1.206232642 1.121164235 -0.732431810 -0.660253505 0.272874383 -0.542160421 0.014871776 1.091491150 -0.021162237 -0.388073248 -0.136396661 0.367056435 -1.050130632 0.942460418 0.021573568 0.828678811
5.806681925 -44.046323614 -12.383645818 0.638125181 0.313262912 -0.674691233 0.198631171 -0.113833813 0.148641234 -2.579677378 -0.939439139 -0.377090815 0.196333008 -0.257916426 0.711254003 -0.487217232 -0.020147867 -0.618095877 -0.723305327 0.740049009 -0.555646911 0.351004645 -2.017108632 2.535844106 1.291771094 -0.274481774 -1.112460572
-8.523550970 -43.520268845 -16.337879640 -0.278846494 -0.116832366 0.794698403 0.526354708 -0.550824269 0.377396726 0.559664394 -1.176939823 -0.480856330 -1.476961940 -2.398715630 0.180965565 -0.719854502 1.163076964 -0.498017995 0.650179741 0.895941411 0.604726698 -1.316913293 -0.428945740 -0.364281985 1.051449089 0.352594486 -0.784005129
3.470291823 -36.110696337 -19.676884999 -0.853332661 0.176762822 -0.255920695 -0.418429052 0.239788582 1.028701788 -0.241955999 0.673114962 -0.802666007 -0.746107582 0.032794351 0.248780198 0.315853129 -0.920987107 -0.032481159 0.911129648 1.311680024 -2.285177436 -0.205235186 1.090677887 -0.980353892 -0.262135977 1.155603605 0.956083428
-4.381231077 -36.335435121 -4.913286266 0.587473458 -0.202621156 0.070427600 0.780294532 0.140483163 -0.550977208 -0.986121910 0.661064949 2.363558380 0.703283068 1.492814414 0.221026645 -0.204251768 -1.372326331 -0.019083750 0.659920459 -0.398113043 0.643038761 -1.366996239 0.471459604 0.111830564 -0.155617988 0.603710762 0.625681127
-5.321955866 -40.440716943 -17.715200885 -0.321414405 0.147973974 0.900499979 0.252777118 -0.557939391 0.752699011 -2.826711569 0.405584196 -0.144222688 0.655568746 -1.024848861 -0.702204108 -0.389761664 -0.161879432 1.169298206 -1.903179842 0.659804756 1.298437989 -1.018337382 -1.047489497 0.668395523 0.776097676 -0.007089561 -0.185231072
3.600367551 -37.884827545 -5.422109390 0.792286387 0.165775562 0.522499947 0.267945049 1.339452324 -0.545865493 1.014845624 -0.970791377 0.608239243 1.226545951 -0.170370714 1.227178177 -0.575484509 -2.338715622 -1.166486896 -0.792310876 0.068915477 0.023933895 -1.343511199 1.021199905 0.100893736 0.548086945 -0.441493408 -0.098993671
1.764965148 -46.109027675 -8.412937839 0.059157359 0.072427675 -0.971773409 0.216589660 -0.437940614 0.751331037 0.860656666 -0.343609175 0.946825709 1.070458986 1.298130811 -0.014080954 0.235209881 0.427218639 -0.940156423 -0.952806283 2.317442619 -0.131031164 1.434766401 0.135529330 -1.446299331 1.636458933 0.047315123 0.519969399
-5.741513609 -32.204126306 -14.887180873 -0.751845647 -0.217138390 -0.064110629 -0.619248633 1.578007473 -1.481051013 0.318681988 0.270432731 -1.378653575 -0.134922731 0.337580812 -0.884656868 -0.945556199 0.236918717 0.704137330 0.067345818 0.866992916 -0.681747344 -0.413601553 0.124125650 -1.460625341 -0.341165578 -0.427472943 0.976715817
-1.896108609 -48.978214551 -7.924380103 0.231739851 0.682127288 0.511136415 0.468762808 -0.014918930 -0.206804582 -0.994279455 0.932249899 0.646017258 1.345730802 -0.951491175 -0.132586974 -0.428319206 -2.212495361 -0.057788498 -0.000279277 -0.964479204 -0.017653612 -0.034344643 0.651924518 -0.651087691 -0.491604471 -0.473344505 1.499276631
-8.619844932 -40.354482983 -8.002664845 0.183955877 -0.009263580 0.552643808 0.812809475 0.222407695 0.217959707 -0.277552617 -0.183017523 -0.396471062 -0.862715774 1.063277599 0.116235138 0.230514063 0.722551217 -0.431202512 -1.456651936 0.078164607 1.725108951 1.186338467 -0.800288254 0.394277040 0.262904142 -0.533990665 0.834185442
6.162450554 -44.092997346 -10.461760538 0.034113459 -0.292304768 0.413035895 0.861855872 -0.152455584 -2.593638103 -1.400732628 0.468448749 -0.362030781 1.008079511 0.902168138 1.683256780 -0.010295150 -1.944372790 -1.669938821 -0.047353331 0.323078695 0.087336805 -0.061070835 -1.455487907 0.849818036 -1.296687473 0.821929881 -0.649270043
-7.772033308 -38.281967785 -7.736110211 0.429697222 -0.586965447 0.562624119 -0.392792519 -0.356581951 0.955106616 -0.468637662 0.541576416 0.588282185 0.620589528 0.714243258 -0.112930823 0.940719823 -1.135780238 -0.492061475 -1.084802540 1.034309384 -0.335889871 -0.282080739 1.053859519 -0.256919902 0.152043042 0.950502539 0.503008568
1.832605747 -44.520988897 -12.148553330 -0.947111936 -0.030543977 -0.162764304 -0.274870564 -0.321873011 -0.211107030 0.076113932 0.451675073 -1.004504878 -0.252159851 0.457266387 0.570471368 2.405711658 1.532216380 -1.400391951 0.145410989 -1.166284113 -0.511601906 -0.328818911 -0.204423654 -0.181539656 -1.314232048 -0.307478935 1.580754976
-2.652487397 -34.179875705 -18.023834612 0.607789893 0.422396447 0.648892542 0.176383550 0.788376337 0.608155904 -0.271393873 0.618111884 1.588605011 0.853172217 0.333455167 0.909210047 -1.316460123 0.210307294 2.521565785 -0.337957991 -0.643305679 -0.458204087 -1.897933127 0.999776660 0.077390362 0.524391334 -0.244436294 -0.385793995
2.567742368 -34.827422951 -16.075149702 0.808554579 -0.401976647 -0.028867944 0.428743407 0.974926752 -0.853948775 -1.112260252 -0.398597902 -0.091048244 -0.193713081 0.884578478 -1.463689323 -0.220201625 0.801843588 -2.620338311 -0.383231884 0.458629415 1.399680697 -0.750941821 0.820801544 1.075751787 -0.670572870 0.565574746 -0.635321707
1.847407549 -34.277085617 -15.958186355 0.359384880 0.615441010 -0.547855180 -0.438097676 1.454005963 -1.108171943 -1.548688707 0.603053293 1.249074835 0.498115317 -0.929280557 0.184108444 0.898978776 1.023255225 1.278939633 0.105308796 0.302932063 -0.269878053 -0.110360392 1.247854979 -0.661489325 0.298292505 0.266653179 0.842658022
-1.907376404 -47.593341221 -16.987959778 -0.175764198 0.947115286 0.267950251 0.016800148 0.733746385 -0.961743105 -0.836605075 -0.222111090 0.032540746 0.217859395 0.627060540 0.525272896 -1.715473110 -0.959468096 -0.192206015 0.002919434 0.062187320 0.293844508 -1.241640732 1.096043981 0.143133951 -0.221190774 0.788395798 -0.996551976
-1.592559563 -39.559160426 -3.935818114 0.606037444 -0.397540777 -0.679063562 0.116415744 0.372745921 0.459351414 -2.641429880 0.047161629 0.641426846 0.130420190 -1.875999753 -1.272388588 0.656115372 -0.262056637 0.594302290 -0.714505190 0.830631905 -0.477330051 -0.786626349 0.965164139 -0.399055234 0.731173042 0.073540462 0.092045833
3.837345359 -45.866279520 -6.184852971 0.476756182 -0.321276116 0.382871544 0.723114501 -0.339909356 -0.808666413 -0.654133637 0.028788463 0.727968832 -0.276726623 0.001067753 -0.115583245 -1.924376028 -1.074113451 0.841894150 -2.002967955 1.204318902 0.181398952 -0.950524709 1.158914205 0.131983982 -1.075963027 0.563137887 0.511614006
-5.956402915 -39.023944242 -17.787475939 -0.453186466 0.357127941 -0.538136983 0.614402351 -0.649601125 0.544300984 1.210661654 0.614468339 0.794887979 -0.891842863 0.909906935 0.076222026 1.703581416 -2.015751491 1.761360051 0.518042435 0.658684470 -0.909589454 -0.423187647 -0.288226369 0.183762529 -2.292831919 -1.565808419 -0.901963624
-0.563351354 -32.486169820 -11.546467806 0.100470953 0.814886630 0.285234744 0.494475993 0.181312341 -1.499471980 -0.055569302 2.179929821 0.690443814 0.656585957 -1.203289891 -1.253653386 -0.317201106 2.477295374 -0.631661911 -0.384588405 -1.675226602 -1.040697731 -0.005400394 0.864045718 -2.062407203 -0.093876112 -0.778041505 0.208921154
4.798864609 -39.994183022 -16.230262875 -0.807578638 -0.175010923 -0.562801512 -0.021032781 0.009335662 -0.105779875 0.445692186 -0.018847049 1.501795033 -2.472575452 0.489949912 -0.491118614 -1.074798421 0.298118176 -1.367921892 1.556737775 1.344446046 0.792621275 -0.480029757 -1.203649525 -1.166369358 -0.447319173 -0.977867759 0.575330316
-5.260374988 -36.111886563 -14.931705279 0.013011601 0.896441899 0.433012114 0.093397696 0.204346540 -0.685075373 1.974883424 -0.371565223 1.046092560 0.985624314 0.388289135 -0.784194528 0.572668658 0.034082191 -0.834157385 0.030753985 1.750790108 1.089069438 -1.101131750 -0.511478163 -1.002441132 0.233263796 1.199162248 -0.149303666
-1.970719055 -46.941256880 -6.965864105 0.114759934 0.625258706 -0.674630741 0.375173388 -0.002395804 -1.254187861 1.155462334 -0.922141468 -0.032041213 -0.005364848 0.287061319 -1.062199318 0.954666766 -1.543320877 1.525087685 -0.240250672 1.034124442 2.105047860 -1.204985987 0.065295981 -0.431306770 0.006395538 -1.872465820 0.958215618
4.258920960 -35.558751687 -7.558441875 0.581395854 -0.462957378 0.571984423 0.347106824 -0.529756667 0.801454839 0.812343686 -0.280653392 0.428588804 -1.161551458 0.179824321 3.095806391 0.200198580 1.291924673 0.897240572 0.292570439 -0.865705120 -0.145483114 -0.799944992 -0.554033971 0.858373291 0.238031120 -0.533320926 -0.991211528
-1.262984964 -45.925895983 -19.321405742 -0.348775469 -0.051143102 0.808216425 0.471726897 -0.107457497 0.743207100 1.813314371 0.276291578 0.127162440 1.964098454 -0.478945522 -0.063753309 -0.434279497 -0.472525002 0.805704546 1.603956339 0.603004148 -0.500785852 -1.492214682 0.911575190 1.088736202 -1.153360365 0.317353738 1.639982349
-8.085580546 -45.751768734 -10.548160188 -0.153602039 -0.009056298 -0.185780519 -0.970468957 0.043426329 -0.056934087 -0.469412441 0.566806559 1.462839314 -2.548480427 0.168000680 1.793107248 -0.468533078 0.399813578 -0.323923158 1.136476242 -0.931437051 -0.403644521 0.644205479 -0.135597904 -0.701021308 -0.462081729 0.771776657 -0.208809263
5.760414034 -40.588092225 -14.215004368 -0.512694563 0.849701137 0.119107341 0.031075766 -0.811885466 -0.993937721 0.909503468 1.279541586 -0.091281262 1.338128662 0.825439446 0.518320384 -0.170076022 0.164471643 -1.087412457 0.271685875 -0.696470122 -0.627467922 1.280029037 0.316028314 -1.537835094 -1.456507109 0.436535801 0.373032669
-5.384472545 -41.883239698 -8.388105858 -0.550657841 0.680742879 -0.438319540 0.203078938 0.136302706 -0.156340077 -0.819607926 -1.016856362 -1.434933959 0.556353946 -1.336927124 1.388238797 -0.908621566 -0.195591888 0.486646552 -0.702047826 1.444752195 0.048805938 0.908589257 2.088749167 -0.074039810 1.486011377 0.688288878 0.291462607
-7.548201239 -36.886283651 -10.277490469 -0.049734080 0.875130418 -0.358002153 0.321726174 -1.456208968 -0.960071223 -0.204532392 -1.591132918 1.375210967 1.128804159 1.472849474 -0.110800629 -0.720023787 -0.096003490 -0.084418670 1.029124668 0.057336165 -0.411416082 0.406296320 -0.209587906 -2.055330201 0.015763284 -0.149151451 -0.655845162
0.956851340 -37.377109576 -8.274708237 0.014572662 -0.500354263 0.757999902 0.418173884 0.086174131 0.259871556 0.402975200 -0.172093823 -0.956223362 1.930908783 0.158200365 -1.003112530 -0.048693709 -0.257140465 0.965114279 1.046631313 0.340851693 1.957786670 -1.936245418 -0.061118035 -1.156187709 0.591370623 0.267161593 -0.256116660
-5.083485661 -42.996264709 -10.904167315 -0.352297673 -0.809317093 0.367935001 0.292431237 -0.574741828 -0.624354264 -0.583394405 1.556148943 -1.188036263 0.287799443 -0.230897252 -1.191600179 0.481674743 0.681135323 -0.474089597 -1.177990230 -1.723141475 -0.118568327 1.108993834 -1.598858909 -1.196284559 0.688551193 -1.126326270 1.148121110
-4.175094271 -38.549450313 -17.216402457 -0.061954867 0.702278632 0.138832555 -0.695479575 0.629020521 -0.252121423 1.316015107 -1.563315089 1.426075369 1.209834749 -0.693460597 1.305180379 -0.493438906 -1.387931832 -0.767869767 0.295014414 -0.632103880 0.176776407 2.579422277 -0.114911644 0.046197898 -1.239847912 1.309945977 1.110538267
-5.311537615 -42.851579325 -16.758092484 -0.445121626 -0.617508574 0.615921816 -0.202953725 0.979003876 -2.242080577 0.013407334 -0.828813775 -0.640855916 -0.651071318 -0.549812573 -0.525874103 0.861045860 -1.804038800 -1.025061124 1.354313618 -0.119327675 1.176670049 -0.477564727 -1.190425074 0.786928575 -0.746536604 -0.161018389 -0.421030427
2.174115077 -46.490823543 -7.963038396 -0.458034616 -0.081236020 0.880155462 0.094505889 3.013319197 0.244191494 -1.988146189 -0.739676115 2.064275754 0.928599694 -1.352763717 -0.584986354 -1.077227311 -1.705189265 1.211350153 -1.001694037 0.068047987 0.103836705 1.081402462 1.148786951 0.855532196 0.793400377 0.043248499 -0.973715359
-5.968792431 -34.730858083 -12.233152714 -0.344865787 0.265558314 0.264787829 0.860484617 -0.780462988 1.807368038 0.756966233 0.067258420 -0.871353223 1.914686314 -0.094870071 0.703846263 0.357628005 -0.484884097 0.013692985 0.594913406 1.274132759 -1.041426685 -1.071200675 -1.663767478 1.025919195 0.222753121 -0.163653370 -0.479722197
5.616013618 -45.000960190 -17.850793089 -0.475558472 0.579946717 0.463996752 0.471394695 -0.886516982 0.211414620 1.887298717 0.606412163 -0.901471036 0.578577408 -1.073104685 0.074700480 -0.962346869 -0.741513655 0.248872447 -1.255650678 0.857794576 -1.301250252 0.150843214 -0.185091200 -0.122717853 0.482890510 0.598515887 -1.372614499
3.633962369 -37.783592670 -19.020620909 0.798826432 -0.123487743 -0.181419539 0.560101829 0.488485871 -2.192141812 -0.729083886 0.329849422 1.686658900 1.277200358 -2.257292493 0.081419214 -1.544797912 1.757294533 1.806711495 -1.505377126 1.270377970 1.039473321 0.500209060 0.196377281 -0.700463142 -0.290600572 -0.378253247 -0.021651274
-1.255452181 -40.551271500 -9.353248866 0.013205582 -0.362781489 -0.683397278 0.633390373 -1.072710556 -0.043917572 -0.685842756 -1.946618505 0.272353647 -0.727116274 -0.809883037 -0.456751624 1.778661290 -0.580834754 0.538528673 -0.072214722 -1.374520861 -0.635973750 -1.964923876 0.482722526 1.610749028 0.470693838 -0.925520994 1.782288986
5.097599368 -36.073469956 -12.541414361 0.688246403 0.294787090 -0.609851434 0.259805098 -0.794635442 -0.736217897 1.826567422 1.027964501 0.682594984 1.874668317 -0.641394425 -0.354070274 -0.578490831 -0.468274791 -1.171278650 0.025987694 -0.540586582 0.815301272 0.545722241 0.479731169 -0.243821644 -0.346699018 1.236288630 -0.622723827
4.586245330 -41.270105497 -7.171933034 0.077124110 -0.523757151 -0.601074346 0.598698546 0.368761967 -0.074742066 -1.075903441 0.079243853 -0.387062823 1.178491761 -0.499873599 -0.597140210 1.681946218 0.257491976 -2.034148236 0.540421387 1.274968374 1.076566377 -0.491911715 0.552793665 -1.127149474 1.419561744 -0.616987602 2.277239825
0.215518161 -33.654314495 -16.099111000 -0.377592409 -0.151549760 -0.489094308 0.771520188 1.230982361 -0.644408475 -1.319055692 1.665990952 0.071284746 1.861766565 0.209701296 1.013354428 1.363051400 0.963881115 -0.546180526 1.809992123 1.463802815 -0.508597512 -0.582894516 -0.614384630 -1.239160489 0.521306912 -0.236359399 -0.632787374
0.690797888 -35.279186156 -12.586344407 0.102236882 -0.516060344 0.244448454 -0.814539314 0.793538911 0.801759670 -0.695667488 0.248208270 1.232059081 1.584528038 0.222976828 -0.591963614 -0.487364308 0.722690821 -0.213663138 -2.725213420 -0.156092696 0.785659243 0.575242666 1.124317150 0.920388759 -0.233123424 1.227223256 2.610151239
