-47.559653955 5.566644313 5.539930449 0.275746670 0.175100631 -0.868778953 -0.372191717 -0.907473016 -1.082345281 1.376150713 -1.415809518 1.013687345 0.067605210 0.950646596 -0.656534148 0.709586736 -0.845802642 1.456447677 0.058086820 0.467723655 0.708438198 -0.127889912 0.210931707 -0.808789083 0.111692762 -0.920007421 0.009079260
-38.719454528 -1.663839210 0.559793349 -0.082541532 0.308083304 -0.650952110 -0.688863502 1.025391836 -0.019377290 1.340676104 -0.537354980 -1.005969042 -0.955420939 0.148417655 -0.751809515 -1.924485473 1.249756391 -0.345236541 0.077866652 0.351046012 -0.568665049 2.693326725 2.803648323 -0.791106761 2.419496381 0.062334130 -1.518067899
-37.627480583 -0.644682185 2.305891765 -0.148800999 -0.968435006 -0.199910732 0.005253770 -1.575274661 -1.411553610 -1.108132921 -0.745900391 1.285580393 1.342227233 -2.170297818 1.061238573 1.046148463 1.824207391 0.903795162 -0.129174053 1.353531738 1.131123422 -1.377151068 -0.203727937 2.069563748 -0.873770668 0.451379360 -0.967577397
-48.192015746 10.190164994 6.573645432 -0.698641548 0.127558047 -0.097398070 0.697239233 1.353848402 -0.668366051 0.043445403 -0.548695790 0.066949688 2.648274517 -0.057730367 -1.161172720 -1.142849627 0.660052115 0.402201104 -1.867914967 1.051302610 0.553398739 0.621219368 -0.587221836 0.694713692 -0.147097841 -0.775372344 0.115984929
-42.417077874 0.042199209 8.947864103 0.328058897 0.053439225 0.852761887 -0.402888042 1.364518363 -0.782668432 -1.710910493 0.550028928 2.088083034 1.445768067 1.020147841 0.625729326 -2.384259186 0.391352093 0.578135788 0.026821269 -1.293225966 0.065575276 0.199124551 0.051035265 -1.326502600 2.881222346 0.341989316 1.179657838
-39.420252381 -5.724231734 8.458426014 0.173860405 0.397277090 0.487245660 0.757980963 0.336346074 0.071135746 0.362811637 -1.256474721 1.488912207 1.311377645 0.224339032 0.370355245 -0.264506627 1.162751276 -0.387385717 -0.072315700 -0.837780066 1.428027694 0.292503474 -1.692359970 -0.796193622 -0.072585371 -0.798848695 0.279182561
-39.628560712 10.377702404 5.024645967 0.335902274 0.127513922 -0.331545046 -0.872346115 -0.863020726 1.052728634 0.332648000 -0.882064337 -1.461358942 -0.560858774 0.666165396 -1.221564470 -1.493188055 -0.536504406 0.792727152 1.055177796 -1.678546283 0.162195844 0.253542161 0.548009462 -0.620829137 -1.979844727 -0.691414389 0.364481958
-50.508596059 -0.414820290 5.656158791 0.745815267 0.454196222 0.002867718 0.487295758 1.211281216 0.713332729 0.394231017 1.445706758 1.624089858 1.427084144 1.026923707 1.046788698 0.945473277 0.207475089 0.916090918 -0.527399815 -0.589116740 -0.288505225 0.282448590 0.182601145 0.923052378 -0.188798007 1.507366970 2.523140707
-36.464712464 0.702129230 10.533422688 -0.443536108 -0.676743137 0.520411009 0.272886110 -1.237137580 -0.051002628 -0.486029487 -0.567782469 0.415935048 1.674009022 1.527065381 -0.156614239 -1.000672772 -2.322804679 0.468437776 0.771098438 -0.701213042 -0.729991912 -0.443958816 0.822171618 -0.582427498 0.372882940 0.159367415 0.110739904
-45.987994743 3.771401341 4.350441671 0.930886551 -0.243351842 -0.112153406 0.248297653 1.884566420 0.533235106 0.722632070 -2.535515288 -0.125372777 0.999207376 -0.629021389 -0.261020558 0.135879793 0.076699709 0.468441784 -0.570097029 -1.048338554 -1.102567014 -0.934611940 -0.165661373 -0.913135988 -0.778552167 -2.740062168 -0.497713387
-50.213747603 3.810237149 9.416660570 0.677026740 -0.060964767 0.427771725 -0.595759550 0.546843386 -0.053257239 0.027568641 -0.922300796 1.308882731 -1.195415128 -1.317562612 -0.758947977 0.704979318 0.165465722 -0.545563460 -0.305950381 -0.000323407 -0.001137292 -1.034399388 -1.306969049 -0.945170028 2.431353533 0.638725826 0.076351879
-36.059267542 1.635764010 5.758427057 -0.039196186 -0.521191933 0.330008794 -0.786076856 -1.313555980 1.451883801 -1.239037292 0.472558291 0.402473212 0.539575638 2.500625423 0.200324797 1.376817057 0.238825221 -0.913130030 -0.783534063 -0.191619759 0.209267058 -0.024663811 0.246719305 1.330987857 -0.331689613 1.241322743 -1.068289281
-46.147713347 11.626464572 2.493780999 0.361625786 -0.796257880 0.413357721 -0.253644583 -0.323024794 0.495317319 -0.622710239 -0.471401249 0.843262652 1.862543880 1.742286445 0.902821302 -0.028610433 1.054797589 -0.105650515 -0.777942191 -0.882840361 -0.184764070 0.464065094 -0.079763947 0.092965555 -1.147901193 0.001235839 0.839741867
-45.289730571 3.170494961 13.159375682 0.161783914 -0.314917295 0.390531712 0.849787058 1.780335311 0.329726244 0.184818875 -0.726592491 0.922639760 1.207217585 -0.470194763 0.677587721 0.118031907 0.622754496 0.117993380 0.368361660 2.049490594 0.402477981 -0.323895787 0.207000028 -1.306816366 -1.373036088 0.515455686 -0.925555932
-39.737302977 -2.466193865 4.192937145 -0.321511550 0.345291821 -0.454512045 -0.755528082 0.980959510 0.293707510 1.595401322 -1.369460287 0.711408014 -1.063216796 0.821728181 1.713044461 0.283312541 -0.018166522 -0.024686006 1.339014143 1.396794530 1.916902606 1.222275097 -1.853282382 -0.462146103 -2.075202278 1.817172956 2.180208590
-50.208630876 5.330737680 8.498650232 0.819220577 -0.172584852 0.443266837 0.320322691 -0.836204030 -0.749422651 -0.627575320 -0.420444849 0.643220430 -0.643208186 -0.870181935 1.482108029 -0.220655982 0.330573299 0.155502992 0.875769729 0.330452303 1.271294785 -1.076237568 0.569200751 -0.183928250 0.870754411 1.439465611 -0.196506256
-43.940991729 6.321018458 7.305724744 -0.100506757 -0.960715383 -0.167268196 -0.197346636 -0.474514107 -1.592324984 -0.953307837 0.019585652 -0.319343184 -2.209107307 -1.761965831 0.357338749 -1.202500987 -0.596342832 0.320646159 0.521122289 -0.823840209 0.826150442 1.248866294 0.893564525 -1.146985842 -1.059417835 -2.458094464 0.549057888
-38.141019222 -2.542870555 13.052596859 -0.440878628 0.206398127 -0.680669674 -0.547462002 -0.157548834 0.221012862 -0.808505046 0.549158853 0.097992146 0.440788975 -0.643517880 0.114141415 0.531466646 -0.279856401 0.467867193 0.451949057 0.414887851 -0.966248563 -1.385939391 -0.331844720 -0.553630161 -0.565631259 1.426070738 -0.104024856
-43.738243280 3.201152033 11.494797736 0.443222725 -0.198421424 -0.677550060 0.552366247 -1.133169301 0.447319282 -0.190176333 -1.408278854 -0.619223900 -1.238622197 0.037954955 0.617634094 1.025756736 -0.344542483 -1.715559300 0.307477987 1.061172578 0.803073717 -0.585302903 1.403929850 -0.491929738 -0.467436839 -1.291170185 -0.260169262
-36.029068584 1.461262106 -0.459137037 -0.911407572 -0.230729438 0.340646470 -0.007755431 1.239962463 0.469572079 1.405202185 0.456412756 0.495187544 -0.702374964 0.152316724 -1.569548162 0.292436523 -0.088501192 0.106258217 0.230003005 -1.478586581 0.763995390 0.103199364 0.558110335 -1.107047452 -0.375933981 -0.546594457 0.956102885
-50.992518910 6.430034017 9.089535304 0.079196690 -0.362481975 -0.865408809 0.336752574 0.319684417 1.074267110 -0.227176851 -0.657462659 0.631362794 -0.399971451 -0.088285406 0.032694632 -0.913478169 -1.124662765 0.158539492 -0.531119641 0.765565919 0.771177797 -0.381456689 -0.856634970 -0.307806881 0.747174731 1.747144938 -0.604835875
-40.821950049 9.531830837 11.361388002 -0.741548605 -0.185921431 0.612417324 -0.201206135 -0.091789013 0.091461492 0.840044157 -0.803189928 0.738687960 -1.224020487 1.465460690 1.583461652 -1.763946219 0.432903588 0.118117704 0.001483410 1.589196072 -0.139712298 0.874714733 -0.112178562 0.710835034 -0.411530766 0.004304271 0.081097913
-46.809865710 -1.149804724 8.433713336 0.594014894 0.389678429 -0.221198500 -0.668107964 -0.045218835 1.586421091 -2.855874922 0.770414896 -0.790098276 1.489181167 0.808802898 -2.107563391 -0.291203772 0.788900513 -0.642466817 0.628702750 1.102455498 0.076936875 -0.296291807 -1.146881512 -0.489614279 -2.009351934 -0.561770386 -0.186713416
-46.927901390 -3.286475081 7.842757072 -0.220712681 -0.153770121 -0.848642579 -0.455462881 -0.320035398 0.460604811 1.092007412 -1.793226717 1.814089925 -0.889356505 0.021602280 -0.658297578 -1.589206518 0.146728060 0.939267104 1.616344810 1.881839912 -1.600191707 0.604075162 -0.631944925 0.871207620 0.775269182 0.814745574 1.003757646
-36.590177700 7.600441946 4.144572257 -0.671154437 -0.124943461 -0.720624098 -0.121003152 -0.477127453 -1.627336724 -1.608520913 -0.883334425 -0.315660839 0.319786431 0.130998500 0.106844236 0.660845368 -1.319060252 -1.736287538 1.466374543 -0.601002555 -0.805243044 0.467872766 -0.566349250 0.536195511 0.829741886 0.218095810 1.190163530
-38.182771113 1.590630836 14.875795902 0.469320154 -0.463852938 -0.055471105 0.749334372 0.811450006 -0.588192507 -0.497371041 0.140789510 -0.422772554 0.090015263 -1.050324988 0.671687535 -1.456525248 -0.076287236 -0.032389479 1.601199444 -0.898763796 -0.806582406 0.310115026 1.086506938 -1.018934951 -0.008327728 -0.786618129 0.417210828
-39.055231862 0.830661461 -2.319634012 0.662730766 -0.244150381 -0.495532713 -0.505594555 0.032255585 -0.225515434 -0.396998081 -0.482384852 -0.088945032 -0.158960043 0.823881821 2.043477158 1.774740403 0.936308972 1.637979617 -0.197288673 -3.383342715 0.658685146 1.324456349 0.989643157 -0.867450701 1.073152858 0.753464752 -0.027325952
-35.458404262 7.607563831 9.628403777 -0.088215811 0.631954117 -0.381738591 0.668676015 -0.293447243 -0.058279611 1.321889376 1.683220143 0.388539947 -1.227936533 -0.601047086 2.013286282 -1.173993559 -1.729009109 -0.665767981 0.489103129 -0.221576978 -0.693229235 0.638939239 0.821904686 -0.378156379 0.063726657 -0.610914360 0.515788916
-42.197234524 2.598825226 2.232672412 0.014256596 0.291907862 0.637477835 -0.712887480 -0.662715998 0.140384877 -0.060973149 -2.606256873 1.379539755 -0.080478087 0.760041631 -0.282253845 0.395306900 -0.900065822 0.448191395 1.910217069 -0.298070589 -0.377360595 0.305668488 1.189150522 -0.656613605 -0.586601700 1.857000766 0.313496464
-49.697059551 1.759549908 10.822903219 0.514672309 -0.716320026 -0.443779369 0.158296892 -1.134234309 1.748736779 -2.187593390 -0.108889971 -1.833487596 -0.949752619 -2.361997343 -0.475045291 -0.151401912 -0.356332531 1.141620887 -0.771816024 -0.220488272 2.081799660 0.372326808 -2.498367801 0.383585981 -1.041177969 1.059795639 0.029176688
-44.895761856 4.848526277 6.714619648 0.611472914 -0.446294909 -0.416872716 0.503129077 1.632570591 -0.777662111 2.042703344 1.337791982 -0.929499903 0.045108894 -0.962672684 0.908693406 1.490750990 0.733206152 1.031295359 -1.494652399 -1.238776985 0.406823024 1.011939608 -1.054755073 0.309399989 0.833560225 -1.095962782 0.611022762
-50.863332788 1.473400790 5.727123677 -0.580133844 -0.279101389 -0.697423294 0.314877574 0.967829052 1.760558593 0.117618487 0.528946583 -0.492572176 0.362191978 0.619817388 -0.472825254 -0.445609801 -0.415725152 -2.190406398 0.052729314 1.471567556 0.955934383 0.029614604 0.233224754 -1.545488596 -0.287884302 0.481282282 -0.751331475
-40.995839525 8.930845874 10.004914020 0.800615863 -0.040500076 -0.559017760 0.211832785 0.197257264 1.446309150 0.815539546 1.450400428 -0.132660240 1.690145740 0.982865736 0.048508865 -1.453603902 0.374233267 0.097602854 -0.131535532 0.421615694 1.421966182 0.398322911 0.278401703 -1.868089613 -0.100571789 -0.833494109 -0.709807825
-41.843421610 8.599857404 -0.987464071 -0.329816645 0.791866862 -0.505904949 0.090708524 -1.785358049 -0.433418477 0.917048184 1.034539850 0.952787636 1.984120045 -0.370012682 0.048673749 1.367648490 -1.110181674 -0.456845525 0.098567631 0.987889526 -1.315233147 -0.430585543 -0.748445800 1.123842162 0.496771138 0.677546332 0.735236237
-46.230366421 7.531838813 13.895116992 0.750606664 0.036318356 -0.423811169 -0.505623087 -0.631129860 0.833619172 0.649587150 -0.803567016 -1.619876419 -0.305629420 -1.726667161 0.138098570 -1.873949574 -0.738853289 1.059922514 -0.129025904 0.717457210 0.551145460 -1.006974991 0.521136668 0.965174473 -0.187546653 -0.717344429 -0.663924971
-48.813457956 -3.143721367 8.332413831 0.580591738 0.086397880 -0.511585339 -0.627478351 -0.155026723 -1.773963035 1.672763312 1.104953304 0.281039135 -0.660210682 -0.173771776 0.976508008 0.556394526 0.357061779 -0.288435170 -0.392885150 1.938480402 -2.830450212 -0.921991489 -0.754191262 -1.161465104 -1.643709351 -0.958262827 0.352736219
-45.406512308 3.915822488 10.062800993 0.343004788 -0.712338184 -0.537750494 -0.292824920 -0.401740010 1.015610970 -1.072607486 -0.959945170 -0.858721226 2.172203580 -0.955220003 -0.399267256 1.135912391 0.733110447 -0.917890295 0.376135703 -0.153769425 -1.163076612 -1.441654591 -0.323086465 0.324583792 0.641165973 -0.558877606 0.449411202
-37.447253634 7.699142809 10.925632455 -0.655487863 -0.603228107 0.133506484 -0.434312712 -0.822735612 -0.408010803 -0.213250385 1.827320036 1.339772944 0.609514699 -1.368330383 -0.728459586 -1.053162004 -1.422637121 -0.018030891 -0.200997471 0.488861310 0.728582400 -0.820310442 1.140776007 0.454572425 0.049562194 -0.429022745 -0.222773519
-36.862832423 -1.602405563 13.283074545 0.130423763 0.277912424 -0.518832914 -0.797851323 -0.431553817 0.600797295 -0.162425133 0.031121955 0.852506773 -1.233324830 -0.748111993 -1.438073041 1.550382472 -0.439652450 1.176352697 1.360501226 0.251946188 -1.373894400 3.981770034 0.887438134 -0.774771574 0.123645081 -0.171180728 0.169862648
-39.602635425 11.661865144 2.917034173 0.545988463 -0.122921444 0.815979104 -0.144793020 0.121002483 0.488574656 -1.195051043 0.270604289 -1.205657305 -0.776490485 -0.629644551 -1.603588005 0.746973848 1.072026392 -1.297035437 0.395813044 0.188278756 -1.212986865 -0.889650970 -0.038143955 -0.047486171 0.112149475 0.887509548 0.155901716
-40.726146023 8.371399605 11.632460014 0.323461060 -0.317109315 0.687696276 0.567352145 1.382195451 -1.592198593 -1.455353216 0.032708253 1.165752366 0.341788515 -0.301194288 1.483656348 -0.533485466 1.098514460 -0.168697890 -0.470197669 1.418331470 0.142149599 -0.453302795 0.205798858 0.093392053 1.186782043 0.732562467 0.906597833
-40.070000716 10.868639642 9.191831760 -0.083145887 0.934145887 -0.190535171 0.290094075 0.270834486 -0.231188130 0.218593242 1.646573475 -0.225687993 2.103680294 1.098711183 -1.179139625 -1.114874670 -0.100164811 1.200816939 -0.571311658 -0.383590156 -0.493005924 -1.676778913 2.135838160 -0.390242876 0.268103122 -2.303475696 -1.366510756
-38.862520857 1.345458172 10.375088343 -0.497226425 -0.748122684 0.063976666 0.434724417 1.545493682 -0.203356071 3.186621198 0.020507881 0.304105837 0.884068871 -1.204970318 1.534615582 -1.624300545 -0.851727389 0.607280998 0.697384249 -0.885249972 -1.620678965 0.878026244 -0.100853936 0.969547049 1.572206719 -0.063266608 -0.317942778
-45.596375773 4.467926093 -1.201964942 -0.376963816 -0.769567697 0.444616174 0.260730317 0.868926751 0.570346784 0.917877514 0.499268476 0.799873195 -0.567512899 -0.654886921 0.368413998 -0.914109309 -0.047717787 1.220443706 1.377903304 1.226691597 -1.576918482 0.775817829 -1.309909914 0.170644380 -0.198023447 0.471929135 0.307572416
-40.198335486 3.215616908 6.840983141 0.548554580 -0.537500224 -0.194808533 0.610107381 -0.877376307 0.672295077 -0.626007623 -0.202829324 0.854498983 1.700141251 0.219520805 -0.060240425 -1.046321162 0.800827523 1.305694521 -1.582152979 0.540670827 0.549072184 0.389548008 0.452496691 0.031896706 -0.146444386 0.761864451 -0.476545591
-49.260395432 2.390338778 4.627721113 0.169560506 0.079547252 -0.965627237 0.180237367 0.107528931 -1.389327096 1.128007570 -0.256249578 1.099004740 0.936369485 0.719599324 -0.302921613 -0.948607283 -0.944250058 1.553187710 1.908272962 0.561841332 2.708828660 -0.316044469 0.210471673 -1.156290544 -0.409171649 -1.589489797 -0.573481560
-40.844009790 -0.817950320 -1.997236779 -0.036992492 -0.728844366 0.635906140 -0.251079323 1.892865302 0.831473898 -0.155551295 0.486291267 -0.289231431 -0.943325467 -1.123321892 -0.762119393 -0.216892540 0.257860513 -0.176487403 -0.675747024 -1.121827891 0.590589981 -0.476126241 0.823006898 1.011933935 -0.978875647 -0.575021767 -0.204090239
-40.565656682 2.442358276 1.141749318 -0.140559006 0.950328672 0.104914308 0.257121700 0.994610790 -0.310500162 0.347930633 -1.212291994 0.650897521 0.266831250 -0.792779761 -0.122912437 -1.065780266 1.516884257 -0.634707951 -0.139839338 -0.560862664 0.546620853 0.836675067 0.357091734 -0.261149545 -1.699020914 -0.398367521 -0.218211958
-49.278550597 4.602925341 13.151632902 0.335520275 0.816840757 -0.400375967 0.244737426 0.956352873 -1.063830663 -1.055078203 -1.796533374 0.115120695 -0.722850318 0.297933899 -0.002932352 0.048723628 -0.020061791 -0.597247057 -0.272684640 0.816319654 -2.218504203 0.961047382 -0.019249585 0.100894065 0.035967448 1.121574057 -0.017390752
-42.188792431 3.356014276 11.015402021 -0.175482030 -0.140176937 -0.973571208 -0.041419646 -1.311127422 -0.311643214 -1.187556866 -1.327136100 -0.956986719 0.498214548 1.271560021 -0.272934259 -0.533698261 -0.791243451 0.571351908 -0.429590217 0.168025118 2.655663137 1.118213019 0.142329203 1.745900470 -0.774304274 0.124105162 0.019132245
-43.952397419 11.613248448 10.111372454 0.934539912 0.298446166 -0.172487234 -0.088392268 0.028808700 1.459983309 -1.472021264 0.913974548 0.695426775 -1.263326480 1.878000033 0.026977001 -0.199495969 -0.232357754 -0.387087301 0.371464801 0.074002227 -0.383913983 0.205590363 -0.251511260 0.410653238 0.562773602 0.129393160 -0.173455570
-40.315489707 -0.792704782 14.687798226 0.793818651 -0.508341222 0.158746114 0.293667878 1.764312969 0.809505799 -1.165628377 -1.186624288 0.069267116 0.205859523 -0.235075230 1.329776139 -1.454116483 -1.130717246 0.307027969 0.001811548 -0.151195071 0.971956042 0.074130868 -0.109522215 -0.187157376 1.271431014 -0.068595184 -0.075034564
-49.050379242 9.924659605 5.536349600 0.379120793 0.027780351 0.106890298 -0.918732900 -2.663058089 -0.299422512 -0.198511935 -0.936351119 -1.466118252 1.004872256 -0.979902457 -1.169337995 -0.451133488 -0.292770030 0.376360290 1.059916768 -0.254704517 0.654808754 -0.287317588 -0.393914835 -0.068062209 -2.121306942 0.166165038 -0.313558277
-35.647370603 7.551156355 10.829288604 -0.098401346 -0.925272194 0.363052047 0.048803204 0.548251409 -0.449987910 0.038464641 -0.738995160 -0.662417358 -0.334066492 0.454283587 -0.499649267 1.337483214 0.824711979 -0.237957588 -0.420878798 1.648062755 -1.216155721 -0.560296873 -0.300197301 1.734676411 -0.049845307 -1.231224299 2.600416590
-34.949420545 -0.050214896 5.237215709 0.026038451 0.123116387 -0.817771945 0.561616774 0.047814799 0.659629358 0.285543278 1.277735489 -1.256570987 -0.129955861 1.353615963 -0.750828932 0.824841488 -1.573429406 0.697533440 -0.216063283 -0.356011567 1.332497133 1.324958290 -0.666792482 -1.193516465 -0.058779261 -0.484915313 -0.492867794
-42.884965043 1.220368908 9.088395047 0.025992615 0.538425653 0.733800405 0.413472086 0.836471514 0.289971656 -0.122606341 -0.102461934 2.028672217 -1.298034274 0.204675120 1.039098199 0.144914383 0.285849786 0.975550305 0.881355072 -0.469830691 0.077007357 -0.757413433 0.549968071 0.654722472 -0.436849064 -0.792624922 -0.897617460
-35.310628966 3.984901730 12.351232189 -0.794637486 0.298144132 0.497980777 0.177978898 -1.265610406 0.352390983 0.492636561 -1.110279924 0.170563452 -2.221562167 -0.245680938 0.664486372 0.287130264 0.717896085 0.875245903 0.240418368 0.866437909 -1.602581918 -1.048975298 0.549192629 -0.391913093 -0.384839277 -0.033021912 -1.153568347
-43.740693821 -3.429744819 11.419038799 0.278697847 0.708955502 -0.293482187 0.577561955 0.925205870 1.628087439 0.950297409 1.841272475 -0.179702288 1.778635362 0.241047501 -0.109686564 -0.803146384 0.239672096 -0.136277012 0.350758946 0.452318987 -1.010753749 -0.577765095 -0.047663335 0.756618177 -0.611514178 0.475994370 -0.133092481
-39.541318807 1.607248110 0.840781525 0.377187408 -0.285884529 -0.596629465 -0.648099512 -0.242190213 -1.060639366 0.742551680 -0.838204564 0.759490324 0.684982875 -0.301271914 -0.925787405 0.236022625 0.176494640 -0.982613700 0.332062217 0.745144431 0.560692094 0.599960090 0.470774519 -0.289294638 0.943847599 0.426030881 0.850617678
-45.121860529 9.048941755 4.800245952 -0.722369910 0.375849766 -0.383272170 0.435914110 -0.192661688 1.109319068 0.397666540 -0.609246802 0.315259025 -0.410008252 -0.807345085 0.173170931 0.279293300 1.147766901 -2.264031131 0.720173244 0.836753570 0.174822848 0.274503826 -1.243711464 -0.340825271 0.523246019 1.771266225 -1.483584743
-42.586569321 5.838616609 14.932190889 0.420976756 -0.850692735 0.268794329 -0.163859848 0.006493781 -0.775613759 -0.749479098 -0.240014222 -0.015892838 -0.077059155 0.472980126 -1.400549068 0.619051848 -0.397291929 -0.646462800 0.862713728 -0.117139950 -0.315090436 0.452840339 1.023562082 -1.269601745 -1.080396555 0.255896499 -0.614503763
-49.569680253 5.236886828 0.931290159 -0.244921478 0.578673523 -0.204634992 -0.750516451 -1.580697739 -0.037282056 -0.724846364 -0.487063620 0.041030978 1.178457720 -0.424057427 -0.406756654 -0.713782203 -0.088502909 -0.688150744 2.328492179 1.024368068 0.088634766 0.809522587 -0.815240989 0.226114931 0.615731835 -0.433672392 0.716474682
-39.383007418 9.273259779 -0.720486817 0.092008745 -0.978217309 -0.122870309 -0.139743246 1.821055134 0.196449174 -0.171089890 0.364640445 -1.090883713 0.063378551 1.354225317 -0.756605777 1.242629517 -0.485577727 0.332322676 -1.456682767 -0.317460147 1.229159977 0.906743796 0.861295518 0.862352378 -0.772790206 -1.198280259 -1.215937721
-44.671826674 7.762389475 11.036328962 -0.289443864 -0.357007256 -0.784489655 0.416346070 1.277813863 0.902605162 0.222469818 -0.335345366 1.465147227 -0.614170657 -1.246615886 -0.657896078 0.805881781 -1.908063241 -0.311051081 0.767691641 -0.993851007 0.602075196 -0.982271180 -0.266234793 0.258762201 0.610316463 0.433489189 0.752792180
-45.615934665 6.135622405 12.244568694 0.236433641 0.760444670 -0.273422512 -0.539502704 -0.321789987 0.390518650 0.083078109 -0.874725225 -1.570115053 1.349607619 -0.530051033 -1.347176152 2.587855769 -0.091842450 0.180505611 -0.063599921 -1.851602680 0.683842621 0.511632276 -0.721807313 -1.673891148 1.100393273 1.914260602 -0.827815810
-39.625327776 11.486204557 7.237696369 0.801480978 0.115802186 -0.223991840 0.542259856 -0.721366714 0.754556906 -1.133880811 0.294326525 0.405040933 0.246675770 0.583407887 -0.315121806 -0.577547818 -1.038500173 -0.990176388 0.450822329 0.226222399 -0.043589188 0.458319773 0.817926891 1.096743191 0.301968017 0.146778717 0.538629027
-45.095950286 1.043801698 -0.016642577 0.617143779 0.370397424 0.237314763 -0.652396358 -0.189611129 0.204813271 -0.358101198 0.302698232 0.883200935 -1.315658113 0.648590635 -2.108956985 1.297249471 2.541387850 2.646232036 0.525323096 -0.283814231 -1.715897348 1.111132328 -0.682998089 1.094923129 0.968128505 1.049068184 -0.375542387
-46.912264030 -4.624783521 9.050093035 -0.379029010 -0.184744201 0.520897430 -0.742207827 -0.032935177 -0.795333699 0.350264066 -0.729682438 0.141327956 0.034977048 -0.768366457 0.990662012 -0.688189190 0.843709203 0.643589256 -1.706206780 -0.549644598 -1.050338292 0.344670151 -0.841247085 -0.471074804 0.696509887 0.525780831 2.873238441
-38.667692068 6.355438894 -2.059606628 0.674880438 -0.546349628 -0.410734273 -0.278093214 0.159967676 0.131766637 -0.925172020 0.080069426 0.921270746 -0.843144297 -0.998092396 -0.221404863 -0.054446607 -0.574429415 -0.845344452 0.647371741 -0.157816145 -0.725026767 1.494871742 0.608495687 0.612172341 -0.026908586 1.216301403 -1.233340376
-40.056053899 7.116975720 1.225634625 0.450620195 -0.876774657 0.145353461 -0.084142811 -0.245791078 0.363793636 0.620888462 0.928007377 -0.088539393 0.439425032 -0.887021634 0.943933507 0.603352622 -0.114973788 -1.843159224 0.515074103 -0.013649944 1.207969004 -0.169882743 0.473053683 0.477077781 1.054643778 0.706174072 0.710831472
-37.867318171 -1.604258900 5.668976506 0.130332498 -0.221136478 -0.714102153 -0.651283512 -0.307875698 -0.428103594 -0.369297302 -0.446586106 -1.356769543 -0.660848652 -0.354810606 0.656053101 -0.713097006 -1.999744288 -0.206139237 0.864435638 1.404126262 0.235795107 0.477683465 0.012067860 0.770923526 0.087034016 -0.834496777 -0.689438255
-48.175967837 4.767598773 5.108272249 0.252335414 -0.502204830 -0.128912252 -0.817005984 0.598701738 -0.079684692 0.892179532 2.247478490 -1.548223485 -0.123182070 -0.777627477 -0.076730839 -1.522531527 -0.087752952 0.455616702 1.193372390 -0.780713408 -0.625083161 -0.064998237 -0.656143596 1.274603158 -0.743630850 0.977438598 0.547987530
-43.283449763 -3.613902291 -0.123271076 -0.636346377 0.616047603 0.368069635 -0.282972408 -1.007762144 -0.516320249 -0.274295724 -0.015148617 0.708933971 0.994797404 2.623074962 -0.891843152 0.455990819 -0.953429237 -1.289275033 1.794944584 1.309466681 -1.578453104 -0.440396449 0.041071892 -0.712945137 -0.301582597 -0.892249432 2.293858247
-45.418471864 -2.228732997 12.605284403 -0.589286371 0.535497141 0.001670279 -0.604964127 1.181060593 2.011485148 0.019229791 -0.710476826 -0.290509194 0.590109494 -0.242488710 -1.801942725 0.726234566 -0.160942749 0.713276680 -0.469236981 0.848970402 0.338715682 -2.457473719 1.052489639 1.114452149 0.285245515 0.345651116 0.040791381
-39.624443048 0.270541143 10.804675701 -0.714182248 -0.172155832 -0.489937687 -0.469326271 -0.926634656 -1.163317472 0.380899956 -0.055152377 -0.378210901 -0.890209268 -0.492656086 -0.231035428 1.605415667 0.732101678 0.990544041 -1.583485453 0.909085078 -0.533401170 -0.929087493 -1.254590128 0.162328483 -0.157374174 1.054977258 -1.212685366
-48.489805289 0.701639927 13.409543613 0.048081554 0.108258165 0.515678108 -0.848554314 0.394717273 0.560777132 -0.083592988 0.195015109 0.028908289 -1.027333867 -0.151055201 0.598692373 -0.234493714 -0.332867477 0.885985836 0.874288138 0.667625248 0.135583646 -0.107769665 0.379835035 0.328148197 1.579775608 -0.432393963 -0.935862118
-44.360409569 10.286791663 4.203609185 0.220023657 -0.941102699 -0.102011333 0.235603456 -0.567014099 0.149890344 0.150268449 1.003776945 0.144659703 -0.760693482 2.767564617 -0.979653790 -1.686725615 -0.696434349 -2.795047738 1.398296072 -1.338251665 -2.573461912 0.932038988 -0.305239720 0.297931871 1.279758356 1.587953808 0.955596081
-36.377808489 4.603839671 2.182050913 -0.650953422 0.168993659 0.379338583 -0.635454974 -0.762700730 0.054488643 -0.535215510 0.828722655 -0.342118970 0.109515574 0.223832084 0.031017350 -0.783566843 -1.174306830 0.056828393 0.439481669 -0.352494537 -0.913110348 -1.981975476 -1.442192062 -0.055517991 0.292957923 0.317508117 1.895868480
-48.336612564 -0.356435122 1.319018195 -0.417558803 -0.112155435 -0.352127121 0.830103786 1.228291502 0.976288562 0.952691157 -1.569726472 -1.194039424 -0.580743374 -0.542461519 0.560402381 1.052321786 0.846259892 -0.103215098 2.086072454 0.054933171 -0.092454005 -1.140298906 -1.841546395 0.798538081 0.649819219 0.950164667 0.698182982
-36.482432211 7.039853176 10.501210016 -0.099814662 0.915168692 -0.345091877 0.182797418 0.356213645 -0.222961743 0.222202346 0.204536915 -1.471231798 0.532173088 -1.677403956 -0.539955384 0.645439006 -0.676812251 -0.396889670 1.296599821 0.451231088 0.558750888 -1.347374047 1.447443427 1.725383069 -1.418982507 -1.692068174 -0.796663913
-48.535278567 2.767504010 5.627236508 -0.110330402 0.499346752 0.831963904 0.215211726 0.732701279 -1.979344964 0.468250081 1.342212531 -0.228942229 -0.824760247 0.408509944 0.572188233 0.014972512 -0.022508584 -0.222901519 -0.717922692 0.755188438 0.040513466 0.616518048 0.540403199 0.102349702 -0.525574683 -0.534183450 -0.710119696
-43.928954412 2.915553886 8.333421604 0.325046066 0.215433043 -0.606650755 0.692754300 0.355754455 -1.570863054 -0.336463035 -0.802225508 -1.103800808 -0.756853203 -0.902315711 -0.087764046 0.626465975 0.356738483 0.751095502 0.138093454 -1.145403436 -1.538886686 0.469243105 -2.109766402 0.356514128 -0.860092822 -1.084401127 -0.566401569
-42.594641044 -5.039014943 2.427217492 0.422911076 -0.659064614 0.580266004 0.223766443 1.187563206 -0.915591717 0.327887403 -0.271050293 0.659313843 2.283254255 -0.438267257 0.595014430 -0.604956386 0.192200799 -0.813503011 -0.419118186 0.820816605 -0.036819343 -0.733045408 -1.086317502 0.915422213 0.273291194 0.089820912 -0.402194358
-38.551539014 -1.439117286 7.569927434 0.935052749 -0.132978123 -0.196745270 -0.263219440 0.496723303 -0.606733548 0.150372359 0.288267850 0.411285305 -1.740201495 -0.719125236 0.273334622 0.818682425 -0.036303647 0.178282148 0.188874910 -0.042627058 -0.885154411 1.739182051 -0.682563897 1.386765437 0.568060199 -0.160839688 0.885554884
-39.547554317 -3.394969105 3.440361869 -0.701574443 0.268919664 -0.403434275 0.522222463 0.095993887 -1.124286095 -0.311955209 -0.778017409 -0.022508782 -0.531337874 -0.014558033 -0.081769152 -0.065087459 0.620168982 0.142890916 -0.895198687 0.588464899 -0.928816004 1.063588687 1.303343748 -1.518035397 1.720433807 -0.199506193 -0.040650784
-34.765522673 5.879831879 11.965667016 -0.185820490 -0.380008954 -0.276718053 0.862838953 -1.741896493 -2.065666650 1.221363619 -1.128683831 0.479982879 -0.231664199 1.014270528 -1.121419498 1.082022919 -1.156592093 1.832070333 2.284301155 0.501040439 0.301678797 3.045417386 2.096078845 0.747688020 -0.160868890 -1.738648574 0.054539529
-50.140489341 -0.257588733 5.553426115 0.197861132 -0.898379291 -0.074939573 0.384902172 0.974067005 1.537710115 0.495807421 -0.294530658 -0.692073057 0.248645491 0.758471895 0.226916579 1.382195933 0.212092029 0.903574724 -0.249610423 0.099720925 0.701729855 -0.339895974 -0.193537736 -0.712078850 -0.750444906 -1.082593558 -0.384033496
-44.901174917 -2.184780347 1.595952021 -0.067533027 0.545353070 -0.195398798 -0.812310673 -0.982788585 0.533801393 1.589579621 -0.376209390 0.471028811 -1.436193756 0.794817398 2.069417830 1.016764557 -0.393466049 0.668776697 0.875094837 -0.506819327 -0.222719444 -0.017043736 1.049686709 0.432074550 -0.193974010 -0.355266774 -1.052191397
-40.258396888 -5.214675258 10.615438679 -0.828823182 -0.130694263 0.514728385 -0.176141512 0.275107124 0.631782399 -0.632837345 0.419129057 -1.925683471 -1.864517014 -1.252564856 -0.157862056 -0.447255755 -0.905087987 1.125528571 -0.395063462 0.702274030 0.668817586 2.117175874 -0.729321534 -0.755717988 0.427258794 0.748733180 -0.479131049
-46.804769367 -1.515976724 5.174094459 0.160169192 -0.532854020 0.561001527 -0.612935323 -1.740060045 -1.767829461 0.881129366 0.021464668 0.703322632 1.164054610 0.898141733 0.505819813 -1.309227713 -1.181922232 0.293296382 -0.034598794 -1.687180723 1.763106530 -0.122176550 0.064644999 -0.639482801 -0.855114026 0.133458989 -0.248350528
-42.564589185 -1.847699717 12.212208005 0.027107382 0.815547949 -0.530447215 -0.229722627 0.403543327 -0.852186166 -0.375928639 -2.199364417 0.982894723 0.490440433 0.796047672 0.733184928 0.803975018 -0.788313192 0.098645428 0.375041086 0.265215404 0.009889797 -1.039023693 0.955560127 0.659714996 -1.054315815 1.077266536 0.331940171
-42.056001966 10.959295234 1.558459683 0.584449058 0.022717861 -0.705309462 -0.400551820 0.112095052 -0.751649512 0.642435170 -0.112003620 0.134558500 -0.722846219 1.604324500 0.694206907 -0.872840437 2.251743263 1.221490199 -0.212311080 1.609517407 -0.104490489 0.257437738 0.272001399 -0.879736586 1.947001009 1.759664992 -0.543276443
-42.301522909 7.317758934 3.561018608 0.506986394 0.771750822 -0.341918473 -0.174519980 -0.236953692 -0.336452035 -0.209100286 -0.390871860 -1.831236199 1.462486038 -2.098577206 0.009457798 2.062148539 -0.270498229 1.415660567 -1.635246513 -0.839763151 -1.020028588 -0.010253419 0.948481319 0.950941667 -0.151113696 1.371949824 -0.760840675
-41.062359865 2.425471964 13.450153033 -0.715154086 -0.460986565 0.504714145 -0.145978259 0.378375770 1.214283127 0.539566541 0.478685399 -1.762444093 -0.236931340 0.156384596 0.531860325 -0.569086477 2.174009754 0.100945837 -0.897759394 1.365248482 0.249598010 -0.490137167 -0.871595163 0.081948127 0.045339606 0.183323320 -1.689896242
-38.625670589 7.541833077 10.824750136 -0.391995098 0.900915056 0.053500608 0.178408490 -0.075452298 0.323945403 -0.882233653 2.576201831 -2.066164476 0.228054813 -1.038781240 1.398717048 -0.748879213 -1.200500434 0.360684383 -0.247028442 -1.893447639 -0.012126643 0.817244409 -0.647126875 1.099947531 -1.139940883 -1.128946396 -0.887889845
-41.717975482 -1.719171326 2.570823045 0.575204222 -0.083379516 -0.462207614 0.669740308 1.031964947 -1.027995896 0.908251208 -0.602345465 0.442629763 -0.919266628 1.623978919 0.061239735 -0.560227594 0.895861982 -1.428514270 1.353224264 0.779780245 2.226819443 0.212949056 -0.142263053 -1.211109473 -1.507422194 1.571757454 -0.978221896
-45.823754425 9.082237717 5.484190193 -0.389678497 -0.206019263 0.589412650 -0.676978183 -0.636918408 1.811116445 -0.604535995 -0.592298544 1.492683763 0.688713960 -0.984557639 0.377120165 0.229584678 0.467673837 0.934678628 0.217096712 0.105631172 1.683503378 1.671367079 -0.772469679 -0.372791217 0.524067252 1.822759072 0.789760116
-40.476376221 -0.268591694 13.599239028 -0.432331517 0.698315689 0.379007860 -0.426377416 -0.018272787 0.176489244 -1.415522689 1.552989958 0.522871970 -2.834471136 -0.204027582 0.861825298 0.679920016 0.014493379 0.170000985 0.013083395 -0.416158365 0.334559829 -1.389696547 -0.643726850 -2.164104701 -1.818031855 1.671837765 -0.428339251
-42.937445041 11.567208322 1.669319649 0.124376687 0.411155493 -0.853724080 0.294341291 -1.422044340 0.935769119 -0.533731411 -0.450288254 0.449152039 0.369540000 -0.512869793 1.068989782 -0.589672063 -0.839225650 0.233896750 0.497240048 0.709990448 1.523708800 -0.634786255 0.869023103 -0.290476397 -1.470239247 -0.444028542 -0.843011985
-42.694750153 5.145396283 3.475829503 -0.434616206 0.578016838 -0.544114255 0.425376264 0.205533582 -1.664474987 -0.633376728 -1.136169792 -0.491302140 -0.414623159 -0.302691771 1.167652971 1.777846903 -2.655893363 0.029358301 -1.109774506 0.458853803 -0.852033147 0.719822321 -0.031433417 -0.415224409 0.188435302 -0.101028735 1.267299690
-45.512346066 -0.438419674 7.669516716 -0.475905382 0.001557602 0.877119445 -0.064599702 1.832199145 -0.561614143 -0.205074780 0.930745488 -1.185324854 1.158813515 -0.301754662 -0.014162435 0.996627180 0.968054683 1.776995749 -1.164799519 0.879500980 -0.000132393 0.610006499 0.375158774 -0.082390188 1.695879279 0.644881707 0.068677230
-35.949819630 -3.199083553 6.483414935 -0.504421123 0.103508093 -0.438058939 -0.736851255 -0.054460485 0.086925855 -0.662642949 -1.229619366 -0.209540235 1.890048985 -1.171192042 0.347306177 1.146662562 1.000969240 0.878474637 0.714657104 0.351360208 0.537123159 0.310556785 0.269172114 -1.316325528 -0.446152339 0.856351989 1.820552563
-42.593252819 12.116019538 3.197539076 0.032634074 -0.859394727 -0.055811502 0.507208829 -0.817565237 -0.006660291 -0.344848353 -0.894795054 0.840423761 -0.550236694 0.525632016 -0.340237658 0.082674218 0.214221659 0.155716441 -0.382782527 -0.392495916 0.537953013 -0.319153074 -0.143791689 -0.822621705 -2.274857146 -0.186906112 -0.941642856
-50.450189938 7.211086794 3.605567122 0.762832407 -0.142704377 0.484893618 -0.403237348 0.844189275 0.103809581 0.923699909 0.556522374 1.314416985 -1.108701867 -0.460908406 1.121698223 0.386234688 1.847693225 0.113824437 -0.217512903 -0.458276779 -0.681159608 -0.986696730 1.210332486 -0.399047058 0.123444623 0.429316470 0.853238684
-40.674518220 9.944460686 10.405285707 0.311889111 0.372106332 0.785071370 0.384610198 0.791751207 0.959991465 -0.029322154 -1.963101919 1.844735889 -0.976233560 1.207419876 0.365891013 2.411996882 -0.523397489 -1.021154603 0.491242630 -0.475470256 -0.537490172 0.838566868 0.650423034 0.896409479 0.182890603 -0.915357370 0.835732857
-39.704468790 6.739935907 2.968102509 -0.661920897 -0.131334279 -0.527303940 0.516296996 -0.696750743 1.201899643 -0.059235138 -1.059502492 -1.603571236 -0.277226618 1.465887890 0.645338344 0.229567113 0.026040068 0.156824472 0.180980416 -2.164272697 -0.792895448 -0.490296744 0.552055247 1.754513691 1.094627807 -0.963944279 -0.787800285
-43.932928756 5.629026849 7.095207508 0.266601810 0.417200713 -0.225625203 0.839023425 0.711086420 0.428402878 0.930636239 -1.721446624 -0.441301791 1.364911807 -1.428389113 0.283001640 -0.298661798 0.021764004 -1.287212994 0.188686808 -0.096232582 -0.198856346 0.198104682 -1.766086880 -2.841026020 0.726984396 -0.693572075 -0.286224044
-37.288289809 9.452694453 0.704126102 0.332768402 0.427599684 0.047265824 0.839160082 0.167022461 -0.522926150 0.550909036 -0.420045621 -0.360108848 0.119944940 -2.215546987 2.708513332 1.043902476 0.259251961 1.639931387 -1.225674893 -1.662118038 -0.202767711 -1.488937869 0.072037224 -1.775353880 -0.124328829 -1.674094277 -0.051214799
-47.685228129 6.076601855 8.346000511 -0.534955559 -0.277631761 0.195892497 -0.773543331 0.533243786 0.025860052 0.248016770 -0.690911951 0.185578787 -0.175492427 0.894325265 -0.316428666 0.720206078 -1.006514225 -0.045401711 -0.610829450 -0.275825414 0.593427973 -0.639524197 0.888155667 1.181538906 0.009321168 -0.459883946 1.117410586
-39.699947811 -3.080207522 9.328097379 0.847539710 -0.330224261 -0.031719520 0.414273157 -0.802955098 -0.346572622 -1.818082790 0.408592014 -0.904762328 2.550596657 0.959191133 -1.429951553 0.829073553 0.180533003 0.132212146 -0.677148867 0.221198351 -0.363059930 0.170967903 1.116440125 1.357719590 0.498724180 0.295526711 -0.643702856
-41.195551295 2.214273375 15.304847674 0.311862463 -0.614978375 0.554105946 -0.466379677 -0.526283159 -0.913214910 0.759778591 -0.078337486 -0.026225769 1.483607869 -0.265295267 0.403275045 0.172637478 -0.633650347 -1.489856629 1.962095561 0.064402477 0.728795344 1.781960135 0.273093054 0.688365796 0.372406713 -0.139119424 -0.447426589
-43.639203687 -0.712206063 3.917100414 0.238347056 -0.060583394 -0.557158118 -0.793155196 1.371580342 -0.085292101 -0.709137786 -1.386591277 -0.140440859 -0.425934243 1.576633683 -3.255151980 -1.638431084 -1.236371813 -1.403799480 1.636679677 0.663411408 -0.167451853 1.299380718 -0.064619329 0.760639514 0.007390050 1.260417919 0.302443418
-36.939460723 -2.544501352 2.501985565 0.054005380 0.749458421 -0.331285670 0.570653396 -0.695421538 -0.238034933 -2.609392880 0.122138342 0.451424631 1.462847768 1.662791628 -2.484536733 1.810448033 0.034655048 0.074844057 -1.037570774 -1.954424550 0.260648742 0.574600131 -0.625545615 -0.634755019 2.059192783 0.303195792 0.068798736
-51.173111082 1.462986793 3.462880292 -0.874445624 -0.016972500 0.181395582 -0.449613642 0.579584220 -0.910394762 -1.069872790 0.085684199 0.200216238 0.011337898 0.239494900 -0.520796130 1.846390190 -0.676303050 0.005232696 -0.999728327 0.485277388 0.421792491 -0.324799424 0.864692947 1.009919115 -0.687422044 0.487270140 -0.655423921
-41.804263845 9.486593942 8.856632070 -0.058715081 0.435754944 0.643166781 -0.626902433 -0.474720516 1.400859264 -0.736034450 0.776979803 -0.295026787 0.825365296 -1.081831353 0.695762189 0.933078207 -0.123649532 -1.896231455 -2.707875763 -0.254331637 -1.869423808 -0.499377625 0.420620343 -1.089331809 -0.523574320 1.729474251 0.981256625
-41.515249530 9.166370817 10.573451789 0.512099592 -0.597781423 -0.612730885 0.070514125 1.946131320 -0.997374811 0.035005596 0.036748602 0.775002584 -0.627609973 -0.816978581 1.107251279 -0.518262109 0.292121482 -1.101983345 0.360492791 0.042844525 -0.554539718 -0.896576799 -0.657792607 1.656640714 2.060280472 -0.638992085 -2.059820325
-42.587770862 0.809236479 5.632262795 -0.255024494 0.303303031 -0.463293911 -0.792671767 0.445299857 0.059219510 0.812793482 -0.437516510 -0.177107920 0.992843203 -1.051554940 -1.067246795 -0.580460108 -0.838666683 0.632438110 -0.052746582 1.311262012 0.071278750 -1.010220980 -0.530522579 0.678072773 0.451120523 1.567593562 -0.864555356
-37.651156886 0.063720084 7.274653403 -0.581787217 -0.020189683 0.289149091 -0.759940006 0.131706849 -0.341049035 -1.115893405 -0.872450529 1.266996165 0.415799043 0.787557433 0.755928435 1.701588700 -0.325794602 -1.036440906 -0.085207241 1.128680253 0.127702796 1.653927637 -0.104696651 -0.023330763 0.153508104 -1.251845256 0.547185923
-38.021664567 -2.635394336 7.865041875 -0.083792868 -0.289926272 -0.772554285 0.558642451 -0.440856731 -1.093529867 -0.768573964 -3.354694026 0.849415458 -1.325545035 -0.184583115 -1.059383412 0.155032280 0.094600327 0.582127020 -0.187941935 -1.484675646 -0.564514674 -0.492202156 0.743055127 -0.380450835 -1.233642547 1.432212085 -0.585903365
-40.901444892 4.819236128 0.579025292 -0.179802712 0.062180606 -0.978324228 0.081769569 0.667300205 -0.543998159 1.628599854 -0.679988355 0.580644651 -1.814203975 0.166602662 -0.166177205 0.012165553 -1.886983357 0.283142845 -0.575224246 -0.323054327 -1.352125076 -0.462962374 0.195627988 0.584488179 -0.303152123 -0.630825492 0.803047772
-46.655837083 5.320430497 5.641993522 -0.913882783 0.204758492 -0.086135007 0.339813153 0.292394503 1.987341402 -0.192226732 0.400774525 -0.102531570 1.087704864 1.338629777 0.485554294 -1.726017685 2.133262841 -1.671508125 0.790308452 0.028817256 -2.217417857 -1.198583345 -0.437496726 -0.731698587 0.442453357 0.370929603 1.964396629
-47.004197092 11.070441468 10.013514878 0.105325083 0.630310766 -0.667989177 -0.381320633 0.611108242 1.088777590 2.796136984 -0.610224381 -0.529507366 -0.293555942 -0.484387837 0.425694608 1.041765765 -0.501252440 -1.762212446 0.635500312 0.026787417 -0.472307019 -1.360461029 -1.094583119 0.861473352 1.619452898 0.410856252 -0.263776235
-47.953425523 -2.420263860 8.684795074 -0.408726829 -0.165440189 -0.897256259 -0.022430540 -0.586295719 0.163825379 -1.656333495 -0.096457208 -0.506975251 -0.728490084 -1.796973515 0.640840150 -0.694117752 -0.024505409 0.105795727 -0.200943443 -0.423939762 -0.938102904 -0.001593257 -0.884684488 -1.466467028 0.085786754 1.167850399 0.787148365
-41.125939353 -4.289605046 1.656910022 -0.134296468 0.443862371 0.454065596 -0.760772692 0.878257518 -0.717425012 1.494460198 0.310518282 -0.278627086 -1.369851119 -0.488260805 0.284720837 0.356717523 -1.360067053 0.250191935 -2.085873616 -0.606607911 0.967254104 -0.697649659 1.819828629 -0.643772738 0.993106482 -0.521983690 -0.108274972
-43.445937646 3.454310988 -1.789655882 0.065737882 0.343182033 0.087449312 0.932875791 0.354996645 0.660550649 -0.640985821 1.039460885 -0.860077312 -0.853968999 0.139730289 -1.933633620 -1.219128164 -0.180728353 0.484803825 -1.341098230 1.282548319 0.035404709 -0.177724922 -0.207717297 1.379457146 -1.289025034 0.351338857 1.366236188
-43.428403227 -2.428985056 3.755325816 0.578337103 -0.556213560 -0.464606740 -0.374557404 -0.385974181 0.362070481 0.745486431 0.148530359 -2.896240314 0.693247822 -0.561433278 -1.299909194 -1.608644698 -0.356818006 -1.155506294 -0.263744382 -1.943116521 1.681105532 0.484140489 -1.644795530 0.030791976 -0.307811516 -0.886416974 1.027477832
-40.047565413 -3.449168584 7.624110315 -0.657581712 -0.081931650 -0.515066718 0.543672487 -0.268527879 -0.748705482 0.279346783 0.765237058 -0.084354839 -0.418667067 0.947808294 0.931299635 -0.243777983 1.003119150 1.401422286 1.106930635 -2.141576969 -1.871874128 -1.278060928 1.009420236 0.047147627 0.101719123 -0.452631493 0.428177993
-49.942705607 8.867121087 8.118289791 0.343940827 0.286009781 -0.607067350 0.656789423 0.100023448 -0.165907435 0.953117002 0.384790292 -0.827397542 0.197687555 -0.036814751 -0.039513100 -0.463080228 0.592059265 1.815317152 -2.086742790 1.010538488 0.096842033 -0.069987068 -0.591409353 0.893464897 -1.780003101 2.542992219 -1.409252526
-40.341496348 5.971788997 1.263935824 -0.471423824 0.328444043 -0.810696756 -0.112493821 0.029958804 0.172034998 -0.660219073 -0.107817611 -1.193645290 0.731600917 0.484398397 1.014964843 0.391345283 0.505328756 -1.211181597 0.136490721 0.693483909 -0.627811710 1.052634458 0.302031230 1.483232113 -2.237425447 -0.402677976 -0.218298554
-39.944984858 5.091434003 10.150441389 -0.404476898 0.110356194 0.610586980 0.671865678 -0.064872199 -2.045680129 0.259135794 -1.788656290 -2.151984523 -1.266131292 1.364979027 1.077127892 -0.481597100 0.190633759 -1.412303015 0.217991033 0.914708376 -0.828657584 -0.875734855 0.230950665 -0.933955172 1.885905709 -0.562550894 -0.848160695
-33.029252734 -0.392356370 7.635053265 0.054081378 -0.213109725 0.683261282 -0.696285480 -1.060161489 -1.021256353 1.156326806 0.275839323 1.267260725 -1.423321869 1.096786164 -0.099959663 -0.172328551 -0.208539276 0.323080137 -0.534270052 1.005816914 0.244007280 0.568980549 -0.693550544 0.133169907 -2.354789729 0.171589967 0.836543095
-36.598862770 2.096974118 14.665563811 0.472323982 -0.513464797 -0.413936246 -0.584739893 0.601014505 -1.069441432 -0.033447562 -1.845686282 -0.279602726 0.621701902 -1.112901905 0.160444067 0.312405300 0.051212781 0.097595502 -0.038223818 -1.290173692 -0.563049661 0.952051436 0.430872514 -0.380476173 -0.734941136 -0.562128278 -0.171152230
-46.171050014 2.404834513 12.446346988 -0.003190440 0.361945030 -0.051855104 -0.930750592 0.104133317 0.079509506 0.824696548 -0.732356756 -0.516086684 -0.080774009 -0.176048731 0.212050427 1.241514432 0.112476697 -1.125067132 -0.383092635 1.445224119 -0.378095341 0.371538512 -1.728199233 -0.499958043 -0.043927114 0.583002736 0.020240752
-44.043318418 -0.651037930 4.616186060 -0.227182433 -0.810445763 -0.380806031 0.382821855 -0.693989766 -1.571185323 0.589564787 1.501108454 -0.500731705 0.085285452 0.299591413 -1.105248521 1.733073219 -0.287926836 -0.581362980 0.719433722 1.948139399 0.429890936 -2.292263890 1.015167088 -0.792972845 0.612790337 3.081631021 0.981791168
-36.953139699 1.645052462 -0.594277635 -0.320031382 0.048927279 -0.327287930 0.887732306 -1.498340688 2.298057734 -0.842057223 0.190265662 0.162405296 -0.780651764 -0.378745389 -0.420038662 0.397916411 -0.889170166 -0.289505835 1.546995005 0.606851781 -1.124441749 0.432237730 -1.567791378 -1.433091588 0.762984797 1.338733805 -0.486983599
-37.760143020 0.708254033 -0.242441530 0.528894029 -0.211216350 -0.200375468 -0.797187827 -1.276556821 1.619326992 0.693351453 -0.983625793 0.023213708 -1.142365034 -0.221368480 -0.377329105 -0.329779593 2.313668331 0.032646269 0.620161993 0.275357139 0.759134090 -1.637285415 -0.078028871 0.215950175 -0.345193576 0.740893482 -1.396604127
-48.955893482 1.211431686 0.619214245 -0.069954833 0.103894359 0.016084952 -0.991994737 -0.564343200 1.328213400 0.696533832 -0.108059277 -0.890005661 1.935504615 -1.032896141 1.616062226 1.174947985 1.492560701 -0.191681645 0.229991339 -0.663298341 0.504493728 -0.712221540 -0.366608264 0.834102418 -1.422108438 -0.273516182 0.687399261
-42.478877143 6.415413430 -2.844855462 0.950218058 -0.008017800 0.294237364 -0.102204356 1.531199862 0.349015352 -0.510097854 0.942076264 0.420148506 1.777855210 -2.286503757 -2.220197788 -2.010918288 -0.079660464 -1.067500717 1.100241962 -0.812530475 0.847671952 0.886254240 0.788726961 0.080576996 -0.610508611 0.152116728 -0.149176058
-47.953237312 2.797917263 11.585268924 -0.273694926 0.708920049 0.213217106 -0.614053676 0.495558251 -0.948202381 -0.173132774 1.342310557 -0.354401410 0.144961717 -0.572440890 -0.365346168 -0.478223731 1.546002399 -0.141385809 -0.518735190 0.069011347 -0.649756709 -1.272447312 -0.585385951 0.631684589 -2.135667760 0.791275329 -2.477115409
-40.269867733 3.447828720 5.743046259 -0.363430694 -0.570080159 -0.616150848 -0.404085231 1.243809317 -1.524583067 0.876488571 -0.898219234 0.032459697 0.393609057 0.006140244 -1.085155064 0.234807508 1.004600345 0.049999337 -0.797545300 0.423223888 -0.963529663 -0.389111380 -2.944062010 1.141149732 1.392681746 -0.491520486 0.679973333
-46.879950935 5.314188586 4.096447877 -0.376563296 -0.028710817 -0.593741007 0.710526136 0.662892982 0.652922300 -0.750179328 0.615471071 0.334955817 -0.498190093 0.164809118 -1.287201843 0.635776446 -0.443433379 -0.333521018 0.711445853 0.489520143 -2.120396368 -0.971855638 0.045603677 -1.227667553 -1.635881651 0.438715528 -0.677822770
-46.794499348 4.828774822 -1.532528008 0.501920249 0.293590592 -0.772487136 0.255233721 -0.577905115 -0.507315132 -0.411553474 0.131263413 0.640241096 -0.135188888 0.521667869 0.976650760 1.461988553 1.416395869 -0.211421354 -1.083082251 0.156686442 0.302915472 -1.019337453 0.220577014 -0.086929826 -2.107386022 -1.305094493 -0.405719805
-43.611740114 5.606342806 -1.568592123 -0.686584343 0.202347859 0.650168289 -0.254830297 0.289428503 0.315053164 0.205371466 0.238554286 0.417522707 -0.371858890 1.495892612 1.704029052 0.452137733 -1.895684838 -1.598514522 0.341987494 -0.114363024 1.949473556 -0.851517143 0.241941775 -0.614222794 -0.057501026 0.156811497 0.861185397
-38.610575784 -0.731996226 12.714641014 -0.365243719 0.611212616 0.587729698 -0.384174395 -0.158705528 -1.216591613 -0.694939227 -0.042751948 0.924218679 -0.125425413 0.360294757 -0.328070028 -2.515270324 0.381866554 -1.932003968 0.387549575 0.332963619 0.214016739 -0.835603736 -1.398082126 -0.224577483 -2.399026354 0.988565995 1.243298453
-37.520000015 -2.166405412 6.312564759 -0.532603093 0.253377835 0.249878790 -0.767915495 -1.224037701 1.032123819 -0.161746452 1.306967955 -0.739151516 0.082300792 -0.464204621 -1.512213373 1.720418829 0.785849153 -1.193314895 0.372274257 0.121791320 0.248881245 -0.109154559 0.435737876 1.787953812 -0.098781914 -0.224177971 0.611271114
-40.327180481 8.409779310 0.565535814 -0.511926645 0.443643406 -0.012181161 -0.735502045 -1.427075756 0.529448366 0.651542955 -1.429314101 -0.229628147 -0.608133737 -1.352051033 -0.947775347 0.335205384 1.191123597 -1.159932752 -0.365670511 -1.265166550 0.932840092 1.848231900 1.132204685 -0.784805365 0.403243983 -1.171186316 0.038746484
-49.238604462 0.685417314 5.836842794 -0.765189529 0.412764135 0.151357526 0.470320799 -0.065672243 0.354715835 0.962337530 -1.436011136 -0.269892156 1.386814677 1.858075841 1.003928577 0.212280466 -0.419549192 -0.136457317 -1.109238159 1.088004281 0.311345911 -0.528513819 -0.746831260 -2.295214418 0.094714095 -2.150006161 -0.340147317
-39.676327107 9.107812057 11.202065382 -0.155851658 -0.051136864 0.925480383 -0.341440101 -0.638585164 0.210342201 0.870591179 0.120054273 -0.659451682 1.949978559 0.574475994 -1.233315436 0.469125100 0.377001896 0.799047975 0.299852042 -0.047280023 0.549572894 -0.586271589 -0.851941367 -0.755138670 -1.347949062 -1.006528599 0.092035352
-47.687233274 3.805958863 6.304066393 -0.055601364 0.189751452 0.092081424 0.975922070 -0.229185874 -0.411631127 -0.124110037 -0.517502707 0.209854079 -0.389044847 -0.008088965 0.037605715 1.257187058 0.545526761 -1.015808639 2.228310820 0.185096019 -0.083404344 0.139796330 -0.825626574 1.036271850 0.329216462 0.386000574 -0.286435147
-39.921312606 -3.594393624 5.024231816 -0.338069852 0.001331110 0.600310765 -0.724799275 0.433230515 0.276681162 -0.583502985 -0.078772970 -0.064179569 -0.680034986 1.423124895 -0.839536651 1.941757554 -1.859821164 0.703630065 0.121870573 -0.848925715 1.378349550 0.266680136 -0.203265489 -0.517770987 0.012943773 -0.076091202 0.703609089
-48.377937200 -1.649436648 10.104230547 0.278761570 -0.398572338 -0.432953549 0.758935638 -1.346458010 -0.032597751 0.361073738 -0.448552551 -0.163103917 -0.408591350 1.348054890 0.452244576 -0.726826500 0.793332253 0.147999999 -0.266491842 -1.727774278 -1.272211129 -0.176687091 0.410336912 0.297979440 0.027217248 0.925783479 -0.677315487
-46.904448514 10.251890019 6.593177320 -0.073777508 -0.505201987 -0.856240078 0.078617810 0.312781087 0.528165608 -1.123834026 0.231978135 -0.385656444 0.065159931 2.196293509 -0.988291536 -1.084345023 -1.128446627 0.081833189 0.103479557 -0.156511547 1.153707272 0.132334724 0.388886740 -1.569547950 0.378776799 -0.716608707 0.209721296
-40.539190760 -3.670358371 11.913965296 0.934252489 -0.348539164 0.004957402 0.075287195 0.685784372 -0.252582516 0.418113102 -0.074362117 1.604351702 -0.082650409 -0.043413650 -0.406973582 0.992105492 -0.627714535 -0.705899811 -0.249706153 0.211722914 -0.783822184 0.167724030 -0.237596321 0.420090666 3.437298746 0.691101535 -1.528603955
-38.607380271 1.350065635 3.962979819 0.067229405 -0.074613382 -0.769500868 -0.630699187 -1.268213794 -0.704342225 -0.451866974 0.326055805 -0.236122553 -0.815269839 0.470358537 0.554207024 1.275687792 1.241658090 -0.042243655 0.998781241 1.114565733 -1.186000157 1.025756071 0.178194614 0.008513533 -0.328536316 0.052698445 -0.268429432
-41.593726152 10.303146224 9.070713828 0.063205488 -0.162875621 -0.928595709 0.327393659 0.643568319 0.918450064 -0.094572679 1.961427397 0.213281511 -2.177766147 1.305503788 -0.646697387 1.561047836 -0.204170716 0.748981520 -0.147243185 -0.941292153 -0.457026172 -1.274972008 -0.984162659 -0.087936577 -1.066032998 0.686863752 1.139634171
-42.015236628 6.540716926 12.718569468 -0.135079729 -0.327583037 -0.814043827 -0.460190687 0.731586102 0.016461966 -0.571597261 0.743391221 -1.196626134 2.003534698 -0.406764531 0.695090405 0.337923621 -0.900842749 0.287504838 1.585492835 -0.613174204 -0.132302036 0.621980858 0.090912161 -0.753547855 1.517604392 -0.210095793 -1.109594227
-46.645853461 11.542556432 7.718531964 -0.322058533 -0.693055419 0.641423554 0.067292731 0.520241567 -0.744193192 -0.255040365 1.626207593 -0.744020267 -1.652566710 0.666376433 -0.389063002 0.483147927 0.474500478 0.552138139 -1.575886438 -0.764381074 -0.458191110 -1.558869066 -0.289254304 1.658945891 -1.448898584 -1.145169002 0.369040332
-43.945466215 4.715163307 15.210864800 -0.469018770 0.148574903 -0.585772754 0.644063019 1.609409305 1.157875912 -0.435883389 -1.028581887 -1.656749587 0.552005249 -0.009614669 -0.818066453 0.067976976 0.828732822 -0.188924780 -0.870939308 -0.313507314 -0.273161831 2.091973720 -1.155078343 -0.836625692 1.245319665 1.064222174 -0.841121490
-35.567235392 3.879405340 13.207196644 -0.338209999 -0.118135197 -0.625530371 -0.693087171 -0.171490017 1.795789541 2.109685245 -0.201191978 -0.268215273 -0.499005042 -0.022045528 -0.274485464 -0.656136826 0.223781909 -0.068093664 -1.129168657 -1.223576431 -0.553137752 1.420985242 1.622710429 0.862317833 -0.244168723 -0.844847059 -2.275351788
-40.948661049 11.148485090 1.578105890 0.188297227 0.487676370 0.449994060 -0.724031255 -1.688145234 0.513021681 -1.028572588 -0.437941929 1.050112006 -0.453865488 -0.437339896 0.902026366 0.649960723 -0.224994417 -0.314608248 -0.060378471 1.284445432 -0.843827091 -2.590345594 2.030857728 0.535029023 0.615945351 0.963148729 -0.127782467
-34.162462825 8.683509199 8.643773074 0.043886668 -0.474429486 -0.601508947 0.641231323 1.500892145 1.039453287 1.122639012 2.438890864 -0.650804849 1.135973416 -0.729813918 0.932100855 -0.711054176 1.456647680 1.751059536 0.022943133 -0.531857275 -0.499595373 -0.380249417 -2.007225350 -0.751530913 -0.273227873 -0.745715555 -0.710122481
-41.290669020 4.780646476 7.538018352 0.464038344 -0.024078467 0.743424794 0.481049082 0.493313369 0.390768587 0.285991190 -1.525373002 -0.764817498 0.429285509 -1.289904263 -0.316940579 0.685008188 -0.455388836 -0.067617805 -0.177935034 -1.412059260 0.800895984 0.556336836 -0.200841321 0.619438163 0.373790892 2.222403649 1.138347284
-42.057242704 6.234927541 -2.675003382 -0.418406751 0.140842299 0.886271989 -0.140075691 0.256585671 -0.842283121 -0.671699989 -0.652974197 2.132420246 0.794366634 1.092685784 -1.963264060 1.161850328 0.152886707 0.966976962 -1.675213520 0.116189767 0.691491317 0.641275058 0.781123119 -0.224103598 -1.025129822 -0.813798194 2.295218030
-43.775910052 2.152012560 12.182095902 0.607682421 0.389281825 0.258134290 -0.642299326 1.054966709 -0.490710756 0.029134956 -0.981715411 -0.960607931 -0.127611205 -0.731880853 -1.991354554 -0.573456494 -0.788782666 1.816505439 -1.585984023 -0.814501179 -0.803152459 -0.097043346 -2.401307021 -0.037402112 0.964428301 1.001902229 0.376154774
-38.056283603 0.163586506 11.317661354 -0.042797303 0.704779701 0.615031310 0.350984974 0.598314137 -0.484459912 -0.591421833 0.107527751 -0.120669429 -0.077724711 0.532479612 0.311570315 0.053383989 -0.479533805 0.713708981 -0.823030400 0.214731534 -0.382269248 -0.294350624 0.814585961 0.160703283 0.238132793 -0.522217713 0.243324811
-34.859994086 3.055340231 1.159804638 0.643727827 0.486423279 -0.386944878 -0.446408490 -0.649231656 -1.066077815 1.226220467 -1.286913303 -0.880545762 0.017094789 1.010215830 -0.424396888 0.514578167 0.710757360 1.206975622 -0.520580441 -1.768078428 0.033003928 -0.344399954 0.196332970 1.923208047 1.236389084 -0.300558251 -0.858780161
-47.395613024 1.549163204 0.705341804 -0.572749299 -0.094977563 0.513369162 -0.631972790 1.083372478 1.125035253 -2.125342031 -1.375335451 0.329198278 0.287414753 -0.626778570 -1.002786126 -0.042963340 1.073504529 0.055854283 1.204117214 -0.882497419 0.080835937 0.597686023 -1.552803528 1.170731989 1.096043284 1.476522957 -2.399382243
-50.026993223 8.471634907 6.922533817 0.700619699 0.487297882 -0.520340646 0.030305510 -2.159293690 -0.441324796 -0.923879676 -0.875279002 0.293705461 0.957818054 0.920315321 1.289191073 1.425064103 -0.952780169 -0.254576659 -0.476516685 -0.099770772 1.374095581 -0.426430855 0.542926499 0.700593246 -0.070552434 -0.093723388 -0.885985921
-47.415187486 0.418110312 1.774625999 -0.013185911 -0.843934572 -0.316783108 -0.432722812 -1.293700380 -0.266066516 1.377908590 1.844556283 -2.106788761 -1.991811824 -0.961960105 0.172636665 0.857854152 -0.488430969 1.985882309 -0.021823138 -0.716231437 -0.857958227 0.120711456 -0.079417620 -1.081620352 -1.053176928 -0.202133975 -0.537306603
-32.463454929 6.008085819 6.814086301 -0.021064020 0.866072427 0.075716654 0.493702185 0.293820082 1.543012167 -1.185428858 -0.943310323 -0.130834161 0.215785618 -1.739142431 -0.122734559 0.035613615 -0.343615721 -0.293326400 -1.748171967 1.033667870 -1.246162991 0.906226611 1.264887846 -0.905735955 -0.382580235 -0.906472410 -1.103221702
-43.045602768 0.540917863 11.897409155 -0.030667042 -0.810855533 0.465991673 0.352738711 0.226471956 -0.262674424 -0.309043128 -1.146351106 0.104790196 1.077567360 1.326611547 1.539812772 0.262810915 -0.116750501 0.719640130 -0.434750227 1.444407231 -1.509496953 0.414305780 0.278026414 -0.165836954 0.430578154 -0.438701293 -0.360464359
-43.353439424 1.441930600 7.276834842 -0.667259416 0.525840877 -0.527063920 0.021444526 0.714483167 0.324800955 -0.924098507 -1.028664310 0.114432629 1.108400051 -1.591284823 0.086335210 0.124477333 0.223646948 -1.819441697 -0.233010643 0.766943178 1.497050505 -0.053503372 1.068563554 1.210138263 0.053217079 0.113510686 -1.760573570
-49.286944079 -0.194423558 6.052370615 0.745437270 0.630957487 -0.211882953 0.036352996 -1.581773073 0.729821396 0.812323652 -0.828543346 0.448526847 0.862501372 -1.885136692 -0.737756178 0.862916596 -1.086815484 1.079689137 1.335885752 -0.042977422 -0.676736380 0.511453090 -0.253894182 1.701287695 -1.083697671 -1.596398359 0.412950559
-37.060689227 5.429112539 8.867877256 -0.088227409 -0.826156576 -0.488415743 -0.266704513 -0.560518548 -1.445724699 1.208106048 -1.619553329 0.998477354 0.251218751 0.828951603 1.106806099 -0.557360138 1.808239523 -0.665868962 -0.590538655 -0.212650885 -0.115246331 -0.036203527 0.614975248 1.219395415 1.424987531 -0.393747075 0.361314946
-40.777480404 -0.430554771 4.875124516 -0.838373326 0.100777315 -0.418636089 -0.334242315 3.621910765 -0.819621094 0.854450347 -1.449869887 0.136555430 -1.477746207 0.691272802 -1.657335356 -0.016574939 -2.145716594 -0.069413392 0.357299599 0.627005164 -0.432157615 2.630530644 -1.681998369 2.747633898 -0.399695568 0.519803992 -1.152594588
-37.621589800 -5.102485762 5.325839115 0.069150129 -0.508050031 0.269675859 -0.815094078 -1.263187476 -1.191974678 0.654843989 -0.437318085 0.686425516 0.374031280 -1.578054284 0.478233085 0.157848396 1.134120303 0.666828860 0.003648747 -0.425380161 -0.047867284 -0.122581470 0.311557990 2.366505453 -0.182241027 0.607010665 1.714675259
-42.555755257 8.796250063 7.203140008 0.120828913 -0.134605855 -0.504940899 0.843988345 -1.031174646 0.272615347 0.764361816 -1.686751620 -0.080198295 1.211965044 0.538766278 -0.921851343 0.617874817 -0.283074430 -1.315557700 -0.528030362 -0.380697972 -0.606326290 -1.471433272 -0.338454043 1.591689750 0.438946191 1.215734188 1.178937535
-49.527950140 2.986534135 0.194296872 0.731378285 -0.663941041 -0.097889304 -0.121184907 1.377275019 0.480390810 -0.456441139 0.608101145 -0.475091111 0.602372571 -0.199045848 -1.300407939 0.215285258 -0.286500547 -0.449977797 -1.581698521 -0.750033110 -1.102889815 -0.239583118 0.397493524 -0.939970131 -0.153809724 -0.285716454 0.503446777
-41.350801471 10.132207848 5.523392584 0.411137914 -0.590227495 0.671078655 -0.179584404 0.123679314 -0.001158808 -1.213590808 1.648558281 -0.289222307 1.797023452 1.257248154 -0.372655661 0.217298961 -1.534198571 0.351246366 0.865089013 -0.347279523 0.156572661 0.244440269 -0.404692847 -0.398229142 0.283579515 0.955166635 -0.557788645
-40.768128405 -3.778945621 11.991694627 0.444198067 0.090347438 0.582569260 0.674639515 -0.528251325 1.362441675 -1.287502718 0.794528534 -0.091039130 -0.281642677 -0.541045176 1.447031469 0.374674783 -0.925723052 1.453276150 0.281238515 1.846822848 -1.657500967 1.100963272 1.296879455 -1.136166099 1.454707882 -1.370618881 -0.601442537
-47.729173597 -3.124791163 4.838787101 0.354573345 0.103830057 0.214851781 0.904066245 -1.208863531 1.498745373 0.353958626 0.920434786 0.099151081 -0.238338974 -0.148737036 -0.965468071 -1.351690303 -1.294625375 0.303014179 0.004706192 0.148398071 0.617796003 0.021255590 -2.068484716 -1.672295316 0.235583458 -0.143517396 -0.478475586
-36.426543774 5.027467576 5.303994847 -0.209167532 -0.327667946 0.076926526 0.918131238 -0.067284932 -0.320590660 -0.579419735 -0.911514516 -0.529274908 0.633709214 -0.348917685 -1.632106297 -1.141673089 -0.566398660 1.479494855 0.319296660 -1.484302037 0.389610173 -0.555146096 -1.145295614 0.091378450 0.129653695 -0.308537312 -0.101932208
-36.643171590 10.680809568 4.825480330 0.511934971 0.230708382 0.726425770 -0.396234564 -0.375391445 -1.090824272 -1.811190477 -1.232943054 0.110205817 -0.065429204 -0.234380402 -0.279349798 -1.260783342 -0.943033361 -0.000638943 -1.093401242 -1.453784041 -1.284572542 0.412322624 1.097113016 0.985918507 -0.020099970 -1.478338979 -0.534464514
-35.379905179 8.213101600 10.253563158 0.594382215 -0.149679804 0.710112593 -0.346476324 -1.092919563 1.914064643 -1.407392507 -0.174760268 -0.129435583 -0.191880625 -1.399049506 -0.750918162 -0.106891872 1.838415181 1.199538656 -0.616468517 -0.094173832 0.305918490 0.724837812 1.799358068 2.921753325 -0.254195295 -0.105362682 -0.518007134
-45.058520524 0.625468371 5.489921126 -0.993091230 -0.043414360 0.048873333 0.097449474 1.454136452 0.219659751 0.147221975 0.224731594 -1.001252183 0.355596351 -0.091169794 -0.132747888 -2.137661981 0.085794463 0.731741167 1.442470284 1.245676867 -1.570246737 -1.489151375 -0.519700069 -1.813874315 -1.578578282 -0.406740270 -0.848069867
-39.363409616 5.250588202 8.254217622 0.813441401 -0.352016679 -0.357695346 -0.294026163 0.590922132 0.211598091 0.198005991 -0.310449712 1.050760617 -1.221902492 -1.952489363 0.495142763 0.266612467 -0.527072255 -1.542558784 -0.173418919 0.270034476 -1.071830581 -2.412687575 -1.413499398 0.508109684 0.037687181 -1.089829534 0.690166182
-46.351383028 3.316084636 9.286958036 -0.213340484 -0.766435862 0.576218177 0.187175108 -2.232619504 -0.267576116 0.398206722 -0.257372165 -0.371286340 0.097670387 -0.013663796 -0.262161354 -0.092889161 -0.831542222 0.299029235 1.754685061 -0.781193836 0.548028461 -0.217265867 0.113262801 -0.904955538 0.942622282 1.303270436 -1.365413351
-49.250705858 -0.878635505 2.582349437 -0.321269578 0.210285793 -0.912847240 -0.138836808 1.293927777 0.878426027 -0.593563577 -2.217807391 0.711496773 -0.273379594 -0.661729968 -1.267422341 -0.436094706 -0.230661587 -0.970970305 -1.396006726 1.132380582 -0.654493510 0.413396699 -1.228949499 -0.160683171 -1.301356305 -0.389677994 -1.783412808
-39.962107927 -0.934452735 11.350192955 -0.088900104 -0.952404783 -0.123302773 -0.264231579 -0.841634022 1.455379998 -0.084493634 -1.074627015 0.994246535 -1.204299083 0.713337112 -1.256883594 -1.492785933 -1.269681351 -1.447049331 0.888089877 -1.325039247 -0.863893346 -0.267637413 -0.477727560 1.650476768 1.182391134 -0.465314303 0.706396691
-38.815721894 9.380285506 9.387899425 0.782219187 -0.024493103 0.545097754 0.300668705 -0.050907711 0.532486790 1.120616521 1.285677864 0.066124429 -0.133088502 0.306545661 0.758035353 -1.865583087 -1.034056825 0.954930810 -0.235061755 -1.369556823 -1.488365265 0.805833646 -1.171371114 1.476586002 -1.550154692 0.108422869 -1.202016750
-35.928767867 5.678844278 8.792621141 -0.750490704 -0.476226119 0.237498264 0.391876206 -0.772000894 -0.937707462 -0.409858227 -0.366969916 0.558160453 2.538416824 0.200272498 2.003436308 1.259099838 -0.197553391 0.627602741 0.571870537 2.210476909 -0.487936974 0.114023293 -0.900711428 -0.398256972 -0.477931963 0.860328880 0.150757225
-34.116323660 5.528437710 10.556880277 -0.221611115 0.917983785 -0.169629499 0.281815750 -0.264156345 -0.057014646 1.724352069 2.184913667 -0.611712540 0.071077968 0.923741940 0.758943567 0.439744433 -0.338085513 -0.240552686 -0.283245978 -1.970949274 -1.166784143 -0.296001175 1.419818151 -1.934055053 0.707077563 0.660538097 -0.232738380
-47.204817847 5.590458997 14.165161528 0.367676022 -0.552976372 -0.367964286 0.650871538 -2.065051929 -1.871370058 1.093458878 -0.874038119 -0.430322879 0.029940937 -1.191407798 0.729768366 -0.205599088 -0.890631944 1.313591094 -0.502632781 -1.347079468 -0.678304127 0.883026743 -0.431120942 1.149879300 -0.806007040 -1.055270882 -1.177357787
-41.747154307 7.525223979 0.810431606 0.751586203 -0.094313312 0.607182776 -0.239900511 -0.732941934 0.486230741 0.114571430 1.312371562 0.169469391 0.469834783 -2.350538799 -0.560151157 0.412403355 0.892731305 1.273561867 1.318075919 0.049774155 1.778052708 -0.199223688 1.059646299 -0.220751124 -1.552711473 -0.503399981 0.668905223
-35.600135007 4.983299227 0.744131192 -0.798683762 0.223001738 0.083517358 -0.552629464 0.214873774 -0.624874105 0.756620769 -3.195126084 -0.683585791 -2.127107259 0.093162557 -0.592834565 -1.304985048 0.274798087 1.164040500 -1.306051733 -0.362611859 0.779440903 1.287244109 -1.413268812 -0.170070275 0.552214617 1.422092802 0.484915786
-45.768913029 1.984993701 -1.870862661 -0.122406259 -0.385661432 0.886129799 -0.225955631 -1.363589851 0.695204632 0.728476301 0.574770787 0.496022611 1.364742090 -1.222058947 0.467865946 -0.473494380 -1.526428407 -0.310130777 1.353769535 0.209937903 0.886738814 0.254586646 1.300110526 1.814222411 -1.858293266 1.273269706 0.464129127
-43.386266340 7.414179251 11.350691066 0.193364212 -0.483834191 0.350381558 -0.778297835 1.665632191 0.756029860 -0.549405095 -1.108372576 -0.672255217 -0.401614508 -1.384529471 -1.215557319 0.405441164 -1.665178045 0.367516547 -0.527024642 0.903489841 0.180845837 0.081765828 0.218504978 0.084412678 1.437678304 -0.417198429 -0.714782556
-36.102403163 -3.473144310 5.355351319 0.831002833 0.152892339 0.515417184 0.142840299 -0.110710678 1.531237504 -1.232735088 -2.058063397 -1.193431181 0.864581788 1.512308859 -1.118163326 0.612581670 0.349440571 -1.507189773 1.738580985 2.206572091 -0.595219710 -0.871861244 0.376535616 -0.442367420 0.686225613 -0.099456496 -1.867226524
-41.011125445 7.010269643 1.226121494 -0.750193248 0.126661983 -0.610570718 0.219932333 -2.467251786 -0.365483116 0.693825027 0.233318385 -1.067107516 -0.800185086 -2.382546247 1.243648061 -0.214805466 -0.672384577 0.348457664 0.344343376 0.148539189 1.798015470 2.070847199 -0.654506831 2.364454275 1.055086558 0.375831545 0.370833713
-46.407178571 2.001813907 7.924476885 0.014764277 -0.623623136 0.450244657 0.638870839 0.216783596 -0.664908182 -0.325412003 -0.074438401 0.951756549 0.225239510 -0.006304971 1.181433605 1.280434688 0.750951893 -1.619851681 -0.407954019 -0.843469935 1.878904060 0.109211720 0.911376125 -0.518979303 -1.154236469 2.194755150 0.250477040
-41.604299305 5.890420379 14.914216140 0.038258839 0.199618629 -0.489018095 -0.848262912 0.719665508 2.422234950 -0.955400860 -1.126076010 0.491804012 0.110086377 -1.141951940 -0.482793930 0.390419704 0.908109494 -0.512522030 0.034968056 -1.194871669 -0.791514459 0.506954813 0.777216631 0.738333909 0.420575529 -0.204283821 0.241137911
-41.742185337 3.239715996 4.433155538 0.300656178 -0.582824383 -0.616542352 0.435657124 -1.425566788 0.487374413 2.570683301 -1.868858485 -0.357819100 -0.141975440 -0.637071600 -0.438835704 0.060914635 1.828116129 -0.517068597 0.415561135 -0.366337248 0.795123238 1.405592074 -2.019072993 0.646785086 0.570489771 0.701479286 0.655441348
-41.727994708 -2.132629491 6.534981870 0.699247194 -0.090481472 0.703589977 0.088473775 -0.469141345 0.553808025 -0.827407614 1.230337796 0.690863796 0.521025891 -0.978187467 -1.350588396 1.136718889 0.675049569 0.494198639 0.499947055 -0.505595562 -0.756157241 0.985058023 1.342635865 -0.082268980 1.259911793 -1.078534760 -0.499127363
-44.157860087 0.056239488 4.636156226 -0.304325570 -0.525583744 0.594314774 0.527197899 -0.599139854 0.104808548 0.956105891 -0.899165370 -1.350585697 -0.118569970 -0.437130074 -2.032412294 0.905003360 -0.036625947 -0.276859543 -0.318464669 -1.171805460 0.878902918 1.483754094 -0.186145851 -2.147876542 -0.290087862 -0.024250969 0.419032447
-48.093171048 0.649396928 5.178706359 0.983073106 -0.130473233 -0.004979560 0.128527067 -0.067524992 -2.293201334 -1.184947891 -0.651752456 -0.377821775 0.796978043 -2.457046249 -1.479291910 0.628617652 -1.431339889 0.140217208 0.974863625 -0.365184794 1.358184901 -0.046214151 2.216503143 -0.533208691 -0.950813892 -0.587754386 -0.178175594
-45.529877206 3.816074635 5.175624198 0.275032974 -0.313939314 0.419001996 0.806372307 -1.326850725 0.010876014 -0.371885108 -0.548620584 -0.348754336 -1.218515053 0.219936866 0.367717362 -0.311825610 -1.279378722 -0.342376820 -1.116464018 -1.064615821 -1.037398898 0.566604042 0.717532252 -0.233487117 0.908393994 0.205957383 0.549461381
-43.451554316 9.191852463 1.472016677 -0.300618150 -0.201365252 -0.829996589 -0.424483715 0.191465200 0.208427020 0.947912423 1.345052491 -0.341791026 1.487844668 -0.396743007 -0.378435535 0.118530174 0.326622856 -0.007816509 -0.817563152 -1.631436122 -1.365119210 -1.408762087 1.207602440 -1.820072917 -0.247786860 -1.963691888 -0.338045813
-39.707565207 8.832108501 9.987135678 0.148739362 0.796418220 -0.401334925 0.427229329 1.399574881 -0.656095629 -1.699800014 -0.419662614 -0.990612773 -0.035213224 -1.770510810 -0.737514747 0.197453582 0.414890913 -0.536782437 0.859983618 0.283734055 0.385844589 -1.662502234 -1.456783692 0.657139846 -0.322110538 1.014434927 1.258133453
-41.185720655 5.297555077 13.509404231 -0.600120544 0.228514181 0.090085002 0.761262960 -0.806357612 0.192996209 0.290505710 -1.161890306 -0.628791324 0.216445624 0.316085968 0.274001129 -0.457151165 -0.501551934 0.043835128 0.045855262 -0.700445596 -0.367879725 0.660773956 0.469364705 -2.037177053 0.380910388 0.116583974 0.180676673
-47.376030890 10.628808058 6.265241183 -0.406554640 0.143971984 0.307332147 0.848252524 0.694191931 -0.589198027 0.477920119 0.105989445 -0.950170755 -0.170749020 0.024997384 -0.535334230 0.946438582 -0.298303163 -1.589304451 -0.815609019 -0.483902168 -1.349429895 0.106517515 -0.455460705 -0.994546132 0.475084853 -0.763168852 -1.169570000
-40.265247921 3.784209666 5.494015449 0.218614614 0.548199511 0.390763657 -0.706391330 0.313411063 -1.391306781 1.865312609 0.093681706 -1.249373334 -1.785196333 -0.086319310 -0.749213818 0.415913236 -1.821408603 -0.707332864 -0.855053485 -0.236909793 0.495427977 0.277309483 -0.535420387 1.166439633 -1.912820032 2.621620964 0.485244318
-49.958611179 3.819853608 8.040838090 0.419763296 -0.155316482 -0.051115665 -0.892783711 -1.221610699 -1.990661282 -0.402217093 -0.316928711 0.044928168 -0.593298581 -0.389927687 0.219836371 1.196672709 1.084845249 -0.198262349 0.873472291 0.278058683 1.113714028 0.860635120 -0.165542586 1.190597307 1.288657621 1.341850249 -0.911348607
-45.782017337 10.453109224 8.966778340 -0.230859179 -0.956724848 -0.167362798 0.058062893 -0.143266979 -1.633591761 0.309895995 0.552143917 2.133190457 0.950901896 0.645219861 1.461930799 0.407654381 -0.088652935 -0.998905441 -1.516985606 -0.700615559 1.148212224 -0.822246871 0.934049608 0.068984415 -0.101955682 0.065223750 -0.820241469
-34.169449386 6.711531676 9.028117642 -0.906595887 -0.203288191 0.334367951 0.157974310 -1.014539984 0.565864529 -1.290493641 -0.046714275 1.435784566 0.868282194 0.386510827 -0.189888170 0.130601094 -0.185713183 0.112556998 -1.441080826 -1.780664172 0.272634960 0.024159882 -0.367233880 -0.719006061 -0.775943950 -0.462574288 0.811633281
-39.673506537 -5.480591550 8.284430055 -0.408192395 -0.481272870 -0.703768573 -0.326290040 -0.579254549 0.474079158 -0.266864111 -0.082972806 1.794008587 1.878892494 0.210264768 -1.634258252 -0.289622979 0.858535223 -0.091205886 -0.433809738 0.101389050 -0.084828164 -0.793574995 -0.256357084 -0.332462598 0.147436827 0.377288324 0.645619132
-44.631049172 1.920661232 13.794603816 -0.270470840 -0.348996688 -0.148221172 -0.884916561 0.411728441 0.353778383 0.733146478 0.541676670 -0.271700047 1.831543298 0.915485469 0.541589942 -0.350268823 2.790702757 -0.590545307 0.946502816 -0.922547591 0.868078747 2.064429363 0.598742790 -0.073281297 1.108468701 -0.855673336 -0.680086143
-36.592288576 2.544711756 6.055526407 0.049593801 0.843156062 0.535359635 0.004286042 0.854872972 1.111500071 0.807771814 -0.839288377 0.689987638 -0.858357459 0.901907120 -1.099293320 -0.617486833 -1.176388196 1.324742928 0.914045134 0.947199768 -1.286085634 0.851426159 -1.300630803 -1.293464378 0.796727180 0.260262687 -1.823457098
-34.497571196 7.873555010 4.407222148 -0.602601694 0.149241681 0.680204562 -0.389768998 1.524966867 1.208025382 -0.389860127 -1.182644719 0.403160900 -0.850972807 0.494222693 -0.490183166 1.605717918 -0.233861770 0.862043477 -1.253168663 1.214449874 -1.804444095 -1.259559024 -0.939045943 0.026591210 0.334444551 -0.757122459 -1.401477030
-45.454871358 8.380881402 8.298621818 0.000580995 -0.218911596 -0.974075599 0.057044745 0.406075492 1.049488721 0.397178872 2.646867222 -0.408443369 1.786400481 -0.333791602 -0.791489900 -0.757074649 -0.015372870 0.527981729 1.153735640 -1.113427350 -0.391756378 -0.639950380 0.159854732 -0.502956621 1.965837623 -1.534298624 -0.312452870
-41.315212870 -6.128413035 5.926582568 -0.190019915 0.665099885 0.620248324 0.369900786 0.232896836 0.237958950 -2.659708568 1.552095500 0.094059143 -1.936782249 -0.760430232 -0.251035989 0.134156275 -0.419495610 -0.213007853 0.101484938 0.627390888 -0.379720545 -0.675571935 -0.403202101 0.802848677 -0.941356471 1.345956269 1.978000052
-40.142260734 8.691301084 7.790027034 0.581509378 0.697522652 -0.126205828 0.399225603 -0.053617425 -0.645783074 1.697973369 -0.068465744 -1.378926479 -0.619801846 -0.701985141 -0.285218116 -0.675233992 1.430925636 1.327966786 -1.719761529 0.302014358 -0.182355533 1.144428114 0.398875777 -0.085862562 2.241866571 -0.002043575 1.053236959
-41.312535138 6.365340611 4.205783229 -0.057287758 0.722893409 0.536235220 0.431966459 -0.812194540 0.678513264 0.136646822 -0.198451368 -0.703007736 0.997675291 -0.238516997 1.017581844 -1.321366343 0.377167521 0.284468006 -0.163969796 0.227305589 -0.101809276 -0.423981040 -0.093627807 -0.452373288 -1.169495582 -0.875951415 -0.890601616
-33.844524868 3.816051903 1.863450565 -0.395270248 -0.868224062 0.260222084 -0.149106928 -0.061166360 0.492507564 -0.517633337 -0.044300884 -0.223320075 0.473048252 -1.092336012 1.134508181 -1.167627799 0.227199599 -0.547324110 -0.984328837 0.060469358 1.682629593 1.059149871 -0.268268869 0.176910238 -0.080532440 -0.011731405 0.145736030
-39.117037346 11.965164565 5.982446037 0.847157075 -0.255940366 0.365935447 -0.287942127 -1.357550127 0.654150129 1.386540184 0.547364986 1.211635913 -1.304344287 0.651800646 -1.645887020 0.556134165 -1.682562060 1.568134252 0.680933823 0.909149841 0.502840930 -0.097532229 -1.056814602 -0.714090523 0.139510268 1.887050483 0.594430292
-46.876774372 5.996716234 4.910694943 0.461050651 0.063951324 -0.884747145 0.023770058 -0.480433586 0.323673500 -0.832242328 -0.140769738 -0.840847811 0.387243116 0.797913247 -0.689787323 -1.449251769 -0.435483157 1.535293268 1.596708546 0.194939415 0.187743699 -0.316329560 1.065128200 -1.044252386 0.217211176 0.486985477 1.705551426
-50.476565066 2.973288054 1.669927672 0.036205736 -0.097497730 -0.945431059 -0.308777348 0.252927136 -1.036149506 -1.305163980 -2.769129813 -0.210911280 1.179654153 -0.034553492 -0.011930634 0.143723175 1.180569746 -0.027047766 0.620253919 -0.466593442 0.887519228 0.247359892 -1.123784136 -1.042403027 -0.061221738 -1.125003982 -0.455723684
-45.710386824 3.074786765 0.917377256 -0.343997796 -0.722650058 0.534478151 0.271616488 -0.385506032 0.403362286 -0.227715292 0.203766064 1.706100757 -2.076511922 0.506316198 -0.198062989 0.712915885 0.738953985 -0.587418042 -0.171096841 0.271468418 0.683550136 1.705022047 -0.259914417 0.308244778 -0.285947724 0.709853657 0.525813323
-36.785019504 3.673549313 7.540208196 0.086791017 0.412489246 -0.868725398 0.260069459 1.822464111 -0.209238016 -1.106951818 0.831632682 -0.692640015 0.676485463 -0.043283042 -0.819012623 0.194676979 -0.190990803 -0.003755861 -1.013600479 -0.493938628 1.046193310 -1.495728175 -0.077778557 1.426343912 1.395659613 1.118641541 -0.189981159
-35.057349825 -2.053994846 7.054186295 -0.027361777 0.806519573 0.302487580 -0.507226552 0.095430791 0.282370040 0.412220471 0.121087963 -0.986432157 1.172572341 -1.784129989 -0.000791561 2.177053300 -1.464604961 0.360222363 -1.976547151 1.752101860 1.065406474 -0.802982730 -1.731700617 0.477001032 -0.295389068 -0.002760479 -0.394096992
-48.913331229 4.099873194 8.390776716 0.092324792 -0.345702139 -0.827824968 0.432055537 0.051655080 0.369846764 -0.136273966 -0.475069606 -0.432908061 -0.273029592 0.198270720 0.289375650 -1.834170823 -1.674701404 -1.176889536 -0.631352062 -0.899971586 1.117063561 -0.720575127 1.167519328 1.418999994 1.938771183 -0.104503780 0.025444581
-34.792191747 5.381197184 1.958896749 0.442477265 0.611638854 0.156161384 -0.636965779 -0.014010032 -0.168753601 -1.080705964 0.636161151 1.971270655 0.004281300 0.091501770 1.441633800 -0.970769745 -1.480785521 2.702284318 -0.442432940 0.585472110 0.568069216 2.493393423 1.085459819 -0.001770153 -1.569910622 -0.660353180 -0.169024325
-48.566902912 -1.795752692 2.549603087 -0.839777549 -0.154832259 0.489887900 -0.175529157 1.278736661 0.737807877 -1.107508038 0.402131217 -0.180668968 0.511949391 -0.556170522 -0.792764477 -0.027694121 0.045544298 -0.042731410 2.376038333 -0.046538909 1.303851329 1.696846046 -0.069808204 -1.483852984 1.480781788 0.770031869 -0.620911854
-38.446542810 -2.147749597 4.648395924 0.667720447 -0.444681558 0.535097973 0.264722262 -0.070071456 -0.088064445 0.363591471 -0.085092331 0.370665896 0.619554318 0.825968156 -0.458100805 -0.827250631 -1.073863133 1.076508332 -1.285266799 -0.198148702 1.225404481 -0.132318979 1.092771528 0.582817264 -0.017801701 -0.034438679 -0.404008206
-39.751270861 11.143480168 8.469206981 0.293692092 0.696577020 -0.291946879 0.585911623 0.675276707 -1.457075321 -0.575576671 -0.304544478 1.101193447 0.347773178 1.766254183 -0.205075951 -1.130710772 1.119677580 -0.697733335 1.557006734 1.043929479 -0.322743671 0.144919316 2.379996708 1.044013313 -0.687062811 -0.633004945 0.416276529
-37.958667073 2.325909014 12.748643925 -0.021331745 0.682036831 -0.230605137 0.693680034 0.284892746 1.540803525 0.711869032 -0.321072981 -1.184723062 -0.109990750 -1.149334875 -1.428879646 0.202887013 0.605008091 0.587922941 0.230325435 0.271648332 -2.295398873 0.377990310 -0.111710594 -1.437457778 -0.317155695 -0.997905260 -0.144824259
-37.908391514 -3.771766135 8.233995769 0.560116960 0.321747011 0.762602279 -0.034432768 0.873476932 -0.934862594 0.635180144 -1.645453607 -1.491805227 -0.884154750 1.967184182 -1.366075590 0.496792232 -0.379950242 0.305188928 -1.335200870 0.367811547 0.358669176 0.116113112 0.316174508 0.759521914 -0.014461669 0.108171915 0.010625317
-46.339285288 -2.546881694 7.250559853 -0.065728393 0.553896652 0.664542643 -0.497253812 2.087633458 -1.152474516 0.260079358 -0.298130713 0.450730637 -0.413223007 -0.209449835 0.444906733 2.809793443 -0.215035234 -1.223793435 -0.101740289 0.876947289 1.605870847 -0.336888361 1.243095115 1.219663263 0.829739532 -0.977237197 0.888777704
-44.132125271 1.511497226 0.325570765 -0.853220096 0.471983160 0.153064020 -0.160682203 0.848128523 0.468380904 0.626382830 -0.646499777 -2.390074324 -0.339560182 -0.744289639 -0.263749422 0.162814874 -0.134546473 0.315946789 -0.261410908 1.019916277 -1.334418095 0.587556379 0.084997736 0.419477727 -0.182161812 0.136510190 -0.169458533
-34.807343167 3.943098386 2.592976653 0.502596344 -0.442251453 0.334524555 0.663252508 0.927828544 0.977783236 0.395537328 0.408835033 0.193719374 0.713012999 1.392811410 0.052652573 -0.504371813 -1.466365725 0.663216209 0.686168279 0.038508042 -0.035287886 1.451348888 0.310010329 0.815408138 -3.145144171 -1.478599731 -1.600720714
-49.165251567 8.705801679 6.121138530 -0.468491405 0.737227038 -0.023684953 -0.486262399 -0.051679161 -0.313245077 -0.302439510 -0.772420542 -0.304240761 -1.315552041 -0.788562088 -0.937940504 -1.404718983 -0.092517989 -0.070905222 -0.121704815 0.904105260 0.037859240 1.570372092 1.073817827 -0.116098208 -0.921897161 0.303239941 0.023110478
-37.714715966 8.451464496 6.470340957 -0.354819726 -0.753030303 0.165633738 0.528785202 -0.798714617 -2.157274870 -0.360439629 -0.282632795 -0.136991142 -0.444914047 0.531423470 -0.551533963 0.369854527 0.124059092 0.700221265 0.869256072 -0.249765664 -1.707404080 1.999509459 1.529998742 -0.401358101 0.097009281 1.285794344 -0.904630168
-45.078122044 6.716586230 0.499571452 -0.069750049 0.113962706 0.147545367 0.979988672 -1.551201096 -0.229848347 0.737376829 0.858632315 -0.056421769 0.429725062 1.442508703 1.471016823 -0.715917464 0.111880778 -0.160465387 1.101026741 0.807540861 1.458103524 0.464019546 -0.079654204 0.997778557 -0.464770626 0.594153752 -0.907569623
-46.816364332 6.160762117 8.998355453 0.085478161 -0.764725173 -0.577706340 0.272294471 2.554153630 0.364192695 0.444464287 0.143320752 0.630203766 -0.380766076 0.877896203 2.530296498 -0.549358699 0.605075216 2.611454310 -1.004804467 -0.093388212 0.594424456 -2.020803844 -0.258241172 -0.499449314 -0.246892707 -0.123379647 -1.244236238
-40.947453337 8.028139167 5.743427439 0.126046843 -0.254569868 -0.957007957 0.058669812 -0.838751887 1.588784264 1.867276992 0.541172692 1.125024956 1.048775307 -2.453388340 -0.220306163 0.418221032 -0.149718844 -0.792384738 0.297624110 -0.832028197 -0.419357980 2.157337873 -0.430960030 0.618230682 -0.450020909 0.474664906 0.400448244
-41.208692473 -3.708854350 8.665718057 0.059883708 -0.448811300 -0.373599222 0.809571479 0.240130020 -1.317698143 -0.315515467 -0.075727988 0.324746996 0.041953529 -2.082992738 0.501777753 0.818980699 0.441629379 0.431501200 -0.385690570 1.765659622 -1.117027171 -0.772426380 0.719364929 -0.478857472 -1.095474272 0.857626727 1.915283589
-39.262050598 -4.989864351 2.728566193 0.072426784 -0.823641402 -0.019870193 -0.562115982 -0.236805394 0.339472525 0.258294665 1.684235772 1.071403049 -0.649121305 0.769678167 -1.540746079 -1.114469843 0.452294097 -0.318771512 0.743171586 -1.089186948 -0.411478920 -0.395393049 -0.505094132 1.507444338 0.495519440 0.706752233 -0.867098861
-50.856030552 2.111257443 5.275892408 -0.327003929 -0.768207428 -0.085320162 0.543733619 -1.239683356 -0.166656230 -0.550583668 -0.609020221 -0.734755018 1.905460659 -1.311996135 1.915756827 -0.314456265 -0.443959243 -0.339230748 0.983671624 1.286276321 -0.070458841 -1.331878583 -0.717442844 -0.568559590 1.376352857 -2.889627071 0.069467772
-39.497798961 -1.452941624 9.626260034 -0.041200921 -0.239411639 -0.950616216 0.193166665 -0.967207616 2.767755365 0.148708280 1.846970062 0.138894607 2.133241450 -0.720036004 -1.083471056 -0.421597970 0.548144055 1.724495915 0.770348255 0.439124055 0.386529682 -0.445080987 -0.637490731 -0.094762408 1.126834779 -0.788590096 -0.330031697
-38.302753145 -4.102859059 1.840687176 0.587916200 0.376159231 0.593452317 -0.400840520 -0.126918802 1.023180674 -0.047007957 0.191047333 1.005990038 -0.792472180 0.437327591 -1.068638065 -0.094961782 -0.759585316 -0.261872425 -0.191738155 -2.292658902 0.377633235 0.783340412 -2.521039897 -0.236517446 -0.001035713 -2.106897749 -1.769216462
-39.782600304 -3.071174330 10.885361080 -0.178211966 -0.741138329 0.192551816 0.617963000 0.002537337 1.017260703 -0.515488490 0.940370578 0.069246695 0.527767092 -1.858357540 1.201292591 -0.257231638 1.211582156 0.265642600 0.032479186 0.454356654 -0.514114667 0.389130380 1.325727927 -0.852522363 -1.834468485 0.161267652 0.394894279
-36.901566894 1.255364116 6.956992069 0.401831592 0.263247350 0.164771505 0.861442137 -0.124048240 -0.508917764 -0.060597342 -1.010839642 0.773583640 0.329840343 2.262808755 0.818912584 0.967813912 0.479144851 0.722927686 0.042169116 1.266273412 2.050725831 -0.814191374 0.007437606 -0.308197174 0.970131234 0.404806256 -0.624817969
-45.129133970 0.264345953 3.403773454 0.384910395 -0.732874443 -0.540449285 0.150511159 0.009831701 0.484127644 0.898433425 -0.345572625 -0.039001072 1.111911857 0.925639987 -0.132330003 -1.333816685 0.605681095 1.306902244 0.220525230 -0.956406609 -0.770043905 -2.085870080 -1.498962230 -2.254966874 -0.519919422 1.053247720 -0.743313677
-50.271755981 8.525163816 4.438850130 -0.579390352 0.727639642 0.068274665 0.360812891 0.099637066 -0.720274275 -1.041246046 -0.454040682 0.373086821 -1.535301458 0.509180444 0.705259271 -0.445512751 0.799982221 -0.857472413 -0.569037835 0.137247850 0.057747136 -1.629471545 0.618308061 1.129547734 -0.732371524 -0.334928970 0.928167014
-41.985407664 1.521575913 9.124328951 0.490181584 -0.263700300 0.398652483 -0.728876096 1.896800521 0.248660703 0.053720075 0.555505262 0.396807274 1.139691306 2.878936306 -0.256389356 -0.647029190 -0.398809760 0.068951327 -0.188987085 0.305096415 0.622508937 0.544771319 -1.786226502 -0.150594985 0.227972286 -0.556699190 0.705711790
-33.116706318 3.385945933 3.590872967 -0.715333191 0.203947442 -0.184156652 0.642487505 1.305440098 -1.097425276 0.462887486 0.178886697 -0.694972801 -0.480054006 3.343745993 -2.719650588 0.374298112 0.385714988 0.029912071 -0.473153924 0.386511584 -0.789079123 -0.052753060 1.158297812 0.287548972 -2.208728936 -0.463308362 0.786797932
-40.460725240 10.184808623 5.585692585 0.681845722 0.101948641 -0.696622023 -0.198521139 0.078579187 -0.318160120 1.507275051 -0.109892883 0.359705758 -1.873865348 1.252780413 1.469989375 -0.150843510 -1.128272268 0.928203129 -0.978551479 0.492122438 0.067168803 0.327336590 -0.682099412 0.532112701 0.388996496 0.137403443 1.015127769
