-26.317142941 -0.832604289 27.524428562 -0.230195728 0.149538353 0.723451667 0.633455518 0.653695886 -0.904883783 1.260611135 1.227200476 0.577625144 1.245964592 0.095912498 -1.593662074 0.041520022 -0.123431394 1.814906774 0.795482713 0.016790952 -0.684298542 -1.392605137 -0.381884436 -0.022973343 0.088772661 0.978009029 -0.133494313
-32.204454560 8.604964983 23.906551314 0.235745881 -0.853816189 -0.433470434 -0.165907137 0.753890920 -0.361459729 0.726245527 -1.303228694 1.215611984 -0.830265707 -1.139845838 0.222132061 -0.542227050 1.540402807 -2.237396838 -1.034187395 -0.514307506 -0.615756756 -0.716880459 1.216790703 -0.140961456 1.517008470 0.870285181 0.197270016
-30.128486894 5.853495335 22.971766942 0.927872610 -0.167748923 0.332995463 -0.005171107 -1.799290561 2.310876879 -1.024423354 2.499653667 0.555586619 -1.381591990 0.297679258 1.030783597 0.161908728 -1.028461610 0.404461545 -1.338047711 1.486858166 -0.093926297 2.608879489 1.197728929 0.086144937 1.690620020 -0.441729622 0.072545507
-35.471563468 2.667099852 34.101047281 -0.864745523 0.253420158 -0.223312319 -0.371651736 0.990002398 -0.743985782 -0.042908062 -0.013419643 0.731378750 -0.727840453 0.647367873 -0.992880707 -0.009011104 -0.783009531 0.274429708 -1.374723549 0.332984527 -1.508310030 0.660235034 0.131357176 1.177561258 0.024827247 -1.609894498 -1.609714572
-34.662616082 1.619081797 32.835465698 -0.132644522 0.795787575 0.457440782 -0.373999329 -0.108971123 -1.797873846 -0.966846038 0.750783373 1.407198411 1.726484233 -3.061005090 -0.140426645 0.111993020 0.544375298 -0.856317419 2.239733929 0.528761985 0.310168559 0.648078080 0.575400017 0.291598668 0.028822782 1.640425778 0.485306785
-29.989108273 -3.943930707 34.955991005 0.418557844 -0.632560920 0.482099275 0.438470413 -2.388767930 -0.718195557 -0.337700412 0.240936201 0.615960975 -1.988278664 -1.649344427 1.843695423 -0.657284948 1.605805027 0.636135662 1.240528588 -0.456462816 -1.876729143 -0.995767787 0.468362626 0.589671066 0.023333726 1.223527455 0.314014476
-31.782372520 3.272290551 29.055404654 -0.036206811 0.342574571 0.643938503 -0.683136102 -0.286929320 -0.748590516 -0.631232648 -0.200221501 0.907831745 -1.607794529 1.902535638 -0.374535304 -0.847064685 -0.962638909 -1.395337975 -1.740887504 0.766639181 0.067043463 -0.266734445 -0.618980856 -0.123089500 0.865113803 0.007795524 -0.505636650
-26.889939532 7.181932972 26.507757029 -0.284092494 -0.259714268 -0.475866829 -0.790816486 0.988466368 0.619114693 1.062772616 0.303107272 0.119118097 0.557897497 0.895194292 -0.227648869 -1.553607650 -0.956664470 -0.812411826 1.163546072 0.099592789 -2.246208340 -0.582733451 1.754288539 -1.202141336 -0.260933791 -0.985791061 -2.172029434
-31.943625811 8.693165989 25.405915029 0.185589832 0.324822418 -0.846995493 0.377684321 -1.011416310 -0.046656284 0.126976818 0.305002123 0.780286688 -0.745586882 0.431463404 -0.477280153 -0.405697744 -1.620580246 0.285633607 -1.464596114 1.217669274 -0.151914117 -0.598584496 -0.609484376 -0.033150801 0.820440495 1.386552132 1.487779981
-33.003661642 -2.636829433 30.937442080 -0.951267011 -0.083228973 -0.124511577 -0.269556821 -0.165863531 0.181738938 -1.122035849 -0.973694670 -0.300862534 1.105428748 -0.315645460 -0.356147397 0.785720536 -0.056309123 -0.499114418 0.021374792 0.718567879 0.015872259 0.313897049 -2.329140837 -0.484848981 -1.524154075 0.567342842 -1.533641802
-28.699335222 5.072766990 28.102694311 0.585284831 0.305098805 -0.727676699 -0.186662818 0.450690883 -0.525553765 -0.562742664 -1.448313658 -0.490612958 -0.047646023 -1.062876253 1.537942285 0.854844982 0.840674585 0.528116872 -0.507224577 -0.044823468 0.718083012 -1.715927337 0.213007666 1.146759785 -0.335676437 1.741026739 -0.217246838
-38.469290252 6.051444276 28.096475818 0.692234090 -0.066256416 -0.447703456 -0.562124246 1.077984685 -0.441624395 -0.246459678 0.182892775 -0.140988643 1.184148897 0.008926711 -0.241236993 2.411936133 0.657906731 -1.758587729 -0.345694738 -1.677636162 0.423095583 0.571652428 -0.605928615 -0.305250163 0.041708812 1.074866045 2.116817403
-27.695788603 5.725215499 33.196526232 0.564389256 -0.741490582 0.214075116 -0.292964724 -0.877815600 0.780915781 -0.636155450 -1.102522755 -0.132821031 -1.209060483 -1.295055519 0.558776421 -1.186348673 0.166606443 1.531073587 0.836000291 1.377646740 -0.292308628 -0.817067605 -1.483850514 0.201909759 -1.155377561 0.878230153 -0.167009910
-31.858606708 -6.871848330 22.523168646 -0.048010378 -0.029277682 0.334845943 -0.940593438 -0.578285471 -0.164684699 -1.210877019 0.718371644 -3.406942639 -0.057956552 -1.802386313 -0.540313780 -0.494534750 1.168598240 -1.187305500 -1.213009443 0.928381726 0.494634569 2.392342050 0.350880589 -0.043064246 1.384441069 0.288010336 -1.776320810
-33.923800401 -4.965669553 28.508971949 -0.770414546 0.447959943 -0.408550475 -0.197179677 0.431358001 -0.160431645 -0.397041547 -1.328266394 -1.316249109 1.523893604 -1.284659136 0.443107524 -1.389437344 -0.043579522 -0.123805541 -0.843213972 -1.526133142 0.532880548 -0.554859787 0.133779483 1.320727308 0.900374936 -0.516606763 -0.055112939
-31.996472419 -2.104874771 26.740013736 0.392376447 0.493459963 0.775137793 -0.041223666 -0.967046239 0.964763384 -0.894453992 -0.011002354 1.878411308 -1.182133659 0.461716894 -0.174691779 2.093341049 0.427084976 1.833129526 -1.112770888 -0.804109023 1.027680520 -0.215384051 0.574811194 0.119801433 0.110160810 -0.226773139 1.810042052
-28.555660388 7.605865578 22.584554087 0.693226454 0.144612954 -0.587075566 0.392258151 -0.184765684 -0.725519783 0.767283021 -0.230074159 -0.485339114 1.525169067 -0.842192690 0.398986191 -0.187417228 -0.300855912 -0.537646988 -0.291313528 0.081218969 0.228347103 -0.893143113 -0.242169197 -0.663025487 -0.665200946 0.832593539 0.268212327
-27.296203678 -5.569937274 31.823615515 0.072229844 -0.103968355 0.771856266 -0.623066077 0.059102652 0.358403915 -1.709079810 -0.887428049 0.929893415 0.380347608 1.479623855 0.131731959 1.119735006 -1.748411413 -1.877331802 1.147582601 1.359858015 -0.979537743 -0.492533880 0.888390534 -0.064669668 1.578536684 1.101137480 -0.990321345
-30.646813694 -6.317203370 28.257595464 0.753319256 -0.139697984 0.498444398 -0.405644861 -1.260071546 0.243614719 -0.771431332 -0.715377874 -1.367773063 -0.426808999 -0.244863235 0.354285252 0.009954876 0.493697228 1.170641266 -1.802447345 0.397944309 1.362744805 -0.034802570 -0.252268102 -0.974348822 -0.052844212 1.640441351 0.234004121
-23.554447755 1.247772393 29.838677349 -0.155713648 -0.655189346 0.513996912 -0.531307214 -0.798188294 0.291339640 -0.053961042 -0.664235523 0.604959378 0.563994617 -0.596280598 0.408920564 -0.885328631 0.851869631 -1.873030241 0.139292527 0.536115421 -0.525724699 1.079549034 0.036063035 1.004290197 1.235149562 -0.605063676 -0.188078702
-35.563661023 0.661118084 20.349085206 0.045666628 0.894051388 0.433554265 -0.103040644 0.335633697 0.192654970 0.803425804 -0.139461140 -0.110477427 -1.754289993 -1.326459717 -0.163410524 -1.153575572 0.168146496 -0.855445916 0.711708879 -0.673358067 -1.433638094 0.543630119 0.579497074 0.667047604 0.125005366 -0.832615371 1.121937361
-34.089995971 6.959042238 33.775724262 -0.775327044 0.170686584 -0.006636636 -0.608021398 0.362555790 -0.382534025 -1.402104220 0.165675459 -0.360386113 -0.307036313 -0.830627369 -0.819404546 -0.413811766 -0.621381805 -0.488440006 0.115531171 -0.998626798 2.234213864 -1.203325358 -1.002193362 -1.016406515 1.797343451 -0.515106517 -0.483959992
-28.709275611 2.303094323 24.648380994 0.260707645 0.291433883 0.516178934 0.762008611 -0.912444814 -1.594595354 1.289544024 -1.174706191 -2.101629499 -1.274539743 0.046979446 2.359716342 2.998911667 -0.374694405 1.116303370 0.455322517 1.084493417 -0.117530426 -1.743271205 1.209987533 -0.218629453 -0.970003889 0.898026218 0.472247013
-32.887556792 0.616469798 19.773127122 0.045111014 0.626131754 0.472799894 0.618372285 -0.448743715 0.225788240 -1.330922526 -2.681404278 -0.054064990 0.807626786 0.350680711 -0.089437320 -0.830133478 -0.244887095 0.107539488 0.731973811 1.605927859 0.222360384 0.789445983 -0.742901586 -2.493909730 0.078747665 -0.001267035 1.116873492
-33.011398262 -0.385603976 22.588835691 0.934761784 -0.189244499 0.190798383 -0.232385250 -0.873860031 -1.181728515 -0.158068490 -0.092811612 0.420330460 0.334203426 -1.214808956 -0.047734091 0.616315389 -1.202583283 0.171747210 -0.483161914 0.353508660 -0.265303080 0.591812804 -1.352172201 -1.633268028 -1.356444010 0.355768903 -1.384666339
-25.823710577 3.458301140 28.168174909 0.352663803 -0.182966915 -0.908486908 -0.129625952 -1.277365694 -0.087226044 1.320653336 1.495295570 -1.588913443 1.250254676 0.246793467 2.332572572 -0.667644620 -0.085303621 0.169773697 -0.730993333 0.765190571 -0.582458304 -0.681822709 2.294409929 -0.387199742 -0.346796332 1.093754247 -0.333715849
-25.938396702 5.954042942 32.071820965 0.720122357 0.582387429 -0.238027922 0.292560048 1.633885297 -0.890956716 0.183481548 0.637171678 -0.061015456 0.242514915 1.770407465 -1.154376086 1.171247283 -1.474745533 1.103731556 -0.374940750 0.055354605 0.121181347 0.584918153 -2.109058925 -0.624684012 -0.512987679 0.813900546 0.379427562
-31.456239313 -6.436134045 26.729368954 0.542410450 -0.497418295 0.130030241 -0.664423118 0.263950445 0.420281697 -0.326650546 0.048167367 -1.093666897 -0.534875214 -0.109801216 0.509376052 -0.739208750 -0.040569126 1.373089577 1.284277370 0.514877024 -0.127866795 -0.174513008 -1.109574965 -1.621984449 1.261008676 0.296994053 0.158835528
-29.919898406 3.092506644 28.990455348 0.257826296 0.802316875 0.169927934 -0.510820645 -0.238739728 -1.332180230 0.696396564 0.747745720 0.796424703 0.418347494 -1.252972553 -0.399714434 -0.014889249 0.226959098 0.536624000 -0.627465720 -0.866197930 -1.173681196 0.612110879 -0.237976074 -0.622035659 -0.704539713 2.656832628 -0.873116816
-37.072439563 -1.547671742 24.613779683 0.407054568 -0.135540377 0.036644999 -0.902547799 -1.394300788 1.006982665 -0.218906647 -0.579978538 0.400401863 0.132540274 0.346772723 -0.571255009 0.310829491 0.803153943 0.442968496 -1.166957896 0.351064009 -0.487154211 -0.749837717 -1.095952648 0.489735699 0.686297403 0.551241278 -0.627680917
-36.267666879 6.783104958 23.947604368 0.419115377 -0.470814891 0.681248611 0.372257933 -0.490561453 -0.613773705 0.621993547 0.906500666 -0.620146349 -0.580335756 1.520731463 1.187901372 0.702627799 -0.130464412 0.565553871 0.323415839 -0.425769563 2.093569991 -0.575448765 0.676616983 -0.596603217 0.325861982 1.726118928 1.573440911
-24.239081014 -2.675037712 31.761631587 0.746202452 -0.542510119 -0.382939901 0.047134951 1.109670530 1.403914455 1.102381931 0.947905846 1.485145434 -0.832451157 -1.244681080 0.425267374 1.094151298 0.420048468 -0.407412817 0.035698805 0.005968349 1.826752118 0.051032601 1.379189883 1.622924121 -0.166423163 0.051761011 0.156981807
-29.656031263 8.754361285 24.461857643 0.798487861 -0.449482990 -0.399520417 0.027669746 -0.032161970 0.052500580 -0.559182663 1.223329002 0.188778025 2.319800532 0.289387117 -0.721246643 -1.067835434 0.354159891 1.052884095 0.141956811 1.269616060 -0.698935197 0.669457796 0.078898629 -0.389664160 -0.565298108 1.004719536 -1.328471224
-24.197120223 -4.930917587 25.309414775 0.309164535 0.228238720 0.146105581 -0.911579693 0.129463786 -0.815977844 -0.458547789 0.983548590 0.900670695 -0.095731287 -0.098270427 -0.208795123 -0.553303666 0.624216185 1.234368504 -2.520489832 0.354472650 -0.998038160 1.748564442 1.491447736 1.080277037 -1.645283228 1.195633783 0.803141687
-41.452821249 1.560858308 25.939786432 0.759139237 -0.266874815 0.207265923 -0.556350870 0.846453427 -0.555667978 -0.726038523 -1.683281467 0.669418957 -0.155870630 -1.026929845 -0.304601636 1.206100793 0.545288306 -0.756036789 0.675842893 1.036998216 0.846345685 0.128704300 1.301978571 -0.091148933 -0.388519523 0.739782269 -0.452375061
-38.026153242 -0.057359422 31.032865556 0.743837451 0.008811949 -0.637631256 0.200136398 -1.159410758 0.719255494 -0.630838238 -0.117248048 0.369343486 -1.115262046 0.103684057 -1.586349424 2.130038838 -0.100171487 2.020866309 -0.637220238 -0.197092728 1.248629752 2.063761237 1.229214528 0.378926034 0.033447637 -0.074488160 0.263992672
-34.028889339 3.950315805 29.126542531 0.015766937 -0.662592193 -0.456591995 -0.593503782 0.789227927 -0.749771280 -0.535823520 1.136654331 -2.716592186 0.410109720 1.290522112 0.561617131 0.240474310 -0.640722006 2.567204162 1.802103220 -0.745301006 -0.196777600 -0.750651705 -0.629139628 -0.740525930 0.774199677 0.543371092 0.489097957
-29.737903058 3.813545270 26.163369629 0.160778326 -0.328400139 0.176691810 -0.913829132 1.202261585 0.609773282 0.810727605 -0.971261417 0.444140469 0.992189312 -0.837542560 0.005464485 1.333955366 1.735583178 -0.377034013 0.881667499 0.111566293 0.446631321 2.677625453 -0.792310567 -0.275360185 0.793521076 1.163119218 -0.391369998
-32.091322990 7.004654611 29.024870114 0.478373216 -0.233778058 0.340460211 0.774979826 -1.224130353 3.076738922 -0.258113245 -0.369267196 0.898653934 -1.717707409 -0.431597272 -1.206720012 1.615595150 -0.180906166 0.307769409 0.581255315 -0.681721601 -0.201816869 0.291416538 -1.074166510 0.314054725 -0.447403261 -0.660822360 0.546861133
-31.193435232 -1.156812565 25.545359169 -0.746509159 -0.382877274 0.177532310 0.514403876 -0.396257936 -0.753825269 -1.265130656 -0.425595247 -0.712795609 1.861755052 0.840338650 -0.014021106 -0.641716537 -1.283461785 -0.235979155 0.655560729 1.538544563 1.091968773 2.754620484 0.875208912 0.135930708 0.544129674 0.562397904 1.075889405
-27.882655587 3.463867701 30.303411838 0.045433857 0.542015241 0.761287583 0.352982236 -0.696486112 0.186159221 0.243949442 -1.264226801 1.153781366 0.330223232 0.557417775 -0.630284719 0.450030200 -0.878581106 -1.097275703 0.756252428 -0.909122219 1.251432651 1.869307241 0.742403323 0.822959101 2.954674735 1.455888910 -0.958787658
-33.488795850 1.936893417 29.973081652 -0.530424175 -0.390780721 0.205532064 -0.723669257 -0.076856091 -0.872140092 0.592943019 0.051783884 -0.252633835 0.901085822 0.360594387 -0.500814878 0.241988253 0.019407314 -0.836820933 -0.123358950 0.919699430 1.044676366 -1.136273345 -0.557441952 0.201558912 0.132368927 0.184472345 -0.671486722
-34.229732081 -2.475591588 19.252704341 -0.655873391 -0.693543521 0.198196025 -0.222588895 1.013079205 -0.161192907 -0.590567520 -0.264214597 -1.577609492 -0.916989211 1.585874976 -0.589534836 0.981635581 -1.233326939 1.486449254 1.331460962 -0.030174340 -0.365084232 -0.590715014 1.207280952 0.266895293 0.711525916 0.466877476 0.046486242
-29.228061200 5.473240859 27.597069670 -0.839162881 0.178089436 0.490993231 -0.151708464 -0.241401095 1.330478309 0.586685228 -1.224304090 1.673220047 0.575166777 0.671533839 -1.155127176 0.476057258 1.628981752 -0.290262740 -0.714119423 0.137693292 -1.111030275 0.980534020 0.801727754 0.993485148 1.045708406 -0.761328831 0.862132318
-27.501558965 8.811302125 26.766063955 0.513319148 0.032004829 0.837399758 -0.185042664 0.059030662 0.210899023 -0.561849572 1.159244647 1.745335211 -1.162378765 0.602800513 -0.058591798 -0.584561646 1.679431392 -0.842647384 0.402436695 -0.087012814 -0.197663421 0.676555428 -0.201509483 0.579634541 0.949075762 0.140892633 -1.863228738
-23.991055706 -2.790528644 27.598056222 0.073412294 -0.117709025 0.431478945 -0.891392809 0.054214222 -0.285809008 0.544460046 0.239674163 -0.658963941 -2.023438150 1.065007851 0.024146454 -0.288761483 -0.119830214 0.136851215 -0.027739579 1.925557181 1.383472696 0.224810737 -0.259393133 0.515493894 0.482831510 -0.734557590 -0.817819800
-37.311891564 0.296941884 22.826683319 -0.734100773 -0.663918978 0.128582168 0.061435102 -1.181304269 -1.368350235 0.570357699 1.353951633 0.310669206 0.063787379 -1.272651970 0.002688955 -0.420696007 0.313718097 -1.497751522 -0.842523865 -0.918198155 -1.610413221 1.156934162 0.467849470 -0.893457591 -1.431984324 1.440176274 0.636116224
-33.954242647 4.171362088 36.251679748 -0.043731841 0.438198739 0.269809945 -0.856313018 0.762787666 -0.855457961 1.017564303 1.530974927 0.116412145 -0.725111416 -1.504668576 -0.864627572 1.469044080 -0.180472577 -0.294738526 -0.373585495 -0.505987814 0.453585661 -0.158458068 -1.542012580 1.082522092 0.658387074 1.007776262 1.339174586
-29.606968985 2.839672865 28.678992829 0.573758832 0.108374396 -0.424439429 -0.692031043 0.959230340 -1.091696174 -0.494801723 -0.786265261 -0.266335448 -0.900227148 -0.013933152 0.472000745 -0.219510797 0.495789596 1.233967932 -0.277961837 -0.310863603 -1.690108693 2.725503176 -0.820980907 -1.252748748 0.873862961 -1.470860783 0.404568357
-35.926579701 -6.495261125 23.108153076 0.388491498 -0.532767791 0.700753922 0.272354139 -0.309176337 -0.342298955 1.223361833 0.479181150 -0.413479820 1.272775029 0.154598405 -1.356866667 0.591404977 -0.334720645 1.064334345 -0.151821200 -1.252419207 -0.714673962 -0.384818252 0.167338909 1.204031556 0.815123305 -0.590316372 -1.048838337
-29.915007786 9.358879403 23.144620262 0.584188715 -0.723729697 0.360435346 0.070888870 -0.128238203 -1.669770942 0.310427977 1.813477075 -1.821942759 -0.319645543 1.476290417 0.478438787 -0.376810050 1.500178216 -0.858020389 -0.510841728 -1.125096624 0.248127298 0.113157429 1.533188531 0.582152591 0.739456577 0.044430702 0.716768490
-28.539173055 -4.119136172 22.485479744 -0.416187783 0.697880790 -0.427134145 -0.396618903 -0.114339758 0.003959431 -0.406459667 -0.944270472 -0.879972629 -0.245885279 -0.603492603 -0.983882990 -0.812800151 0.398093764 -0.758132470 0.574079965 0.697087458 -0.316209863 -1.227459387 0.933848512 -1.259985111 0.290082784 1.168090225 0.474724872
-33.240644183 4.328960691 27.938741432 0.654615917 -0.048082052 -0.731692146 0.183827967 0.383706738 0.907127371 -0.352359667 -0.274047058 -2.377917850 1.523801626 0.826060504 0.132048116 -0.847193680 -1.279187930 -1.317903867 0.481415366 0.610640968 -1.563925917 -0.417665386 -0.099371335 -0.040419427 0.146610579 -0.603726797 0.311605217
-30.059321690 3.933616914 18.204847500 0.135212968 -0.759834326 -0.582779872 0.254434415 1.430906764 -0.086805031 -1.236961206 -0.157372861 -1.086675568 1.797386718 -0.688544712 -0.582199450 0.216708982 0.648577266 -0.406575917 -0.266928434 -0.451102592 1.295463995 1.119230155 0.465062038 1.122695609 -0.435979199 -1.862193745 0.361894173
-34.272562199 -4.876078613 31.740564658 -0.543003211 -0.520839610 -0.632327263 -0.184488066 -0.632412314 -0.128970632 -1.365395394 -1.642619884 0.034983060 -0.101549109 0.289598554 0.266974951 0.390449898 -0.501824798 -1.060399135 -0.837482743 -1.521885368 0.341891973 0.358104511 -0.617366771 0.335648024 0.233581620 -0.611589819 0.097886827
-31.223557901 -2.789633069 23.807968464 0.353679781 0.310551103 -0.537991415 0.699309561 2.184588986 1.558683787 -1.221163565 0.965405532 0.155439739 0.228820025 0.674542406 1.519629165 0.360753096 -0.480494272 -0.208984961 -0.173345699 0.600835366 1.524641518 -0.525107523 0.300693090 0.311947482 0.630462571 0.623756798 -2.741403073
-38.082401764 -5.553471626 28.290568723 -0.048094287 -0.602127009 -0.605519159 0.518147230 -0.083169232 1.442784564 2.017140031 0.142529834 -1.357680070 0.103011627 -2.318284763 -0.717418305 -0.455603118 1.208932961 2.043268626 1.248636165 1.025162091 -0.664539134 1.461681713 0.268535383 1.360486928 0.390471293 -0.055410007 -0.245085607
-37.367276334 -4.135507234 31.027673889 -0.085914732 0.656468294 0.065638349 0.746565231 -0.303122064 -1.384370905 -0.488155791 0.686846049 -0.642891128 0.204390885 0.582443081 -0.007322728 -0.758696571 -0.283023087 -0.175171271 0.822990455 0.488622036 1.043974929 -0.128462718 -0.380469842 1.389615126 0.620320322 1.709660234 -1.105048753
-30.938673151 6.961448806 21.902247151 0.100414511 -0.029942960 0.993680590 -0.040239660 0.546792193 0.913432084 0.270687778 -1.586022333 -0.095491337 0.398863332 2.265176526 0.605690049 1.688987181 0.428935452 -0.536583950 0.428913817 -0.134622790 0.138831937 1.337573285 0.677206923 0.609421626 -1.195614646 0.451069536 0.481099230
-25.447123055 -3.711479842 32.100214442 -0.196613041 0.623597880 -0.141964732 -0.743178990 -1.473408541 0.120432050 0.041418336 -2.270348605 -1.248904804 1.052273135 1.644236236 1.024665130 1.127581872 1.414026813 -0.196781451 -1.425699990 1.323528146 1.049207461 -1.000045735 1.204758387 -0.534096394 -1.301023017 -0.971796220 0.163711550
-30.670275814 9.875614108 25.945138988 -0.873454128 0.127183740 -0.269198964 0.385271464 0.086298884 0.038005971 0.666118479 -0.858251402 -1.336765285 0.023453897 -0.465645124 0.010288889 0.881720848 -0.341598664 0.694208838 0.275021708 -0.003219969 -0.288480136 -1.255239003 -0.377829395 -0.228807424 -0.587040968 -0.481743122 0.460381485
-27.867251595 -7.321084796 24.899802148 0.000196369 0.399886855 -0.874338785 0.274994825 -0.471169552 0.277936368 -0.175906777 -0.887115241 -2.272793737 -0.199887521 0.690507086 -0.576681385 0.987899154 -1.064912217 -0.901647623 0.636559857 -0.231758456 -0.528945860 0.391817597 0.346329214 0.371422213 -0.612250162 0.124316239 0.240837660
-39.145758743 1.105743723 28.407384338 -0.690337785 0.551922038 -0.442508711 -0.151663599 0.357787938 -0.136384432 -2.635670879 1.502868492 1.704306103 -0.468954143 0.727073920 -0.458166292 -0.413713279 0.958783568 0.427919932 0.462917713 0.554336196 0.863666394 -0.125839565 1.415414471 0.112436605 1.256018641 1.789886971 1.194605073
-27.413930091 9.240603940 24.506219705 -0.962455273 0.243227520 -0.010885617 0.120007185 -0.104935829 0.279978232 -1.546784883 -0.117835412 -0.217542532 0.860984897 0.011533468 0.648407761 0.741794063 -0.199408129 -0.008330168 0.280033530 -0.590733612 1.231791502 -1.184703377 -2.279378238 0.969831579 -0.941800153 0.822089799 0.919632516
-34.001321130 -3.889748635 24.579040554 0.876659145 -0.094146145 -0.198677652 -0.427939760 -0.441427370 0.984743960 0.057912441 -0.444548979 -0.651459499 -1.184242369 -0.703197675 -2.429274871 2.576158491 -1.686346264 -0.726534333 0.856915849 0.140389449 -0.997682492 0.172996714 -1.767588369 0.345850290 -0.599959844 0.687387406 -2.208764925
-31.317032157 6.864976903 23.979056614 0.235905444 0.225649812 0.173849334 -0.929089443 0.124149807 3.282102160 1.073197328 1.698624877 1.068422016 0.904667025 -1.357995056 0.158926583 -0.829597938 -0.975317446 0.285375392 -1.404934824 -1.227777548 -2.375430285 1.755585926 0.039417213 0.478046770 -0.082211029 -1.093089102 -1.624567516
-29.587712745 0.029356581 32.285698043 -0.603828065 -0.319143202 0.608494719 0.404071108 -1.277381005 -0.935164101 -0.664728850 0.382254968 2.113142305 0.545385468 -1.768127577 -1.648531997 -0.461462350 -0.554714777 1.358637220 -0.302211825 0.181739758 0.445962319 -0.462032407 1.302048140 -1.015624980 -0.245454696 -1.072908869 0.362345177
-36.916771695 -4.474132453 24.535631894 0.166215764 0.134812715 -0.970474695 -0.111250696 -0.341619928 -0.612509186 -0.934669352 0.276703113 0.464866034 0.319934449 -1.454330574 0.693543187 0.691771343 0.116189166 -0.048515323 0.435599664 1.473958721 -0.533489691 1.175886898 -0.626729765 -0.327832478 0.508265491 0.568684595 -0.641577096
-29.115409897 2.378412003 18.889817565 -0.162411900 0.395977735 -0.810656046 0.399575754 0.240112288 -1.262083079 -1.642474309 1.234396433 0.587146222 1.632054502 0.451511049 -0.265502601 -0.571193719 -0.290197395 -2.193812526 0.594746292 -0.347285629 -1.209601062 -0.798427681 0.691925377 -0.387574744 1.488434124 -0.118478936 1.040086744
-32.604561008 0.766206934 25.643101271 -0.736808896 0.059946236 -0.670967985 0.057628664 -0.375477873 0.265379017 -1.234434632 -0.774820810 -0.160415232 -1.187573110 0.729625386 0.295340600 -1.781780363 -0.238483620 -1.545862963 0.449908855 1.000028893 -0.188079601 -1.095661977 0.635952032 -1.254193466 1.820706679 1.953678380 -0.151851162
-33.179453250 7.038411423 28.820157454 0.407150437 0.869285602 -0.280278255 0.003893969 0.347054213 -0.423090886 0.696870144 -0.564029669 -0.255630709 -0.181408742 1.384974715 -0.551728399 -0.010756241 1.301340273 1.074576778 -1.182714339 -1.028614199 -0.637198753 -0.608046593 1.475981768 1.307458027 -0.094903009 0.772736897 0.671625323
-33.306648914 8.345441510 24.958009140 -0.293312883 -0.027175543 -0.843285989 0.449552870 -0.640405556 -0.839068624 -0.135420240 0.876667082 -0.859763776 -1.041872496 0.134405174 -1.122196789 -0.143427558 0.996530553 1.301591760 -0.728175232 1.941807160 0.957796297 -0.137189657 -0.030517774 1.395721281 0.564984991 0.010172825 -1.043700489
-34.998853657 1.939998702 30.099856082 0.723477258 0.222495132 0.239552420 0.608022378 0.655022981 -0.675006727 0.192129246 -0.024169203 -0.679047251 -1.380130313 0.410902875 -0.261957857 -0.976868067 -1.267343016 1.122587805 1.222367636 1.048607998 -0.324198578 -0.313954953 0.723395491 -1.914592564 -1.560130593 0.343203488 1.273784042
-30.892646988 3.411529678 20.513570085 0.305447998 -0.424147624 -0.810951832 0.262978023 -1.302784216 -0.678160403 -1.493754130 -0.416694769 -2.018758278 0.235681789 -0.091782631 0.356824284 0.966303288 -0.924422847 0.679748524 -0.829622485 -0.535540167 0.736730607 0.496068558 1.612001738 1.361595462 -0.621568915 -1.375234068 -1.529519925
-35.898687822 7.220267758 28.915650059 0.729936335 0.261529808 0.307218901 0.551735130 -0.460301852 -1.275360201 -0.855407004 -0.211844828 0.340211211 -0.235481281 0.396951462 0.277089168 -1.982297879 0.503630903 0.045213694 1.913969898 -0.379649880 1.105219371 0.454595284 0.161528590 0.989749348 0.783253202 0.871919373 -0.029843866
-39.114122219 -0.325685704 24.623224260 -0.113255172 -0.524262570 0.843583127 0.026258942 0.390152992 -1.134498648 0.448172040 0.109449394 -0.425470129 -0.020522856 1.334993013 -0.687589902 -1.218691971 -1.203457307 -2.200728588 1.252944219 0.792145010 -1.001733180 0.268259530 0.434662966 1.205275062 -0.899715237 0.114867994 0.837493339
-33.143237253 -6.084865839 31.697751807 0.631477188 0.755925002 -0.139433095 0.101844805 0.561406109 -0.408101135 1.352067401 0.915218876 -0.891479496 -1.518059025 -0.351054960 -0.023855641 -0.896203214 1.159536670 -2.444512950 2.462315313 -1.185798197 0.613755915 -0.597106776 0.778873300 0.640424942 -0.786117577 0.091727828 -0.021923240
-30.713318306 0.576177596 21.904670658 -0.262475849 0.669879193 -0.674079019 0.167289482 1.466101261 -0.741280983 0.927479024 -0.282121899 -0.673267786 0.329773745 0.090761684 -0.342586891 -1.100415760 -0.660771365 1.253970351 0.976273402 0.257737700 0.282279805 0.138426260 -0.373825134 -0.055607810 -0.418706496 -1.198613721 -1.915795216
-30.620073513 -2.775970212 23.082615621 -0.202742533 -0.359637246 0.132441683 -0.901119147 0.365311497 -0.376429916 1.000238867 2.337750238 0.161423797 -0.573229028 -0.620064982 -0.849620463 -2.357178756 1.622522593 1.658292582 -0.686794220 1.154419047 0.384317796 -0.914414052 0.184177837 -0.196029023 1.012154782 0.660102496 -1.699929983
-39.316412923 -2.782737068 30.159881210 -0.125591392 0.886513092 -0.401073990 0.193548431 0.466832997 -0.877555095 1.363055691 -0.369657078 -0.129697456 0.907303359 -0.951926674 -0.488286319 0.808622047 2.007905686 0.840705095 0.925108917 0.525500512 1.297842742 0.395643269 0.889920721 -1.980909201 -0.018109776 1.192434803 -0.182828142
-30.687638177 6.503631626 34.086012027 0.179011999 0.460267618 -0.119341494 0.861316453 -1.121699369 -0.115774731 1.941995259 -1.057788047 -0.246763101 1.076073129 0.350528664 0.840088086 -0.252613874 1.875518689 1.068854031 0.601065774 -1.400442150 -0.957375658 -1.497463363 0.102482041 0.880123353 -0.348458428 -0.349090638 -1.332904026
-33.803351238 -6.878656412 32.234735763 0.866317399 -0.055071902 0.487566055 0.093491131 -0.383891560 0.580156862 -1.058168261 -1.236528754 1.085861992 -0.242331923 -0.784442545 1.397257171 -0.387999055 -0.084989873 -0.661557866 0.117537586 -0.718167129 0.171069227 -0.432165812 -1.942815954 0.604100208 0.555205327 -0.889136300 0.218821758
-34.825966024 -4.454213673 26.476101400 -0.337084826 0.470715278 0.726383267 0.370362386 -1.158705320 -0.506718299 0.473219746 0.767464717 0.482853750 -0.247819619 -0.311764865 -2.221325271 -0.665136794 -1.171271731 -0.234753510 -1.798288164 -0.508512187 0.948483372 1.021005029 0.651493038 1.583482308 -0.854952182 0.126029848 0.607243807
-25.646877029 -3.872935366 22.440925712 -0.707499371 0.278375916 0.558020266 0.332512966 0.725189424 0.407632970 -2.010113763 0.612542441 -0.179030347 -1.724596034 1.069332920 -0.333550782 -1.251056772 -0.001359009 1.694909912 0.020109150 1.528015555 1.171514778 0.350095370 -0.581600335 -0.945386743 0.806913660 -0.367276019 -0.997095192
-30.140390433 -7.017295209 26.480608461 -0.563091090 0.619769076 -0.133691678 0.530038915 0.192630756 -2.251509157 0.393870779 0.132880585 0.178529965 0.219314548 0.217194416 -0.446705592 1.609017805 -0.368508563 0.110262081 0.341401173 -0.283665222 -1.100195110 0.861350933 0.635817155 -0.279965813 -0.307814482 -1.700688160 0.909709635
-31.931955780 -7.967051079 31.203742316 0.148223536 -0.411384352 -0.258446639 -0.861393077 -0.540804959 1.517656746 -0.397831900 -0.320238775 0.309410683 0.461548530 -0.426118805 -0.730616882 -0.519996673 0.955448922 -0.080068678 1.643638916 -0.447256164 1.650678642 1.128815807 0.062003021 -0.164601376 0.661061684 -2.166887913 0.615412969
-31.108252277 -7.545096028 31.488439349 -0.247029499 -0.211045419 0.737880404 -0.591581581 -0.900718990 0.514248462 0.341774095 -0.574635759 -2.637481323 -0.139426834 0.565162200 -0.262532550 -0.379497095 -2.119877059 1.459610450 -0.473618886 1.469846329 0.892569482 0.135756938 -1.127421733 -0.206586970 -0.133651423 0.827384397 -1.490659876
-27.924595954 -1.888139985 22.030160091 0.589920481 -0.538571282 -0.338277838 -0.497496638 -0.991168597 -0.106653008 0.031011305 -1.144708535 1.461761617 -0.173292532 -1.764133929 0.220631165 -0.870021826 0.076090745 1.147358219 0.928426268 -1.036572262 0.607927925 0.904854275 -0.078911271 0.604068114 -2.057272417 0.067076138 0.211565777
-32.658583162 3.471310798 34.541734281 -0.682454483 -0.085410212 -0.690770852 0.223151528 -0.313548396 1.635615054 0.322968338 0.367407863 -0.167134746 0.272963379 -0.474446497 -1.184082267 1.113263131 -0.245122998 1.645815831 -0.221670097 0.417261139 1.053779578 -2.030914197 0.757094484 2.007978603 0.259286639 0.067294698 -0.433322163
-29.898675115 -4.467745835 31.433125525 -0.727104211 0.364194698 -0.578768481 0.060899370 -0.246090607 1.375497426 1.993659313 -0.956743780 -0.706497819 0.537388994 -0.426456299 1.114555170 0.261075687 -0.678335295 -0.631476529 -1.214090332 1.199916128 -2.288268121 -0.137650418 0.591956002 -1.230962309 -0.728016728 -1.257962439 -1.460194687
-38.520095351 2.297901731 32.681987747 -0.265170713 -0.267257731 0.921119154 -0.098981325 0.136123579 0.941420413 0.751202878 1.745968369 0.352493171 0.703091430 0.442926005 -0.754454288 1.675971111 0.153206540 0.532182727 2.988748828 -0.247362974 0.902838679 0.675816203 1.971377112 -0.194425829 -0.055156179 0.506783588 2.119087144
-26.912678289 -2.150196192 21.134922970 0.109106743 0.648149333 0.489341166 -0.573187041 1.354994652 -1.378020059 -1.726557686 0.218073940 -0.819647568 0.676309905 0.254134251 0.058272721 -1.540739072 -0.270503698 1.757361397 0.486495238 0.003850502 0.419579604 -0.632290548 -0.038247076 -1.588880842 1.582141103 -0.120914196 -0.212076471
-26.547306049 -0.809134309 21.613937165 0.196347117 -0.241882682 0.920283723 0.236682165 0.474054478 0.962084456 -1.427366362 0.709242720 -0.336716021 0.344680115 0.066482289 -0.223171146 0.377506272 -1.033929632 -2.666202969 -0.965803882 -0.399570728 -1.857669316 0.928910903 -0.966362792 -0.628021800 -0.619799966 -0.734291728 0.184557051
-24.936529428 2.551774527 26.669622496 -0.079347501 0.025880924 -0.041330707 -0.995653516 0.660249375 0.620924936 -0.963526942 -1.378044662 -0.200331366 -1.062463929 -0.571975671 -1.315067802 -0.134921212 -0.268036107 0.506875409 1.496801646 1.091304009 -1.276673483 0.727866384 -0.144698425 2.089932135 -0.716436017 1.010274700 -1.871152458
-32.816506551 -0.392114979 31.178182902 -0.052308450 0.743845031 -0.166545702 -0.645151863 -0.586972478 -0.514681813 0.759911935 0.670858948 -1.309666215 1.808081051 1.608143910 -0.690035285 0.325989849 -0.144732053 -0.069553365 -0.033346276 1.000770965 -1.194092226 0.564470289 0.355803957 0.088116805 -1.059880828 0.045875273 -0.611448948
-33.967314652 6.670320942 19.894526369 0.310670709 0.680141404 -0.538554948 -0.388394065 0.947621991 -0.866978656 1.362140530 -0.612642401 -0.944326712 0.060287105 1.596568547 -0.127665600 -1.586037684 -0.583941039 0.183546145 -0.055312057 0.050873193 -0.797741357 -0.443385078 1.657872227 -2.497327317 -0.061288068 -0.454236558 -1.708074849
-37.508338716 1.191813712 22.124643760 0.521964520 -0.732280743 -0.179153842 -0.399026132 0.523383753 -0.115612764 -0.363866793 0.902038872 -1.351746864 -0.805035614 -0.760636163 0.878107273 -0.857509597 -0.312585191 -0.736541072 1.384024865 -0.815194680 0.154960342 -0.875593066 -0.945336422 0.636705143 -1.094484133 1.458160738 -1.525107920
-33.931895430 -4.950937474 29.894442756 -0.389255801 -0.895368372 -0.186679370 -0.109298732 0.581132986 1.885749968 -0.895964920 0.958533578 -0.277424944 0.007433268 -0.736387567 -0.028013737 -0.236569436 1.469036884 -0.947269880 1.142994985 -0.354533205 -0.013123810 -1.070275197 -0.410001173 0.339414168 -0.036748869 0.547488533 -0.261172790
-37.368628819 1.645807649 34.452930717 0.868347930 0.335999335 0.179244048 -0.317722977 -0.332357440 -0.610535858 -0.758977002 -0.997594621 2.004806620 -0.039031044 -1.892332043 -1.673646893 -0.537178744 1.155917727 -0.588900416 1.365353801 -0.040649658 -0.796020235 -2.206233468 0.478198207 0.468623403 0.559170385 0.858145333 -0.433677276
-27.728080946 -1.520073119 23.003767707 0.137767829 -0.186932403 0.691121060 -0.684417988 -0.062179545 0.646202727 -0.153690310 1.178020624 -0.270758803 -0.115338773 0.016181244 0.439066273 0.703166987 1.452306546 1.564599832 -0.404511784 0.102886285 0.739112531 1.111623495 -0.142014133 1.030971585 -2.122282059 0.148321959 0.264440966
-36.497035447 2.640575243 23.844088570 -0.345418668 -0.162803899 0.195916057 0.903215219 -0.120919409 -0.337296894 -0.242224852 -0.223489722 0.066718473 0.373576231 0.728433162 1.999132234 -2.121293310 -0.871740439 1.853889713 -0.786116121 0.355637298 0.428257030 -0.521412764 0.082960535 0.519437561 0.969438362 -2.258822944 -1.144942709
-31.365727845 -0.058515880 18.756118326 0.709196182 -0.658379982 -0.054318262 0.246223681 0.429430599 -1.540962254 0.012749749 0.652901762 0.087219502 0.946318786 -0.125968381 0.836077070 -1.241359541 -0.104568981 -0.243343484 -0.665115088 -1.260454812 -0.371536428 0.560786827 -1.075267164 0.530463838 0.004635790 2.382040338 0.163662790
-35.719594541 -1.598249919 22.549659081 -0.369296354 0.779438111 -0.092683132 -0.497500022 1.585483317 -0.330081321 2.342127856 0.226779958 -0.487515421 -1.343176988 -0.071805670 -0.929913910 0.816312583 -0.900451263 0.129317205 -0.535425702 0.151988456 -1.749854082 1.703241172 1.247430533 -1.548712868 0.011945795 0.973464042 0.649606935
-31.999344533 -6.679089146 30.487689738 0.555486883 -0.565433939 -0.590256306 -0.152696680 1.575155061 -1.145827551 -1.669640496 -0.214808297 0.740131406 0.840512747 0.718348969 0.435377410 -1.764073180 2.161900506 0.381165836 -1.053739645 -0.411409534 -0.586173230 -0.425086546 -0.426603814 -0.457462649 -1.337025108 -1.746354949 0.286316721
-25.237168366 -2.729408748 25.508947346 -0.794386659 0.569333131 0.203242237 -0.059179515 -0.405542209 -0.417569259 0.678516039 -0.145622548 -0.475139710 0.208875642 -0.729311896 -0.152342927 -0.539126211 -0.181089885 1.876545694 0.695385464 -0.936726783 -2.798816058 0.486910356 0.150507332 0.033169077 0.609721442 -1.856811530 -0.515831374
-28.794616779 -7.288102308 27.947646028 0.860235668 0.087490987 -0.371144614 -0.338513807 -1.950272128 -0.135818422 0.532625917 1.078537117 -0.313073631 -0.421480649 -0.774646406 -0.213457947 -1.531571542 1.413102710 0.644392021 -0.237921531 0.808984856 -0.614164127 -1.143834467 -0.596263653 0.080223061 -1.540861159 -0.123064664 -0.949997504
-24.749566010 -3.159086225 21.915892562 0.292553772 0.724772164 0.601347781 -0.165826558 0.545495200 -3.293789905 1.450676787 -0.196431767 0.323922342 1.190351888 -0.397111408 0.694391200 -0.508717607 -0.277398455 1.649343914 1.320202975 -0.743333700 -1.459733276 -1.171159844 -1.305320397 0.447917149 0.335610081 0.597426468 -0.583509984
-31.593474226 -3.418446642 35.041522722 0.977829336 -0.015341992 0.188422691 -0.090062773 -1.528303895 -0.168613605 -0.171277287 1.274632912 0.254210026 1.473121852 -0.936166332 -2.293696179 -0.514216024 -0.497544185 -1.355314073 1.416662460 -1.206907519 -0.517434427 -0.106717589 0.127317781 -1.045704400 0.029467670 0.440369695 -0.043964212
-26.781023229 -3.572752267 20.779729425 -0.791659014 0.331882984 0.347049564 -0.377738389 0.033746425 1.362805730 0.492640216 -0.415380182 0.497725500 -0.645095315 -0.127101165 0.328344952 -0.545030076 -1.609164042 0.267431034 0.330227184 -1.036003794 0.394403093 -0.270666380 -0.860949552 2.177597985 1.168025212 -1.018201247 -0.161840271
-28.865060586 -0.965399079 25.586410269 -0.000437510 -0.774934690 -0.403659339 -0.486348818 0.320760150 0.484514570 -2.228485698 -1.231410036 1.072723676 0.863768875 0.517221449 0.110757752 0.245836061 0.324253876 1.084047267 -1.144465287 0.379840111 -1.371463361 -1.204877062 -0.534946497 -0.196264001 -0.399523220 1.036546286 0.145698772
-24.650417809 6.128920170 29.580342716 -0.713535390 -0.102967070 0.661205967 -0.207537221 -1.059535402 1.119722187 -2.443731776 -1.335614854 -0.078025473 0.338848169 -0.198841635 0.347852944 0.192827726 -0.359922255 -1.760355825 0.198614709 1.259092072 -0.874842677 -0.542707645 1.317911106 0.508890577 1.366867096 1.139602421 -0.187737152
-36.626198144 -3.559732333 28.373651612 -0.114487273 0.525910307 -0.193926904 -0.820184960 -1.511314740 -0.766179515 1.565078559 0.038782381 -0.145513360 -1.290767918 -1.414761734 1.077517368 -0.287778776 -0.219140259 0.859680407 0.395990200 0.360654431 -0.883001918 -0.206554867 -0.491420068 -1.374892730 1.556207578 0.797506149 1.310846385
-30.148740854 9.394637049 23.549734740 0.786828784 -0.492968027 -0.367326582 0.054352293 0.685684999 1.544447087 -0.420949374 0.446429216 0.392983513 -0.665969778 -0.053226127 -1.783055738 -1.192220272 -0.001370636 0.877381123 -0.294680310 0.952489972 0.529835898 1.244430604 0.117944228 1.116756996 0.867154928 0.672641631 0.679017828
-30.850314878 3.027649043 36.402620953 0.657218887 0.312150995 -0.591181057 0.348037425 0.568062499 0.730626953 -0.783161269 1.190060781 1.877148666 -0.851295929 0.727987578 -0.265047214 -0.339944309 -0.848485735 -0.814139393 0.444846030 -0.233697895 -0.039028736 -0.399213159 1.034059506 1.265702580 -1.009805313 -0.747100294 -0.476620235
-29.891051369 6.167967880 30.485049012 -0.162675229 -0.194606738 -0.391173930 0.884673920 0.555985153 -1.519178324 0.209493652 1.376859701 -0.029698463 0.218877440 0.643523702 0.096425185 -1.257136224 -0.167341405 0.578404360 -3.414544794 -0.888283027 0.301605177 -0.527327219 -0.360500418 -0.199888985 0.171554534 0.499172377 0.622793419
-31.741689279 -7.497390662 31.326451542 0.532086187 0.246234014 -0.614214765 0.528198185 0.224479069 -2.142836305 -1.146755156 -2.194853111 0.574283604 0.646339252 0.214897575 0.257643191 0.019335427 1.163956248 -0.904691615 -0.713882616 -0.432544823 0.428038397 -0.231204047 -0.025589332 0.593077061 -0.580062574 1.065759254 2.375846474
-32.066810544 -3.752715126 34.892954750 0.563455609 -0.065748535 0.794242477 -0.217655219 -0.113909724 -0.224544932 1.132179402 0.082108480 -1.208064356 2.346882578 1.170366777 -1.524429502 -1.753238236 -0.309369172 -1.283852008 0.636728401 0.837461045 -0.936315765 0.829707990 0.352584730 0.755097309 0.043629672 -2.146873223 -0.513701394
-26.222347958 2.667884292 35.442281740 -0.115033927 0.403927606 0.883137411 0.208992818 0.940884041 -1.250527210 -0.066297975 -0.035136724 -1.019466092 0.047761019 0.414803847 0.353291348 -1.477498467 0.462528702 0.367462604 0.856501066 -0.973821282 0.293576193 0.235925048 -0.796216866 0.457559891 1.341361736 0.007581136 -0.515335660
-37.476430039 8.231685969 24.382094844 0.883999834 0.329878872 -0.001051649 0.331244800 0.255413472 -2.298738830 -0.228111179 -0.540589946 -0.545543068 -2.600479725 -1.873250415 0.802071846 0.175145288 -0.589014927 0.084562759 1.395869576 -0.508640507 -0.351239357 0.603242724 1.674963257 -0.504272229 1.339694828 -0.175597954 0.108305627
-32.821324663 6.431349173 26.456029771 -0.020041831 -0.430230817 -0.719200533 -0.545206716 0.591428264 -0.328182748 -0.117777284 1.747478295 0.216892972 -0.352457182 -0.656750591 0.278533149 -0.315911671 0.016087856 0.564065802 0.228707139 0.022895777 -2.272902482 1.173168572 1.017995057 0.290827207 1.839888463 -2.055771592 0.424317424
-33.531693062 -4.054216772 33.645330474 0.325151900 0.828007583 0.411549691 -0.198258758 2.048126916 1.158404652 -0.152279689 -0.826263506 -1.681208248 1.464427361 0.323112911 -0.666464875 0.429376394 -1.971717337 0.178952810 1.820737976 -0.479278997 -0.223465983 0.289448704 -0.474019826 0.270076744 -0.914728596 -0.033115292 -0.016875295
-36.031076971 -4.893835238 30.588564322 0.407777450 0.607057671 0.076794531 0.677717593 -0.267984866 -0.764138428 -0.584953122 0.068937800 -1.338634974 1.397314349 -0.507289845 0.947538250 -0.138825064 -0.104245414 0.180371810 -0.491258146 0.074582636 -1.740907833 -1.493413249 0.776012074 -1.220057887 0.336772018 -0.670974089 -0.820145903
-32.534313840 -1.846141272 34.208966099 -0.670350831 0.632096868 0.362487604 0.140306984 0.877482698 -0.150226152 -1.228299327 -0.867111627 1.177222036 -0.050172240 0.084813804 -0.279311131 -0.941290719 0.816127284 0.256816692 -0.056641274 -0.716442588 -0.711697640 -0.455271017 -1.108381840 -1.152163288 0.398319136 0.269065092 -1.016606392
-32.676471394 6.468696456 26.149152529 0.319436267 0.534876709 0.620911295 0.475748402 0.274684825 1.157427718 -0.910180881 1.620313673 -0.271830314 0.882998390 -1.921532901 0.243946548 0.015722165 -0.097689222 -0.815683507 -0.839795851 -1.668491350 -1.522000325 0.255514187 1.358949141 -0.294201662 -1.345374501 0.517522926 -0.633696015
-29.103536662 -1.548960765 36.412235493 0.065621520 0.578554373 0.610518395 0.536876096 -1.404136995 0.215931153 0.952040974 0.577878627 0.777979102 0.208407459 -1.248044542 -1.170516994 0.107749019 1.708293399 -0.297455523 -0.306435827 -0.548674447 -0.677059358 0.131671645 -1.787542407 0.571179045 -0.428258678 -1.344867125 -1.410157934
-35.016640855 -2.307744370 33.864731503 0.866475963 -0.202555626 0.326670277 -0.318554791 -1.087746949 -1.485051133 0.446716311 -0.053080223 -0.300477618 0.448060903 -0.114631141 -0.435074367 -0.031052898 -0.903904367 -1.108009394 -0.999551049 0.734215108 0.045354395 -0.152574686 0.595951405 -0.767030675 -1.007950936 1.545515626 -0.140918085
-23.460972639 1.433586769 28.327987576 0.646186724 0.140346967 -0.500986618 0.558352805 -1.872392868 -0.894479731 -0.160624900 -0.387572487 -0.183847120 -0.480862441 1.406339307 -0.050588758 1.720921787 -1.709026582 1.300428466 1.363499422 -1.428867491 -2.084044074 -0.890268837 0.431102948 -0.368319579 -1.680546428 0.383832414 0.333049052
-37.173058304 -5.183397935 25.166060889 0.225612990 -0.670655248 -0.571017012 -0.416244987 2.065264288 1.051353993 0.159158659 -0.974855938 1.349972175 -0.684906664 0.936613340 1.202119598 -0.832157897 -0.545139804 1.013429214 -0.344928115 -0.731594273 0.793635860 1.653588400 0.026993699 -1.472286881 -0.450975366 0.514466674 -0.370239807
-26.264403938 0.781989107 25.765962627 -0.462862738 -0.070883387 0.881747361 -0.057054562 0.791809955 -0.582008602 0.605434602 -1.751495958 0.220649856 -0.918280206 0.911890087 -0.223080587 0.474738626 0.278040565 -0.382028432 -0.116577551 -1.036222166 0.173873007 0.564617319 -0.354322917 0.297891179 0.827798526 -1.224677930 2.447355906
-39.918480923 -1.753657844 29.346676098 -0.029113999 -0.337058712 0.627154829 0.701584364 -0.716463189 -0.132057922 -0.486191814 0.027567992 0.729291107 -0.252640415 0.432163208 0.363091245 0.648392033 0.199696939 -1.755979190 -0.688169080 1.058327769 -1.076799251 1.530231001 -0.527442979 1.535150649 1.401721772 0.194539815 -1.313254479
-28.159693417 5.121716097 30.970653132 -0.075692357 -0.146832361 0.927908857 0.334209631 1.970614371 1.220046530 -2.067235883 -0.152332594 -0.570534982 -0.717124242 -0.203547542 -0.034697985 1.167689472 0.165260597 -1.860183069 1.119783528 -1.189727134 -2.325033087 -0.360421854 -0.897983921 0.821773258 -0.882610097 -0.495651995 -0.723666858
-31.472741970 -1.370449984 36.496514306 0.440394535 -0.120160297 -0.795663760 -0.398162450 0.463320711 -0.672803439 -2.116226669 0.098535742 -0.255946914 -0.581121232 1.802512444 1.302839247 0.647834464 -0.374093601 -0.263173356 -1.281268276 -0.918140650 -0.845205770 -0.711168853 1.110765702 -2.507443601 0.766340890 0.074395774 0.997475467
-33.229145280 4.046109258 23.892642606 0.092698639 -0.094001493 -0.828652558 0.543972077 -1.349257909 -1.285384227 2.118829917 -1.054445509 -0.130866707 0.617292849 -0.358995445 0.318424398 2.374123091 0.578064257 -0.561222773 -1.077672943 0.146318995 1.198504972 -0.039765116 1.329046679 -0.731616900 -0.286946169 0.686482235 -1.349792594
-35.334407493 7.685043781 27.129467042 -0.258847988 0.245265173 -0.664613553 -0.656606076 -1.197212342 0.835718127 0.619817777 1.681035228 0.301856064 -1.024461338 1.828122658 0.312378806 -0.882396746 -1.534388919 0.277661314 0.784076498 -1.504619889 -0.021717384 1.075174379 0.186428250 0.102711381 -0.332053060 -0.496122253 0.982698763
-32.546179701 2.697964937 19.140981071 -0.184008312 0.113738020 -0.537142450 0.815280683 0.817692987 -0.536617565 1.073577011 -2.441067161 0.450732839 -1.787578102 -0.566551491 0.624696771 -0.764246494 0.751484311 0.926643256 -0.036056980 1.081061707 -0.622018313 -0.991289126 0.644035453 -1.180526732 0.429890387 0.532295987 -0.441056545
-27.526753165 1.247169371 33.155958450 0.380873776 0.858783058 -0.256382489 0.227365002 -0.614889541 -1.700731439 -0.552310445 0.228677261 -0.016208930 0.186011868 0.068187938 0.686692273 0.732736204 -1.716274474 -0.624058647 -1.298508827 -0.078659444 0.442298941 1.127701443 -0.169906670 0.284381084 -0.635953644 -0.427286390 0.207619411
-23.987623535 0.953462341 25.761489560 -0.024898485 0.382964101 -0.351304638 -0.853992748 -0.850651822 3.005700831 -0.672548896 0.137424344 1.717257184 -1.140688133 -0.101665856 0.611487751 -1.027272583 0.219585455 -0.471693842 -1.195002290 0.801300227 -2.139801741 -0.388143934 0.787715840 1.548333911 0.059103612 -0.155218905 -0.354805748
-36.730625910 -1.575070192 23.491118361 0.720445897 0.304456274 0.531735756 -0.324840226 0.279508662 -0.310061559 1.012701098 -0.876030397 0.774662185 -0.493976399 0.964318006 0.776953096 0.185701086 -0.208106728 1.299012198 -1.955169501 -2.087883140 0.555179413 0.491173596 -1.148030198 0.609456140 1.478761722 0.587667467 0.116153572
-39.697291314 0.712460210 23.906782136 -0.000498674 0.922381635 0.009079627 0.386172800 1.542568202 -0.598951615 0.197598988 -0.561697083 0.631467111 0.907482010 0.365740181 -0.661168386 -0.061192721 0.124814377 0.304431560 -1.018195727 -0.216019629 1.821836563 0.169102677 0.854279155 -2.125537478 0.770787920 1.324680754 0.312965574
-26.183473804 6.663080097 24.159055391 0.283452941 -0.667638711 0.029895775 -0.687763931 -0.826190455 -0.034253101 1.256924406 1.840082990 0.162297988 0.555721923 0.464319424 -1.841050933 0.661093323 -0.246858646 0.802996564 1.693371807 -0.749158665 0.975665077 0.515128831 -0.025562111 0.179982908 -0.137081411 -0.144404512 1.590609594
-34.658900564 3.556190205 35.036147937 0.078915547 -0.474513792 0.581979794 0.655674094 -0.221874844 0.833689517 -1.321199561 0.843688983 0.314825124 -0.281530477 1.343299208 -1.008962071 -1.440591933 -1.006240717 0.994238248 -0.752287894 -1.092917446 0.768084414 -0.653031793 1.368482311 -1.888763046 -0.025619064 -0.361689713 0.586683555
-28.283157714 1.234891512 25.443691445 0.002104773 0.063312031 -0.997989776 -0.001887945 -0.970401044 -0.865281338 -1.142913499 -1.504635711 -0.016507808 0.111608121 -1.705253732 1.303381914 1.415091230 0.758812472 1.527610534 1.328441515 -0.845829694 0.954042412 -2.233240287 -1.599418781 -0.564500522 -0.935743626 0.954535503 1.380263846
-24.692818253 -1.742290508 31.417755851 -0.281111720 0.073188717 -0.317140821 0.902796385 0.632608692 1.103369269 0.943989483 0.012106684 -0.406247730 0.938228523 -0.362474988 -2.352743553 -0.954314220 0.209265078 1.355837014 1.908853869 -0.374517260 0.410028328 0.299971753 -0.105869383 0.263636905 -0.521283230 1.932319011 0.052881022
-32.118525385 2.435916141 32.407505611 -0.742960399 0.403651202 0.415122571 -0.335780886 0.454551535 0.904218757 1.283499775 -0.085057449 0.477366126 -0.753590903 0.899069986 0.178497129 2.446059173 -0.483497287 -1.775239711 -2.462460955 -1.535710674 -0.334713022 -0.228760808 -1.217082811 -0.959405169 -1.689260461 -0.307504679 0.582981774
-25.033639214 -0.378846723 22.245890194 0.679706108 -0.472980902 0.445632044 0.340148136 1.672102967 0.691743867 1.256462883 0.317202166 1.929962115 -1.083840832 -0.888703092 -0.387902918 -0.365451713 0.580942609 -0.322371998 -1.048707745 0.317976542 -0.407468185 -1.449968511 -0.309590838 -1.379033204 0.208692578 1.298483286 1.643485807
-30.611607786 2.219350388 31.226251316 0.547531742 -0.431213786 -0.482141945 -0.530851022 -0.585159841 2.279410569 -1.122012015 -1.105878233 -0.748069133 0.188126048 1.159846129 -0.374090445 -0.324332253 -0.255911971 -0.956252712 0.298723187 0.092912996 0.590611762 0.896523462 -1.490741837 -1.019410401 -0.495572460 -0.644946881 0.738630029
-34.400536123 6.471595756 19.432896511 0.064416015 0.133845437 0.915102321 -0.374864932 1.694837586 -1.993778695 -0.892411298 0.080184116 -0.724661566 -0.931854586 0.261070895 1.281629603 0.588283659 0.060505483 0.784480088 -1.375137605 0.852238716 1.697095019 -0.366252020 0.262058065 -0.589302568 -0.421720734 0.400423861 -1.888904454
-27.974702455 6.165871423 30.273537177 -0.456061645 0.035716879 -0.886982955 -0.063192712 1.007591768 1.425182279 -0.813377755 1.416611479 -0.094886462 0.718701606 1.249415862 0.934004238 -0.725208389 -0.172122662 1.210350359 0.032646841 0.638809384 -0.418126432 -0.665173683 0.315137459 0.969371971 0.712967168 0.432208336 1.017000373
-35.009669420 -0.878469950 35.326764360 0.363703639 0.214505068 -0.209853306 0.881855333 -0.697226034 0.600080211 -0.946369009 -0.541507787 1.220126100 0.402629874 1.142244217 3.338630296 0.244001641 0.743626752 -0.198285745 -0.252492758 -0.256697619 -0.669963809 -0.010961051 -1.224919424 0.322639446 -0.397166054 -0.586489345 -2.276281763
-27.684677234 -5.760290639 21.118963607 0.281986093 0.930885118 0.205787834 -0.107648069 0.453255428 0.324655099 1.801612641 -1.006111197 1.387730582 1.947486732 1.719888709 0.756538457 -0.463606923 0.362458675 1.315970422 0.416659062 -0.410917108 -0.988329536 1.626942776 -0.414330079 -0.165130382 -0.483376317 0.891732841 -0.576325009
-38.376583621 2.697820655 26.598135834 -0.264323452 0.793258070 -0.399940215 0.375396552 0.060107060 0.807269451 -0.419979250 -2.085697547 -0.529283560 -0.043784057 -1.238903033 1.239172901 1.254251051 -1.612399054 -0.807562666 0.297931835 0.405417297 0.178873166 -0.984937388 0.008263057 0.128322230 -0.573560760 -1.689659529 -1.439221792
-36.023255737 -0.751533166 23.515885661 -0.814788127 -0.169020883 0.290006283 -0.472703506 -0.019106915 0.558051935 -0.733013303 0.730896842 -0.353741798 -1.169837533 -0.119364761 0.138775619 1.272224621 0.677867405 -0.229591408 0.481592605 -0.547194111 -1.944601459 0.425456454 0.886066479 -0.006017887 0.371862063 1.470558539 2.145541023
-22.197589699 1.154605728 28.934381492 -0.000563591 0.180996240 0.983478819 -0.003075040 0.603064037 2.319264848 0.756918058 -1.103391221 0.157759199 -0.392576532 0.219469264 0.216378727 -0.092814590 0.335996175 -1.008329426 0.140484146 -0.980313641 -1.610838545 -1.006979987 -0.750979078 0.452550781 0.397609919 0.725232094 -1.426683735
-34.166729626 -6.358504453 28.228378316 0.690106779 -0.636912064 -0.343156029 0.018428125 0.027863567 -0.371269176 1.474298924 -0.031116802 -1.350509652 1.115310117 -2.443326998 -2.410045968 0.360570050 -0.571785829 0.156560351 -1.098079058 -0.494280756 -0.771372763 -1.062635348 -0.256260220 0.676543527 1.996692146 -0.117287040 0.252438653
-34.307105121 9.879929039 25.062289288 0.405034199 0.488133685 -0.577869306 0.513556101 -0.551411917 -1.477020317 -2.234112518 -1.136327325 -0.906487478 0.584902622 -0.031258406 0.470658238 0.780674294 -0.569537638 0.621544619 0.226921545 -0.747966464 -1.607669666 1.007533045 -1.287008068 1.272970680 -1.082020755 -0.187581541 -0.135710181
-28.727336814 9.446493960 28.022403953 0.155297178 0.301860367 0.083586545 0.936897217 1.763743537 0.646086421 1.240927628 -0.184604248 -0.136629513 0.248912399 -2.279875091 -1.240280853 -0.278393645 -1.134686190 -0.616677556 -0.774077217 2.654546397 0.889826218 0.045197333 -1.127446535 -0.308858439 1.155329841 -0.565440191 1.101473356
-35.625132888 1.661923773 33.617036417 -0.138217394 -0.610060454 -0.696221903 0.352132441 0.675319672 1.346059304 -1.853528958 1.600487655 -1.659843907 -1.766555803 -1.245768579 1.241181153 1.371971252 -0.504923335 -0.756825894 -0.923516213 -0.022740244 -0.666642347 0.242473074 0.161276898 -1.911901765 0.464283566 1.584752002 -0.576044381
-32.259288040 -0.040571527 24.263481427 -0.270544285 0.403574404 -0.449770674 -0.749426334 1.242679716 -0.521620572 0.423956150 2.281853189 1.067793609 0.339979777 0.177559168 -0.539184272 -0.553374918 -0.071500731 -0.034595092 -0.190385912 0.174647202 0.503753383 -0.964506290 -0.976518976 -0.682222263 0.562704237 0.616004518 0.490449992
-25.650944321 8.029577894 30.566761788 0.774189217 -0.587834167 0.064058769 -0.225784241 0.608298128 0.905600355 -0.257205221 2.273574766 0.223982321 0.124221009 -0.978410672 0.051872934 -0.706354544 0.106655867 1.447895440 -1.430619621 -0.469445259 -1.923681348 0.556160593 1.515914528 0.282371840 1.203683610 -0.166651644 0.361172146
-30.916829218 -0.890707604 20.231261458 0.663131251 -0.097655027 -0.411411537 0.617625280 -1.545598740 0.665719235 -0.266907773 0.158483272 -1.082874011 0.562097168 -0.106558021 -0.879081940 -0.208081315 -0.922087920 -0.611661111 -0.165032352 0.015851608 -0.405982635 1.816010553 1.256912943 0.432554003 0.794353083 -0.609508053 0.165805535
-40.068220014 3.561153061 24.909308895 -0.255641655 -0.594789268 -0.646949538 0.402901187 1.281857044 -1.181177517 0.662481764 0.807384875 0.499896228 0.270078722 -0.379214624 0.706648321 -0.444290162 -0.854263016 -0.555946220 1.048657009 -0.820933805 -0.327758341 0.707563146 1.272020555 -0.600450746 0.058010238 0.108893531 -0.176318261
-34.154766512 -5.500705584 28.610014220 0.120762311 0.545473937 0.759425762 0.333387401 -0.856947619 0.487233873 0.821704647 -0.205327540 0.121268500 -0.179888806 -0.321276971 1.982215122 -1.069686668 0.179893255 0.322345410 -1.194742925 0.961620952 -1.446301905 1.206057948 0.544539041 0.206253573 0.866441225 -0.539597486 -0.015147954
-23.044169673 -1.258093596 27.076390875 0.651282433 -0.009980880 -0.420420047 0.631647495 -1.012542692 1.328146380 -0.430126358 -2.853253458 -0.556682845 -0.815785661 -0.732026624 -0.886317509 0.178453334 -0.178251830 0.683827851 -1.597208538 0.340363702 2.070799818 1.246880961 -0.413904286 -0.858904259 1.480864355 -0.754112078 -0.327932364
-38.115382963 -5.386664541 26.196862755 -0.187491754 -0.685896763 0.239082612 0.661235191 -1.021420463 -0.749070815 -0.017602521 1.174506031 -1.106449940 -0.767667140 -1.077722421 -0.981057248 -0.326003076 -1.451128209 0.084278334 0.584550996 -2.097061169 0.135280639 -0.901900796 2.070874075 -0.225448254 -0.224211568 -0.139726412 1.497177003
-25.027818944 -0.239469272 22.467736442 -0.542042687 0.825831849 0.128676401 -0.087372005 0.565936678 -0.261189021 -1.023815293 0.279212629 0.491399587 0.734170965 0.062665429 -1.221692749 0.610950427 -0.948744149 0.668397812 0.740579172 -0.165293731 1.016631657 0.114738012 0.567313824 -0.767137450 -0.011435037 0.000014910 0.345662454
-35.229194098 3.529084224 29.522860397 0.729909159 0.514985736 -0.327829251 -0.307490313 -0.521534021 -0.123219989 -0.485920317 -0.184687269 0.399381254 -0.703647276 0.424574903 -0.996522728 0.457808194 0.335863202 0.116512956 0.196474828 -1.808637857 -1.610600455 2.434250176 -1.935045003 0.801574242 0.477741867 0.753350259 1.593149700
-24.427307466 -3.792888019 28.237780340 0.118886151 -0.638140602 -0.758530970 0.057213832 -0.465009843 1.059631566 -0.139263538 0.318932342 0.799826976 1.799518160 -2.501469473 0.197418672 -0.109320534 1.346570138 1.298492039 -0.806454277 0.251277358 -0.699051362 0.655215714 0.672133573 0.571275981 -0.572453586 0.639346801 2.237900390
-40.546313456 0.524770575 26.284417355 -0.761908874 -0.429201561 0.391813094 0.285942979 -1.892254275 -1.226531552 0.603841463 1.716775273 1.003830620 1.668124300 -0.537879476 -1.931535687 -0.064143951 -0.342199503 0.200189388 -1.158918413 -0.234103725 -0.930709627 -1.832747933 -0.535202321 -0.886736620 0.108983008 -0.199140468 0.061202507
-29.195180080 9.411308040 30.126427153 -0.114652371 -0.058356006 -0.978194223 0.163050524 -1.005416170 -1.601522722 1.466629770 -0.923609540 0.875311433 -0.174306320 -0.463873224 0.865287295 0.075817172 0.041853698 0.105633679 0.395331497 1.794326180 0.282573230 0.325873590 -0.354930636 -1.964835444 -0.199523763 0.502341005 0.359988850
-32.473228710 -7.993100201 28.435905925 -0.711718235 0.402455789 -0.259467572 0.513967967 -0.824598363 -1.593788650 -0.584745600 0.122326723 -1.277008770 1.055569644 -0.874145843 -0.154689976 1.911865034 0.811720357 0.021392460 1.913518230 -0.346633753 0.196931559 -0.490559341 -0.612787077 -0.478507867 -1.813561645 -1.264424603 0.307948069
-35.732304110 -0.605500855 26.882084265 0.804064179 -0.361068444 -0.089760645 0.463738505 -0.020570503 -0.640078352 -0.113640982 0.762962712 0.119659330 -0.525796313 -0.377701836 -1.560549095 -0.389515550 0.934889537 1.488100502 0.383095291 -2.151976682 1.155740697 1.119528399 0.353837617 1.186486684 -0.751209946 0.376867887 -0.551120520
-23.017317550 4.829370686 28.620538702 -0.269613676 -0.448291642 -0.821516878 -0.226832733 1.396981970 0.257591790 1.641165397 0.568909082 -1.293073918 0.056461526 0.136861421 -0.086483270 1.094802541 0.440678539 -0.968315241 0.472253745 -0.002963147 -0.697230084 0.913112156 -0.342745689 -0.007299658 -0.160991764 -2.697452222 0.662694625
-35.788903425 -1.743705191 23.374456507 -0.862384938 -0.006261370 0.499153953 -0.084251678 0.747020852 -1.407249904 0.222265627 -1.139229667 -1.322109904 0.328791497 0.558232092 -0.908972143 -1.453644880 -0.436760297 -2.579363366 0.209410051 0.897933928 2.137792849 -0.817382326 -1.022183131 0.390416929 -0.174585822 -1.013309712 0.563192281
-32.413442590 -8.455135599 28.701456140 0.184149993 -0.606871631 0.676609017 0.374160182 -0.529648254 0.445375169 0.490552766 0.214067389 -0.881845951 0.112414915 -0.183736924 0.235287340 -0.441941113 -1.792767921 0.679596564 -0.315918673 -0.624512120 -2.855215619 0.177868284 -0.261496878 -0.484980552 0.834838179 -0.251142077 0.057492464
-37.530264108 6.228184349 29.759008695 0.395328143 -0.469000111 0.776062752 0.146564526 0.722956759 0.075243233 0.026327506 -0.487270842 0.370418907 1.220658433 1.626474639 1.931517203 -1.481476232 1.050011134 -1.431568255 0.047428474 -0.380838135 -1.742217943 -1.036642244 0.219281361 1.284233317 0.390962342 0.367683852 -0.626447971
-32.981588299 2.002316706 30.449084265 0.346699728 -0.010844731 -0.312800533 -0.884215764 0.366203238 1.166599458 -0.369514814 0.324826072 -0.603293362 1.255427657 -0.745284211 0.081051405 1.217220384 -0.122242089 0.099651358 -0.860683922 -0.760094527 0.995592778 -1.250679098 0.335865672 -2.082128993 0.075260796 0.099058580 -0.663712710
-33.177825808 1.892505486 23.508335842 -0.027207383 -0.861221892 0.405049188 -0.305764233 -0.765227985 -0.002685378 1.111748883 0.192044400 -0.287692338 -1.305510046 0.777885056 2.568920091 -0.576917316 -1.739740380 0.526967005 -1.512810010 -0.187636333 0.341443477 0.634968216 1.695402223 1.352075232 0.649464976 -2.464765701 -0.130950077
-35.637389240 1.331614668 21.420758529 -0.031050558 -0.733939094 0.637347028 0.232718790 0.218095364 0.521967381 -0.843806767 0.666606460 1.263485421 0.619942222 -1.153860034 -2.327824346 -0.527718108 -0.791914357 0.973425026 0.086936710 -0.212562852 0.735756585 -0.755971194 0.506364675 2.888033998 -0.588488276 1.247870240 -0.748388631
-36.879675396 -5.158453439 23.150448752 0.453040770 -0.890027484 0.049730387 -0.011490249 0.587520251 -0.986547306 -0.564839694 -0.215247243 0.002597085 -0.440471674 -1.872493067 0.931814241 0.724455173 -0.044308208 2.031919628 -0.330115355 -1.102129906 0.213099376 -0.439589776 -1.387548014 0.101253280 0.408230035 0.906525956 -1.758902887
-27.489195056 1.908507328 28.674524888 0.706258681 0.462162035 0.183786187 -0.503813027 -0.650922294 1.032694890 -0.356249723 0.498627162 0.207802179 1.166452289 1.811684131 0.592566720 -0.532758590 0.028905129 0.456265393 -0.712235412 -1.018103613 1.159230433 0.149643391 0.191963062 -0.047927513 -1.796166182 0.850164235 -0.285525733
-27.166988445 1.742327141 33.904673622 0.107475773 0.435313811 0.013510029 0.893738397 1.238337151 0.023218800 0.767397417 1.111486697 -1.414288200 0.063878495 -0.091719755 -0.136013000 1.225363875 1.033968146 1.179299295 0.443112730 1.024668763 0.492725233 0.970453618 1.769738128 0.804131321 -1.646505093 -0.764029072 -0.410624055
-29.337339376 2.957470036 27.855778996 -0.700833410 -0.609192630 0.310490281 0.203255150 1.303908861 -0.202694661 0.990356460 -0.562360326 0.631658001 0.178912546 -0.987868706 2.066485371 1.912336240 0.153265217 1.292997244 -0.729522305 -0.109920757 -0.437323879 0.205633070 -0.347913483 -1.720718804 -0.510750505 0.966513375 0.145621815
-32.417145979 -1.392834106 22.557387709 0.922049431 -0.186293829 0.328785133 0.083784208 -0.984228178 0.581830508 0.485984095 0.437981635 -1.136502313 1.667720642 -0.995777752 -1.223433945 -0.633740380 -0.015645535 -0.074275820 -1.343358030 0.055913343 -0.783234644 1.092751039 -0.581914311 -0.722152590 -0.954605324 0.667721867 -0.243984555
-28.882269786 6.151706264 20.021411236 0.834408752 0.029326364 -0.509130703 0.209016567 0.092617371 -0.544510392 1.581678474 1.180192851 1.099910113 -1.096397825 -1.815245731 -0.690328097 -1.954983934 0.759269865 1.947235317 -0.081515285 1.415832346 -0.689580437 -0.480110905 0.009184376 -0.684036093 1.502370176 0.608698108 0.164547750
-38.581451736 0.242116843 20.367552813 -0.398019925 -0.745255518 -0.449785629 0.289598412 -0.844271500 1.698444120 0.142486618 1.250608464 -1.994834109 0.599503260 0.076523870 -1.110622228 -0.401692172 -1.585196213 -1.409415087 -0.264791345 -0.423011519 -1.251063385 1.364702732 -1.570996214 0.223860600 -1.484136006 1.143714419 -0.359386509
-31.339666866 8.481953531 26.197974940 0.268200884 -0.510792482 0.591708945 0.563062919 -0.212934592 -0.744413621 -0.902269387 0.285297504 1.195574967 -0.424791847 0.817779043 -1.595654109 -0.525037355 0.249688365 0.775182067 -1.543407262 1.211826222 -0.902434198 0.980239470 -0.056529379 0.893743949 -0.081433144 -0.063421188 1.216832821
-35.847069639 9.602231923 27.039972662 0.501323808 0.092021230 0.126913509 0.850940359 2.108344306 -1.680819669 0.711270726 -0.958114582 0.260617722 0.604425362 0.806799082 1.739982758 0.923109799 0.818145336 -0.684173039 -0.419676074 0.951924518 2.111030067 1.118732392 0.574541846 2.790891328 -1.693575723 1.637775485 0.654676389
-34.227265872 -1.688492653 26.227165318 -0.785210767 -0.394281320 0.262496096 -0.398850964 1.191562150 0.653823617 0.679548301 0.109703752 -0.243644516 -1.019654919 0.928237094 0.086338934 -1.885402389 -0.829406907 -2.658894348 -1.088810345 0.695282889 1.545481034 -1.291209426 0.665986680 -0.367956362 -0.554365040 1.148969202 -0.035433454
-31.507819861 -7.400658813 22.964252695 -0.761095442 0.039960874 -0.059159752 -0.644699139 0.928670016 -0.058837600 0.493170959 1.394820888 -0.850923280 -0.014153984 0.628009445 0.393274171 -0.710981384 1.528325938 -0.437663511 0.011081075 -0.504159861 -1.148200389 0.705635702 -0.277530285 -1.491953554 -1.342863440 0.346516120 -0.514416787
-33.933264376 -5.581906839 29.578242358 -0.210636571 -0.792427564 0.276587449 -0.501188761 -0.570473115 1.213829081 1.010059950 1.027281215 0.856624465 0.785624705 1.585441736 -0.715310911 -0.278349780 0.286859160 -0.215423940 -1.478040535 -0.457479668 0.820440955 -0.154049375 0.752760485 -1.214164714 0.252770901 0.352418581 0.952228190
-24.298907698 -1.816725683 21.668394203 0.908772157 0.246949336 -0.333880062 -0.040905954 0.774613800 0.161623610 -2.107519160 -0.680764715 0.657739472 0.959026788 0.758437447 1.346072988 0.088606961 1.076142880 -0.549247267 -0.758616892 -0.199163892 -0.943060040 0.215450612 -0.283211683 0.720949742 -0.179297423 0.184750042 -0.268525894
-36.399933608 3.094703186 28.022745424 -0.069670558 -0.006640717 0.993788965 0.086518246 0.388582878 0.471832510 1.620995863 1.482254499 0.080867968 -1.704219417 1.630328246 -0.765200442 0.952086253 1.601321205 -0.551920791 0.067861386 0.226738860 0.107406057 -0.241083996 0.386336585 -1.577488205 -0.948920213 0.388324132 0.678240329
-32.089650293 6.191770436 19.802870225 0.273099937 0.353713798 -0.761337369 0.469753535 -0.250449611 0.150834675 -1.306414042 2.347241150 0.037921055 -2.282211894 -0.383542287 1.355560837 0.304745066 1.681164441 -1.339171254 0.100944442 0.965928380 0.459949990 0.013091748 -0.342524551 -0.075988211 -0.356530406 -2.064223060 1.066583517
-32.610782999 -7.112910367 24.686648842 -0.221463558 -0.791558157 -0.493969806 -0.283519677 -0.039868233 1.640733218 -0.114281452 1.639705712 -1.203775365 -0.604855386 0.405698497 0.969505871 0.903870962 0.475679944 0.884084889 -0.730176272 -0.532747947 -0.885019745 -1.692406202 -0.415520349 -1.709109720 -0.199993363 -1.170078392 0.231618016
-32.902852495 -4.546358962 21.999961961 0.799293303 -0.230098920 -0.141295112 -0.536861616 0.838463649 -1.870394176 -1.337214967 -0.084318129 0.013392399 0.730145593 -0.385117774 0.557454411 0.746650316 0.634044281 0.613772076 -0.579319675 1.808866443 0.399458557 -0.088324991 1.228714920 0.195642404 -0.365622190 0.339292983 -1.189017327
-26.751993692 4.676898697 30.240292001 0.743599363 0.604603165 -0.284529853 0.023617023 -1.040091455 0.713911929 -0.696873284 3.474521985 -0.792387174 0.245742288 -0.959860460 1.172227734 -1.659376094 -1.813517398 -1.031294252 -1.255614483 0.654635764 -3.147126090 -1.186943320 -0.064566590 -0.376101575 0.249411126 -0.114635175 0.480287411
-26.372183256 -3.449203376 32.823433643 0.631817900 0.342601308 -0.434958486 -0.542440412 -0.916241523 0.459121730 -0.117580185 0.433972047 -0.909782102 -1.583354486 -0.097193537 1.075445049 -1.323531938 1.560043924 -1.250076727 0.004740509 -0.917851024 -2.046773783 1.615919228 -0.448213703 0.494224548 2.199024521 0.835549064 0.083644818
-35.981610107 2.119446592 29.808020863 -0.528156996 -0.015278069 -0.637227831 0.561032494 -0.171317925 0.190650785 0.969701189 -0.640130056 -0.428703650 -0.740455951 -1.269391482 0.070202994 0.165365912 -0.226852904 -0.521534797 -1.669881054 1.156962039 0.800188670 0.902397810 0.634480638 -0.408433432 0.942652247 -0.414766980 1.933182410
-31.078086601 4.926109765 28.545637853 -0.244412595 0.304964335 -0.312360319 0.865846562 0.159228073 1.752664478 -0.299928762 0.110168014 -2.317236984 0.869233738 -1.385253607 1.206852208 0.180488660 0.465467322 -0.010846825 0.555962836 0.805225317 0.457807659 -0.170910649 -0.763179273 -1.550650339 -1.074452566 -0.435612534 -1.069073137
-33.333338727 2.344246537 25.165108547 -0.334200803 -0.393615551 0.825565748 0.227635272 0.753580451 0.408767595 -0.864629377 -0.922692404 0.385868364 2.036652249 0.431434084 0.043671011 -2.699433772 -0.219892353 -1.587398546 -0.481782523 -0.418787094 -0.661635928 -0.115517771 -0.348137269 0.781956312 0.774778453 -1.297581775 1.050184363
-39.314746118 -1.433197680 23.068319522 0.327847986 0.809823984 0.486206201 0.017445453 -1.061728214 0.260861490 -0.491985092 -0.420644829 1.030446212 -0.903452934 1.164847494 -1.213728557 -2.464563244 0.391115765 -1.466761908 -1.339102034 1.250965667 -1.064177948 -0.614781615 1.320305010 -1.234493649 0.015799538 -0.711418848 -0.512735263
-28.693473559 7.416971890 33.722319702 -0.438447422 -0.862783596 0.237977149 0.082068268 1.010549469 -0.158426384 -0.736004419 -1.081917095 0.108664732 1.831279133 -2.029160867 -1.249781745 1.369030041 0.073567750 0.517201791 -0.851120710 0.115116710 -0.889428080 -3.112971890 -1.338382147 2.160543978 -1.157272097 0.130233513 -0.555251657
-34.084910396 -5.825921236 20.492690335 0.425458930 -0.252790933 0.505050296 0.707110770 -1.685629169 0.999483622 0.820976907 0.420334183 -0.959972720 -0.183757258 0.414622201 -0.387619476 0.622840126 -0.324984935 -0.429425152 -0.026124099 -0.347633402 2.110138014 -1.310809951 2.285424550 0.155405472 1.021057448 1.383695285 -1.942310538
-31.833511307 -4.185596476 20.287164678 0.101763817 -0.777374567 0.581824383 -0.216363803 -0.426868337 -0.918415030 -0.303668642 0.398368805 -1.131643979 0.317716186 0.258449043 0.132546132 -0.935781923 -0.219013104 -0.732547379 0.084738782 -0.417779764 0.113452311 0.497182796 0.727357616 -0.653727099 -0.356958908 -0.279487447 -0.798124755
-35.559406304 -0.488426842 33.012934691 -0.344764490 -0.004931021 0.126425808 0.930123458 -0.878474501 -0.816692501 0.453721523 1.942469015 0.092589910 0.454596745 0.219403225 0.906654949 -0.350369579 0.023319609 -1.637723873 0.435240959 0.424510405 -0.786017573 0.383513438 0.616816192 -1.590927940 0.029223631 0.563487441 1.111547459
-38.726626383 5.427088843 24.095137036 0.800146810 0.276651314 0.524792125 -0.088444099 -0.120340253 1.473093098 0.223896891 -0.057976760 -1.302459222 0.664010140 -0.170752888 1.227233817 -0.108576467 -1.962239700 2.174854963 1.832381295 1.578931147 -0.581030593 -0.465965999 -0.144965702 0.566276446 -0.699350985 -2.498436888 1.612144039
-36.392423451 -1.000344011 22.804460883 -0.084418244 -0.449338673 0.777034411 -0.432649790 -0.503523597 1.304963962 -1.065116499 -0.717118368 -1.424815760 1.067646271 1.470874554 -0.032711588 -0.238009456 -1.303802180 -0.378936188 -0.998719255 -0.054914770 -1.038268677 1.808259908 -0.126939539 -0.880569877 2.330127572 -0.974026870 0.264799030
-38.935840735 4.086690746 25.182058355 -0.360937714 0.303595168 0.881470041 -0.023759366 -0.892372467 1.029506948 -0.725388151 -0.081329609 0.237949706 -0.815536077 0.789796423 -0.581858225 0.102268961 -0.618768892 -0.911390533 0.956020757 -0.880262055 -1.186122072 -0.779933183 0.537375064 0.633683837 0.262353704 1.832621839 -0.242291204
-24.961558690 3.923637502 27.772683752 -0.519546383 -0.169204380 0.468518856 -0.694212875 0.878096359 -0.182169530 0.957859305 -2.424038212 0.545594089 -1.911254072 -0.340452400 0.490305447 -1.232954360 -1.132255507 0.200490119 -0.641994527 1.286755304 -2.207535188 0.310961772 1.486703059 -0.417479359 -0.541997765 0.385633648 -0.501698021
-28.767235546 1.347914345 32.714718881 0.742475682 0.396878579 -0.050988808 0.537231232 0.203085727 0.854097090 -1.249198435 -0.155417132 0.216796470 -1.542087480 1.589814252 0.255400707 0.958971633 -1.413972605 -0.110847956 0.194565060 -0.327873883 0.956113468 0.640160208 -2.019618743 -2.261597883 -0.508307030 0.318541076 0.527223165
-36.413140231 -2.973531718 25.586899123 -0.031377267 -0.705061236 -0.156581847 0.690931434 0.133663097 -0.808705089 0.396159505 -1.071399222 0.339867648 -0.670249199 0.147804272 -1.786167595 -1.451668829 0.034765635 -0.880249270 -0.732122523 -0.374141736 1.778867371 0.509160249 -1.516157400 -0.432877125 -0.522685730 -1.435309574 0.758596387
-29.654874805 8.653526416 25.946197138 -0.270422302 0.755929948 -0.047628302 -0.594283801 -1.252636512 0.744675551 0.207817719 -0.767574530 -0.343886822 0.794385935 -0.609705658 -0.069071987 0.788053552 1.234517140 0.733900013 0.542736494 0.704697435 -0.865530372 0.940182628 -0.882517573 1.080627780 -1.104547683 -0.330832250 1.367641066
-26.192077575 2.841717992 21.867365753 -0.597094377 -0.213225430 -0.773079390 -0.019012582 -1.498661363 -0.096793000 0.393091233 0.347618697 0.083408600 -1.239358999 1.111491954 0.561078591 -0.880654841 0.466691391 -0.208465775 -1.422564602 -0.519836837 -1.702762550 0.764360024 0.048220679 -0.022301389 -0.216688127 -1.330125084 0.131542477
-31.524880795 -2.668498863 19.350226964 0.364050040 -0.241096285 0.000671439 0.899633091 -2.286982287 0.388890747 -0.658648887 0.279276215 -2.034989929 -0.670888903 -1.461066705 0.033042430 0.389469511 -1.071345862 1.224886340 0.771440681 -1.256097002 -0.766101236 0.043193508 0.547140476 0.299372758 0.285551387 0.697959548 -0.899134394
-38.614640533 4.127679414 29.860358791 0.050162889 0.225702824 0.183806269 -0.955383261 2.055991978 0.956620135 -2.636494238 -0.391370685 1.774768577 -0.940619587 -0.464736136 -0.656774119 -0.447675036 -1.688233581 1.448849492 -0.016749898 -1.375493635 -1.998424547 0.063321979 -0.132958519 0.038138363 0.174735538 0.258675157 0.281980278
-28.926340656 7.270728777 24.357871185 0.110121724 -0.276943207 -0.207804560 -0.931661382 0.005933902 -0.807052388 -1.036014271 -0.726812015 -0.569011582 0.539237570 -0.269872324 -1.803427755 2.573392807 -0.084926029 0.076476878 0.178173111 -0.107961442 1.224586907 -0.234403997 0.090352071 0.548897034 2.175662343 0.590459783 0.072887351
-32.817515972 -4.409423718 34.569518983 -0.560227936 0.682969353 -0.460699961 -0.086331160 0.411119161 -1.236132157 -0.380149167 0.615484690 -0.483131594 -0.173641299 -1.123651344 1.611189590 -0.109208897 0.495573984 -0.117987542 -1.845327395 1.949335323 0.421452030 1.627229627 1.237884172 1.055722997 0.615613459 0.771539945 -0.360371512
-40.615643761 2.059826606 28.441984208 -0.390701924 -0.509256361 -0.336959046 0.688816787 1.335344316 0.324696202 -1.156905052 1.559725732 -0.739347024 -0.616467846 0.455154844 -0.881530116 1.195865324 1.558699870 0.338955886 0.526200199 -1.017747644 -0.949299388 0.637961490 -0.236717242 0.362682671 1.419708398 0.020154218 0.757586967
-24.438245567 0.748316290 33.663715269 0.444922484 -0.398984611 0.301356961 0.742993436 -1.209398763 1.591629813 0.088079550 -0.164116620 -0.238890364 -0.114079957 -0.681995428 -1.257325815 -1.238827115 -0.116905516 -0.409944153 -0.067810002 -2.301969654 0.876556632 0.296272640 1.702074174 1.191102368 1.530410090 -1.626777091 -1.795107903
-35.320562723 4.584787389 35.521437325 0.269366675 -0.511685297 -0.708759867 0.404078214 0.615723710 -0.330508753 -1.586913182 -0.442340837 -0.358322700 -1.933668561 0.448656802 -0.300833586 0.389536537 0.300750987 0.504288800 1.205308080 2.070303205 -0.682131930 0.673547970 0.051837445 -0.126809030 0.939758065 1.323416593 -0.050665975
-23.188739611 -0.939058072 29.185413289 0.630126590 -0.264347697 0.681830068 -0.261091045 2.466246750 -1.363171303 1.033299397 -1.110655484 -1.098017070 1.628342092 0.190125080 0.132266593 0.410401027 0.596661021 1.552429960 -1.826489818 -0.584356269 0.938058762 1.531524351 -0.045048354 0.563510840 -0.869289823 -1.015511354 0.319602977
-37.966430329 3.175083250 25.605026883 0.546579533 0.143358046 0.696290875 -0.442581406 -0.774548377 -0.534189850 0.457932455 0.693038048 -1.980047953 0.321573648 0.483434949 0.545122275 0.559629194 0.257135187 -0.592601382 -1.282827426 -1.512447395 -2.111360982 0.598141367 -0.193434880 -1.118611315 0.470399796 -1.694898031 0.386426558
-31.200533647 0.579758682 29.659358465 0.534609850 -0.769799339 -0.334071883 0.099986307 0.058402761 -0.969126091 -0.717714802 -1.168569532 0.084847957 -0.890659222 1.345742844 -0.548056051 0.175893919 -0.063615820 -0.874359208 -0.025246656 0.767542636 2.212705948 1.291878971 0.827385792 -1.171488139 1.811355814 1.290851799 -0.250338464
-38.383684988 5.141284536 31.608140166 -0.516333166 -0.544278276 0.644556444 0.147337066 -0.429030126 -0.056500470 0.931455736 -0.024164813 -1.600074009 0.729469592 2.348222550 0.632736818 1.073731627 -1.156979338 0.644694516 -1.168003354 1.043336827 1.174281126 1.311005527 -0.521909254 -0.789747163 -0.226978314 -0.042735851 -0.512653130
-30.256955633 7.851252497 29.208610358 -0.353048841 0.581477528 0.024557172 0.732555353 1.977640679 -0.938779174 -0.314248148 0.418048127 0.429695804 -0.098665518 0.535372628 0.843192207 -1.107073228 -1.764934528 -1.380567110 -0.091766408 -0.236404460 1.116472019 -0.791669370 0.513140127 0.119514999 -1.542954643 0.301836878 0.958050861
-29.709123291 -3.831224825 29.453634394 -0.945782593 -0.189588012 -0.060471045 -0.256700068 -0.632234926 -0.278787890 1.261993224 0.606604292 -1.124755563 -1.303833877 -1.766403855 0.337641476 -1.658956401 -2.007104212 0.097215024 -0.981989275 -0.799225732 -2.006835239 0.703181800 -0.531120441 1.852612626 1.471775881 -1.638981932 0.078390151
-25.638123338 5.048610923 30.563209918 0.400193968 0.144426023 0.662304917 -0.616715582 -1.195249363 0.363246349 -0.418630272 -0.817800700 -0.970548157 -0.020905348 0.309272475 0.429102373 -0.194219405 0.921162248 -0.403998817 -0.857409433 -0.248485637 2.260176473 1.034119253 0.208792830 1.770655326 0.616941952 -0.957952234 -0.157639915
-34.931241382 2.344880646 20.666413564 -0.802464006 -0.413594659 0.357021632 -0.239846893 -0.303122763 -0.988929037 -1.800894423 -2.330489011 1.167986175 -0.861072808 1.304498704 0.161094999 -0.163598067 -1.333038829 -0.765873701 0.311764791 0.128380578 0.215122126 1.479181028 -1.813137764 0.879899129 -0.521418827 -0.050215227 -0.505789140
-30.518247802 -3.990789343 23.347466510 0.848276751 0.089924987 0.346297684 0.390407433 -0.755559373 0.507970642 0.717420417 -0.857591237 -0.796258911 -0.708511891 -0.747132124 1.328624406 -1.492541754 -0.940196410 0.639913857 -0.306256164 -0.087889420 -0.445141678 1.568804722 0.342005581 -0.133293038 -2.179891001 0.703456436 1.404180729
-30.243198279 5.611849515 22.031460843 -0.172049473 -0.401470388 -0.893610368 -0.103349006 0.244964455 1.448091015 1.478123633 -0.529708190 -1.119359390 -1.106244938 -0.840101866 0.774466422 -0.359571910 1.452242186 0.682930181 -0.905711677 -1.117917208 -0.209797761 0.140534762 0.300360499 0.325108118 0.344399374 -2.211305469 -0.467722505
-35.234534892 -5.675523655 32.263739297 -0.439971291 0.342334166 -0.123156805 0.821014606 0.982219441 -0.522179720 1.041741652 -1.122491192 -0.930757034 -0.629343149 1.009839261 -0.811895920 -0.202947966 0.509117127 1.436961713 -0.581924318 -0.156727383 0.629109930 -0.397840821 0.115053653 1.541434485 0.047165866 0.534037894 1.677106311
-31.623043725 8.509229632 21.070841837 0.118771290 -0.898763189 0.173856542 0.384567306 1.261118682 -1.536044941 -0.047209781 1.097931094 -0.055907564 1.358564957 -0.745136602 1.172185104 0.943927759 0.576000120 -1.083092247 -0.696358201 -0.741258581 0.198863442 1.312722882 -1.509739025 1.981647733 -0.432806088 0.184233025 -1.050950812
-26.050988791 5.252203060 23.079325716 -0.325113152 0.553973278 -0.492294093 -0.587419417 0.230404768 0.789035757 -0.843432197 -0.233653701 -0.312974925 -0.557682058 1.253978517 -0.626310454 0.226679540 -0.179721564 -1.634821353 -0.136072265 0.271523483 0.791842253 1.491789120 0.510664701 -0.269134388 1.227677895 0.221415750 0.470391737
-25.481154651 2.973021735 27.858029212 -0.408794891 -0.009076174 -0.518704347 -0.750832978 0.110551704 0.982092850 -1.234750983 0.117483370 -0.975964599 0.375264434 1.641190904 1.013785109 1.417332250 1.007168330 0.159343282 1.651308506 0.159409131 0.320176405 -0.269396495 -1.093631975 -0.172476308 0.022394574 0.478683316 1.246268783
-37.750561485 -2.993940417 31.307683124 0.267762574 0.616729265 0.096586526 0.733906847 0.467652938 -0.465020981 -0.722057191 -2.108619672 1.118152427 0.069834445 -0.546630146 -0.074239678 -0.554341596 0.220189632 0.078179953 0.418236434 -0.787591956 -0.258686630 1.246755125 -0.050304201 0.283872330 -0.978701270 -0.994810852 -0.981168340
-31.666937030 10.006548724 25.658571059 0.182354258 0.704604120 -0.258621495 0.635133751 0.581559590 -1.223365736 -0.655240061 1.077401189 -1.050565577 2.213976880 -1.464332880 -0.420243229 0.708604741 -0.199105991 1.235968160 -1.013455138 1.085745025 -1.238293432 0.410130083 -0.338287882 -0.638351785 2.074263739 0.722431948 -2.101637292
-29.651846756 -5.088027809 20.232044242 -0.116984903 -0.491521133 -0.555323318 -0.660558492 0.173986748 -0.093838175 0.557141534 -1.079410576 -0.465915978 -0.886735801 -0.045620972 0.107381975 0.625181593 0.182897135 -0.732583800 -0.582356548 0.752519667 0.157907869 -0.205127743 -0.691780991 -0.633701853 -1.101105638 0.825061791 -1.454883248
-33.098893621 -5.680274048 24.773035729 0.519972102 -0.829685596 -0.007570953 0.202961836 -1.455971480 0.810230527 1.530656681 -0.179568160 -0.015133445 0.696920543 -0.304939555 0.518669124 0.357448455 -0.383291853 0.326338872 1.204605348 0.185814770 -1.377435958 -0.167356397 -2.237199104 -1.186954502 0.703969040 -0.225959859 0.052453815
-32.598902056 3.600761600 31.076773000 -0.227662727 0.761623964 0.442211533 0.415388470 0.276312429 0.275436347 -0.259210421 -1.272934531 0.511751676 0.788879043 0.361985110 0.036435793 -0.671018979 0.126946226 -1.290036664 0.441306603 1.750870969 -0.294288281 -0.479783147 -0.782984161 0.543376942 0.166410045 -0.997162232 -1.855773783
-36.615217090 -2.637607580 21.027359059 0.444290944 0.004661259 0.893533283 0.064669172 -1.782467597 -0.100451392 -1.959950936 1.001987879 2.057391294 -0.631324536 1.749070126 0.028649509 -2.251668383 1.127944184 -0.239551818 -0.537525160 1.468086985 0.887085276 0.195666418 0.826575245 0.078457568 0.598314264 0.453618094 0.648772165
-33.057566174 -2.560387277 25.077295424 0.628707871 0.486625560 -0.167634992 -0.582941238 -1.316661659 -0.207141910 0.954228067 -1.083932876 1.391740976 0.270139462 -0.469924963 -0.784040585 -0.923530074 0.389683880 1.764251077 1.346149793 0.521180816 0.842465222 1.410222973 -1.033738064 1.405850593 -0.187233459 0.091365272 0.069203107
-32.348857183 -4.470668249 19.828237927 0.735372231 -0.084614507 -0.460540992 -0.489867393 -0.633637103 0.046083762 -0.969138348 -1.331928975 -1.638338521 -1.075725440 -0.519057260 0.130163889 0.146435868 -0.439469617 -0.415501501 0.781090957 0.412601083 1.595987613 0.154326091 0.415775864 -1.185918099 -1.553502199 -1.280739365 -0.356921752
-25.221809502 -0.795427945 21.608671710 -0.371712111 0.008195587 0.912221151 -0.172091578 0.526342754 1.541002836 -1.067602793 -1.985723448 -0.108973643 -0.414188047 0.971680327 0.752732028 -0.644621345 -1.961721040 0.816274024 0.050601373 0.370954248 0.372455384 -0.512690954 0.188123132 -0.885010470 -0.671866169 0.690785092 -0.379107916
-33.685885138 -1.987511484 22.982209110 -0.251400878 0.301322104 0.362462291 -0.845354172 0.035043887 -0.908232477 1.408949021 1.527148846 -1.702863898 1.278330550 0.895158969 1.925669203 -0.676835838 -2.680778872 -0.240216492 -0.039549525 1.090756558 -0.972801620 -0.156282986 -1.295557638 -0.203249682 -0.991003223 -0.388738869 -0.482985789
-32.687643939 1.372473148 32.236018079 0.223817036 -0.245471679 0.286483876 -0.898652646 0.628247970 -1.058315012 1.089133129 -1.267628305 1.796673027 0.405323391 -0.779116369 -0.842705428 -0.396268479 -0.440804830 -0.557939389 0.282381358 -0.091738200 -1.091209795 1.504307758 1.314529586 1.260257909 -0.535361459 -1.874706840 0.460963682
-30.482697848 -0.260033188 22.567521060 0.710186114 -0.313313986 -0.581155700 -0.244393293 -0.674471747 0.499263601 -0.802717472 1.079098143 0.639628372 -1.180599115 -0.040087262 1.036923699 -0.288022405 -0.997524703 1.587033035 0.386340929 -1.770440355 -0.225411860 0.686687922 -0.837573473 -1.305366360 0.498459188 -0.883946772 0.699545348
-36.266581969 0.901727215 23.438664397 0.587403182 0.233266058 0.672034611 -0.385893677 0.864126721 1.521478146 0.545846410 1.401060577 0.004834615 -0.074895607 -1.219510589 0.171919989 -1.120125643 0.513261855 0.472234507 0.468619624 1.816976487 0.073946827 0.039990436 1.237649162 -0.028036475 0.689135758 -1.348998366 -0.033172602
-36.921051841 1.127560242 29.899524256 -0.501626240 0.824571468 0.183551505 -0.186445312 0.321068344 1.129848998 0.927845433 0.707213889 -2.138975696 -0.288932329 2.539083355 -0.972910626 -1.777044911 0.258244602 0.995494318 -1.347052555 0.225742744 -2.335431284 -0.397256242 0.721716325 -0.606449081 -0.240741254 1.740307319 1.239823655
-36.780919307 4.408516279 29.923942579 0.008764897 0.242594953 -0.874709645 -0.419468596 2.417322923 -0.313747208 -0.724264346 1.166530792 -0.214679391 2.657836399 -1.605175174 1.003978139 0.598285503 -1.592730370 1.219435662 0.664050754 1.390086543 0.866674086 -0.322566291 -0.852217863 3.204161589 0.693631807 0.317616034 0.448916026
-31.035167994 -3.055512826 30.990020418 -0.085965394 -0.478578579 -0.092173123 -0.868951443 -1.447796000 0.757076509 -0.859787249 0.619452272 -0.515051055 -1.448118280 -1.667966907 -0.030589200 -0.716946962 -0.793246608 0.340693810 -0.358199971 0.220453047 0.050793000 0.490421869 0.148458255 -0.764362541 0.242915970 0.312066212 -0.740582107
-25.436225471 1.141676633 19.805842773 0.298714401 0.888639876 -0.232084004 -0.259279566 0.771219520 -0.218748516 0.007160039 1.078828828 -2.350373472 1.008877320 -1.116697582 0.495248787 -2.614053886 -0.681669615 -0.573016364 -1.349931896 0.884041824 0.624425347 1.532732022 1.710370553 0.393474291 0.333170608 0.038719066 0.819561499
-29.848867909 3.514187249 20.540224744 0.254569473 -0.256924752 -0.186496236 0.913456736 0.758822663 2.543100555 1.016789256 -0.593839019 -1.579601517 -0.625736861 0.774820582 -0.178157597 -0.627166308 0.951641476 -1.410975048 2.437206803 0.884284540 -0.062839761 -0.937440747 0.630736336 1.847563009 -0.414309703 -0.796254168 0.575405215
-32.291898148 1.498994597 35.593267252 0.550945478 0.588175847 -0.021468805 0.591647989 0.950547859 0.377811359 -0.587440432 -1.858842776 0.707832368 1.312820626 0.580138977 -1.105547890 -1.181278265 0.003974182 0.449464675 1.181733317 -0.805777581 1.833957210 -0.933153961 0.986256295 0.835308934 -0.216188247 -0.291759019 -0.487881906
-38.446198478 -3.594835073 31.520293249 -0.134831926 -0.524820602 -0.347382019 0.765316549 0.498082753 -0.396956357 1.496731151 0.077627115 -0.695454615 0.893881084 2.128019823 0.322615496 0.041466159 -1.386759052 -0.307275695 2.095385416 0.828677159 -1.039094551 -0.663042832 0.369747009 1.250093100 0.925403877 -0.005252561 1.207748434
-26.097710118 1.750869799 29.450058468 0.173918573 -0.785797143 0.593207711 -0.019488213 0.839860783 -0.283515110 -1.017424702 -0.431881895 -0.054606977 0.883841074 0.126666065 -0.127173008 -0.399715080 0.205575044 0.394912087 0.246709993 -0.021355445 1.457983469 0.921179007 -0.054182986 0.192252299 -0.346992681 -0.092447143 -1.699321330
-31.453574418 9.873432949 31.666788128 0.558157045 0.077202776 -0.742128840 0.362967256 -2.001938353 0.036523689 -0.137396308 -0.824421237 2.327463537 -0.810806363 0.212665724 0.239572754 -0.740247192 0.772112698 -0.125669078 -0.568204066 -1.908108430 0.183245016 -0.930425228 1.805706609 0.924087920 -1.057400895 -0.679065225 -0.690938010
