-18.169084566 -19.329063205 16.891410342 0.034602410 -0.040817434 0.955531859 0.289992202 1.195600364 -2.950070501 1.822655173 0.046654871 -1.146726861 -0.607685311 0.100074687 1.027640095 0.264570661 1.088308145 -0.710889446 -0.368973118 -0.097024243 0.856202166 2.199214980 -0.384946730 0.542157664 0.776969426 -1.849777092 0.333046504
-12.188130624 -24.668204227 12.097500261 0.446422423 0.030228913 0.885334156 0.126398833 -0.907465648 -0.280181913 -1.057135202 -1.209883161 -0.345521955 -1.652417114 -0.817099527 -1.338706952 0.625734743 0.081635713 1.270087707 0.422270607 0.578529498 -0.195074691 -0.676622768 -1.416230972 0.804855727 -0.291419176 0.828866293 -1.129796608
-14.320214863 -27.891652273 11.975360667 -0.648267298 -0.334260823 -0.650991141 -0.210308691 0.055226497 -0.902163019 1.389718779 0.919007620 -0.257024029 -0.418290411 -0.629547039 -1.172506691 -0.780885668 -2.808671747 0.029180927 0.998688924 0.298935588 -0.725536081 0.662541290 -0.550011293 0.659615082 0.153249472 -1.275118162 -0.877659208
-17.293228865 -30.059327628 17.705323977 0.808488021 0.232487768 0.539337460 0.037572083 1.400575269 0.261482029 -0.398501922 0.523618500 -1.483142615 0.901870364 -0.024602655 0.524279715 1.630230403 -0.478933759 0.217470256 0.267566569 -0.469420949 0.429827554 0.873087251 0.096083768 0.317553352 -0.821239430 -0.219187643 -1.172264444
-14.214958262 -27.324001395 12.053089992 0.293129079 -0.275436706 -0.915535814 -0.002034157 -0.711511293 -0.508752829 -0.586974018 0.191860010 -0.843449778 -0.434455895 0.137183694 -0.490796075 -0.724345651 1.349888984 -1.413718044 -2.000478746 -2.152437124 -2.213862425 0.352615504 0.832296259 1.240599916 0.199686415 0.557651032 0.729293258
-16.617254995 -17.472383882 25.880871523 -0.693827578 0.236171588 -0.139072268 -0.665946827 -0.988590542 0.386089923 0.799410130 -0.519173510 0.167831127 0.793046801 -0.124414558 0.426538560 0.611955377 -1.401172583 -2.127867778 -0.719593981 1.666850147 0.308322055 -0.572300153 0.190530274 0.633481033 0.627768735 1.044974016 -0.446731185
-19.915881267 -20.763827486 22.769327975 0.147209194 0.781218006 -0.136812505 -0.591024720 -0.012277917 0.365212951 -0.733965816 -0.562898385 -0.679787276 0.715351923 0.872960316 0.371482353 0.954909320 1.011034411 -0.918101715 -0.065114734 0.201894051 -2.147058723 1.335099733 -1.467019876 0.178199906 -1.105997852 -0.054889707 0.300744546
-25.156974333 -18.567861640 12.453588437 0.315840944 0.435990682 -0.218695549 -0.813835905 0.946354984 0.139719327 0.204170816 0.289526188 0.815458449 1.555143049 -0.560177888 0.808972224 -1.004823815 -0.803883924 -0.053160225 -0.827244870 1.648534968 0.041243921 0.614353230 0.254014531 -0.230960189 0.439026274 -0.680887193 -0.450989131
-11.070923169 -23.021015300 17.723037851 -0.917281728 -0.252796835 -0.102958661 0.289978458 -1.963652500 -0.136508341 0.050209469 -0.956634234 -0.156445186 -1.662717062 -1.430740507 -1.294888377 -1.452999330 -0.384060182 1.487233050 0.947597754 0.207651768 1.076569586 0.347036285 -0.698566954 0.468921492 0.265401189 -0.319506504 0.155533719
-12.390254714 -17.053709505 24.526713433 0.366245603 -0.196269777 -0.022614680 -0.909302430 -0.928650531 1.314464898 0.365500165 -1.674430575 -0.573067846 -0.362160190 0.959898940 -0.208655906 -0.670405518 -0.198346368 0.760549762 0.474195428 -0.447587629 0.510947871 1.222130586 0.952419616 -1.754398660 -0.481357661 -0.054168344 1.433870231
-18.566569292 -19.086351803 11.863786949 -0.073654603 -0.319570017 -0.005080879 -0.944682057 2.650078283 0.291010210 -0.961606455 -1.610337023 0.142491876 -0.124899583 0.818429915 0.942655509 -0.534661788 -0.405129912 -0.643216095 3.388083396 1.127031123 0.202795911 0.278610913 -0.557830341 -0.674872807 -0.676250700 1.549287794 -0.359568268
-17.768791616 -19.017033978 11.787015215 -0.945817370 -0.205547678 0.194454894 0.159270050 -1.883378986 -0.260755458 0.924926772 0.608238109 -0.927593460 -0.181160234 0.077384753 -2.835928570 -0.262743165 0.065261380 0.865598414 -0.260978041 0.509526042 0.602324944 -0.488233565 0.621875697 -0.570048897 0.285366304 0.538185211 1.351862462
-11.548582677 -20.663318743 24.586422725 0.741824837 0.222407844 0.319299826 -0.546148591 1.035074754 -1.138203603 -0.712337198 -1.911487157 0.058680219 -0.820295829 -0.435488063 0.053439417 -0.149153061 -0.369771172 -1.207350620 0.897028255 -0.459863509 2.715614871 -0.027571462 -2.289629599 -0.915235837 -0.952960398 1.281087820 -1.204942134
-20.455713030 -19.961021639 17.440337422 -0.349114149 0.363533431 -0.221063594 -0.834921339 0.202795392 -0.131531135 0.659694783 0.347272217 -2.402826212 -0.822722293 0.147204226 -1.081854274 1.106175881 -1.178847892 0.569948336 -2.127488540 -0.977627330 -0.546053656 1.276670075 -0.533750803 0.896688433 1.652430256 0.010116499 1.555347372
-14.511346494 -25.618247468 25.681823850 0.723402499 0.560488499 -0.397345016 0.068252509 1.949810008 -0.583981775 2.224974455 0.404288895 -0.313257116 -0.082462852 1.167107012 -0.036772098 -1.004530116 0.527202692 0.067403295 -0.220999202 -1.106936279 0.099011660 0.299388843 2.132985424 -1.234670296 -2.230428585 0.947922522 0.870972279
-17.673660542 -26.644919671 14.383523120 0.838276737 -0.142396679 -0.475923955 0.224748052 -1.546618986 -0.976577158 0.219595795 -0.243410866 1.748999278 -1.830490277 -1.355292325 1.473393788 1.179157905 1.312709500 0.164245911 0.862581773 -0.333336871 -0.934108297 -1.085883371 -1.442856592 0.983260442 -0.476141946 -0.001870768 -1.578035167
-14.462741992 -29.153417706 14.873931947 0.786852029 0.378613439 -0.487148231 0.014224987 -2.027738586 0.843707082 0.718738827 0.330792745 0.557971052 0.223269999 0.624649204 0.050262586 1.251548905 1.220354416 -0.556146524 -1.458255329 -1.202670157 -1.581422828 1.424573783 -0.889270502 -1.463754283 1.118630221 2.044231973 -1.935686521
-19.489157109 -18.853720723 18.722807125 0.683391622 0.541679903 -0.479216690 -0.099549675 0.589245221 -0.624674582 0.970734688 -0.750521379 0.727190721 2.221954698 -1.234259780 1.776837429 -0.445274371 1.752616398 1.307774010 0.104639580 0.626835028 0.136888705 -0.208970493 -1.905757392 1.248871987 -0.498500769 -0.210981130 1.202410495
-10.156381969 -19.523812942 16.988119710 -0.162446317 0.009399417 0.587720871 -0.792532033 -0.591685566 0.436953460 0.064213122 1.516560325 1.329276709 -1.172157879 -0.412049011 -1.207547740 -0.133461504 0.574034601 -0.402381132 -0.188229975 -0.273661945 0.763709623 1.261506891 1.144163845 -0.714901837 0.382953152 -0.458807296 -0.873691370
-16.292304462 -19.947864612 26.316029196 -0.483076746 -0.314157391 0.753203098 0.317217723 0.167215086 -2.099520438 -0.146318704 -0.477985070 -1.018859598 1.760104076 0.564551258 1.274297806 -0.747467292 0.447541468 0.414653575 -0.101618616 -0.059406640 0.041038227 1.823567089 0.444386134 0.511827191 -1.312080196 0.977719361 2.102939804
-23.505012342 -27.749501599 17.078962033 0.158498539 0.828699410 -0.102505473 0.526904289 1.407925158 -0.521707378 0.823290651 -0.343179671 -2.109288289 -1.490406585 -0.015575711 -0.565244249 0.878974998 -2.071787952 -0.678062748 -0.555496109 1.393122473 0.629013005 -1.682879369 0.133063514 0.524234929 1.317135253 -0.802461854 -0.360113271
-22.593707257 -27.799490560 22.650747136 0.662833980 0.369599541 0.558512005 0.334830754 -1.639706569 0.610307717 0.200546146 -0.591924258 0.196406088 0.628854702 -1.257381518 0.062961430 -0.641154089 -1.051947935 -1.235261717 2.533056197 -1.108312072 -2.329903860 0.880666635 -0.633075201 0.465604266 0.045650738 -1.196411701 1.219431495
-17.752868009 -17.225135809 19.366360169 -0.639174846 -0.717802257 0.078558129 0.264658377 0.487509171 1.036761421 -0.794581997 -1.604047374 0.307659537 2.255611300 0.475282651 -0.047881164 -0.587657379 -0.107651058 -0.927530807 1.533942275 0.301607655 -0.862104523 0.762903149 0.753398183 -0.177692244 1.065753598 1.110125182 0.414801585
-25.633609639 -24.473889866 22.891320378 -0.568201831 0.344434126 0.463042604 0.586603239 0.262653506 0.612865888 0.568029092 -1.988984268 1.793070244 -0.250971282 0.486018850 -0.545998765 0.428525040 0.131820657 -0.420070102 0.731168373 -0.725024011 0.760705968 -0.205451434 3.209739059 1.210763957 -0.931525725 0.893472130 1.539666368
-13.531703274 -22.214016066 21.782290578 0.551133328 0.582150163 -0.541540291 -0.253154808 -0.767795941 0.495041146 0.978426996 -0.584703596 -0.326390302 0.843693878 -0.203036146 1.581942074 1.456462374 0.253226260 -2.366051369 0.656011464 -0.347323953 -0.359392209 0.111418248 -1.736820911 -1.202217712 -0.209723072 0.480040306 1.286137043
-17.916526355 -26.108595169 9.898803449 -0.781388749 -0.617208393 0.083355379 -0.039208465 -1.808686868 1.619115466 -0.617517513 0.815635474 -0.010301158 -0.013012496 1.916751022 0.866425751 -0.033011302 -0.630022344 -0.699459493 -1.196247837 -1.574688297 1.266044131 -1.480173613 0.272479749 1.070837614 -0.420383968 2.587511861 -0.397310958
-17.733263924 -25.114705205 14.581278503 0.529352925 -0.627803109 0.433620129 0.370974827 -0.713764612 0.828827625 -0.398038618 1.041177495 0.859524809 -0.366764815 -0.337677706 -0.080910777 -1.015882590 0.628410009 1.065445708 -1.069610108 1.378607602 0.717759368 1.062682621 0.576231900 -0.761521253 1.843354890 -1.157244325 2.003861364
-26.958380358 -18.818442488 21.865461516 0.212131270 0.693681995 -0.688206258 0.013332713 0.821773113 -0.336524866 -0.191514600 0.779105474 0.472389044 -0.435412585 0.878266531 -0.305545065 -0.486418166 0.732424155 -0.335142765 1.286729719 0.484811710 0.490074221 -1.199993511 0.937744205 -0.138799532 -1.706940936 2.602373257 -1.176110462
-19.760468253 -26.627058840 19.370362146 0.717001631 -0.326319023 0.069717475 0.612016364 0.563589835 -2.750424868 1.039269683 0.280827748 -0.701274807 0.653963370 0.166804114 1.276673858 -1.555704312 -1.419646841 1.198772026 -1.649193754 1.509355284 -0.129886405 0.235763938 0.407238719 -0.991322284 0.446126685 -0.609046199 0.719606870
-22.337968991 -15.791928858 16.978308951 -0.679759453 0.681472581 -0.122346756 0.241978262 0.476385797 -0.049838619 -0.457643963 -0.345612680 -0.235045713 0.005515534 0.802381182 -1.349598697 1.101878075 0.805103346 0.285338611 -0.969118110 0.754644785 -0.264401479 1.182881479 0.244869898 0.396937931 1.268306484 -1.288232174 -0.451636511
-17.385302980 -12.870390156 20.384919114 -0.456240017 -0.587847478 0.292334370 -0.600683782 -0.559985907 1.429282019 0.242385983 -1.187622801 1.072996647 -0.752260524 -0.429499883 -0.283733723 0.267338929 1.419402692 0.366054335 0.521329162 1.611755158 0.572254756 0.351542998 1.331337938 -0.646579405 0.607636194 0.424152198 -1.444763603
-21.402686575 -16.784951189 23.147855127 0.507860675 -0.546658439 -0.475640879 0.465841003 1.389586002 0.128786660 -0.454076497 -0.636587971 1.097612084 1.726768152 0.339469478 2.528366247 -0.643342865 -0.095447238 1.139950292 0.742899165 0.149806439 0.822332404 -1.809542091 1.115867340 -1.063128166 1.049484773 0.012930895 1.355765790
-23.223513568 -23.281621588 25.125706850 0.778243377 0.526453238 0.125129372 -0.318632821 -1.037646682 -0.718082232 0.931455260 -0.263997736 0.042195666 -1.953636514 -0.755858047 -1.030978426 -0.841518286 0.361940443 -0.217206780 1.024219760 0.121636669 0.708371104 -0.970843082 -1.259490401 0.093106150 -0.149137461 -1.222435596 1.261075209
-13.552489567 -15.144417113 13.204576215 0.148382645 0.264958163 0.641798925 0.704183145 -0.885538421 0.522268067 -1.080760103 -1.365660981 0.377633148 -1.671989434 0.567941152 -0.822218671 0.046845883 -0.625202874 -2.000061526 0.388735735 0.281340321 0.690139006 1.268758996 -3.121448339 -1.173376852 -2.005511463 -0.917097249 1.729981562
-17.535000567 -12.992266248 18.919427652 0.341496382 0.163830235 0.372638206 0.847160340 -1.260880157 0.516802217 -0.468176063 -1.987780480 -0.728297105 0.547160571 0.705936734 -0.187911939 -0.663759800 0.394654989 -0.051830834 -0.682385925 1.610964384 -1.064739920 0.591776878 0.955682796 0.435145477 -0.061756340 -1.113711628 -0.297067619
-17.643944123 -22.102974083 17.326463612 0.256107853 0.454079687 0.383294771 -0.762433948 0.144067072 -0.940969777 -0.389888787 1.291955644 -0.069098969 -1.248132804 -0.121060881 -0.895414332 -0.286273005 0.118545393 -0.324079412 -1.254787414 -0.326989352 1.374474124 1.971243223 0.379704657 -0.297009132 0.161386679 -1.164796661 0.729105481
-20.035040906 -28.339739954 13.669593113 0.203542799 0.781822664 0.448529058 0.382289597 0.609354860 -0.058742256 0.316114154 0.397485759 0.752577221 0.682919862 0.720828641 1.060258971 0.030476481 -1.457749589 1.219794519 0.610621285 0.763523347 1.141536217 -0.603460910 -0.184936847 -1.110300943 0.069569252 -0.355071660 -0.695283903
-16.489039544 -19.099928151 15.773148769 -0.977668909 0.048541241 0.092121262 -0.182540201 1.869807594 -0.109680565 -0.233116715 -1.157172392 -1.522665495 -1.109864574 -0.951341318 -0.061202215 -0.622573739 0.042888177 0.833791343 -1.227630301 0.520979944 -0.119729300 -0.784363548 1.021890068 0.342510547 -1.466704223 2.433408801 0.873052176
-17.802649320 -28.431283709 19.447807418 0.046239622 0.501767793 -0.753098792 -0.423004952 -1.529951100 -0.363461271 -1.993650325 -0.641954089 0.139207602 -2.128921047 1.817614869 0.259194087 1.324903883 -1.196313531 0.375367625 0.737342712 1.267646641 0.794647151 -1.440882917 -0.005997407 -1.040320797 0.561504938 -0.807912877 1.406545496
-12.426893949 -17.063961660 23.013522066 0.746244898 -0.214602930 0.137929954 0.614849138 2.631225149 0.836310897 -0.692429794 -0.938168718 0.450960775 -2.091487182 -0.007237440 -0.279030181 0.778412111 0.277664506 -1.961858566 0.324088661 -0.404424940 1.719667671 -1.072737508 2.018468198 1.168768076 0.262596976 0.871246980 -1.434548534
-14.155637455 -20.786773298 13.304292139 -0.230731160 0.524151515 -0.707278111 -0.414470740 0.461743864 0.743802121 -0.167783612 -0.814068709 -0.879206156 -1.420596122 0.500934526 -1.042071061 0.013983714 -0.728654271 0.776977544 -0.421886393 -1.642013575 3.274724978 2.086551816 -1.045593062 1.356465266 -1.076006017 -0.864795895 0.843166796
-10.525693517 -19.373417140 21.677000567 0.374235948 0.536163609 0.753434340 0.069373874 0.236013808 0.783087442 0.271805756 -0.006876102 -0.726010533 0.401837521 0.512713635 0.469435114 0.198103604 1.068695255 0.269478814 -0.849758742 -0.085720581 1.862424036 0.250390456 0.574442733 2.329066431 -0.245721064 0.275346981 0.171600372
-27.056432964 -21.661230935 22.864637282 0.828831937 0.376763640 -0.333499662 -0.244672751 -0.938580186 -1.281058829 -0.798807787 -1.430491263 0.514196990 0.826234302 -2.008063668 -1.484798100 1.596488901 0.059918457 -0.028561978 1.656511194 -1.738568013 1.627025281 -0.350020251 -0.111500689 0.588948292 -0.581737971 0.244874730 0.673232500
-16.442397546 -25.298918717 17.389577517 0.860041814 0.495143565 -0.083684534 -0.090320686 -0.991986361 0.682998695 -0.366943269 0.808752285 0.521893614 -0.598301809 1.987489731 0.251075297 -0.057161183 -0.892385402 -0.698467090 1.231725205 1.702053599 1.705939690 0.147615200 0.876331612 0.702117892 0.875358053 0.322143242 0.640980360
-11.509103396 -21.136028273 22.852905590 -0.508612377 0.705850281 0.166748754 -0.463986728 1.638368261 0.841947776 0.268643699 -0.659582859 0.755906818 -0.540859523 -0.526587038 -0.143511195 0.164706671 1.758694947 -1.996564840 -1.018841137 1.284226260 -1.099264932 -0.491578326 -0.189995314 0.567723838 1.503565353 1.016010141 0.364255588
-19.567061811 -22.153941892 9.989659028 0.210423519 0.861764917 0.432388180 0.161628069 -1.440019215 1.410744748 -0.186578179 1.816741762 -0.344450178 -1.617161896 2.344371378 0.094524526 -0.191987580 -0.645509130 -0.562209266 0.309246159 0.220589425 0.907263637 -0.526945887 -0.092075101 -1.709804221 -1.069632079 -0.336803243 -0.876224371
-13.529994292 -22.205524758 15.059026203 0.368878275 0.757536832 0.396434448 0.364563431 -0.048419576 0.685048963 -2.077119357 0.872902951 0.806816516 0.436652657 -1.565950275 0.128155855 -0.880679738 0.429035337 -0.498770972 0.203303822 -0.218666995 -0.205368960 0.308171491 -1.831800373 0.061907987 0.267421697 -0.399097488 -0.609425875
-12.644851884 -24.672721832 22.418028439 0.115909963 0.282895785 -0.398782202 0.864585225 1.482795134 -0.590599019 0.894150653 -0.556708779 0.141573906 -1.756516803 1.896702227 -0.470996727 -0.171800455 1.170964480 0.322047316 -0.542451626 0.183529029 -1.553776419 2.133807708 -0.139989110 0.133568289 -0.585272089 0.683930960 -0.516570491
-15.273617438 -22.180966633 16.427383260 -0.210715539 0.826497321 0.085417840 -0.514980517 -0.672958777 -0.183383126 0.439067472 0.438907212 -1.271187288 -0.362242857 -0.038651221 -0.945546137 -0.296099426 -0.051935178 -0.242898367 -1.491254388 -1.030394050 0.455523035 1.389610081 -0.349568827 1.269346234 1.364105089 1.153804397 -1.623001336
-25.274220313 -17.516596864 13.431084263 0.185726947 -0.483362874 -0.710330917 -0.476755515 -0.655832324 2.483272565 1.249036277 -1.240880426 -0.857960165 -0.584517528 -0.335454258 1.365697169 0.201420282 -0.237816952 1.597319786 0.011708853 0.615240562 0.169835422 -0.288572820 1.281532277 -1.076922492 -0.160048779 -0.943697561 -0.617118681
-14.903904897 -29.524322508 22.085057283 0.537893475 -0.192238307 -0.764889424 -0.297756969 -0.191126173 -1.113780712 0.145281339 1.042062683 -0.196277059 1.302755989 -0.340134767 -0.757721885 0.612653719 -0.115393315 -0.985982567 0.678807944 -1.976454013 -3.037150291 0.477870543 0.983948899 1.374735189 -0.589779457 0.060006415 -1.034105539
-14.734498686 -26.723641762 12.425749108 -0.015197550 0.494068569 -0.589901327 -0.638499576 -0.628233726 0.692405549 -1.184603677 1.415981105 0.246299713 1.071437231 1.383058049 -1.929488235 1.211163832 0.906680199 1.252837683 0.396606475 1.023729071 0.001421236 -1.339451161 -1.500343044 0.083239215 -0.522511388 -1.884246437 1.175804058
-12.018107423 -17.010969457 19.118627515 -0.332168805 -0.452511785 -0.281562947 0.778215444 0.486774766 -0.712117606 -0.123113289 -1.875246409 -1.361582138 0.275396381 1.828422895 0.211863997 0.136518293 2.014545014 -0.458857113 1.339034849 0.773093176 -0.844479287 0.271265421 -2.129621907 2.259040708 -0.273227652 -1.739942059 0.537497120
-18.396396876 -27.231660334 21.288419629 -0.387854810 0.538619133 -0.551410556 -0.505375579 -0.204633564 -1.542497945 0.154524106 -0.238927611 1.301064161 0.008956993 2.370095746 -0.446256804 -1.247726238 -0.665285695 -0.733972173 0.228828856 0.636710721 -1.189772906 -0.358917683 1.393833894 -1.357338718 -1.636038550 -0.536439367 2.315884429
-15.798021148 -19.352654757 17.246634315 0.987281415 -0.129817367 0.066892516 0.062835099 1.271570264 0.930277421 1.049835441 1.011288741 -1.397430781 -1.004101775 0.190633133 0.776931151 0.774127649 0.276961448 -0.161779798 -0.584568168 1.070831131 -0.157085567 -1.424534099 -1.053209911 -1.639517861 -0.491681618 0.305515263 1.319763097
-20.579745311 -20.900853483 21.800946262 0.632312695 0.094125096 -0.571696026 -0.514280834 -0.456844885 0.969593550 -0.238618023 -0.300821562 0.346341652 -1.604057108 0.234115626 -0.412919142 0.028141723 0.162011088 -1.571351196 2.756527891 0.457396735 0.209600988 -0.370093885 0.574763161 -1.047510266 1.181034048 1.922823633 0.676867650
-14.342696884 -26.451630206 25.373356320 0.408279254 0.174779942 0.748759192 -0.492056597 0.110572887 0.180998377 -0.457408853 0.414297811 0.248380817 -1.668009851 -1.599476820 -0.179832581 -0.183897114 -0.264300400 0.969776554 -0.270545922 0.316721437 -0.530534503 0.079058883 -1.228877303 -0.382866994 0.706738332 0.252707582 -0.453171836
-16.796537335 -26.515358450 16.265865849 -0.755275379 0.208829568 -0.034008083 -0.620316664 -0.151073709 0.011409489 -1.478471002 1.098215735 -0.130399019 0.293056014 0.214853169 1.640677105 -0.052236370 1.206549499 -1.408690609 -0.279332288 -0.923602185 -0.887958416 -1.501768423 0.004072555 1.189850133 -1.523514045 0.133414826 0.194560927
-18.295509375 -28.346884371 19.767057037 0.581600513 -0.021113572 -0.436864194 -0.685889741 -0.798994714 0.406253250 -0.231142248 -0.491773973 -0.769589260 0.337240406 0.936127971 -1.041127069 -1.045951364 0.500900453 0.181176103 -1.628881432 -0.230502622 1.704743974 1.499541704 2.326747697 -0.705649623 -1.308945477 0.541378118 0.178416837
-25.571490424 -24.424993924 19.232893312 -0.332550974 -0.051168505 0.939623256 0.062448149 -1.249096157 -0.263243571 1.104380625 -0.072671217 1.288476786 1.121457291 -0.799906594 -0.072643699 0.107990239 -0.515959851 -0.800926250 -0.800951187 0.200009112 -0.019838694 0.791683785 0.414212820 -1.278780861 -0.600387174 -0.554530219 -2.534257561
-12.288204635 -26.891571756 15.692266350 0.185060746 0.692476633 0.284780623 -0.636497156 1.347820380 1.836434599 0.360122346 -0.341826586 -1.076575454 2.001652753 -0.306119662 -1.510524613 -0.939036532 0.230975483 0.342578147 -1.029553596 -0.705302813 -0.356846484 0.184939602 -1.834757609 0.635025419 0.316837805 0.637396534 0.003013180
-14.449551090 -15.000951862 14.233916816 -0.011747548 0.883019017 0.419133753 -0.210870358 -1.079178178 -2.016453674 -1.639912391 0.758101629 -0.746857720 0.506348183 1.162464819 -0.716856024 1.899237039 2.429864142 -0.583251936 -0.552690276 0.180980763 -1.072029979 0.404721932 -1.406369542 0.920148680 1.080322104 2.730744658 -1.552549913
-10.114500808 -19.651448222 17.208337651 -0.366442223 0.118023898 -0.922705863 -0.020108390 -1.159509058 -0.090755291 -0.472901576 0.493850251 0.309070789 -0.561335993 0.803127411 1.587878606 0.049710601 0.053034670 1.286504751 -0.576781300 0.201998381 -2.722049036 -1.715535800 0.589655208 -0.310659801 0.997801251 -0.112869677 -0.477857147
-21.100503848 -18.629755699 9.208244264 0.878041378 -0.145752867 0.134938214 0.435420623 -1.935973509 0.053971925 0.478199452 0.014296954 0.149785637 -0.645878249 -1.253532397 -0.495571581 2.187749442 1.454013222 0.738453948 -0.494481395 0.066786334 0.023215216 1.493486914 1.399670022 -0.685072555 0.963586293 0.267523976 -1.311154183
-18.103541918 -25.325024271 21.942196478 -0.147263615 -0.501592689 -0.726295366 0.446333108 0.160869317 1.083524411 -1.099438540 -0.994878343 -0.457451608 -1.099946000 -2.054869980 -2.577965284 0.385127379 1.552800610 -1.744061805 1.110739062 -0.757034736 0.416820705 -1.233915230 0.369600940 0.152503498 -0.598754387 -0.107668300 0.796889086
-20.723975664 -25.397862909 25.226757842 -0.695783109 -0.045090358 0.002552849 0.716830669 -0.989702802 0.179222175 -0.729844697 -1.170895594 -1.343909914 -2.118329901 -2.185754685 1.001107466 -0.252542229 -0.893015218 1.580056096 0.926784693 -0.274307609 0.783078108 -0.428786353 -1.452024282 1.772020099 -1.271024417 1.019766117 1.131127017
-21.545933988 -16.721665458 17.816289361 -0.606944599 -0.321222611 0.705817662 -0.173941701 -0.426010222 0.202389598 0.057640763 -0.407001269 0.228893096 1.164102524 -0.027599480 -0.101253752 1.014477097 -1.373785903 0.179941906 -0.360611373 -0.966830989 0.326021908 0.799962789 0.454443864 -0.019588532 -0.338915013 0.344488811 1.473519786
-20.164515505 -16.290794779 18.502909335 0.566627721 -0.095741878 -0.813759027 0.086964162 0.014524725 0.689820866 0.120730789 -0.353693051 1.022255328 -0.168683845 -0.605559911 0.883208858 1.344655459 -1.864865571 -1.814947991 0.476689668 0.151066374 -0.467594325 1.083964993 -1.017092563 1.067248502 -2.854505805 -0.465878590 2.417016829
-14.621422842 -19.483431215 11.744363565 0.710885475 -0.625726924 -0.188213066 -0.260160527 0.143813784 0.600613626 1.547289742 0.004992552 -0.962897923 0.306837138 -1.220236361 -0.999122972 0.463637402 1.617753423 0.947791860 -0.491063637 -0.897122365 0.460941146 0.861357111 -0.098196073 1.132468871 -0.575626245 -1.948760568 0.738755076
-12.222480015 -17.523421794 19.237582208 -0.964057229 -0.006575340 0.261967601 -0.043856580 1.586670005 -0.242054800 0.732420294 -1.512440584 -2.078687010 1.251878864 0.918623375 0.732338553 0.614635776 1.311079826 -0.292549654 2.947734694 -0.477776200 -0.317587753 0.385957417 -0.247167877 -0.893090092 -0.430290267 -0.989670411 -1.315234456
-17.784423611 -20.293117147 15.739438995 0.276304709 0.426908966 -0.858834214 0.061710898 0.627139341 -0.970205602 0.567654518 1.744720450 -0.831957321 -0.199476514 -0.813681497 0.552459112 -0.476395264 0.485227488 0.435147621 2.218572264 -0.850871578 2.428125588 -0.051317856 0.727883548 0.956258839 1.445720329 -2.391965295 1.365975999
-12.418482703 -18.675467978 17.773868409 0.579354123 -0.012983501 0.485433534 -0.654625476 -0.618311145 -0.266291149 0.396299706 -0.069298399 1.737155538 -0.611467105 2.176207443 1.107732319 0.075641148 -1.592878112 0.624335758 -0.939983897 0.708444974 1.047802211 -0.328538371 0.904529312 0.782902353 -0.039088444 -1.516470505 -0.679725236
-18.931187740 -25.301594234 16.883726055 -0.786428480 -0.238400546 -0.497797342 -0.277296290 2.577804283 -0.055185958 -0.859146093 -1.310232261 0.156835549 2.102537528 -1.061577814 -0.393905936 -0.066848864 -0.024361842 -0.059502406 0.203795056 -1.086957948 1.266604854 0.075272770 0.944055224 -0.800245737 -0.864109761 -0.405299025 0.999073038
-20.638109375 -19.132477555 11.547662953 0.582648961 0.250658951 0.143555934 -0.759659116 0.961478276 -0.215803966 -0.311370205 0.875414052 0.426724528 -0.735146593 -0.137348126 0.131364722 -0.036203879 -0.786280107 -0.247948294 -0.311286887 -0.968363494 0.308217206 -0.411498157 -1.125884554 -1.404682037 1.675043596 -0.819374320 -0.897128758
-12.126594414 -22.963348697 12.857962256 0.189951278 -0.817552457 0.258768565 -0.478085056 1.290999351 0.639447292 0.606482301 0.030996393 1.138719941 0.315729966 -0.990983483 1.050867999 1.172310530 0.421512745 0.787876671 -1.096707649 -1.319363169 0.171321758 -1.426204362 -1.234631383 -0.153671831 0.456858471 -0.743290660 -0.001098638
-15.589685475 -26.336279007 17.100604060 0.192955839 -0.444518550 0.366476326 0.794270990 0.885927458 0.707729967 0.602144096 -0.462754605 -1.076468802 -0.654210168 1.316308023 -0.113181056 1.537147635 -0.358389585 0.871138846 -0.671413212 0.402041418 -1.066552156 1.416575001 0.625765022 0.468336600 -0.046176065 -0.039232889 0.268207085
-13.718028362 -21.553523245 21.498968386 0.703386371 0.481941413 -0.485888963 -0.192072911 0.713362678 0.918134135 0.363211772 -0.055844668 0.866121365 0.237799254 -0.472544515 -0.466901158 -0.567891738 -0.262961038 1.592381666 -1.369182743 0.814195519 0.239500900 0.879654370 -0.082801349 1.482180153 0.898975803 1.796358716 -1.895499790
-22.327896474 -22.243454486 26.291527425 0.093263942 -0.558673839 0.162835698 0.807879889 -1.053560864 0.254360149 2.398771974 1.356117961 -0.033424904 -0.188160598 0.890527656 0.735922698 -0.565133771 0.230958076 1.795147406 -1.599614979 1.438829418 -1.355626179 0.075497006 -1.419609844 -0.370400137 0.254150113 0.224050518 1.644260332
-13.535341302 -23.511287516 12.833901461 0.747821038 0.658651828 0.001968420 -0.083292199 0.701747737 0.117912647 -1.473726702 0.100757659 -0.734100569 2.088878608 3.176490674 -1.574161734 -0.966025012 0.325461791 -0.904192585 0.135107627 0.798374698 0.718212472 -0.008175235 1.475167101 -1.446120054 -0.960739292 0.833083316 -0.569764911
-14.312871094 -16.727822307 20.888189948 -0.665515390 -0.473991045 0.049145089 -0.574461936 0.023634441 1.532709061 0.971350842 0.288360376 2.038009033 -1.153257840 0.642346367 1.187507827 -0.295928272 0.953998727 0.101681227 2.335938857 0.744807414 -0.846157387 1.867702360 0.524028121 -0.405555793 0.829468279 -0.465252082 0.037847531
-10.659335944 -20.463378647 18.430551720 -0.147919623 -0.846220822 0.224551878 -0.460007129 -0.204035885 -0.071628406 0.045901134 1.676283131 1.219088588 0.147348795 0.167471967 -0.374668760 0.216133751 0.159530268 -1.413513666 -0.474207875 -1.231646008 -2.665150038 -0.101406127 -0.822087762 -0.552319833 -1.555185097 -1.075912276 0.247487838
-11.226809414 -16.857036410 21.908863133 -0.625086797 0.109520148 -0.711004205 -0.302894130 -0.991977336 -0.731645461 2.825448516 -1.891850051 -0.702948353 -0.378921667 -1.377574579 -2.145365957 -0.794515183 -1.760942566 -0.338298999 -0.777844840 0.904566887 0.225354585 -0.214253842 0.920121957 -0.589159791 -0.755250998 -2.394412670 0.414723584
-22.916957749 -23.448051279 21.502465619 -0.502333561 -0.051929904 -0.381970879 0.773991296 0.121379831 0.363793135 -0.067729507 0.801610612 0.512652362 1.657860701 0.185158888 -0.586963679 -0.197083581 0.361576196 2.565025617 0.058225174 1.187197486 0.648347562 0.032447913 1.833539146 -0.527478002 0.037172731 0.683702266 0.451550060
-21.708397467 -17.988638719 16.687275061 -0.202806829 -0.800937546 0.007057114 0.563310424 -2.160938306 0.013264466 0.407408253 1.169292018 -1.068553638 0.895570322 -1.930190824 -0.567874596 1.435793157 -0.692362690 -1.022172710 -1.277764050 -0.516346902 1.838716897 -0.282700522 1.264984544 0.768401514 0.150888618 0.089114660 -0.493410219
-19.123642745 -27.766960969 12.585032791 -0.747158896 0.128704251 0.221145396 -0.613419524 -2.434486415 -0.255642521 -1.451549046 -2.176427715 -1.636073267 -1.369715639 -0.865779421 0.864514037 -0.862721787 -0.768103146 -0.301732951 0.256616868 -0.498478916 0.576665792 -1.882830921 1.405296847 1.633974808 0.338256742 -0.188566178 -0.602252725
-12.020143988 -19.293473435 15.236309060 -0.352649169 0.756605220 -0.117861399 0.537862245 0.530410269 0.298964125 0.132788066 0.479946826 -0.404032044 0.888548748 -1.803876602 0.819456334 -0.366486377 0.058111829 0.680026155 0.206851124 0.681342581 0.140982737 2.215431225 -0.506062718 -0.018039079 1.316848393 1.114003860 -2.380148692
-22.439993961 -28.519858733 19.418467295 -0.602256845 0.534603482 0.508858990 -0.304217585 -0.275302787 1.288139173 0.841307876 -0.017195270 -0.224306154 1.027224082 2.100628727 -0.363638377 1.493692521 2.156102027 0.913122164 -1.843392031 -0.590957104 0.766807904 1.151679456 0.989832035 -0.405484396 1.643124042 1.810119334 -1.906187392
-16.120129125 -19.536976454 25.093022101 0.797984098 0.560214418 -0.197675381 -0.101516647 0.355533445 0.298059036 -1.216183438 1.119051005 1.547480244 1.636858001 0.791502613 1.348469410 -0.469026209 -0.105889452 -1.792116350 1.110245813 1.147650938 0.793257751 -1.647937824 0.470999355 1.168737860 -0.312786832 -0.435517131 -2.191037978
-18.874669251 -15.151087368 16.180893356 0.591325927 -0.263065391 -0.363324717 0.670168187 -0.969016937 0.279207150 0.814047766 0.631676604 3.300727457 -0.711482402 0.409286495 0.788969095 0.235368026 0.482249658 -0.003088836 -0.293177021 -0.979309947 1.058276823 1.618871224 1.251132230 0.729406834 0.051656448 0.539914912 1.216622799
-22.172411184 -16.257612624 12.696535606 0.395581358 -0.416090477 -0.489333150 -0.656458051 0.549687286 -0.225292949 0.914145612 -0.241244405 -0.227455799 -0.291702886 0.135709319 -0.693216913 0.552792691 -0.253026217 -1.018842329 -1.525384577 0.794149312 0.132987617 -0.761594351 0.186148848 -0.506430566 0.699553980 -0.128355065 -1.538349895
-10.751052188 -21.691194330 23.683617922 0.307818312 0.136447087 0.423388695 0.841054155 -0.373138866 0.971064208 1.086953175 -0.993944947 -2.253308795 -0.680227409 -0.474967654 -0.869539330 0.172383047 0.135473072 0.270145028 -1.196638346 -2.092856285 0.241982580 -0.374899320 -1.790177005 1.672355590 1.322342667 -0.471756730 0.122045915
-26.459331321 -19.657734505 18.461944584 -0.082281154 -0.541243157 0.189465891 -0.815100198 0.445920184 -0.588487959 -2.013489794 0.368949093 1.038410804 -0.536889732 0.118553670 -0.330644491 -0.987536383 0.898014700 -0.204310064 0.093753570 -0.896497846 0.435624102 -0.803409355 -1.702286113 -0.977653844 1.889910380 1.155322468 -0.605780060
-27.058371482 -20.864505788 15.875028083 -0.000070039 -0.209773908 0.247093490 0.946012532 -0.335926338 0.193598092 -0.336810559 -0.182683981 0.158148676 0.243016328 -0.376180231 -0.354773763 0.540816705 -1.004314753 0.302032987 0.824415652 -0.044359811 -0.295871449 -1.050069472 -0.580493651 1.697143745 -0.823328585 -0.314411012 -0.998801742
-16.555050553 -15.065732066 12.266593049 0.145714961 0.964401165 0.064412173 -0.211065427 0.596780811 -1.666702939 -0.817856851 -0.383296807 -1.455983630 0.566887427 0.414906349 2.367912912 -0.021967219 0.946450367 -0.823077641 1.214614398 -1.852358400 -0.529581050 -1.813419656 -1.209770375 0.003311658 -0.142349847 -1.775078034 -0.422383879
-13.038127375 -20.778216755 18.649316560 0.119640659 -0.481283836 0.826133215 -0.267499333 1.410123025 -0.450387666 0.505470285 0.187206864 -0.263801002 -0.307445011 0.267536529 -0.433456943 -0.054017171 -1.552579402 -0.221629440 -0.242487434 0.546218347 0.579081717 -0.677901663 0.397001122 -0.753389333 0.794048377 -0.924964973 -0.188365571
-23.725122995 -15.559687452 15.444641574 -0.067898934 0.862814167 -0.071164588 -0.495859910 -1.721559735 0.511277014 2.231123705 0.666391139 -1.341507275 0.204847018 -1.085529130 -1.327998744 0.490075626 -1.592660703 2.070189975 -2.007686843 1.339597445 -0.952041491 -2.194191375 0.635738726 -2.521294718 -1.388356900 -0.443178459 -0.026500848
-13.894659281 -25.012032525 16.949097512 -0.304081076 -0.761027641 0.386205258 0.423340439 0.261154942 -0.418801494 0.816859736 -0.809172608 -0.295217271 -1.198790863 -0.075921907 0.901682399 -0.203952789 -1.128850668 -0.348883297 -0.323959265 -1.027098476 -0.698298237 -0.787719322 0.176426020 0.983984228 0.204007241 1.359327961 0.365693634
-22.897082919 -21.700199635 15.915994007 -0.514091521 0.449646041 0.143575968 -0.716180346 -1.148076992 -0.593306562 0.201695546 -0.845948321 -0.588913434 -0.304852057 0.435709614 -1.609789008 -0.524599308 1.068354185 -1.002122305 -0.679673345 -1.493511505 0.419223282 -1.542825071 0.245890196 0.314253481 -1.110729427 -1.388698127 -0.857184248
-21.391077113 -22.519717030 21.397907517 0.295149679 0.944089589 -0.069494288 0.129429745 -0.998734883 -0.953895638 -1.253141858 -0.483072593 0.132389463 -1.015555904 1.315530420 -1.546864446 1.082901816 0.996265143 -0.359780117 -1.171370990 -1.018862424 -1.724793195 0.293509803 -0.510202456 1.288559390 -1.440499007 1.751938777 -0.348688705
-19.864420316 -11.853208301 15.841886066 0.248514053 -0.719124024 0.134949339 -0.634736228 0.092639885 0.142104567 -0.295907946 -0.717361464 -1.354165996 1.723427788 -2.001305248 0.105580281 1.204350233 1.019024669 -0.481014662 -0.713364302 -0.429702946 -0.897095201 0.034452153 -0.229385493 -0.246685684 0.830779059 -1.210660573 -0.404959584
-12.750185485 -14.363648051 16.796310112 0.435837466 0.136934534 0.863861165 0.212222816 -0.726366117 -0.558219127 -0.245503492 0.383265313 0.584726901 -0.658293325 -1.112224352 -1.677203852 0.151187716 2.393115206 0.710448861 0.853824520 0.792426378 1.037700660 -2.102656123 -0.185658655 -1.893380057 -0.372241337 -0.969863244 0.371088329
-18.045769344 -15.496105218 22.756396371 0.789619113 0.331371621 -0.034648277 0.515261101 -0.045939036 -1.995810354 2.338188908 0.165735484 -1.062207686 0.938238716 -0.138276730 0.000243869 -0.946611655 2.329660438 0.825600279 0.697633468 -0.496066011 -1.573808345 -0.149675890 -0.190848768 -0.508560313 0.201827435 -1.551252510 -1.116327708
-15.869152508 -26.925791652 11.646079213 -0.067769628 -0.068486919 -0.666386135 -0.739355353 -0.048692546 -0.731773389 1.248627187 1.209614800 -1.226254589 -1.433443070 0.756721655 0.399382085 0.720599620 -1.995142727 -0.401473586 0.917766732 0.618686972 -1.497149007 0.345337718 0.455558282 0.249693664 0.301271795 -1.126223747 -0.253347677
-16.558307122 -23.097317814 11.330560289 -0.482783011 0.391853441 0.197297488 0.757921596 0.026735303 -0.997495639 0.502550297 -1.309904565 -0.003912010 -0.598720028 0.194479447 -1.573911879 0.171725280 -1.552403482 0.106101073 0.464087862 1.362805306 1.353842035 -0.759087450 0.890628468 -0.963735225 -1.504734125 -1.029447499 1.243837334
-21.906256479 -15.271151213 20.489129822 0.027884474 0.171475526 0.171461680 0.969752284 -1.151168764 -1.288323848 0.639325946 1.441019478 1.820549251 2.353623540 0.349973648 -0.918315872 -0.035683752 -0.575882062 -1.782257531 -0.382921793 -0.856660026 0.296052223 0.119969577 0.067401262 -1.161851344 -0.047807343 2.015200747 0.406040530
-19.722624716 -18.973789114 26.410763906 0.496123051 0.347621293 -0.176538120 -0.775793560 -0.821530842 1.857681029 1.061968173 -1.663863372 0.234615754 -0.242574709 -0.875809662 1.404724357 -0.318846989 0.528301471 0.035461748 0.749722798 -1.437198287 0.668549359 -0.471576284 -0.440067184 -0.438544597 1.584380956 -1.094146556 -0.388862752
-13.938474311 -27.879631101 17.681689428 -0.346189035 0.615395798 -0.112120914 0.699192437 -0.344708466 -0.576274272 2.117338356 -0.584288022 -0.169381887 0.425585744 0.433756637 -0.065889541 -1.849403914 0.296993438 0.633869227 1.312376962 -1.148717051 -0.002561637 0.762952354 -1.586228515 -0.365044289 -0.253536461 0.545616525 0.909428630
-20.542099087 -20.050871820 10.560049110 -0.746640432 -0.032599339 -0.191728278 0.636164771 1.855423270 -0.343840332 0.157257885 0.168319372 -0.008374489 0.397216533 0.311074724 0.149591969 -0.269854550 -0.291076264 -0.302240150 -1.533836769 0.171133900 0.507707614 0.917555824 0.768209757 0.345478295 1.107976709 0.919297750 -1.263680052
-14.941734484 -22.365134047 20.248178951 0.013283499 -0.209048383 -0.048025197 0.976634989 1.168487940 0.067330832 0.906622843 -0.551550364 -0.099776136 -0.594077101 -0.164806695 0.417419744 1.786451389 0.181265515 -1.695519035 0.130976215 -1.211521303 0.289575791 -1.305683860 -1.300288131 -0.801999654 1.214460737 -1.415137891 1.351871810
-21.868402197 -25.278043734 24.007462588 0.631441597 0.618911645 0.329281838 -0.331365895 -0.578346333 1.114322512 -1.262821371 1.228012541 -0.910888094 2.133848138 -1.105116035 -0.724643257 -1.965268875 1.186696411 0.560683548 2.101497395 -0.570486330 -0.300066932 1.340458772 1.278347642 0.275813720 -0.483985682 -0.087738194 1.189904282
-14.679677755 -25.327282322 13.841483930 -0.292836302 -0.832842705 0.361270456 0.300172595 -0.313399315 1.624379001 -0.566403662 0.567685899 3.181061142 0.031878454 -1.217767036 0.322085177 -0.964924498 -0.034302196 -1.565556493 -0.471830652 0.191008707 0.482026852 -0.230002106 -1.085034194 0.415501771 0.981388280 0.126759242 0.145452941
-10.842092079 -22.828225807 15.640551683 0.065284065 0.890753208 0.068281577 -0.444560839 0.729692560 -1.272852944 2.813895163 0.211035622 2.569042625 0.852812264 0.964534526 0.593499525 -0.692135766 -0.132030988 2.400358870 1.197181474 0.411246652 0.565222433 0.478979390 0.902330250 1.980257818 1.304442079 -2.113981405 -0.035148972
-13.982103213 -25.180183724 24.139841311 0.167607890 0.605324890 0.502637693 0.594007342 -0.349881416 -0.709902667 -2.157328782 -0.153361552 0.599287739 0.434563589 2.423445826 -1.444144562 -0.969665652 -1.698666260 -0.099454474 -0.880538036 0.312641976 -1.274360581 -0.240549971 1.220299086 1.624754768 -0.771531216 -0.377073465 0.326338652
-12.402138484 -23.951988763 24.866510428 0.144314239 0.889265874 0.390390798 0.189669793 -0.607532246 -1.168604528 0.034804530 0.047628766 -2.569364993 0.920142090 0.245286860 -0.803770147 -0.866771593 -1.359480534 0.730751038 -0.567280712 -0.833416184 0.751400505 -0.148620853 0.295142131 1.645201595 -1.456808936 -1.527995739 1.607306394
-11.787756117 -18.622684613 20.021287454 0.153285351 0.038814810 -0.301009278 0.940420346 1.432920684 -0.324809604 0.543197514 0.617609623 1.906676582 0.847330356 0.578036098 0.319202938 -0.750151428 -1.068826373 0.206799021 -0.700153944 0.735950597 -0.764095165 1.371565372 -0.349939494 -1.866285310 -0.690098476 1.019089118 -0.329176063
-11.743936993 -22.876464249 22.918511880 -0.273809512 -0.950199309 -0.142744037 0.042116087 -0.671968720 -0.227687529 0.964019823 0.592546776 0.293671223 0.040040140 -0.512687114 -0.880384537 -0.251742489 -0.868920849 1.332443874 -0.031012880 0.459976095 -1.943559356 -2.204130186 0.618503898 -0.564686180 -0.217447328 -1.259025403 0.739827689
-14.359598424 -26.785738670 10.867931995 -0.510710959 -0.790746906 -0.219901412 -0.256001984 1.131941603 -0.102822623 0.042835856 -0.143851310 -0.593228199 0.318292245 0.112458003 0.256900688 -1.832538638 -1.286877396 0.961576808 0.282175364 -0.493355305 -2.412693555 -0.634147491 -2.072732624 0.265266879 0.486061989 -0.317650800 1.289857878
-21.813063175 -21.555009728 16.194962464 -0.293077363 0.096719336 -0.747489554 -0.588226483 -0.008394096 -0.633519031 -1.128519457 0.107887606 1.015853726 -0.336668345 0.364941690 0.657931250 -0.679189062 0.598173229 -0.923977803 -0.604675671 0.284892145 -0.659191284 0.767434165 -0.929017693 1.553067728 -0.202406589 -2.109482916 -1.416443263
-18.808962197 -17.536452670 20.576407023 0.237363140 0.416399188 -0.875726609 0.058080658 -0.783684205 -1.502513706 -0.043438190 -0.006206506 0.397241034 -1.787888676 0.521441212 -0.370657012 0.948959558 0.196378481 0.961165460 1.241441728 0.103133679 0.887893434 0.988163080 0.631936982 0.690230209 -0.894028681 0.700256743 -0.138747337
-19.567992398 -28.693254824 14.702182303 0.559244668 -0.035266661 0.360047428 -0.745900471 0.284112701 0.143813013 -0.560623702 0.882269854 0.862198350 0.509363135 -1.462035182 0.101328445 0.187125282 -0.391501340 -0.111545676 0.600048373 -0.402564742 0.376848370 0.567229704 -0.053211133 -0.633561689 -0.703321261 -0.188325419 -1.186279232
-20.037801507 -29.341087336 21.281693500 0.330135956 0.895199091 -0.044931843 -0.295989809 0.119633292 1.065803320 1.040178546 -0.286811531 -1.929606700 -0.699553027 -1.111435736 -0.234265249 -1.620310201 -0.378728508 1.783553912 0.987399244 -1.202931161 -1.264555901 0.028652972 -2.369228025 -1.110157065 -0.032271761 -0.326015376 0.881294261
-20.710847902 -28.404790575 19.936984126 0.693339324 0.047412726 0.663999170 -0.275930639 0.049250348 -0.565948887 0.497506568 -1.812015039 -1.265575131 0.936689178 0.159868989 0.328929582 -1.098134452 -1.957666072 0.105672633 0.386164095 -1.315117160 -0.247753426 -0.689618222 -0.197635979 0.792676791 -1.120258627 -0.945480301 -1.158169146
-15.569291750 -27.797992079 13.770289711 -0.951541352 -0.046408227 -0.260597030 -0.156539196 -1.803441882 -0.005641734 -0.139433895 -0.299947810 0.768568263 1.346463040 -1.578278911 0.688128801 0.697237155 0.340561253 -0.071402735 -0.449517711 1.496575453 -0.488215193 0.970390110 -0.081867289 -0.080434946 2.673706604 0.831596552 -1.183011431
-17.407254692 -23.975724733 18.528560347 -0.051734106 0.739519305 0.230437124 0.630343964 -1.636553517 1.489110282 -0.482503484 -0.503023056 -2.478064919 0.687341239 -0.227320480 1.458496675 0.486405473 -1.525715336 0.795371097 0.037470091 0.853653124 0.258500015 -1.000495513 -1.340437634 0.545078112 -0.379897645 -0.250977476 0.003173055
-19.824849930 -26.431259919 11.297955094 0.436209544 -0.547228874 -0.707029840 -0.101836133 2.226347086 1.382529738 -0.935634118 -1.165856754 -0.379634962 0.220832605 -1.219237808 -1.114978780 1.329769280 -0.339509503 1.520118708 1.054429726 0.254380356 -1.325072295 -1.156817632 -1.005271571 0.483043416 0.527218187 0.452409301 0.542458687
-22.675526484 -29.761438290 17.997012395 0.585927093 0.807297905 0.066998582 -0.021696174 -0.467069198 -1.834793572 -0.676727726 -0.531939660 -1.055040275 -0.158557387 1.060905459 -1.007055177 0.161670589 0.845897689 -1.484876540 0.906939826 1.171919639 0.554516707 -0.258729336 -0.360420997 -0.086119869 -2.376213072 0.148130184 0.337770487
-11.564010796 -20.369611576 21.865011246 -0.674734031 0.117047118 -0.517119321 -0.513440909 0.097199655 0.729275657 -0.436577777 -0.431924551 1.124014652 -1.525310525 0.791319498 -0.518850688 0.747627992 -0.033098780 -1.035451967 0.634007379 -0.601683249 1.470450324 0.490507999 -0.772858980 0.558555914 1.517049705 1.044732416 0.727764358
-17.572468905 -14.435537339 18.681673831 -0.431671854 0.056301557 0.897489923 -0.070720464 -0.063204228 0.725752361 -0.222083325 0.459759378 1.279278892 -0.374484624 0.369657646 0.973280494 1.763830508 0.166319597 1.216423735 -0.462000769 -2.347341243 0.523682709 1.312457201 0.723973049 1.484304377 1.633204446 0.500599781 -0.487462768
-15.192770059 -13.624997794 22.495164587 0.280382249 0.473442653 0.515469557 0.656908657 0.428338948 1.742251595 0.609751630 -0.221607227 -0.231272555 -0.651724255 -0.121469726 -1.691970759 -0.303951999 1.689097973 -0.776706678 -0.441306568 -0.276822277 -0.953532373 -0.091710582 -1.089646072 0.215634789 0.722639907 0.188558239 0.475710107
-24.419272091 -13.962801896 15.697912564 -0.054838629 0.015553253 -0.998344787 0.007649055 -0.671941681 -0.481505918 0.055646080 0.360249805 0.727932680 0.557362360 1.161660813 1.718738970 -0.360303196 -0.730988176 0.047675069 -1.554523831 0.046796525 -1.326278247 0.614596270 -1.593373377 -0.008560142 -1.204712527 0.598655901 -1.423796101
-9.704372698 -24.893468522 15.282502923 -0.245178591 0.091623526 -0.581275116 -0.770462087 -1.890496219 1.164111222 -0.174421710 -1.510364316 0.019879142 -1.612225223 -1.381072653 0.084969178 0.473323443 -1.630118767 -0.317437658 -1.350633109 0.821002160 0.729479878 -0.730992652 -0.895106620 -0.514928869 -0.486267562 -0.116472912 -0.419877137
-25.873031435 -25.755661949 17.077624551 0.189531630 -0.793565484 -0.578189493 0.005338057 1.742892534 -0.276958804 -0.535641821 -1.068090402 -0.733809128 -0.018154714 -0.281092073 -1.150617492 -1.383933313 -1.348453767 0.558084132 0.551079743 -1.538589272 0.567943086 -0.470768500 0.877638762 0.393484854 -0.973062881 -0.930903599 -0.385366710
-17.208525484 -18.575714167 23.218337468 -0.056220279 -0.414819476 0.831592948 0.364989386 0.311720456 1.615922341 0.104215899 -0.606498256 -0.099520541 0.034810062 -0.872642109 0.643528114 0.211042320 -1.022767308 -1.635163308 -0.767006707 -0.177262764 0.990207355 1.112051087 -1.218755799 -1.180464722 0.142740984 0.874380954 1.008768112
-19.791489921 -21.834099748 10.878767458 -0.471717240 0.276310365 0.090368984 0.832447521 -0.275642948 -0.317980566 1.782882723 -0.294813932 -0.538500035 -2.747743443 1.277917646 0.395673726 0.907469818 -0.789635333 -2.157410515 -0.344089590 -1.144733503 -1.321487389 -0.827953977 1.560243556 -0.286218588 -0.869104820 0.056549096 -0.631033877
-19.134794384 -28.226927747 14.880795280 0.547597273 0.139670086 0.661211363 -0.493385272 -0.649278833 0.867343168 1.332953891 -0.829526685 -1.247004338 -0.519283792 1.172687905 0.769228135 1.594444705 0.005143973 -0.701741966 -1.894372077 -1.517892398 1.518631023 -0.733914990 0.374292250 1.465344176 0.060037386 1.149155292 -0.911030045
-19.137090336 -24.430185174 9.856715808 -0.428779195 -0.174235082 0.706741931 0.535076052 1.818958939 1.325840666 1.771225543 -1.115457340 0.305145215 0.075615326 -1.805280186 -1.847971995 2.043636800 1.517169180 -1.026797891 0.146647548 -0.088675265 0.820008085 0.337585663 -0.544267444 0.107861700 -0.938868295 -0.782636579 1.459367658
-26.962344192 -22.982683376 13.736014996 -0.390406367 0.140403727 0.757806786 -0.503585679 1.601045369 -0.173563560 -1.092660845 1.814337391 1.271272226 0.553873603 1.561640017 0.250243502 0.726204304 -0.718617722 0.147832703 -0.681739597 -1.499392338 0.522754957 0.241062103 -2.272227058 1.394283615 -1.599972006 0.002384795 -0.342775817
-24.987314522 -27.437255899 22.446676525 -0.262649258 -0.841321170 -0.448123155 -0.149598445 1.359599597 0.322758502 -1.135266447 -0.516442316 -0.321334104 1.195287553 -1.205412866 0.889280559 -0.057931429 -0.338450860 -0.128425151 0.078220716 -0.251203830 -0.099328508 0.625625079 -0.040911106 -1.128655279 -2.997396157 0.648459073 1.510318087
-22.003444713 -14.180275576 21.792227825 -0.843955591 0.017094738 -0.509898840 0.165680124 0.019610503 0.526581574 -0.892194259 -0.167876650 -0.543862332 -0.516757580 0.626394281 -1.119904438 1.308331018 -0.313255698 0.224704740 -0.892125160 -0.787232445 -0.992149549 0.428123842 1.133458802 -0.065209351 0.550724115 -1.727063739 -0.431960739
-12.876421918 -21.191625185 11.513590173 0.518541933 0.545385159 -0.548098428 0.365044388 -1.689876366 1.994885286 1.118812324 -0.127029518 0.555860204 0.666255314 0.034410961 -0.547631428 1.165403385 -0.225514622 0.987006612 0.041913384 -0.802012701 -1.823047709 0.287883314 -0.701783501 -1.646083068 -0.317276298 -0.839198435 -0.505070480
-16.309275442 -26.710190232 14.292972222 -0.402432109 -0.350593416 0.386542093 -0.752142184 -1.243664475 -0.683970157 -0.231680350 -0.350401995 -1.220010916 -0.123880259 1.490220926 0.229188220 -0.131446405 1.147358377 1.436692306 0.079801376 -0.286100004 -0.023110273 1.623608972 -0.567776274 -0.358388122 -1.571697234 0.263762482 2.572978040
-18.362762978 -16.939421349 25.054365159 -0.720221668 0.117795165 -0.399450676 0.554837099 -1.794949019 1.745834507 1.861087228 -0.923516618 1.880862205 0.966385690 -2.097091935 0.913046442 -0.143097179 -0.655189525 0.579639393 0.791349911 -0.080159171 -0.008906375 -1.008096173 1.337592093 0.405390054 0.768660584 -0.822408654 0.243538750
-11.599072615 -20.081894664 20.472127654 -0.343896294 0.313158788 -0.600002975 0.650894263 -1.565732068 1.384993388 -1.585515700 -0.876197193 -0.925512129 -0.527356546 0.170391045 -0.967800472 -0.289637747 -0.641802953 -0.618797843 0.175167365 0.046517053 0.794306297 -0.457668918 -2.017930978 0.305383592 0.404573856 1.142026412 -0.647972560
-12.625213302 -16.448127594 22.152748795 0.294361286 -0.721509974 -0.492790210 -0.387211312 0.399679583 0.760481116 0.641007154 -0.522013233 -0.431866372 1.046244000 0.301282464 1.403033094 -1.505805145 -2.761203512 -0.654986837 1.998001278 -0.510468985 -1.256057365 1.187213234 -0.766706059 -0.945028585 0.318274324 1.931007100 1.420212610
-14.604292853 -26.685546579 21.715415407 0.722618370 -0.088367647 -0.284558069 0.623731156 -0.006269953 -0.181574253 1.484947143 1.883886775 -0.076337822 1.978605449 1.381922335 -0.602352392 -2.162229163 1.303811742 -0.831815846 -0.121913017 1.615795123 -1.832267495 0.630293117 -0.131275540 0.484702546 -0.389116771 0.116530690 -1.244949830
-17.665788665 -16.029971123 14.355972599 -0.136595245 -0.205017959 0.304637647 -0.920057215 0.062955086 0.839269489 -1.883025241 0.909318196 -1.599064497 0.928721945 -1.023058677 1.447340258 -0.084832084 0.623711772 0.423809465 0.364565534 -2.247710955 -0.975382668 0.668986496 1.196204543 -0.482751319 -0.426310046 1.422580179 -0.508281774
-22.546136080 -20.095553323 20.468531628 0.598426919 -0.789871459 0.060856281 -0.119519097 0.275358762 1.709296332 1.351566256 -1.636677045 -2.207891859 1.271495783 -1.899259799 0.429509236 -0.328932647 0.203627794 0.591237049 -0.934633808 1.033382764 0.576005838 1.196317198 -2.285396765 -1.069402233 -0.636556751 -0.835551227 -0.630326082
-19.149223537 -22.281639124 12.891847710 -0.496692704 -0.286967699 -0.128659464 0.808945387 -0.465228228 -0.270699041 -0.741576166 0.523596482 -0.425338593 -0.217488507 0.601268031 -0.774962374 1.281305578 -1.419567905 0.540123865 0.677536285 -0.723203629 1.467442260 0.727022428 0.048658943 0.627369894 1.013700940 0.251551500 -0.034961940
-16.797126798 -19.722252317 11.010261965 0.764383999 0.232583486 -0.572379363 0.184401433 -2.083224329 -0.122341819 0.308166604 -0.783822687 0.459773567 -1.300348626 0.144100937 -0.911454858 0.299624498 1.208372846 0.280974784 -1.278140724 -0.798327924 0.437484192 0.688164399 -0.204766537 0.765623736 1.474879131 0.305144916 -1.105930492
-19.837397217 -20.951381324 27.911411394 -0.541963064 0.518615711 0.374540760 0.545007340 0.732016266 2.227050739 1.275058808 -0.944257955 0.953273827 0.440384661 -1.339737173 -0.496371470 -0.285766769 0.356593720 -0.956781639 0.949357040 -0.502533474 -0.627473528 1.423524666 -1.466652271 0.882401339 0.519017872 0.467888106 0.363822440
-23.944751996 -14.140446429 19.095098511 -0.617233465 -0.487615329 -0.380990982 -0.485901236 -0.012651749 -0.472334776 1.093790602 -1.117540156 -0.128057089 0.873584142 0.324823027 -3.079062979 -1.528156906 -0.037313323 1.254842293 0.883745393 -0.313211445 -0.993904584 0.057321507 0.009780876 0.551352056 0.172315469 -0.884322631 0.690635390
-22.133555334 -19.645953810 17.231492378 -0.067178493 0.062980305 0.668104955 -0.738347006 -0.658464057 -0.302872850 -0.430002717 -1.804969325 1.091266067 0.076432448 -0.139652088 1.455705467 3.069246465 0.406960302 0.737005531 -0.489826857 1.876714828 -1.108673656 -0.067183995 0.568239808 -0.761697023 0.220390734 0.204313515 -1.077014335
-15.156742354 -28.877213721 17.638389706 0.356645385 0.348634140 -0.033359214 -0.866109386 0.537176621 1.491427787 -0.513868491 -0.890949177 1.314792003 1.761499994 0.551032242 -0.272246148 -0.841007526 0.255835093 0.155275351 -1.137026002 0.301687048 0.503388387 0.680701323 0.440252024 1.666151411 0.549341625 -0.051508761 0.356558668
-23.454252244 -14.870121238 13.715290683 0.364552514 -0.081206139 -0.854859351 0.360170124 0.970151065 -1.418678655 1.091904574 -0.368209418 -0.305869283 0.334783058 -0.051816616 1.032078242 1.255581250 -2.023151159 1.527663884 -0.541673066 -1.890220517 0.945187659 -0.395214212 -0.428981609 -0.234354022 -1.387538285 1.435735931 0.543774042
-9.813445408 -22.185349606 15.308297436 -0.542067381 -0.633096116 0.452644439 0.316962575 -2.165044729 0.942267914 0.347843763 1.580895771 -0.794957429 1.161974106 0.164438446 -0.093261255 2.136045051 -0.145538468 -1.341610721 0.632553525 -0.990059436 0.952521317 0.280898703 -0.254580996 0.046958539 -0.632991393 1.696601464 -0.797828713
-21.828175473 -29.357775577 15.184347213 -0.356735821 0.096080298 -0.926065590 -0.076880772 0.153212571 -1.026292257 0.252529536 0.934002690 0.755802215 -1.571959273 0.067879933 0.502263595 -0.124956795 0.133118604 1.164768106 0.798625108 0.821176814 -1.434365517 -0.010662962 0.764762765 0.293531834 1.147988616 0.360305589 -2.033480180
-24.046408812 -22.302501996 19.207852207 -0.369358268 0.621910729 0.170382743 0.669157108 0.883401592 0.542176843 1.878219119 1.392774077 2.345620416 -0.377857161 1.265756289 0.605894865 -1.116091388 -0.860647013 1.125633533 0.619367034 0.332750469 0.591059691 -1.586295085 -1.238371453 0.868065176 -1.106237851 -0.952276536 -2.175753954
-19.648010987 -15.663104478 11.997025656 -0.151814507 -0.718790438 0.269533643 0.622610855 -1.706502332 0.294283094 1.180584301 0.408867905 -0.379629581 -0.213481877 0.671378447 0.875334136 1.259837690 -1.532572384 -0.457220355 -0.189956522 2.189330309 0.537746899 -1.990037019 -1.278224923 0.582202851 0.969984214 0.489450474 0.657988134
-18.917801702 -20.840089280 26.909479166 -0.011554846 0.611318969 -0.561150490 -0.557911939 -0.215131503 -0.460645369 0.277776795 -0.081517017 0.258857203 -0.659977823 -0.105356431 0.132616420 1.284079540 1.722546660 1.113518322 -1.649881188 -1.414869095 1.756703845 1.679381588 -1.721405603 0.940002735 -1.180492459 0.151505247 0.197995750
-11.052196171 -19.897475124 22.854711111 0.862735686 0.228812742 0.397998367 0.211965008 0.350988748 -0.686696754 -0.296802290 1.799693589 0.127115805 0.991311177 -0.544929554 -0.808928425 2.332822250 -0.245614840 -1.012732686 1.781930803 -0.339986437 1.471073035 -0.177360067 0.867890013 0.275827625 0.233020493 -1.115844066 -0.197014331
-24.319422640 -19.750560487 18.622739175 0.755840935 0.218100438 0.231762359 -0.572208780 1.392025241 -0.616100730 0.660053441 -0.785536716 2.343845185 -1.595067644 0.490146388 0.620782281 -1.250251822 -0.670002392 -0.741957032 2.127031750 -0.914493034 1.800961096 -1.197286704 0.119547788 -0.526328685 0.695372528 0.876535810 0.525645881
-26.011788646 -22.971986397 15.230585718 0.393533329 0.208526855 0.854023750 -0.268870795 -0.176813454 -0.578054706 -0.825598383 -1.623079533 0.159295279 1.085047797 0.493283141 1.216975819 -0.097485897 -0.686571714 -0.860739229 -1.886399059 -0.589542133 -1.175905940 0.705526331 1.479577332 -1.365862560 0.921407055 0.915518411 0.287811953
-21.611182165 -25.620533230 19.262030840 -0.230104093 0.632757490 -0.259708223 -0.692258408 0.898294080 -2.675774188 -0.964035226 -0.175648424 -0.770517243 -0.922804126 -0.284819268 1.067982077 1.823210881 -0.886414912 1.754007407 -0.573156055 2.269021769 -0.189328500 -1.690099706 0.473484327 1.513178998 0.195619117 -1.054141085 1.481850440
-14.522739108 -24.723953212 20.703649671 0.478575795 0.775387105 0.411379273 0.022519773 0.212004713 -0.956667869 0.464018096 -1.396707089 0.286560956 -0.398588742 -0.857893430 0.424898463 -0.798208000 0.723203205 1.780053916 0.289864987 1.548542429 0.068459477 -0.062101491 0.843131159 -0.454833634 0.902276984 -0.345975893 0.206712741
-25.562155503 -18.201602063 20.173429150 -0.144136144 0.394235599 -0.424369556 0.802317608 -1.624186568 1.244921032 -0.556351512 0.588385216 0.632321341 0.844431922 0.388105316 0.070623208 -0.560742718 0.424194277 -1.638451104 1.936171646 2.223905594 2.200768635 -0.097804851 2.160032920 1.347463113 -1.046577235 -0.511808105 0.964471914
-15.396426868 -25.460640215 10.139257265 0.564795307 0.703841026 0.381530150 -0.200122005 -0.428533913 -1.239006278 0.586046372 1.476955757 0.222715299 0.387804976 -0.217976861 -0.629615399 0.076920001 -0.657532529 1.178953947 0.143747824 -1.076702901 0.842101786 -0.303368246 0.636359064 -1.466428171 -1.468337539 -0.599590546 1.212321587
-21.996388934 -22.849993998 9.131913962 0.801694094 0.084262349 -0.574349752 0.142508944 -0.925802029 -0.346637844 0.766044798 -0.511358566 0.480107196 -2.084290757 1.136938571 -1.148158743 -0.125435315 0.758362846 -1.033196889 0.372482850 0.576817076 0.044036411 -0.971577326 -0.884578107 1.573061259 1.605242016 -0.426416699 -0.895486188
-23.303643481 -21.657222251 16.188013323 -0.351767220 0.035267737 -0.240961764 -0.903854766 1.035110017 -0.678685281 -1.016109089 0.218556256 1.295723452 2.644830765 -0.488323355 0.147674106 0.475570917 -0.404579084 0.426102717 -0.122181017 -0.397246253 -0.026261859 -1.195009111 -0.261044760 0.202273996 -2.196625524 0.499008953 -0.159132432
-14.585760199 -14.887018248 21.871135044 -0.195319458 -0.043034521 0.451933237 0.869341526 1.784297952 0.626337311 0.272305055 -0.016059634 -1.463906978 -2.761147003 1.239541872 0.767663593 -1.834471249 1.376500100 -0.791682871 -2.228161357 0.832038211 -0.922416778 0.964636656 -0.202226595 -1.332318656 -0.902014008 0.472663805 0.978757489
-13.988167369 -24.094827516 17.601837952 0.379510316 0.230251658 0.502908844 0.741646000 0.268070991 -0.205254166 0.876272420 0.935562410 -0.799262874 -1.849162448 0.246940360 0.139035175 -1.326493666 -0.846287979 0.315385275 0.515836637 -0.718748966 0.197241436 -0.266582850 0.665783632 -0.811244444 -0.439536221 -1.259672856 0.568381323
-11.686778815 -27.375697655 19.256194241 0.221586182 0.551023315 -0.461856788 -0.658757298 -0.330541611 0.098622033 0.250960990 -0.860202005 -1.266239108 -0.587185732 -1.673082620 -0.413117914 0.468105439 0.218267189 -0.522914665 0.799926189 -0.302823150 0.864531164 -0.159568725 0.145779430 0.151824215 -1.352361583 1.044328832 -0.214405349
-14.278463414 -27.953553314 21.881690533 -0.790628770 -0.024809604 0.563116238 0.239145843 -0.222792787 -2.379207782 0.695443799 0.790882423 0.247257590 1.039152102 0.475143310 -0.116691553 2.234899485 -0.228059564 0.660782935 0.652358210 -0.755486298 0.712399311 0.922354154 -0.526256979 -0.852636939 -0.534310172 0.608908857 -1.607992146
-19.777827920 -25.753568902 26.732655516 0.191105028 -0.582456819 0.013032649 0.789970298 -0.429176526 -0.592880625 -0.854321482 1.231108485 2.126688129 -0.743064464 0.113924862 0.345843620 -0.772096427 0.686730131 0.500037199 -0.086291540 -1.179956759 0.033764032 0.351405441 0.588660859 0.519441670 0.964635142 -0.588510850 0.486553229
-16.471811745 -26.265414045 24.576788935 -0.784738975 0.613457093 0.078487643 -0.041168263 1.281974378 -0.214080053 0.643095846 0.115235508 -0.865301433 -0.925130533 0.740624612 -0.735825596 -0.894849944 -0.348110821 1.264220530 0.432886267 -0.584583978 0.669882596 -0.483645195 2.033619742 -0.142852088 0.211542970 -0.316660626 0.521259200
-15.613270717 -20.567101274 21.283455366 -0.289608723 0.100926548 -0.941609683 -0.138966993 0.016791334 0.393424072 0.741194600 -1.704037451 2.602242344 1.171191669 0.194210257 -0.576605314 0.558333448 -0.764669492 -0.537642243 0.651486763 -0.688970417 -1.809937434 -0.344863654 0.287763613 0.360465357 1.253800847 -0.173136600 0.291774833
-20.253916505 -13.194556247 19.604807415 -0.031435477 0.625810941 0.771493098 -0.110321697 0.250230638 0.005546967 -0.254273369 1.837685987 0.731780286 1.367174998 -0.446295663 -1.274787672 -0.808351699 -0.439391398 1.106579981 0.843254842 0.203118565 1.534627334 -1.140946981 -0.622220184 0.810302003 -0.802049727 1.245667804 -0.511804099
-19.947853129 -17.022573140 23.907052417 -0.632691836 0.313698535 -0.414417779 -0.574066350 0.809577627 0.134346618 0.306621135 0.698614746 1.104249385 0.239408496 1.300378452 -0.537409592 -1.890637068 1.470460403 -1.706577157 1.556941122 0.067133719 -2.253816333 -0.353417763 0.518699549 0.137330184 2.556195717 0.940303155 0.429605116
-13.844176288 -16.151743114 24.651995151 -0.640426115 0.490631155 0.171437870 -0.565459564 0.428020503 1.309742114 0.221860347 -0.757273872 1.170380489 1.016407205 0.162834945 -1.208459689 0.624260234 -1.098628979 1.351722715 0.804832414 0.064233778 -1.686284334 -0.515719266 -0.901082592 0.301442415 0.118017395 -1.257095040 -0.277602149
-24.258544023 -26.787515188 19.538866526 0.489382727 -0.309358728 -0.810170390 -0.091791408 -1.821530090 -0.441791814 1.507022059 0.549505703 0.142525529 0.782165430 2.178466679 1.296344935 -0.248413164 -1.865004611 -0.701968743 0.854705376 0.684436475 -1.664023675 0.116084753 0.383607124 -1.435226486 2.006159753 -0.347268799 0.537320062
-26.284905677 -15.081090590 18.158498729 0.732392558 -0.206485043 -0.648537285 -0.019090781 0.433814008 -0.422346543 -0.243842365 1.540032994 0.766097129 -1.488245032 0.092943736 -0.929180877 -0.611190826 1.077186421 -0.807747127 1.885918931 0.759232229 0.479080818 0.900962190 0.763351489 -1.082610237 -1.885864555 0.377790763 -0.136328186
-26.286840739 -24.875381113 18.599038157 0.165933804 -0.294057292 -0.642816146 -0.687592673 0.051394111 -0.866040061 -0.358905558 0.366532645 0.015866155 0.384259373 -1.946089903 -0.241911552 0.201121892 0.908592160 0.479286732 -0.009260414 -0.883741608 0.286969371 0.596305503 0.033926712 0.932459232 -0.323336684 0.496479339 -0.396534877
-19.995148028 -19.050412842 13.197436749 -0.246409593 0.434837540 0.146724520 0.853622013 -0.720018085 1.479659417 0.860152087 -1.039261972 1.154451849 -0.788135396 -0.813246080 0.147257466 1.658718571 0.378869575 1.837764514 -1.045498225 1.023497043 -1.230218045 -0.794637467 0.417948729 0.734872768 -0.512681203 -1.175158671 -1.587358569
-22.228313925 -22.167934545 20.806350305 -0.177596364 -0.541110553 -0.066588576 0.819283139 -0.774963569 0.489956587 -0.533666560 -0.313430308 -0.499388527 0.841322475 -0.981332408 -0.732332922 0.477143846 0.736351073 1.237492555 0.201325795 -0.218529076 1.197269666 -0.911980739 -0.577887434 1.216689883 0.187497778 1.482306162 0.001177342
-22.789891145 -18.030618008 11.681973229 0.980697682 -0.030146032 -0.192250304 0.019055007 -0.264988705 -1.681110536 0.463658901 -0.539062506 0.695768682 1.194765510 1.940301419 0.341735423 0.427642770 1.106426671 -0.671739225 0.177252627 0.056789203 -0.516389041 -0.428308785 -0.163811973 -0.710668920 -0.329336605 -0.142047705 2.059207692
-18.197569841 -19.003891477 15.034728941 0.048323097 -0.032694828 -0.262871732 -0.963065096 0.005001720 1.025304534 0.842209484 0.103830860 -0.465607904 0.687967316 0.956831571 -2.157168835 0.246785054 0.148809168 0.399638909 1.388543281 0.608861026 0.123591157 -2.100088964 -0.195093377 -0.084928952 -0.320936216 0.109632660 -0.491183616
-20.254022576 -24.318789534 17.396487738 0.957497677 0.184800709 -0.090633541 0.202070429 0.219334616 -1.058218699 -0.219592503 0.792362226 0.040868424 -1.953093127 0.960078885 -0.790969445 -0.281280525 1.259652853 0.551096344 0.302650857 -1.247287167 1.282305305 -1.313600356 -1.294294631 0.297710422 -1.703102981 0.020081874 0.344142912
-21.173746700 -27.732011830 13.697961970 0.751271519 0.617214731 0.044583262 0.229454599 1.177547177 0.944339631 0.421031197 1.672191482 0.122094872 -0.556370149 -0.893830298 0.077371117 0.513643192 -0.076605685 -0.782684383 -0.641532731 -0.840278426 -0.822092332 0.753346939 -0.098410721 -0.754881237 -0.492021648 -0.786314316 0.881754370
-12.961630567 -22.051413439 10.780291577 -0.078787923 0.024163393 0.209886067 0.974246597 0.382506596 -0.965739028 0.811493369 -0.065573035 0.015989501 -0.976772993 0.117911835 1.068482069 1.091712843 0.660666595 1.370596757 0.211423156 -0.588610841 -1.000061547 0.333865728 -0.701356259 0.584025034 -1.415450126 0.728025165 0.880432708
-17.729371332 -15.922988881 18.282986528 0.795040471 0.160822697 0.517160377 0.273115093 -0.125498033 1.083094975 0.483688079 1.468287292 -2.240663821 1.193507029 0.565087965 -1.240516966 -0.721144772 -0.492028297 1.389765823 -0.431959478 -0.771465376 -2.350282105 1.147996680 -0.421155078 -0.645316710 0.142218783 -0.250009379 -0.756455231
-20.321810346 -25.182487379 21.784323486 -0.788492226 0.211976203 0.321948467 0.479265358 -0.283786569 0.517869730 0.791565261 -1.345130396 -0.111566461 -0.585413017 0.295431925 -0.319512945 -0.495191685 1.210759166 -0.035680474 -0.974723353 0.997352143 -0.091870583 0.349134451 -1.875824775 0.793515338 -0.696368936 1.499514737 0.806354551
-13.688626137 -13.712825908 14.859269019 -0.334017880 0.450099029 0.141904657 0.815908076 1.460240085 0.324037215 0.125608803 0.460238512 0.811582960 -1.947182082 0.123103306 1.011320361 0.240885892 -0.378755922 -1.253340916 0.854514873 1.419982759 1.484411324 -2.164445243 -1.096676063 0.367391691 2.151814744 -0.566338401 1.546996640
-24.390758826 -23.499038125 24.120722959 0.225541001 -0.310763771 -0.645121217 -0.660587428 -1.745490570 1.086306749 1.317239658 0.383758131 2.369714532 -0.777628585 -1.854484900 -0.441226036 -2.184346755 -1.017020683 -0.369313003 -1.658970143 0.804274559 -2.117608397 2.440011256 -0.598839192 -1.236662922 1.005044903 -0.366615754 -0.379231586
-18.531261465 -21.625672029 11.102487985 0.303646691 -0.497901824 -0.240482543 -0.775925645 -0.704464398 -0.064638227 0.105527609 2.051760328 -0.593166538 2.110550872 -0.424275907 1.245360878 0.360006619 -0.594443900 0.896451883 0.127674201 -0.375282591 -0.655247700 -0.793804494 1.800754432 0.640822109 -0.471395221 0.381093073 0.813797523
-22.408563315 -13.641059441 16.520836511 -0.545943683 -0.682618245 0.305302369 0.377846914 0.644162718 0.655617634 -0.169998147 0.284934048 0.133774560 0.501129840 0.359648667 -1.246430714 -0.446012390 -0.749549340 -0.889673925 -1.175000680 -0.273966662 -0.940449603 -0.898261681 0.244976331 -0.522938978 0.127000832 -1.136978298 0.898640224
-18.488167866 -15.909530282 14.730898877 0.824854803 0.051573580 0.027905281 -0.562295310 -0.100311846 -0.174659686 1.399615625 -0.035244774 1.409039415 0.317626461 -0.648511672 0.543799703 0.580409119 0.062189185 -0.120032696 0.618723656 -0.578557545 0.453783783 0.555943046 -0.592360079 -1.413297992 0.730458579 -1.299468913 -0.204085141
-16.904090855 -14.266068176 14.655880241 0.176425354 0.708158689 0.157245239 -0.665326462 1.550908182 0.883876212 -1.081341739 1.691133069 1.850196693 0.089194912 1.203446396 1.378529551 -1.035917083 -2.034860185 0.645340236 -0.084273126 -1.858865601 0.860499743 0.947376345 0.319414944 -0.958186157 -0.192379788 0.508200307 1.330729184
-20.732630855 -13.856082771 14.612169323 0.121324757 0.351517255 0.764584530 0.526427981 0.419200739 0.999914837 -0.647413571 -0.768418925 -1.060762797 0.290446451 -0.102408430 0.553434026 -0.168904377 -1.097945803 -0.072542211 0.760485358 -0.255966031 -1.228300508 -0.182050723 0.908896671 -0.561838166 -0.710236978 0.452410729 1.785625478
-19.677268656 -29.286807240 13.387798820 0.529827132 0.538540271 -0.005388548 0.655155363 0.173362838 -0.464647589 0.552311941 -1.986831497 -0.276647469 -0.063589574 0.150368208 -0.212804871 0.579286351 0.230455606 0.684343927 1.147420520 0.062585677 1.393878051 -1.012831377 -0.451982416 -0.395456843 1.291410002 0.661927045 1.162996916
-17.323704467 -21.901933400 23.124486846 -0.476900287 -0.682195668 -0.330476388 -0.444927572 -1.138374241 -0.531778743 -0.235552071 0.638146493 0.450604386 1.268440790 0.927463226 0.825958338 -0.658044167 1.138013237 -1.050149764 0.689192064 1.306204946 -0.040539162 -1.670577550 0.369287680 -2.143454536 -0.416649105 0.191391112 -0.456377493
-12.958221456 -18.995682140 23.778235900 -0.066042459 0.890472412 0.393868722 0.218093344 -0.087222651 0.673295540 0.543349637 -0.462199668 0.381485073 1.269570771 -0.447269223 -1.095256550 -2.026946003 1.723270342 -0.740461662 -0.141069969 1.579872506 0.665308993 2.104529797 0.133137146 0.908605332 0.931992400 0.669840974 0.041213703
-24.592864380 -17.643740198 16.171037145 0.462901096 0.794481382 0.317045422 0.232387844 0.757109283 -0.600774798 0.530744783 1.792754124 0.673850913 -1.975653707 -0.783215297 -0.147187455 0.497294797 -1.264128814 -0.014676834 -0.774626805 -0.928276442 -2.044402958 0.736468958 1.055243060 1.682313691 -0.187673585 2.126861982 -0.817672076
-16.073568697 -22.724341514 12.779387318 -0.534750907 0.383088467 -0.072835278 0.749653063 0.864270786 1.356494391 0.112029109 0.889255295 0.383399474 -0.424879820 -0.575710879 0.162962336 -0.066570589 -0.651439401 0.030526805 -2.547162538 1.307457743 -0.468642848 -0.132623454 0.631473555 1.436016993 -0.655444804 -1.141566344 -1.044555989
-13.811017132 -23.346273734 18.368911404 0.085699863 0.100171873 -0.526865621 -0.839662877 -0.325270753 -0.116862598 -0.332858447 -1.076978741 0.252819119 -3.019286235 -0.342242413 0.540272778 -1.068057230 0.628928451 0.537742034 -1.117637822 -0.586602280 -0.578103364 0.511933012 1.078385748 -0.113051502 1.284451548 0.622453355 0.484765371
-22.871338848 -28.660441071 15.380890936 0.583660861 -0.089114015 0.171625915 -0.788633779 -0.316559567 -0.525429471 0.420845967 -1.214856894 1.384745126 0.079512516 -1.296547161 -1.990407696 0.253052479 -0.368285496 0.949996312 -0.760049679 0.664111017 -2.248357860 1.347797024 0.540711480 -0.144524001 0.236673962 -0.880067784 -1.145044699
-17.193339675 -19.826234644 8.515607647 -0.879024469 -0.404621308 -0.077752093 -0.239900379 -0.586396308 0.405285007 0.126739670 0.529011464 0.633244048 -0.389984836 -0.198671262 0.266403019 -0.230370223 -0.879998182 -1.785990973 -0.933508986 -1.313022132 -0.318184058 1.278224360 -0.243278322 0.416806205 -0.981055444 -2.071265209 -1.643873865
-25.345496512 -17.031212462 16.818429844 -0.258408839 0.370630662 -0.656711017 0.603811580 0.221192599 0.473980008 -0.445244364 0.546389023 -1.373403716 -0.203408344 0.552361210 1.037410134 1.429920940 1.373129089 0.594161566 -1.121657427 0.634517451 1.852826415 -0.185445277 0.612841476 2.061237741 -1.000443541 0.666084917 -0.582036100
-22.229858577 -30.341138459 20.607207949 0.775324971 0.183031373 0.513376852 -0.319084492 -0.642477693 -0.366488800 0.101307039 0.770130662 0.629250324 -1.446500923 2.420771531 -1.022729366 0.926539100 0.029796787 -0.112231271 0.169899489 -0.765631951 -1.733375323 -0.275150506 1.452651939 -0.081350092 0.887179558 -0.716416897 -0.367543330
-10.623707452 -27.385144187 18.078345903 -0.547067245 -0.809734962 0.108633027 0.182333723 -0.301025620 -0.197053945 1.262654232 0.081505025 -1.505840438 0.911165543 -0.327822757 -0.360088137 -0.149208181 -0.270596634 0.481809147 0.011776352 -0.202134185 -1.469727563 1.005857945 -0.794126313 1.287527801 -0.628145974 1.788998841 -0.955044442
-15.199587427 -24.185062441 21.263864865 -0.015970297 0.177114218 0.410755122 -0.894234719 -0.114316950 0.230369893 0.728802852 -0.186341834 0.690551370 -1.209453259 -0.082502474 -2.052182986 -0.127566063 -1.463227151 -0.265760534 1.352473501 0.785425713 -0.138799739 0.046814240 0.157241128 0.625479061 1.331207821 -1.680479968 -0.654502299
-22.865930458 -21.650842207 22.744415608 -0.722819742 -0.051624032 -0.221804501 0.652433401 1.157585873 0.242670263 0.376202830 -0.633579317 0.566223913 -0.328823638 0.854540472 0.518385709 1.359110621 -0.477396219 -1.246296531 2.079867817 -0.321384341 0.218558769 -0.571031910 -1.574266401 -0.814920534 0.817888382 -1.365105112 -1.850384199
-23.795099100 -25.423696326 20.315420481 -0.452568906 -0.232673095 -0.685053090 -0.521293468 -0.411365201 0.463369055 0.341487365 -0.084678249 0.041382493 1.158364588 -1.003022060 -1.142129296 1.124060320 -1.210603734 1.110209140 -1.528424056 0.017484020 0.165279661 0.283958684 0.080022695 -0.564829955 -0.785499873 1.690367653 -1.481861403
-16.028229110 -25.956473423 20.270704484 0.195776544 -0.703392255 0.054134974 -0.681160984 0.748226742 0.640644196 0.894920016 0.602611248 -0.069805327 -0.151333033 1.292154961 1.423310292 0.925441036 0.677331497 -0.122904308 -1.086274492 0.252446458 0.076757569 -0.588937769 -0.499085682 -0.102612082 0.731451856 0.187402122 0.063122733
-16.542442211 -26.705664073 10.516754926 0.469609025 -0.468271037 -0.254273964 -0.703942008 0.577505658 -3.019602462 1.560185597 -0.177940998 0.364265620 1.596808640 -2.032655690 0.342949632 -0.733940306 2.370845096 -0.527448485 0.773897138 0.845595905 0.452562375 -1.105306019 0.184891558 -0.058220991 -1.858083777 -0.078746198 -0.020585603
-18.458079827 -17.046038508 10.858567743 -0.318976225 0.722734345 -0.068178588 0.609311837 0.502120448 -0.362559013 0.244410380 1.546611192 0.050142995 0.187538027 0.198887973 0.988814729 1.677327537 -1.148308676 1.182603536 0.244575655 0.390500196 -0.417961438 -0.385177762 -0.238350597 0.974556210 0.261634452 -1.690476142 -1.548240392
-23.412069453 -26.223994656 12.500214610 0.110900272 -0.685111809 0.707224908 -0.134743712 -0.699125220 -1.262812523 0.207635160 0.404527988 -0.189259554 0.415504958 -0.727041768 -0.350909538 -0.131840107 -0.229588182 -1.154638838 -1.143416081 -0.679322882 1.017183206 -1.947021984 -0.152870024 -0.347693194 0.524938054 1.795791420 -1.038522117
-18.594368811 -28.705561740 13.022532668 0.651892590 -0.171609344 -0.687513800 0.270020479 0.353346725 0.330490385 0.716312826 -1.684026739 0.995900589 -1.217480981 0.051521692 -0.755288781 -0.897513636 -0.104897817 1.538503247 -1.154294688 -0.985835595 0.427867093 0.494678765 1.283783122 -0.503336148 1.340508726 0.966072547 1.559221137
-19.542338435 -17.812664368 11.801596907 0.017349463 0.884070061 -0.258684767 0.388846133 -0.795252957 -0.958755325 -0.523646948 0.739586839 0.208225129 -0.502184731 -0.670052884 -0.576551304 0.635837982 -1.158934884 0.647966955 -1.379363868 1.415031960 0.664233543 -1.243787882 -0.577561792 1.107593847 0.998652230 0.909537330 0.269005460
-15.899494989 -24.819967688 10.104747195 -0.786538757 -0.396431733 0.456351125 -0.126262880 -0.610625163 0.967430421 0.297498089 -0.075704801 1.080868898 1.228461571 1.786512233 -0.665196812 -0.263785542 -0.308220601 -0.862692602 0.805259300 0.006903097 0.314503486 -0.616870226 0.505604027 -0.811759059 -1.340688648 -1.098652696 0.520724500
-14.764528832 -22.823412063 17.075159977 0.933907042 0.015254460 0.298863894 -0.195615210 0.942465626 0.711494379 -0.830252919 -0.558115699 -0.774281332 -1.943858964 -0.455555368 -0.345419324 1.630412306 -0.748821023 -0.918656366 -0.042078147 0.024973966 -1.254255946 -0.762481820 -2.138821211 1.004997343 0.231263634 -1.217122995 -0.161821205
-25.836505387 -15.486969739 20.558334574 0.132451295 0.783577624 0.536338397 -0.284260242 -1.144294488 1.070863620 0.101774169 0.792349024 0.079250660 -0.297179681 -0.662989326 0.214407548 1.262958805 0.668053295 1.517670789 0.497936534 1.321012862 1.359092130 -0.294255061 0.418854275 0.404871580 -0.955050290 -1.332320153 1.426859683
-11.466764867 -25.243010206 22.544503978 0.314434325 -0.054765215 -0.005907110 0.947679763 -0.553688579 1.682350210 0.134667886 1.027767007 0.715638153 0.474326074 -0.247761202 1.056738821 0.598310649 -0.658195753 -0.727097436 -0.697401085 -0.662332344 0.510308863 0.405931039 1.163048331 0.776452119 0.001296872 -1.322160206 -1.179029824
-20.048253994 -21.909645945 24.783338446 -0.141546692 0.600445456 -0.341704973 -0.708990479 1.466040843 -0.871115274 -0.612042173 0.937455591 -0.448129200 -1.531566126 0.880432859 -0.976353510 -0.552151978 -1.663830093 0.269212460 0.860116632 1.832291214 -0.292139666 -0.097970069 0.437537596 1.371773294 0.223889393 0.503991578 2.318681346
-26.975316804 -20.456163184 22.044621104 0.529208579 0.196730439 0.252430468 0.785820764 2.540557972 -1.279043379 -1.829009777 0.708798675 -2.011142837 -0.255274461 0.258091141 -0.799627381 1.135230334 0.038913908 -0.435970332 0.242342116 -1.082192319 0.504518219 0.161592560 0.633082834 0.058728045 0.441365827 -0.234386928 1.333010510
-24.538177060 -28.172296117 16.567020522 -0.503938073 -0.526072703 0.676645996 0.106977223 -1.285755106 -0.396521176 0.241970420 1.391529723 0.363478731 0.645723942 0.810259874 0.385017287 0.459728127 -0.007935829 1.270919971 0.877244032 0.555470489 0.518406986 -0.883841857 0.105299867 -0.692466178 -0.342405994 0.407798805 -0.509784371
-20.691494623 -16.841398324 11.360429925 0.735265791 0.500919056 -0.301556380 -0.342823666 1.511596599 1.105966658 -1.714236402 -0.789357344 0.335262435 0.092958789 -0.136808541 -0.471133026 1.823250417 -1.561548157 0.549352681 0.233010346 0.224406990 0.903064190 1.238161345 0.141380165 1.025795803 -2.897078444 -1.150174729 -0.137645143
-15.221240896 -26.662161940 15.719953306 0.792628898 -0.240493262 0.504716901 -0.243235012 -1.648393074 0.177266813 0.801512948 -0.606850109 0.804529580 -2.128032021 -2.545674804 0.594780102 -0.155606019 -0.156267201 0.472931221 0.555403431 -1.583205251 -0.399653569 0.493312333 -0.457970079 0.935381191 -1.262490824 0.153011786 -0.881379170
-10.371347700 -18.675391719 16.765492823 -0.539847393 -0.497321813 -0.644345121 0.214604688 -0.076262026 -0.013071129 -1.345704713 -3.097475234 0.845191004 -1.025542037 -0.540363351 -1.321120894 0.777196791 -0.100355460 0.716401227 -0.031968100 0.116906784 -0.562958005 -0.533994961 0.634949046 1.643139991 0.276184805 -1.353607581 0.787425152
-22.572300237 -16.710644011 20.173584610 -0.886713515 -0.405130575 -0.184169227 -0.125259951 -0.335101887 -2.205609914 1.817100594 -0.198593928 1.509711185 1.009434181 -2.603012051 1.225056181 -0.586454784 -0.873736867 0.180466828 0.228298868 -0.122240650 -1.816599870 2.429533410 -1.889195021 -1.468950309 -2.279333660 -0.413248354 1.383533149
-13.294059402 -26.992340591 16.427056271 -0.224626143 -0.004023823 -0.619665427 -0.752025042 -0.005668063 -0.466596021 -0.333930471 1.143681432 1.477645698 -1.372913873 -2.678243561 -0.345378350 -0.114831257 -1.037146111 -0.483263627 0.023261756 -0.183204242 0.380096151 0.850905942 -1.769300660 -1.871533180 0.320402763 1.323545543 -0.283110738
-23.481507057 -24.545622524 16.021476932 -0.065624904 -0.469677925 0.221750043 0.852011113 0.015095147 -1.793401207 1.874444081 0.021109723 1.272810997 -0.611652557 0.052515152 0.120224756 1.953848664 -0.852477653 0.391426661 0.329113818 -0.858348769 1.852599830 1.126202828 -0.127706340 2.354207100 0.583149179 0.754342823 1.169716878
-20.649376128 -12.910575443 21.958308908 0.207323164 -0.228150841 -0.939334616 -0.150382108 -0.192289222 -2.034077849 -0.396396370 0.380151942 -0.873269890 -0.485017883 -0.476513214 1.568781675 1.717682107 1.039306369 1.457717058 0.417585482 0.575706929 -1.989365420 -0.325048329 2.703576976 0.188578743 0.652009593 -0.889140631 -1.113949003
-16.329090619 -23.560612805 22.427781635 0.385319074 0.650640672 -0.295870440 -0.583657955 0.598289735 1.045597360 0.056376845 -1.539975120 -0.623840145 -1.897411623 -2.107422423 0.899007417 0.821299150 0.441430543 0.096398373 0.383092377 0.903699145 -0.416423644 -0.801332658 1.636759168 1.936632346 0.220569650 0.107609989 0.301745967
-20.155758250 -16.608313518 9.737234645 -0.497274131 -0.135744069 0.583387702 0.627654981 0.571577499 -1.357994355 -0.359859545 0.111055849 -0.809967209 -0.296770431 -0.654087115 1.297154007 -0.522054709 -0.469025880 0.124059889 0.130137199 -0.020412246 0.142355295 -0.565774955 0.790169233 0.109291484 -1.553949046 -0.410711613 -0.457185375
-16.055757818 -22.281134082 21.866311927 0.185442374 -0.972157402 0.141634489 0.021465847 1.407196011 0.445278899 0.178011583 0.422164985 -1.279640113 1.136225551 2.267253422 0.172610771 1.741040812 0.337450884 1.281393486 0.739863371 -0.749255987 -1.795701195 -0.185996840 0.131446560 1.080282028 -0.341496841 -0.094794955 1.179921539
-20.529716865 -15.529639246 17.517901950 -0.189228457 -0.200220256 -0.352924345 0.894174953 0.747391553 -0.427862088 0.624618117 1.420587435 0.815075042 -0.061733900 -0.996428400 1.275697131 0.293663986 -0.954912201 0.223225620 -0.086026313 -1.017265389 -1.341112303 -0.727238517 0.100623797 -2.644088724 -0.016632282 -0.132117166 -0.077153054
-16.683301465 -26.460674574 16.801624172 0.593248787 -0.281946312 0.648816905 -0.384185864 -1.581927997 1.170976801 -0.931268030 1.684037648 -0.555588308 0.383219034 -0.810855327 0.957220007 -1.527485195 -1.254482746 0.503404747 0.011597275 -1.499205786 -0.130553384 0.635046384 -0.467358993 1.288899464 -0.106149810 -0.151300452 -0.723971193
-12.747832637 -20.115567137 19.996916078 0.072918270 -0.546776161 -0.367961512 0.748547314 0.060900660 1.337093910 0.363267740 0.344031695 0.331535195 0.900865388 1.901408417 -1.586372431 -0.547663399 1.142738904 0.006642025 -1.689778037 0.148227915 -0.087247482 -0.887206693 -0.975828947 -0.386953712 1.710759444 -0.395626622 1.063004315
-17.099554739 -20.714993484 9.130926072 -0.037678296 0.287031079 0.931770739 -0.219081711 -1.252254778 -0.387644396 0.893655864 -0.980919321 -1.308271914 -0.825116094 -1.790470963 1.910475461 -1.278966954 1.223083260 1.268197012 -0.314844018 -1.521947407 0.735932557 -0.218706120 0.528440702 0.553781041 0.820896308 -0.900228943 1.279544295
-13.519494306 -20.465987665 25.525754161 0.086660576 -0.466243106 -0.154806494 0.866684637 0.754496644 -0.495890548 0.365319089 0.903139189 -0.401715536 1.162138177 0.526438714 1.518181504 -0.388849155 -0.458413409 0.332701981 -0.887055504 -1.012126576 0.442171847 -1.749160935 -0.645549472 -0.121118019 1.323537295 -1.141867889 -1.536164320
-11.282940482 -16.520737696 20.855342081 0.459698446 -0.156014795 -0.873618112 -0.033587450 0.018018562 -0.576574341 0.166108693 0.385654142 1.055700365 -0.631912258 -0.108965124 0.458299848 -0.290788227 0.552089458 -0.237309788 -0.392349423 0.882041837 1.685274646 -0.760365088 -1.028496403 0.822992549 -1.108786714 -0.162792620 0.365397575
-18.907710585 -24.249692883 10.221376213 0.772722598 0.593870930 -0.011180942 0.223812625 0.347861347 -1.409502448 0.855666200 1.029572759 -0.039435440 0.990562186 0.406985891 -0.271976357 -2.520162595 0.470030354 0.075707944 -0.311667987 -0.470126604 0.479745109 -1.996103136 0.810659009 -0.157445448 0.651805610 0.335009107 0.198664227
-11.605883504 -19.379537777 13.600286206 0.201755169 -0.549293423 -0.589694069 -0.556625989 1.055396356 2.120574890 -0.793962546 0.937190131 0.007892942 0.840599542 0.553123988 0.137357773 0.852348483 1.311053840 0.003446343 -0.413133583 0.360160668 0.101804595 0.613133049 0.533444455 1.394745781 -0.289086344 0.559703282 -2.143980526
-13.756779037 -22.621671526 20.056934091 -0.081033906 0.553982572 -0.817014638 0.137927143 0.900680586 0.450385236 -1.075532282 0.055138018 -0.220774574 1.699651017 -1.499990924 -0.394019518 -1.524430412 0.915753166 0.747795464 1.207444691 -1.073351129 1.500396574 0.429815362 -0.838694861 -1.367874487 -0.679808936 1.576276764 2.023623408
-23.361199905 -27.881040722 19.243895385 0.529020431 -0.458524044 -0.103228168 0.706567074 -0.135683143 -0.048172187 -1.373023251 1.139950636 1.132909667 1.293499003 1.120206665 -0.791970003 0.258023364 0.177221325 -0.366918168 0.087297394 0.453920636 -0.440490866 -0.096538458 -1.033320154 -0.500020908 -1.006045977 -1.339378108 -0.241376854
-20.281814086 -20.676337146 19.114170102 -0.173397091 0.834792332 -0.522483629 0.008128285 -0.498599247 0.799859786 0.104981199 0.212492536 1.297392432 0.244008493 -0.409306646 -0.948913938 -1.206640657 0.761601349 0.671028725 -0.550765109 0.848815972 0.325174714 0.512229425 -0.448087679 -2.353996159 0.450180928 -0.845406394 -1.438202319
-21.085072863 -20.900489325 10.092656968 0.641329190 -0.294946757 0.658569728 0.260747374 -0.374025376 -1.010801250 0.098973245 0.906632713 0.209837213 -0.409365910 -0.524412018 0.276571181 0.257269614 -0.350371283 0.301850851 0.166083242 -0.993095380 -0.738129471 -1.681716220 -0.143361414 -2.318654510 2.326613966 0.154157551 0.306745624
-26.172549773 -25.001241594 23.519972098 0.431192834 -0.667558068 0.598940435 -0.098535888 0.341230688 -0.196258944 1.675476294 0.592304813 0.152775124 -0.154517967 0.601144478 0.349296424 0.075812084 0.015499886 0.471475803 -1.116294801 -0.293299705 -0.152339186 -0.361211538 -1.937601249 1.724004727 0.568578015 -1.299334230 1.052611126
-21.482607780 -22.289735079 12.216826249 -0.295206219 -0.152864839 0.175201524 -0.926709261 -0.756007098 -0.833234016 -1.563633539 -0.004282878 -0.153565032 0.646685036 -0.262774060 1.268969277 0.120662118 0.351297362 0.309564306 -0.127088066 -0.069262512 -2.641324991 0.169379047 -0.902848147 -0.534514171 -0.135355399 -1.732116957 0.273609982
-17.045438882 -24.921165258 10.175044188 -0.353991908 -0.467303796 -0.488990799 -0.645913995 1.080861472 -1.682076313 -0.523877751 0.149830422 -1.983078955 -1.193822547 1.201927227 -0.288250958 0.983057926 0.552950004 0.752498147 0.186029288 1.498638756 -0.048757681 0.794765188 -0.997932378 0.393539868 -0.866427543 0.033593828 -1.034490287
-16.637358589 -19.401126368 8.739137447 -0.113571824 -0.788060866 -0.603834874 -0.038012590 -0.887036175 -0.383583880 -0.284747034 -1.220312632 0.802055440 0.114074018 -0.727942914 -2.062270442 1.352327670 -1.225298978 1.972327405 0.227317765 -1.699541698 -0.240133352 0.607841759 0.509506921 0.319384024 -0.155342810 1.055660579 -2.091390478
-24.394699342 -17.900993569 16.999315142 0.469949133 0.339373382 -0.149188048 -0.801072060 1.396258580 -0.327547582 1.222816035 0.617499801 -1.266963176 -0.117175135 -0.060619517 -0.214024561 0.531852925 0.207431582 -0.074680293 3.386752368 -0.626810681 0.529588585 1.252072952 -0.854798028 -0.213153316 -0.493977612 0.859423679 0.448629698
-13.873932359 -27.891116265 14.119994276 0.436694937 0.110441899 0.884453183 0.121830562 -1.102299646 -1.166771422 -1.101735790 -0.095955382 0.291111951 1.022855683 -1.650787980 0.386173345 0.900415504 -0.645072893 -1.573880437 1.773893508 0.889250811 0.027987459 -0.960998645 0.214295233 -0.836882826 1.213411021 -1.388928111 -0.694394623
-10.528673656 -20.065882448 14.261399695 0.270655798 -0.689749910 -0.640223374 0.202742526 0.580314939 -0.145068342 -0.507342958 -0.818893192 -0.443536116 1.460139371 -1.128932681 1.294543989 0.269004836 -0.930756103 -0.436154040 2.332852950 -1.885584347 0.020004435 -0.980054018 -0.905323545 0.584545767 -0.486363826 -0.549684279 0.384889210
-17.829519644 -19.588411601 24.755002251 0.490889951 0.597401477 -0.102326494 0.625833700 0.809312128 0.192837723 1.311770075 0.318123832 0.678603231 0.280271693 -1.478026115 0.889688048 -0.166594965 1.203744505 -0.395109800 -0.334199704 -0.558852952 -0.127735839 1.023050067 -0.233465311 0.390097248 0.649200241 -0.848456022 -0.152610469
-17.596880816 -24.190130266 10.800309345 -0.677111842 0.270131496 -0.617529305 0.295306765 -0.121583959 -0.481804347 0.263340098 -1.097772190 -0.659124459 -1.207158646 1.349658683 0.256219631 0.217836603 0.591883127 1.603129148 -0.930067615 -0.167399897 1.053840062 0.719981268 -1.084509271 0.746160406 0.486997364 0.036982014 -0.612591217
-18.513206895 -21.491997489 17.972415942 0.025985564 -0.029187302 -0.270567942 0.961907397 -0.054557430 -1.847247660 0.344283118 0.872111256 0.383200883 0.500101498 1.559500669 0.832534788 0.033233490 -0.930103627 0.157929452 -0.357610534 -0.036507440 -0.229829477 -1.051444636 0.130264460 0.619773295 0.216240143 -1.444537921 0.295234460
