15.659582454 -15.672217062 9.334584300 0.512877068 0.507789683 -0.519509161 -0.457402429 -0.794101901 -2.446456112 -0.562603667 -1.893696968 -0.129130660 1.215831990 0.268682413 0.484803214 -1.153934967 -1.061173157 -1.068176759 0.254356153 -0.558519239 -0.565854999 -0.524888806 -0.353283650 -0.326026785 1.153226156 -0.948886907 0.969263988
16.005227871 -22.601933718 17.906994329 0.598275384 -0.321409904 -0.416861874 0.604142712 -0.683496934 1.664488212 0.373317233 0.194940885 0.229339903 -1.088031029 -0.136698249 1.051144614 0.388831451 1.733657303 -1.013886842 -2.077963424 -1.199790271 1.279824507 -0.243750865 1.498119623 2.616836519 1.097204961 -0.170205756 -1.037385317
20.084845444 -15.669725872 14.524557402 -0.071396170 0.677990790 -0.141781347 -0.717724964 0.386595528 1.291600224 0.348692288 1.269801125 0.154061683 -0.184351393 0.626967746 0.133973771 0.714953957 0.847230186 2.031170929 -0.203239739 -0.796452887 -0.662794203 -1.211775305 -0.339026849 -0.497296152 1.445873102 0.927722976 -0.831055033
10.338696480 -18.157283673 7.646755935 0.164808307 -0.165800760 -0.454089902 0.859738734 0.409270583 -0.215236333 0.087561013 -0.976651694 -0.080298126 0.698721500 0.261073194 0.633394288 1.019287655 0.024330735 1.139533721 -0.643242456 0.320265395 0.486564223 -0.768935287 -1.692370959 -0.231052446 0.145968545 -1.162644924 -1.015285027
16.669601012 -14.218922442 11.561836563 0.314927458 0.306441925 -0.809703507 -0.388965645 0.131443966 -0.303875523 -1.130109710 -1.185277856 -0.425334148 0.029194731 1.246067234 0.003319526 -2.572194657 0.407133509 -0.249930769 0.825385513 0.640115312 1.222555803 0.754925117 0.096793998 0.781058918 -0.714775909 -1.135270683 -0.044182448
9.110633556 -20.886025457 17.738483034 0.792838136 -0.427282710 0.066072612 -0.429501554 -0.487493627 1.367175292 -0.437574420 0.847887204 -0.686570778 -0.232248496 0.518579192 1.166144895 -0.574825885 -0.038912747 -1.966106429 0.263505622 -0.329337274 -0.306279347 0.197636290 -0.931623640 1.248317196 -0.616430905 0.824383527 0.505606462
13.384272955 -22.025676454 18.160004567 0.301688721 0.065277523 -0.558823281 -0.769700787 0.148442505 -0.560653102 1.300796521 -1.193244122 0.788893816 -1.721302869 -1.553251526 1.887585823 1.494084349 2.489871294 1.214956023 2.577723478 -0.999343361 1.081633461 -0.299012894 0.829402627 1.169379911 -1.056590692 -1.371790565 0.045454979
16.727444730 -17.843555784 21.934366808 0.368181588 0.164130207 -0.576292044 -0.710908625 1.052148105 -0.725752346 0.424482477 -0.844872530 1.363565784 1.955344701 1.439017752 0.059541860 -0.940695962 -1.224867145 -2.035406622 1.325451508 0.323729556 -1.429577020 -0.248992954 -0.539930849 -0.060005154 -0.823650250 1.498167060 0.890328683
8.216177997 -20.201063107 7.359588126 0.510838629 -0.464075254 -0.678092419 0.252722626 0.190144502 -0.367024805 -1.017135099 1.912956002 -1.377465760 -0.166030635 2.345669599 -0.370348736 -1.684247718 -1.922503100 0.459770427 0.803328327 0.921882842 0.522282004 1.231976382 1.113089298 0.533962695 -0.803708313 -0.949111734 1.045582668
5.732237367 -17.397239150 11.894662998 0.529883553 -0.674312870 0.182182901 -0.480972934 0.578755644 -0.945988234 0.684958855 -0.837626737 0.234121834 -1.205255240 -1.105298285 -0.264771040 -1.359277802 0.420962730 0.585371045 -1.249295541 -0.767061394 -0.247818113 -1.649329059 -0.239964561 -0.538019640 -0.748585950 0.866660262 -0.677361675
7.033651818 -14.671819622 21.712469084 -0.766274258 -0.445047609 0.008934309 0.463332025 -0.521636762 0.288768839 0.623887163 -1.812656495 0.165004016 -0.739934908 1.751126440 1.511163427 -1.897486722 0.548153867 1.105321469 -1.710373579 -0.804114200 0.519027814 0.578990686 1.400372815 1.744438622 -0.481899267 0.044951245 -0.732327368
7.185005911 -13.896534345 20.589393173 -0.168733146 -0.247867272 -0.903588373 0.305972209 1.076911571 -1.360260109 -0.530735952 1.754141830 0.186854980 1.872937556 0.567460689 2.118262003 -0.318032908 -1.295034685 -0.597183609 0.575891326 0.937227032 0.283873498 0.389127039 0.635144653 -0.323656895 -0.403945065 -1.853159291 0.681819893
12.508867726 -19.383805440 20.253883263 0.536995822 -0.176964760 -0.809333199 -0.159055755 0.690153045 -0.656282941 0.287053554 -0.347918758 -1.025901042 -2.075361628 -1.328925857 0.220549169 0.648071026 -1.027353689 0.168558213 0.166569024 0.613476202 0.214976970 0.096342162 -0.622672091 1.771024371 0.466556945 0.266804094 1.198203636
6.118865007 -17.360053160 20.686317916 0.186712288 -0.720248875 0.664310167 -0.071218542 -1.523495282 1.235376550 -0.243056348 0.760066000 0.938990370 -0.069879711 -0.930957367 -1.522346702 -0.229424187 -0.037113911 -0.020300033 -0.473048275 0.860771816 -0.244667359 0.218012855 -0.458761168 0.292021325 1.414422717 -0.321704814 -1.120089599
7.145200614 -14.670996151 14.592411296 0.667101756 -0.033796568 0.119135416 0.734601791 -0.286875620 -0.511627812 0.506704753 -1.386000147 -0.979593784 -0.862910220 -0.319358163 0.712177112 0.520610718 0.076776092 1.516339573 -0.150608524 0.442906462 0.412246994 0.393401213 0.565317107 -0.124317727 -1.094526590 0.064880337 0.818980976
8.034551884 -16.236393127 12.737444057 0.081509496 0.200175147 -0.896860033 0.385912159 0.969342744 2.742338074 2.936275675 -0.034649413 -0.072494763 -0.823792660 0.187950934 -1.419685968 -0.188139503 0.462903826 3.175193892 0.184988721 0.292676861 -1.367131302 -0.512253353 -1.528727274 -0.055555501 -0.213709180 0.105944132 -0.829533779
11.639156656 -11.498867799 14.265173639 0.945079707 0.017428987 0.323378664 0.044122760 -0.646375951 0.216835671 1.168471974 -0.195838638 -0.385077385 -0.956991523 0.100121899 -0.291485707 -0.123883300 0.412084790 1.682646873 1.140227970 0.519531498 -0.783610149 0.638649892 2.189432041 -0.642307442 -0.333441478 -0.407047728 2.207326785
17.590625538 -10.349196712 19.439075087 -0.081917528 0.850846576 -0.503718543 0.124969004 0.560641610 -0.262220422 0.190120546 -0.028041301 -2.189786998 0.217191587 -0.159185184 -0.045936060 -0.898848708 -0.120047885 0.075955654 -0.927422557 0.979666691 0.754731551 0.867058275 -0.152485522 -1.554873741 -1.868588315 -0.898788531 1.105820163
12.509004974 -11.698286066 18.599332065 0.049333705 0.558467539 0.827759392 0.022239229 -1.544280123 -0.230017311 -1.692946654 0.192136057 0.041110526 0.169210077 0.420651323 -0.512429495 0.740207614 -1.003747281 0.342266351 0.534556823 -1.323271061 1.056181084 1.608602288 -1.878600179 -1.023544644 1.046547388 0.968213165 1.128233133
12.382935577 -8.640804124 20.907751823 -0.019182699 0.062466847 0.040128362 0.997055481 -0.054051831 -1.988224298 0.522909690 -0.997028822 0.255185700 1.613632043 1.792182901 1.000131877 -0.970249780 0.934326137 -0.612218989 -1.800162988 1.430632052 1.471966278 -1.402419537 1.978478038 0.636355491 -0.488117150 -1.062336423 -0.332895132
17.884805263 -19.728909102 20.763769596 -0.631802753 -0.053565114 -0.626966491 -0.452624655 -0.320989578 0.415096439 0.080280029 2.078828851 -0.482625612 -0.936857536 -0.544515374 -0.787003784 2.585921673 -1.308524897 1.487560184 -1.173138566 0.587684699 -0.299420210 -1.853987558 -0.364969421 -0.429000224 0.451980791 1.728160198 0.421339305
13.018323105 -25.208959310 16.787642989 -0.206974217 -0.154236852 -0.679802206 -0.686470413 -1.232673623 -0.326187971 -0.599778671 1.979400664 1.737847803 1.336425323 -0.409837121 1.499539487 -0.000407670 -0.495193242 -1.738269936 1.777172140 -0.327059848 -1.034116234 0.654047094 0.094294165 -0.545154741 -0.866629256 0.822424370 0.890017833
10.159541251 -17.729939427 9.280983631 -0.193278022 -0.116092988 0.353301547 -0.907933941 -1.344520221 -1.114629680 0.532155573 -2.928102957 -0.161484479 0.382487777 -0.256883119 0.170959229 0.689717132 1.265168172 -0.903355487 0.124884589 -0.342654376 -0.963060006 -0.555282508 -1.501163355 0.317920529 0.032225507 0.638576338 0.483079217
12.384323793 -14.647004665 24.650530988 -0.505185256 -0.389123543 -0.585802212 -0.500206451 -0.986995931 -0.527453638 -1.361028637 1.447599070 -0.642836305 2.414529359 2.053122302 -0.528070587 0.453703495 0.563160364 0.040469316 0.633278609 0.559614673 0.764875243 -0.062914565 1.782759460 1.550218139 1.270575633 -0.724209724 -1.343709213
18.733814929 -15.069722474 20.428053282 -0.580345316 -0.483138007 -0.499549632 -0.424531678 0.857136454 0.817582585 -2.001178957 0.138950713 0.245264453 -0.190835932 0.406625832 0.784244508 2.711910247 -0.445362123 -0.991751967 -0.117810566 1.909535565 -0.840314034 -1.040201912 0.224138295 -0.626023044 0.072270952 0.342533464 0.821900656
15.403767628 -7.813034242 17.249209020 -0.143992559 -0.795399713 -0.540171916 0.234136158 0.878687996 1.639500665 -0.200340483 0.437674583 -1.143456601 -0.095072506 0.557333956 0.646012085 -0.639803993 0.199522781 0.261516358 -0.258030906 -0.500215006 0.852147365 0.200263333 -1.811561440 1.033706971 0.270666981 -1.287766880 1.371025034
8.558844575 -15.906425774 8.001728880 -0.870810705 -0.360850997 -0.329249963 0.055405188 0.665380728 0.002311904 0.010591948 -0.535222626 -0.013010850 -2.352200565 -0.338082601 -1.104743182 -0.147225077 2.186205163 1.126700729 -0.528748326 -1.515506030 1.467191751 -0.209065312 -0.650255733 -1.200933270 0.044724484 0.011195642 0.575911519
5.471112116 -13.636870466 22.787249212 0.637089797 -0.014376147 -0.672949540 -0.375564687 -0.625864400 -0.707402830 0.418053268 -0.242121170 -0.723978404 0.262816648 0.193665302 -1.171993691 -0.915173858 -0.490094946 -0.104436725 0.685876594 1.554132171 1.464970083 1.163582233 -0.984224203 -0.883243517 1.808231377 0.952414791 0.528326414
9.516741180 -13.299593138 22.724187616 -0.677435302 -0.114986364 -0.709945938 -0.154390130 0.622863826 -0.949404745 0.096348081 0.998402310 0.154945952 0.796981093 -0.169986281 2.227499565 0.779016927 -0.966408232 0.381654959 -0.616783109 -0.608233226 -0.402352006 -0.414246668 -0.044826390 0.737057765 -0.974558054 0.353787228 0.897268219
8.954100917 -12.888166513 12.736011782 -0.236357867 0.713345149 0.614223973 -0.240837224 0.145575646 -1.162698619 -0.290659022 -1.281657471 -2.014799732 -1.009479774 1.138969425 2.228681065 0.318966659 0.495416865 -1.627178913 0.758893691 0.236101099 0.532471593 0.800292695 -1.699937039 0.459601079 -1.212909330 0.892512043 -0.415651951
14.672667382 -12.410213032 15.316667205 0.085233230 0.684055784 -0.596516040 0.411061546 -1.323705555 0.457729361 -0.103466259 -0.382363537 0.203609929 -0.128997328 2.387664500 0.825117372 0.132606530 -0.879922271 -0.670132431 -1.055777060 -0.712648896 -1.108868467 -2.126191222 -0.373852864 -0.091400695 0.650976134 0.506978643 -1.920667474
18.530925295 -9.993006300 16.163923544 0.037041144 0.112466419 0.992963333 -0.001754163 0.657927116 -0.628324409 -0.475264159 -0.177194192 -0.967715437 -1.106808918 0.175602193 -1.562547922 0.438653153 -0.230607465 1.486874966 1.134328160 -0.265673919 -0.584236059 -0.444513151 -0.237002420 -2.018826137 1.507626870 -0.540677604 0.075401878
9.900163693 -13.620705844 19.671570841 -0.018592695 -0.188688394 0.782783897 -0.592705974 -0.391762690 1.216477928 -0.233947112 -0.647499865 0.875323863 -0.637042643 -1.325753705 -0.613366823 -0.525327152 1.425200206 0.127513823 1.556033399 -0.379546707 -0.668184212 -0.144726332 -0.430607268 -1.796367692 -0.144779976 -0.267214406 -0.423874854
6.741909001 -16.057372138 14.342536148 -0.167434708 0.379474553 -0.350630508 0.839656435 0.014273300 -0.477369597 1.700637564 -2.623366759 0.195679403 -0.436504537 -1.789354276 -0.088007019 -0.833983775 -0.976746863 0.447325066 -0.319391290 -1.004947604 0.607443147 -0.880351490 -0.841143564 -0.153094717 1.469934509 -1.224890523 -0.683077143
6.795641565 -11.621097996 19.490642467 0.426686223 -0.398332441 -0.209867804 -0.784363206 0.232673040 -0.639319002 0.120089540 0.179459165 -0.539993439 0.444689002 -0.160512345 0.439649584 0.632013923 0.265453844 1.081737421 -0.632617655 0.155883495 -1.344137687 -0.985715199 -1.433471034 0.040483629 0.131429738 -1.014985855 -0.586275086
9.773214413 -19.785780034 19.447739789 -0.503134839 0.240690666 -0.774506382 -0.298434584 -1.943463017 -1.744878905 0.974436921 -0.362023727 -1.564751334 -1.841824178 1.778725735 0.344418381 0.064720001 -1.605663697 0.733857191 -0.587347993 0.277572567 -1.283505881 1.780574867 0.392699998 -0.890014641 3.482187418 -0.130101706 0.141266818
9.891950573 -6.825364159 17.075499934 0.601746578 -0.784892261 -0.030079209 -0.144708103 0.237620889 1.530713061 -1.770692968 0.010415059 0.358054365 1.337681911 -1.142980007 0.867661160 1.807338437 -0.888397035 0.091064486 0.029580458 0.171653178 0.683654945 -2.298073401 0.565729777 1.418338532 0.031068808 -1.339056542 0.864089596
8.318006611 -12.232678554 16.398515877 -0.920029435 0.093329986 -0.206661271 -0.319572326 3.105447442 -0.212801463 0.631521409 -1.117685640 -1.046655227 0.439654566 -0.939486944 -0.200449405 0.071582266 -1.424297777 -0.744429325 0.133485789 -0.834813135 -2.710124580 -0.171776881 1.878657797 -2.144922838 -1.925518200 1.155243237 -0.669567198
14.164823896 -19.801227513 14.083789253 0.985547023 0.078503336 -0.051924952 -0.140847756 1.482433651 0.925527543 0.062986634 1.008608241 -0.757132458 -1.746638416 0.491328127 0.857292369 1.501133214 -0.033754113 0.067343196 0.925872816 -0.055622302 0.439389139 -0.706602203 -1.357672837 1.518005677 0.782295438 0.041890912 -0.009918560
9.487299253 -23.234081557 17.018830960 0.733512866 0.252168975 -0.233017874 -0.586576809 0.236767457 1.577519439 -0.193541588 -1.168028754 -0.094790797 -0.327387672 -0.147017526 1.393280724 0.800867051 -0.327384929 0.306320921 -0.305711582 0.687539109 -0.884344843 0.718996492 -0.506211235 -0.129903558 0.626483727 0.128955828 -2.275385815
10.111956955 -24.225252727 15.787030543 -0.986747310 -0.097786462 -0.081237548 0.100836577 -0.678545247 -1.001212505 0.288169619 0.785235028 -0.115766733 -0.326195917 -0.904267833 -1.735626048 0.781589218 -0.338200734 0.256248481 -0.303599485 -1.097465098 1.351863065 1.652528037 -0.532068437 -1.351895921 0.400636654 -1.829249331 1.096511854
10.883801562 -14.131466090 9.219370416 -0.455156395 -0.392600657 0.255896276 -0.757109290 -1.387307565 0.690516981 -0.204009217 1.403098716 0.420038639 -0.981342364 -0.370528500 -0.237818803 -0.191165061 0.002580614 0.080816212 -0.420512784 -2.025509951 0.888287306 -0.245017037 0.432776031 -2.930608632 -0.515389114 -0.511943090 1.285785573
9.346612227 -12.364296111 17.650063264 0.744335496 0.279053789 -0.144738087 -0.589189730 -2.272072469 -0.723814603 1.289189663 -0.798612240 -0.203318809 -0.224234286 0.436258409 -1.263463592 1.505285733 -1.723821580 -1.160065441 0.996621159 1.252913877 -1.107028780 -0.413415803 -0.161703480 -1.498768265 0.517431100 0.533544388 0.479184298
2.034125508 -14.326981004 15.603350269 0.039359798 0.435101833 0.392374935 0.809431351 0.518888964 -0.015895465 0.554572453 0.110625841 -0.236593655 -1.212482067 0.710076744 0.544880802 -0.216789202 1.445595562 -0.073342450 0.944189484 -1.258889576 1.056645665 1.278914688 0.061785893 0.293362944 0.356461529 0.584941051 -0.133358956
10.882403339 -24.354999834 14.280126798 -0.353466132 0.088149443 0.447157565 -0.816909714 -0.919455445 0.703688002 1.489582987 -0.435258024 -1.377340004 0.059596621 0.496435154 -1.092902140 -0.197985672 0.525033319 0.048487939 -0.971845490 0.315753289 -1.681849539 1.096034896 0.851907057 0.426520192 -0.618364418 1.381925539 0.439375641
13.710656503 -13.872947249 11.624835665 0.229937392 0.734309627 0.305386652 -0.560943099 -0.214150331 1.207817651 -1.440618792 -0.778878711 0.971672477 -0.230837026 0.877992449 -0.748281805 0.738168720 -0.129682771 -0.972009726 -0.617861200 2.632181552 0.998829586 -1.576989174 -1.825973515 0.252065319 -0.130569312 -0.367638188 2.136458100
6.231618316 -20.040336692 21.696713633 -0.853612846 0.205111699 -0.147619518 -0.455502775 -0.308023770 -1.665605613 -0.954781310 0.019764956 -0.399589185 -1.104141270 -0.388891571 -0.064628500 -0.272207476 1.467719318 -0.602985604 0.450425699 0.356682435 0.991677865 -0.171107785 -1.004733277 -0.730992272 0.882382921 0.451530717 0.479372999
15.012477836 -9.999526561 17.176126603 -0.430599865 0.673052456 0.147895846 -0.582847293 -0.812146730 -0.656959736 -0.832817058 -0.615031850 -0.603415600 0.965095223 0.194546212 0.358166379 1.432202871 -0.309337897 1.441805682 -1.638289866 1.778631880 1.002176059 1.457013755 0.277304331 0.654657658 0.488556757 0.376881984 0.098703511
17.174280963 -11.055852938 9.813550766 -0.316552242 -0.151267397 -0.216307817 -0.911111289 -2.415049895 -0.247471075 0.081617913 -1.803909310 0.136286441 0.294910714 0.666715332 0.383979131 -1.028245643 1.019800714 1.328807035 2.325023861 1.782931241 -0.249629135 0.368333354 1.035702041 1.233011947 0.765177502 -0.300473071 0.066997370
7.230556031 -21.494383658 19.866157038 -0.358732358 0.373430076 0.772932315 0.366656119 -0.510771443 0.573842554 -0.397899135 0.269357741 -1.693857985 -0.302605334 -1.047942805 -1.169986219 0.431928446 0.036692135 0.047175665 0.000858546 0.890787366 -0.972005785 -0.352459649 -0.922674609 0.138079576 1.278983710 -1.045942386 0.753938422
14.446379977 -12.344076848 12.032662108 0.519046978 0.337207400 -0.626053595 0.474276608 1.316118863 -0.307066415 -0.198507405 0.607300624 -1.466960269 0.332479423 1.704983110 -2.028231764 -0.078635335 -1.120763939 0.484630936 0.194356307 -0.722812656 -1.669444203 1.018352884 -0.806883646 -0.434666315 2.241028956 0.095877935 -0.297461963
8.611000559 -8.970352357 13.670798465 0.691457723 0.067763200 -0.162117159 -0.700722764 -1.069601318 0.967281878 0.897256892 1.102780348 -0.347881361 -0.701392890 1.374581012 0.659017849 0.336919491 -1.371362776 -0.395195683 -1.270135980 -1.155793653 0.801850329 0.957123498 -0.803061389 -0.284718066 -1.899718456 -0.298227462 -0.559629703
6.347774675 -22.083643219 18.169521393 0.322793551 -0.461110696 -0.780969510 0.270680392 -1.179119624 -1.073249312 -1.054168741 -0.112380415 1.981167344 1.536590151 -0.053560923 -0.728950083 -0.444620878 0.849669488 -0.528058735 1.214497411 -0.317961000 0.916808367 -0.398361649 -1.275211220 -0.027220839 -0.135360742 0.643060371 -0.326446537
11.962457822 -12.247483296 15.644621954 -0.483486658 0.845504365 0.213021197 0.077362721 -0.579895617 1.033490982 -0.314133756 -0.666954113 0.807056843 0.661398909 0.088581847 -0.161288552 -1.131515964 -0.912536134 0.821686453 0.613132425 0.290044882 1.141823929 0.343067414 0.110963535 -0.372608220 2.295820731 1.773372826 0.379121950
11.697377392 -21.144234760 16.976490437 0.258672909 -0.575713703 -0.670560577 -0.389859681 1.101283323 -2.409323903 0.532414304 -0.542014356 -0.510487194 0.958281362 -0.366353665 0.582857214 1.227740094 0.655789419 2.285344184 -0.423023530 0.810818322 -0.733220032 1.056581799 0.645677255 0.519174070 0.049926726 -0.995143251 2.219886088
6.340504591 -16.376326992 8.820807949 0.199968608 -0.937971783 -0.266010684 -0.097261533 1.089658423 -1.462679987 -0.342299221 -1.554793564 -1.521033617 1.248743153 1.909251042 0.888343551 -0.554880627 0.238285543 -0.034184895 -1.067949880 0.264857343 -0.398570768 -0.307523668 0.186902257 -0.106434885 0.624058972 0.534564453 -0.554706279
14.294245346 -9.022093153 10.016964594 0.270342559 -0.152407625 -0.947425074 -0.077926539 0.029079454 -0.543906700 0.100492886 1.777667828 -1.598855742 0.101439983 -0.374820614 1.046221822 0.346711046 -0.404510929 -1.105350584 -1.037524186 -0.271160507 0.046417067 0.334043794 0.066432213 0.901252607 -1.221767060 1.041345883 0.287846146
5.616895055 -11.105408080 16.851403655 -0.467800973 -0.492604422 -0.245885843 0.691406744 1.325615711 -0.572504923 0.883546330 0.027577028 -1.048918606 0.136104095 -0.775239614 0.632190756 0.251637262 0.736687030 -0.035643615 1.128943039 2.137171263 -0.698479901 -0.347934704 1.525841382 -0.090127905 1.091790626 1.035989055 0.365495644
9.411519973 -25.282315974 13.634387453 0.477679716 0.316294003 -0.041357869 0.818577864 -1.975866298 -2.224137645 -1.621746265 -1.076570825 -0.808136116 -0.561915576 0.728742250 -1.428080631 0.515230369 -1.290878561 1.522838474 1.131855900 0.595210208 -1.406464705 -0.194819285 -0.136393264 -0.522352613 -0.429835667 -1.059339526 -0.109242530
9.016391738 -18.257409986 10.225569735 0.620593623 -0.549056578 0.512577908 0.225087356 -1.209640745 -1.274025882 0.728049569 -1.381054470 0.171876977 -1.764943386 -2.485269212 0.509747087 -0.648828923 0.034204597 -1.033026847 -0.099317266 -1.300063320 2.492314059 0.241173480 -0.516190057 -1.024925513 0.047328276 0.295672087 0.551107261
13.113251000 -6.779853466 16.686385597 0.547155275 0.793211573 0.049067116 -0.262733559 0.460468878 1.846217711 0.867919311 -0.261157954 -0.536924585 -0.025990514 1.001259141 -0.617689953 -0.270652897 -1.737175005 -0.046181049 -0.520112224 1.197241849 -0.700181011 -0.640673559 -0.238384777 1.367834713 0.697816530 -0.201034189 0.496946321
8.606335493 -9.146301052 18.838650020 -0.458539148 -0.007988976 0.885683875 0.072402349 0.074535406 0.395567467 1.201880152 -0.759107634 0.133677919 1.683483404 -0.108510445 0.522974192 4.492341870 0.139833952 0.533321607 -0.731767404 -0.007202557 0.044497640 2.828982836 -0.576858335 -0.978286193 -0.273023526 -0.128813721 0.111214203
4.157357469 -16.616968443 10.929238537 -0.628873518 -0.274104302 -0.327894119 -0.649515494 0.372420134 -0.986774932 1.033976520 0.609347830 1.684487928 0.719530572 0.599095900 -0.485052769 -1.920485450 -0.200261726 -0.080125610 0.616930394 -0.444531911 -1.590431794 -0.408450682 2.121115628 -2.020255499 0.814283510 1.035619824 -0.630177658
15.964540754 -20.408640236 11.225887704 -0.541445797 -0.109878654 0.145047512 0.820807133 -1.336591006 -1.961138565 -2.459595659 0.136966814 0.272046434 -0.345816991 -0.114189118 0.037800001 -1.588553820 -2.833023769 -0.419512743 -0.438904241 0.601549798 -0.152515886 0.026696665 -0.616108205 -0.261756331 0.341645961 -0.590028361 -1.098104001
14.160978486 -25.340913307 15.142204523 0.231623905 -0.541122338 0.607984926 -0.532814518 0.255568623 1.749393381 0.923150556 -0.510194059 0.890973843 0.286962220 -0.271838992 -0.348726391 -0.213466696 -1.509056652 1.022412806 -0.105523412 0.627049127 0.938844980 -0.524349546 0.105813664 -0.917229723 0.001080304 0.648674062 0.709144478
10.587949174 -21.485931744 18.005134082 -0.340363440 0.401027218 0.153648799 0.836493841 -0.419795291 -0.533815675 0.443425203 -0.513699290 2.343391409 -2.279249676 -1.410112563 -0.060086829 2.100343787 1.011120468 -1.354450401 1.296575769 -0.561148275 -0.906950150 -1.312731785 -0.389175012 1.747563164 -0.146180503 0.283433243 0.900823301
5.712272138 -21.177442622 14.072821790 -0.080703145 0.798359628 0.528408616 0.277296306 0.051480506 -0.444900372 -0.632165289 0.586971357 -0.930447557 0.274022441 0.530687433 0.825301493 0.287256086 0.339487301 -0.019303131 0.518729751 0.337940998 -0.291945909 0.818011922 -1.939158091 -1.833868962 -0.385813103 -0.293749228 1.035407414
8.589339733 -21.442245019 17.691851630 0.303306772 0.003400484 -0.187800355 0.934197231 -0.901151257 -0.547483663 0.200726976 -0.793338831 -1.538557467 0.176993156 0.510545049 0.483180100 -2.085568760 0.976998218 1.094452264 -0.698091720 0.668219936 0.812918124 0.208008717 1.157450397 0.837411497 1.511505789 -0.718650380 -0.109718142
12.599621815 -21.323645309 10.790473669 -0.312805032 -0.768435273 -0.289591227 -0.477281012 -0.757356400 0.252330033 1.121619053 1.106246750 -1.039030577 -0.233617809 0.537593616 -1.414548320 0.727546393 -0.394989672 0.253542736 -1.131228396 -0.914190243 -1.637497457 -2.876125795 -1.581443360 -0.290045367 1.299174572 0.359279213 0.170992821
12.555616953 -20.791474861 21.767255847 0.471771665 0.505470331 -0.719383043 -0.066477647 0.777793136 -1.313896962 0.280353424 1.229229378 -0.879662332 1.107675090 0.304360398 -0.132370377 -0.621127104 -1.830079137 0.297722541 0.870170505 -0.348101145 0.822815819 -0.173055243 0.483217228 -1.166883542 -0.878727647 0.427149882 -3.083155131
10.331046867 -20.290117529 10.936984028 -0.428038147 0.286938168 -0.336107302 -0.788341116 -0.106888226 1.689222911 2.000795780 -0.355334403 -1.296381915 -0.790956718 0.776644123 1.184100727 0.551829950 1.133980891 -0.174120489 2.244171580 -1.033862331 -0.269251100 0.569609059 -0.658701030 -1.467605397 -0.161657899 -0.071439586 0.725881381
16.956562872 -11.264674271 19.086502152 -0.368091692 -0.541480802 -0.557354120 -0.510552085 1.026706789 0.137682089 0.338483002 -0.798779590 0.161872732 0.143416610 1.220475703 0.205915518 -0.454354542 -1.140188734 0.326289533 0.142519606 -2.410784670 -1.016743211 1.676004379 0.313413470 -1.520691812 -0.935051738 0.956556291 -0.594827385
16.447630145 -9.000913887 12.446558520 0.078541445 0.072782377 -0.972451762 -0.207054429 -0.748367265 0.497858791 0.104204918 0.356810025 -0.031995210 -0.294773027 -0.723188538 -0.906326143 -0.114391547 -0.650557855 0.969198363 0.225934802 0.085231174 1.387812251 -0.766635629 -0.023040354 0.957228419 0.839049862 0.531854763 -0.691661919
18.460385507 -16.910959081 15.369777948 0.116445251 0.097799269 -0.988322209 0.009747723 -0.740305312 0.410592044 -1.176583229 0.546258179 0.356559330 1.529077915 0.638260650 0.841593922 0.893472937 0.591191617 -0.993201555 1.369599686 -1.017998762 1.550557612 2.143793439 1.293334504 0.188058279 -0.599002079 0.763944923 0.624905817
6.302478220 -14.497946406 20.880040968 -0.771922477 -0.449312267 -0.322356478 0.313592853 0.133839166 0.662711583 -0.404343109 -0.273638475 1.102900905 -0.764601493 -0.368308788 1.104612319 -0.163732273 -0.866592435 0.839074490 0.499802274 -0.514931925 1.724524918 0.946002655 -0.319503852 1.233461127 -0.924887679 -0.790050602 1.954056520
11.196932787 -20.502247989 8.937257828 0.743688970 0.269818901 0.235056123 0.564688494 0.824071832 0.729129613 1.333497633 -2.505535754 -0.540312229 0.601580433 0.196014515 -1.280665311 1.077833444 -1.214156548 -1.153671630 1.438568948 -1.133832755 0.752062206 -0.577960918 0.193055994 -0.477435941 0.810463133 0.201695413 -1.030850545
7.810953235 -22.313008103 12.146800757 0.593185150 -0.117201252 -0.789107390 0.108188590 0.061867436 -0.000803412 -1.608888663 2.890077194 1.711030589 0.145272844 0.379327668 -0.866481159 0.251390579 0.689360371 -1.257043628 -0.621445681 -1.858162292 0.108533098 0.800994275 0.919725267 -0.816425791 0.114874572 -1.691383713 -0.962411964
6.678459107 -11.817350776 12.421255499 0.711665392 0.433525366 0.186721254 -0.520310773 1.435460056 0.869800069 0.188430348 0.261826118 0.571908451 -1.555916133 0.243047167 0.434203764 0.518524138 0.618460230 0.105689221 -0.120248824 -0.230445089 0.541336836 -0.325465764 -1.845641167 1.765834777 -1.131594507 -0.313224861 1.417821472
15.571685828 -11.141149158 22.708432435 0.104885910 -0.460662051 0.394941830 0.787915206 -0.736835088 -1.506911815 -0.607876644 0.852709228 -0.958959464 2.105292787 0.813799044 0.350997323 0.891877623 0.595228530 -0.126345781 1.495947004 -0.804789097 0.577743543 1.250910322 0.236798346 -0.637080179 -0.309377168 0.007041135 -0.081567512
16.511326217 -21.291414886 11.903968420 0.001062108 -0.898181916 -0.224673561 -0.377875520 0.345254583 1.957423328 0.648656513 1.149609544 -0.326451030 0.096384595 2.894197032 0.369600677 -0.122590534 -0.313265644 -0.282982114 -0.808256953 0.538953389 0.866173470 -1.328057509 1.096725857 -0.050451816 0.933070122 0.760266874 1.352225488
11.022347546 -9.426850319 17.820652941 0.022425902 0.604834208 0.284487037 0.743464717 -0.851773273 -1.189744147 1.303772899 0.717412576 -0.663814830 -0.167608432 1.112622101 0.035646726 0.541810246 -0.317440339 -0.957620895 0.454060945 0.337380834 1.073358883 1.048286641 0.247160729 1.265617538 -0.101923728 0.917725003 -0.201403116
7.775061100 -17.884206483 23.869521720 -0.605044944 -0.647071632 0.109977026 0.450692771 -0.654475231 0.144798832 1.317377503 1.261540766 0.285936005 0.280562198 -0.816764748 0.152191725 -0.870614827 1.885726517 0.095998232 2.066635124 -0.538080070 -0.469084373 -0.152091908 -0.258417050 1.118282708 -0.413428843 1.389772736 -0.630500640
13.510743728 -7.195403832 18.823950956 -0.653244953 -0.072985108 -0.349564098 0.667644476 -2.257419018 -1.035901434 -0.485092874 1.060334857 1.068513043 -0.112585511 -0.343403665 1.898876055 -0.152945154 0.206356641 -0.845073384 0.480566169 -0.012131885 -1.284974233 0.607537402 -0.417644151 -1.022218389 -0.197688226 0.970391740 -1.421143470
16.676078761 -13.321455700 12.154630754 0.423860941 -0.879879191 -0.191484293 0.097407792 0.257389697 -1.006072990 0.051884281 1.471171674 -0.024525187 -2.611897695 0.007809482 0.918790822 -0.234120599 -1.120497241 -0.339139363 1.683143660 -1.779161651 1.083114202 -1.627291102 -0.977938463 1.057623605 -1.154541832 0.397651549 -1.917305482
10.111326118 -24.555431022 15.673774756 0.171028295 0.320748727 -0.842549123 -0.397467674 -0.783932228 2.027009795 -1.061312525 -0.048865832 0.627919206 0.463066257 1.080111149 0.837997083 -0.904197868 -1.239310132 0.357320767 0.431824321 -1.622198249 -1.309348233 0.425953629 0.338465533 -1.456563282 -0.191575917 -1.800416094 1.633861378
12.983054389 -10.132329932 13.274070467 0.005233278 -0.407239470 -0.902544026 0.139795954 0.065714220 -0.080744966 -1.220380749 0.408203791 -0.141934617 -1.275938647 0.792157796 0.564445751 -0.519900142 -0.321447607 0.698697193 0.026849270 -0.667563307 -1.225793140 1.555611529 -0.481144913 -1.359997633 0.227759339 -0.263607798 -1.583353915
6.260499620 -10.900654101 19.548785066 0.811800121 0.341907972 -0.347034472 0.321941885 0.284984226 0.452993482 0.378481195 0.229608241 3.346248763 0.841140800 -0.138951888 1.025933954 -0.763052751 0.454413635 -0.331829905 -0.924249254 -0.339269731 1.105772198 -1.501631240 -0.183474305 -0.638619985 0.556499220 -0.286227211 -0.189672674
14.867735561 -24.575200879 17.205471344 0.809215920 -0.460052370 -0.317984804 0.180019657 -0.090640090 1.919672697 2.094345548 0.448796078 -0.210781526 1.199249638 -0.700907833 -1.546013654 -1.357429920 -0.103618913 -0.039747890 1.263732368 -1.223339256 -0.770311733 0.984262572 0.540382059 0.131404644 -0.921675080 0.397758537 -0.031292769
6.057355689 -9.339758290 20.510865375 0.953724999 -0.225015679 0.196152830 -0.036064357 0.259059904 -0.410490571 -0.365714584 0.594443387 -1.600322129 -0.792279056 0.495478601 -1.881837268 -1.383718469 0.992437486 -0.147989624 0.234503992 0.188972454 0.624186876 -2.083667170 -0.904247873 -0.387287762 -0.807519445 0.344471359 -1.094072490
2.892382243 -15.121169596 18.165915285 -0.927452095 -0.034340802 0.098393183 -0.359126860 0.525804055 -0.560273310 -1.606577924 -0.960941441 0.841813659 -0.623862825 -0.278372811 -0.070399786 2.153696099 -0.078798091 -1.252219195 -0.328906694 -0.351592555 -0.724557713 0.206928282 0.726748681 -0.075195302 -0.412148656 1.324002364 1.287973919
8.351655432 -6.820895693 16.900005053 -0.860203622 0.055967681 0.249955943 0.440952801 1.097610446 -0.563426857 -0.422898317 -0.249507337 -0.380017042 2.098389259 1.831774694 0.563664859 -0.080900707 -0.980554395 -1.424638461 1.552040729 0.679600096 -2.524289746 1.356776866 -0.502774873 0.287144714 -0.893680128 -1.253693749 -0.665239892
9.280440525 -18.616054908 24.146992893 0.168454599 -0.603631851 -0.054665332 -0.777343771 -0.910530700 -0.009301923 -0.500871646 -0.162434223 0.460248388 -0.833304581 -0.436918479 -0.847773138 -0.722412878 0.999616560 0.203509279 0.103910144 -0.685370934 -1.889794370 1.617041647 -2.042077765 0.654727616 -0.762897538 0.155870873 -1.322395147
2.379251144 -14.981837012 12.778533038 -0.117961216 0.279530789 0.792643087 -0.528833269 0.862259848 -0.166859810 0.744947533 0.287045822 -0.195053487 -0.727382505 -2.340778685 -0.064110227 -0.002381632 -0.014466026 -1.255172480 0.149008144 -0.205316176 0.146689870 -0.832963555 0.664927992 -1.953086400 2.312614837 -0.243773808 0.257588610
8.761451542 -10.127902647 14.109785711 0.047190397 -0.259474877 -0.216211183 0.940052434 -0.119007266 -1.520338640 -1.148740764 1.681035180 0.556297235 -0.458310916 0.220354787 -0.051769512 -0.675670436 0.013869309 0.103981691 0.529643789 2.643470623 0.849289522 0.903629444 0.458842072 -0.679273498 0.568401500 0.567521476 0.861090594
8.017758503 -21.716185871 11.800652000 -0.648050097 -0.492198389 0.517904677 -0.263716824 0.751768488 1.345579086 -0.108678195 0.202374022 1.175175170 -0.670453287 -0.267305186 -0.714645669 -0.543570308 -0.207004499 -0.749760171 -1.632537270 0.969526613 1.128113992 0.405229236 -1.215928850 -0.461880471 1.329607748 0.499745573 -1.553923493
10.022574707 -16.051378527 19.411358159 0.387603797 -0.554273158 0.719641873 0.157035468 1.224995033 0.343932216 -1.489242240 -1.036353626 -1.015392201 -1.403299579 -0.063614679 1.635278860 -1.171628989 -0.806741993 -2.327532092 -0.177088063 0.237524415 -0.342848567 -0.353201971 -0.770154018 -0.274826488 -0.764195562 -1.549269949 -0.771264729
11.338038689 -20.683705370 20.502444995 -0.141054619 0.133514246 0.872715758 -0.447933864 0.236056332 -0.850747498 0.282920224 0.068979195 -0.692832318 0.024306111 2.527379666 -0.056014718 -0.650592430 0.044213529 -0.259116037 -1.303595897 0.069982853 -0.311924512 -1.079059200 -1.552692699 -0.863110986 0.214118110 0.537721972 -0.908029410
8.476955321 -12.292419836 7.075257320 -0.588794695 0.233719067 0.233435523 0.737701879 1.185103061 -0.241279488 0.708054556 -2.250965010 -1.031927981 0.309435280 -0.371642308 -0.789578398 0.850741791 0.469027627 -0.872830651 -1.715454374 1.508163015 -0.890970643 -0.581394026 0.134272562 0.037955886 1.814770924 -1.725791768 -0.133414403
10.655638482 -14.477104984 22.965995392 -0.894453614 -0.277515473 0.350428789 0.011728501 0.316866877 0.253880959 0.538038795 0.657910789 0.037914508 0.234165567 0.066148726 -0.897684260 0.745691970 -0.542254217 0.392542483 -0.418380515 0.176187261 0.191872460 0.040508271 0.489512637 -3.112767300 -1.899087200 0.936528771 0.829203411
5.675450968 -13.917312275 11.341967117 -0.241209311 -0.731136620 -0.487139131 0.412253294 0.487104581 -1.087580173 -0.167818372 0.286642868 -0.619069211 0.805366891 -0.870200644 0.535646582 -0.469981339 -0.900940357 0.854592883 -2.186435028 0.988954009 0.576987244 0.669119892 -0.303646655 0.846073681 -2.199817368 -0.113781245 -1.447666462
5.575991371 -16.029740224 8.694153756 -0.246094935 0.349021672 -0.783476618 0.451426122 1.066596781 -1.142656792 0.884756998 -1.895948796 -0.644382833 1.867765420 0.035319599 0.477051740 -0.969501216 -0.482971695 0.467151484 -1.481922713 -0.313016389 1.339487294 1.830794052 -0.398592278 -1.393401200 -0.348991658 -1.217357689 -0.014920234
9.732482524 -19.522946800 15.319091375 0.234886055 0.498845050 0.568218309 0.610827399 0.453315691 -0.317055046 0.292630191 1.407200484 0.781356576 0.630749166 0.506857704 -0.301418951 0.592699475 0.282081843 -1.880964631 0.091738553 -0.003804833 0.959418593 -0.091426113 2.272118128 0.363413398 -0.544074404 -0.036423573 -0.805967984
14.000826001 -8.144884834 12.766528757 -0.666110745 -0.096651018 0.189565742 -0.714856549 -0.591069193 0.154705991 -1.210197984 -1.937375963 -0.714775554 0.532640120 0.623667113 0.685266954 -0.358828310 -1.182032648 0.005878186 0.612499748 0.663545593 0.137767068 -1.179973373 0.955436556 -0.175340660 -0.367552272 0.062556747 -1.001226504
14.074946738 -17.214440780 8.295767811 0.119923440 -0.779148711 0.003826158 -0.615248742 -0.859251116 -0.646888243 -0.289458355 1.211122423 0.615416932 0.262860619 -1.789020573 1.274332921 -0.236920225 -0.725650818 -0.155862263 -1.823337163 -0.913800586 0.433232725 -0.972105270 0.511066190 -1.457068086 -0.622266629 -2.012035624 -0.061039700
16.546080415 -19.791953173 10.711898168 0.103217805 0.130318065 0.184943002 -0.968586275 0.036648200 -0.239704359 -0.610311642 -0.615979712 -0.015839435 0.671346009 0.274962270 -0.147277267 1.802535948 -1.104213903 -0.349285721 0.052043505 0.252119411 0.863150904 0.157118233 1.013442861 -1.983064819 1.330886220 -0.074391180 -1.030591666
8.232868919 -25.456621570 16.664382861 -0.192333823 -0.905729765 -0.045691998 -0.374931373 1.192432650 0.848067670 0.701692383 -0.475221329 1.275404972 0.290867641 -0.079626022 0.190524502 -2.180558449 -0.015773043 0.254277736 1.360565437 0.535624015 0.408552621 1.435288650 0.405592917 -0.941639232 0.553114854 -0.423473366 1.148675515
8.884381901 -14.589649382 11.276252615 0.635479962 0.755693584 -0.153437113 -0.039363400 1.110653386 -0.160823495 -0.638861476 0.284727756 0.094403399 -1.846828488 -1.129914025 -0.147147365 0.730451377 -1.033475593 -0.100797167 0.200141383 2.083143120 0.365774535 -0.716491191 0.411329762 -0.690806461 1.063572394 -0.713518592 0.112361629
3.263737153 -19.516783840 14.678354386 0.380758010 -0.277644740 0.880509082 0.051385714 -1.052045313 0.115468427 0.721699888 0.704116229 0.607437760 1.071694047 0.006676460 -0.326083634 -0.493007594 0.104639871 1.486798224 2.217261470 0.022801607 -0.370547523 0.609880015 -0.776368618 1.051875272 2.205065340 0.804892135 -0.649837092
9.738846528 -14.350812767 23.766279704 -0.562367111 -0.640764621 0.517777412 0.071207338 0.785392876 -1.326897580 1.759423317 -1.257773777 0.011306496 -0.696139541 0.168099006 1.150036998 -1.560177839 -1.159407817 -0.450879364 -0.865986713 -0.922287207 -0.535907219 -0.350177862 -0.114659909 -1.686856122 0.368204775 -1.124038426 -0.586097658
16.133870560 -18.413711227 10.937576236 -0.580109606 0.755128588 0.304532371 -0.022664863 -0.628860167 -0.837108493 0.393629047 0.573386981 0.660374365 0.379710238 0.135649878 -0.261406515 -0.790162121 1.139425773 1.586415813 -0.247955063 -0.500203755 -0.580013322 0.652099039 0.242273581 0.175527373 -0.550064930 0.742359995 -0.020608265
6.926229731 -20.003750950 13.874454686 0.590469197 -0.627023848 -0.186984085 -0.472466056 -1.211397225 -0.213748388 1.681321129 0.262689574 0.856186934 0.490226812 -1.261628905 0.144745836 -1.177158160 -0.896200940 0.312499373 0.060265848 -0.828135990 0.527973686 -1.465856949 -0.517739886 0.596194864 -0.258672382 -0.786189239 0.015697672
13.288080427 -12.038908462 15.531889422 0.632184865 -0.554966850 0.458227321 0.287022323 -2.285681798 -0.828487300 -1.286815474 0.502982632 0.561094341 -1.298615205 -0.054015960 0.883158064 1.067229555 -0.740986804 0.112316324 0.955166523 -0.081769213 0.795014495 0.829076971 2.026798309 1.024079916 -0.712537415 0.419845293 -1.156707826
10.282415060 -14.542795157 7.151312378 -0.240598199 -0.146489292 0.959113937 0.027456340 1.135518277 -1.375633365 0.619285476 -2.446254564 0.161405887 0.612012011 0.104790907 0.175222208 -0.412252764 2.476057966 1.960865946 0.282431679 0.506739184 -1.373671117 0.605904514 -0.760172304 -0.124014646 -0.163156263 -1.198183410 1.612762647
4.000860084 -17.263573604 15.498430020 0.337589219 -0.138555111 0.580096692 0.728233361 1.637628443 -0.951269412 -0.798391010 1.146487305 0.523679771 -0.567642660 -0.938303477 1.644288475 0.102752477 0.893160040 -0.326947664 -0.142275857 -0.242749654 0.292143851 0.658625720 0.498062203 0.729961525 1.001180436 -0.235328778 -0.266494481
8.471222856 -16.961212300 23.595419520 0.800354617 0.449794254 0.074045676 -0.389403204 -0.261612838 0.658523280 0.706781306 -0.702387788 0.387879450 -0.091449540 0.313151721 0.578593778 0.029824386 -0.141258363 -0.273055507 0.832330820 0.025021013 -0.671969216 -0.004934170 1.148407149 -0.984258929 -0.186376862 -0.724313757 1.480650478
8.081627250 -23.945729973 11.151461046 -0.552365322 -0.077198314 -0.757209767 0.339950496 -0.194212797 0.147678481 -0.840794500 0.918439417 -1.532440900 1.647479286 0.933582051 -1.011479440 -0.916566119 0.795860204 0.114347450 -0.022700627 2.451414027 -0.102676308 -0.166819651 0.824136632 -1.822706793 0.848877343 -0.961384145 1.530334981
6.333687119 -17.904840415 14.880816647 -0.330148174 0.294159444 -0.638872594 0.629534918 0.631425871 -0.667984418 -1.283704146 0.748946767 0.839638887 0.569607513 1.511245451 0.097275479 -0.432670956 -0.624456195 1.112594688 -1.191953075 -0.665384323 -1.434919327 -0.856618422 -1.395410353 0.341394277 0.202850542 1.114938781 0.130541729
14.012970461 -13.178953642 13.309601916 0.327153229 0.732102256 0.041779849 0.596029777 -0.523724520 0.938023290 0.090351624 -1.036523518 1.355332144 -0.793225589 -0.435653060 -1.527504187 0.754669361 -0.806916606 -0.142759735 -0.766122920 2.568517878 0.505617413 -0.240968472 -0.057224372 1.038926834 1.304653016 -0.864919248 -1.339191127
15.854299409 -13.041774398 19.331752348 -0.055684252 -0.715876930 -0.694191917 -0.050170381 -0.046494887 -0.709938476 0.370559558 0.525775148 1.363391192 0.573132912 -0.338604078 -0.945127737 -1.749354230 -0.441654683 -0.044406786 -0.521410558 1.081111044 -0.979852012 1.484191972 -1.237599952 -0.657846658 0.941933894 0.931068189 1.277815234
5.431190950 -17.909930795 10.657968461 -0.883687957 0.377596019 -0.108386180 0.254498089 -0.047729482 0.117742394 -0.518465222 -0.394559236 -0.016349807 1.360903347 -0.155746141 -0.183437543 -0.650993906 0.257906197 -0.441489511 1.055713807 -0.649861355 -0.145604004 -0.645006774 1.137698750 -0.822046109 0.374662366 0.823121023 -1.919194973
15.365058281 -17.366392545 17.936645600 0.413540625 -0.126967833 -0.181277549 0.883177089 -0.022306156 -0.000546055 0.262057212 -0.579111616 -1.868883209 0.771689204 0.971261761 -1.020007146 0.883237304 0.121374319 -0.146046111 1.748010548 -0.829303021 0.614719653 0.292115126 0.073518166 -0.565000024 0.278519653 -0.506161265 -1.353305901
7.516906447 -14.824171319 20.417051304 -0.388473698 0.522282196 -0.156732354 -0.742795035 0.174898175 -0.042711253 -0.259692197 -0.664853604 -0.968719226 0.023650602 0.790990123 -0.543610088 1.232449664 0.652936590 -0.233675399 -0.388226580 -0.526130141 0.398746003 -1.200231966 1.605458074 -0.507459701 0.419998369 1.591511212 -1.028189371
12.352413715 -11.221374851 11.168646986 0.023828864 0.057406822 0.662777844 0.746231983 1.127555533 0.604739991 1.040114437 -1.069986912 -1.712274588 0.585607319 0.999378996 -0.328476613 0.925801619 1.526422422 -0.563581958 -0.391866183 0.954823955 -0.078173248 -0.087895241 -0.355725272 1.672477698 -0.302039274 -1.160745509 1.092899753
19.226754783 -15.953572127 9.999819940 0.422596532 -0.427186992 -0.398789490 0.692741213 -2.610598229 0.316285899 0.789866797 0.798133323 1.900639375 0.861750700 0.546202431 -0.645598851 0.376349752 0.071735718 2.205562968 -1.414833387 -1.032856710 0.228587998 1.879316980 1.611453188 0.480927673 -0.392193300 0.185711352 -1.052897150
11.644267398 -6.770861189 12.199324951 -0.228211862 0.318833061 -0.076999874 -0.916698339 0.501697610 -0.923865209 -0.458797252 -0.076249368 0.146032768 1.160511719 1.259589585 -0.744315519 -0.509693497 0.627903989 1.528232632 1.250635511 2.371160140 -1.597180222 2.606775867 0.605789469 -1.302138134 0.271583383 -0.218283646 -0.873894014
5.249240868 -20.799022482 10.980728181 0.434413042 -0.120698135 -0.345315693 0.823088295 -1.055242838 -0.505165578 -1.915345382 1.002016880 -0.223150371 2.239738276 -0.916556652 1.382470335 1.162135953 0.496659277 -1.333433335 2.002042215 -0.063564437 -1.313019722 -0.223892771 -0.406664091 1.251886287 0.493263630 0.894519147 -0.961576471
17.283474308 -10.047342791 12.539174409 0.091726763 0.201890975 0.400398012 0.889104981 0.339978578 0.093870653 -0.150210453 0.052142340 -0.246167102 -1.586382173 -0.849462742 -1.384532148 0.245081967 -0.838930792 1.615305560 0.151489570 -0.971012823 -0.577219924 1.142785465 0.710638294 0.833092200 -1.064196911 0.389008682 -1.951045373
6.889020887 -14.900996058 12.365523738 0.166167561 0.799440167 -0.530451574 0.227826445 0.112312734 0.324591854 0.399718073 -0.956228176 0.038031676 1.192397657 1.003011823 -0.070926034 1.982473057 -1.765140573 -0.382664206 -0.395705619 0.262409212 -0.397291975 0.981569711 1.228959819 1.274679229 1.080971907 -1.531785611 -2.080962220
3.595041935 -17.224861516 13.518963985 -0.099638027 -0.593653928 -0.311850001 -0.735116899 2.003066247 -0.684286103 1.171002356 1.536046114 0.509898573 0.523640299 -1.472093209 0.310866597 1.234317684 -1.892527581 -0.371108342 0.546325542 1.085016711 2.075367392 0.485479466 -0.078815681 0.672450319 1.587141509 0.968880219 0.626489628
5.055873471 -8.329113696 16.345127059 -0.215047935 0.459708860 0.308383457 -0.804563107 1.776182659 0.148622405 -0.977193279 -0.067762917 -0.378479148 0.125929402 -0.708629556 -0.743740565 -1.095279817 -0.669089524 2.957491037 -0.168938474 0.971864853 -1.180443781 -0.794326271 0.564557332 -0.536545789 1.094770631 -0.043744087 0.187749702
11.813828468 -20.121262587 11.511654252 0.537020008 0.007646529 -0.190076418 -0.821840616 0.286175627 1.244182505 0.606986736 -0.382846083 -0.090515119 -0.251529971 0.304970981 -0.894724697 -0.059333897 -0.230812681 -0.824635056 -0.315410440 1.848651981 -0.770059771 0.269861562 -0.671565750 1.255302106 -0.558406459 0.743433228 0.616437552
9.660985154 -8.885757371 12.942348670 0.274961125 -0.000706693 0.958599781 -0.074042827 -1.006298567 -0.888530199 0.356558348 -1.223866092 0.081701483 2.448833046 1.001311267 0.171303157 -0.213157762 -0.375359332 0.694269465 -0.273543668 0.467312268 1.052834785 0.850529852 -0.607226826 1.013296969 0.310941984 -0.180259042 0.847545233
9.229606384 -12.668977044 20.002178917 -0.826014543 0.126429681 0.301830155 -0.458927084 1.315738045 -1.234514221 -0.416170310 -0.803722588 0.863866562 -0.051744222 0.331864320 1.969302147 1.996360405 -1.343005675 -0.345539498 -1.629314467 -1.520915076 -1.244309573 1.039021269 -0.045461457 -0.068907551 0.255523473 -0.648887873 0.738754220
12.851963419 -10.381080547 19.806903800 -0.497288762 -0.823867808 -0.032227334 -0.270013186 0.000455825 0.091078067 -1.828050105 -0.059375950 -0.625031204 -0.453426247 0.000492355 1.544578669 0.261283745 0.765931768 1.485423538 0.577285872 0.726938601 -0.571394375 1.574891008 -0.074548925 1.231243105 -1.421923983 0.632751183 -1.591530727
7.641192379 -13.307081204 12.901607926 -0.449092019 0.554882177 -0.612796449 -0.338972920 1.724957634 -0.206196054 -1.872732041 -1.170106268 -0.277728954 -1.202838313 1.347125885 0.110939849 -0.620983490 -0.408845479 -0.697603424 1.583247282 0.732632028 -0.752678209 -0.249246509 -0.575205008 0.740365550 -0.685718911 -0.378201175 2.113887121
8.476005279 -13.218006452 17.377592938 0.931845663 0.116241316 0.244744571 0.241353913 0.288780582 -0.515749039 0.173902130 0.575210253 0.393135876 1.388495353 -2.039404554 -1.496551720 0.730443932 0.043451013 0.130199173 0.533725900 0.338476345 0.289627086 -0.230492502 0.010198782 1.188151112 -0.210139434 -0.956280184 -0.062776646
17.205845139 -19.906736163 10.400370496 0.571149861 0.123901233 0.530556543 0.613959344 0.024864318 -1.064282935 0.415754354 0.490664136 1.619189163 1.153692187 0.145868624 0.138944003 -0.179360382 1.122156412 -0.866421263 -1.221356466 0.886847078 -1.044818065 -0.408563948 -1.644593214 -0.637190077 -0.156163237 2.278848725 -0.322253059
1.878800194 -15.668761399 12.640607050 0.958394994 0.167090689 0.152916943 0.173712824 -1.611582120 -0.388568731 -1.591338851 -0.302467816 1.450606137 -0.782852174 0.595455975 1.298231164 0.532079812 0.151736210 -2.028209378 -1.257553539 -0.701032248 0.859450153 -0.517812320 -0.256735867 -0.921488095 0.333482522 0.601508362 -0.983872891
10.287613077 -18.867435378 19.443334113 -0.320982251 0.019194758 -0.358239610 0.876508036 -0.579626846 0.413402226 -0.880606000 -0.200056183 1.786081284 0.526002939 -2.054908596 0.073166906 0.080666713 -1.616408137 -0.701443557 -0.296313604 0.356322452 0.868317924 -0.190910443 -0.889977482 1.689471169 0.222771629 -0.169034555 -2.602417518
2.158811944 -15.106566809 12.694557103 -0.161460148 -0.216125312 -0.955925781 0.115872224 0.808470547 0.252003395 0.629651644 -0.291597173 1.414559108 0.937219598 0.969865817 0.102285711 1.033152165 1.777998610 -1.407796081 -2.095409413 0.272061862 1.061452777 -0.609206058 0.722972985 -1.109352998 -0.414197722 0.659453369 0.443310343
2.702787496 -20.758397084 13.817460245 0.180552284 0.347032134 -0.357637875 -0.847976840 0.589599159 1.051130227 -1.724050772 -0.249591254 0.382688456 -0.589038742 -0.858665937 0.453393780 2.013243147 -0.219010655 -1.045067745 -0.487058764 0.284580278 -1.236958674 0.105944439 0.598883908 0.418842924 -0.382722091 0.164054098 -0.799210711
10.039337828 -23.564460464 19.130937691 -0.208251144 -0.855158325 0.436146971 -0.187380683 2.635283856 -0.361790329 -0.363703481 1.058425631 0.092181959 1.028286516 0.535133975 -1.628604922 0.142587096 -0.395114524 -0.458108918 -0.257478198 -2.796664558 -1.599973552 0.735096854 1.045676327 0.085747872 1.592355304 0.573298205 -1.173830719
8.659815434 -10.111876938 15.492657722 -0.607123659 0.297240358 0.228656247 -0.700546467 -1.960621244 -0.511515042 0.302509547 1.704784596 1.846024831 0.848493653 -0.257001487 0.552032968 -0.795576455 -0.775939640 -1.462839054 -0.197949095 -0.818929673 -1.053193998 -1.571521130 -0.010072958 0.054742725 0.260118073 0.684810664 -1.129650837
13.561479834 -11.015019977 22.002356494 0.041489746 0.847235486 0.410700547 -0.334358630 -0.896286168 0.579413649 0.749183753 1.641000070 0.347409667 -0.617823541 1.121437755 0.980552377 -1.272309987 1.744548821 1.631218037 -0.113051491 -0.435453633 -2.575898903 -1.431823204 -0.417589396 -0.615922326 -0.566928364 -0.639878827 0.508685110
19.645208033 -15.278510220 19.410195442 -0.760024415 0.490625430 0.254756002 0.341685462 -0.806756740 -2.263112797 1.085275913 0.153428833 -0.546195151 -0.954587376 -1.988611295 -0.907027461 -0.330556038 -1.545642470 0.880261063 -0.197104457 -0.232177474 -1.985628602 0.101921552 0.135654645 -0.904209378 1.439127422 -0.292695326 -0.372884735
10.982908632 -14.014881976 19.041509038 -0.387169696 -0.525341490 0.594818129 -0.469369086 1.723369300 -1.511992538 -0.238943639 -0.045448359 -0.437515350 0.638059274 -0.328936981 1.785937851 2.562152678 -2.692502760 -1.354131703 1.718317122 -1.111576938 -0.849174019 -0.017716689 0.376719899 -0.111743646 -0.510118700 -0.971602041 -1.184227610
7.886788759 -17.413708660 20.165638000 -0.232515902 -0.534364203 0.693905631 0.422949440 0.199429055 -1.903277657 -0.452985146 0.521898994 0.766417109 -0.324272969 0.632896571 0.196048486 0.872814625 0.712261967 0.148567138 -0.099411486 0.938606858 1.801941352 0.412619780 -1.896314185 -3.382351049 -1.107310367 0.350547925 1.211133622
4.291583598 -16.698406298 9.175088578 -0.251743156 0.372899836 0.325138251 0.831778945 0.130049337 0.766809492 -0.256206514 0.421251873 0.730775877 -0.383660081 -0.707266491 1.229597447 -0.890670103 0.629380303 0.214928789 -0.420404938 -2.056843070 -2.577929849 0.488389150 -0.326547380 0.127920709 2.235995216 0.256545998 -2.083529938
13.630199899 -15.610071164 21.346335954 -0.497828181 0.452352226 0.693585038 0.257845615 -2.602617334 0.296739620 -1.100029538 0.115101921 0.121721109 -0.321916571 -0.612786699 -0.444425831 -0.975213502 -1.029030416 0.714890438 0.397574430 1.466886279 0.249180624 -0.091155630 0.597325752 1.244169374 -0.431924368 0.934917233 0.124025497
10.037808200 -14.127986901 6.323305720 -0.328841076 -0.061514660 -0.621557754 -0.708339927 -1.276105770 -1.163867073 0.845406828 1.108474167 -0.456842603 -0.486325477 0.134740325 1.954071679 0.267657180 -0.253481285 0.803392430 -0.105614871 -1.285405191 0.086588643 -3.631111368 0.277116712 -0.804085904 -0.283506985 2.008492676 0.478440064
14.566751522 -15.141423275 8.980588924 0.513983875 -0.244167062 -0.158264326 0.806942021 0.755347452 -0.768389391 -0.273917927 -0.097073452 0.750192127 -0.632501438 0.690237310 0.592668334 1.427392291 -1.290694648 0.354194385 0.386156832 -0.167957851 1.881342913 -0.485912569 1.227702191 -0.371619834 0.232252383 0.837053071 0.201040307
10.414009000 -24.324335477 19.510595470 -0.418882864 0.577449392 -0.628350543 -0.310265920 1.684912096 -0.927080617 -0.304555162 -0.595982019 -0.031731876 0.162078622 -0.437503667 -0.604811841 0.583588514 0.055042313 -0.670105612 0.158953275 1.311543509 -0.128554169 -0.265124049 -0.910024871 0.720318118 0.796881859 1.298356298 1.804696122
10.962639551 -13.323313589 24.650626416 0.576297724 -0.028977766 -0.716429901 0.392134441 0.133664268 0.234299321 0.986148476 0.173130809 0.067769840 0.332684338 -1.402934342 1.743161500 -0.518024391 -0.116822963 -2.003293789 -0.068831529 0.885117517 1.673329134 -0.075497120 -0.143064437 -0.057738158 -1.775593194 -1.743693659 0.419826568
12.863812534 -21.786026549 20.820216911 -0.380516381 0.320246431 -0.275628905 -0.822604531 -0.202139991 -0.757124908 0.446112171 -0.270802255 -0.147165733 -1.151895953 0.158219925 1.193597640 0.342231960 0.167967167 0.459150113 0.152413411 -1.187792961 0.552365826 0.172091020 1.589261900 1.079021712 -0.954482201 -0.192051373 0.472537666
8.168779147 -18.898775599 8.403599446 0.812144422 0.470486698 -0.189748310 -0.288200076 1.258919369 0.075862023 -1.525246343 1.530965975 0.411589547 -0.682721095 -0.420245367 -0.311770095 0.923074522 0.308382543 0.162379542 1.325879824 0.433629584 -0.541023856 -2.132700645 0.100029219 1.918695245 0.092417863 -0.306476593 -1.208900765
9.971136168 -8.189708037 16.642735209 0.401116393 -0.409608265 0.525413953 -0.628702542 -0.697287184 -0.081400065 -0.207317337 1.137942520 0.860145452 -1.579549384 0.251526458 0.138714569 0.500845244 -0.187137991 0.529654771 -0.454007634 0.459218776 -0.077553053 0.717685417 0.639577672 0.678521117 -0.901664323 1.062354050 1.029076548
13.420698836 -16.041399897 12.898028692 0.827408736 0.434643305 0.118352833 0.335369330 -0.006196666 -0.180417296 0.868421482 -0.736105697 -1.715193737 0.203700880 0.386630746 -0.926203842 0.291694978 0.930398723 0.093044705 0.916839071 -0.982864829 0.101034140 -1.248707774 1.991972847 0.770174522 -0.980481303 -1.484592263 0.534506032
4.078515954 -17.486556977 13.037373128 -0.712624410 0.129268900 0.107755434 -0.681061501 -2.717895120 -0.756345033 -0.881697972 1.455693329 -2.051257540 1.028760450 1.172769641 -2.056910796 -1.082802440 -0.150993867 -1.273828936 -2.602234807 0.502083795 0.277267982 0.027063038 0.671564864 -1.095451206 1.913620876 -0.015914920 1.498571207
18.191132775 -21.031592744 16.338067876 -0.062115027 0.153282775 0.844121007 -0.510005725 -0.731854981 0.462367735 2.255040138 1.344580642 0.904708038 -0.895480820 -0.236963929 -1.183861410 -0.224167665 0.595394308 -1.178795069 0.635487247 -0.054099732 -0.322434138 -2.509195476 1.593069535 -0.400424197 0.131388632 -0.257079680 -1.396541191
11.652013799 -16.811139404 18.014505588 0.266119267 0.857630308 0.000432100 0.440057501 -1.438307449 -1.151597042 -0.780021273 1.437741906 -0.827252690 -0.893881645 0.377606816 -0.161130981 0.016685084 -0.906353687 0.465386001 0.392686915 0.056863897 -1.463566828 -0.505285532 -0.274671365 1.113335185 -0.413625153 -0.745101495 1.034248240
7.827124821 -9.926405567 9.433193035 -0.349882577 -0.002729376 0.009166588 -0.936744739 0.275092115 0.559305853 1.365008989 1.343270439 1.624639602 0.251957903 0.198058329 0.767974198 1.481962268 0.297214107 -0.571672024 -1.503722494 -0.532410850 -0.647569017 0.658051971 -0.714134386 -0.695929366 -0.616267879 0.245463055 -1.093938975
15.158028405 -16.082911710 21.215569878 -0.722748625 0.618916221 -0.191136216 -0.240923395 2.501998010 0.335280662 -1.675290771 -0.260504399 0.569888703 -0.074940081 0.330129321 0.882313403 1.215735918 1.552826736 1.045511119 0.978953199 -0.262309799 1.607698267 0.252511046 1.182899827 0.323127707 0.192881429 -0.751093884 -0.401805410
10.026948985 -18.145241280 11.029911635 0.184211908 -0.536160729 -0.823491581 -0.021430377 -1.156555882 0.819599708 -0.936686866 0.697724109 -1.215194663 -0.288240809 -0.869903633 -0.233593189 -0.755205116 1.031117127 -0.810349990 -0.527621843 0.666447588 0.409426775 -0.980069527 -0.995370352 0.707757342 0.418347357 -0.598718500 -0.461292917
10.570168917 -13.869274656 15.828645722 0.044239076 0.667921134 -0.180321416 -0.720699972 0.822496602 -0.159159067 0.032406018 0.822508398 -0.125299665 -0.768176262 -2.257043632 1.034210573 0.725063628 0.552327780 0.182842206 -0.172413464 -0.059340824 -1.250302789 1.672335774 -0.095384437 -1.552809061 0.751523230 -1.274623957 -0.377019856
13.251290631 -14.372056212 17.693160170 -0.056453602 0.184703545 -0.867307485 0.458775890 -0.020411731 0.478229375 -0.677346162 -0.047667637 0.169460975 -1.978109781 0.035394497 2.257054498 -0.424116639 0.729284731 0.502854168 -0.248457826 0.202109456 0.565509150 1.767304035 0.945264593 0.282787272 -1.360093115 -0.526865353 0.775763033
3.245528957 -17.072366555 9.623248866 -0.243084192 -0.074106139 0.471570460 -0.844416756 0.406327201 0.450517237 0.234188351 0.449357953 -0.009116820 0.170325518 0.688646681 0.567124654 -0.817720728 -0.032147834 -2.119242938 -0.311061279 -0.867142364 -0.715584417 1.472070992 -1.908106964 0.749330776 -2.967403446 1.047041600 -1.000098860
9.990163021 -12.780521820 14.943624659 0.336290145 0.905940990 -0.179358542 -0.184419020 -1.176859816 -1.447305887 2.045416413 0.187807883 0.688897076 -2.138452522 -0.881508690 -0.506275261 0.524988570 -0.190485573 -1.170624735 -1.013139561 -0.083495437 -0.695867070 -1.963182838 1.041092831 -0.290515107 0.297718669 -1.285608266 -0.834725155
8.593397875 -7.151315705 14.595497858 0.430322881 -0.612895198 -0.662519930 0.015780948 -0.047406608 1.801301400 0.564244304 -1.438950801 -0.802793314 1.002355742 0.825207810 1.151685930 0.363338024 0.197851897 0.097294979 -1.146002766 0.278352999 0.594696611 3.023903469 0.239680316 -1.137221075 -0.640210678 0.216376892 0.796854281
6.169579077 -12.160663007 20.501277094 0.329585246 0.308854683 0.717499178 0.530261520 0.416888344 -1.138135335 1.113265531 0.936832337 1.424480272 -0.238790771 0.985367450 -0.604806018 -1.361503482 0.009680361 -0.286551055 -2.327648970 0.435649980 -0.452491622 -0.322427172 0.062582421 3.155616608 1.000535799 0.045947718 -0.196140749
15.486040332 -15.164017556 6.825651214 -0.812552842 0.205455630 0.544492261 0.032772572 0.152943771 -0.495023082 0.193579046 0.069949385 -0.543098997 0.478874142 -1.550905492 0.262919410 0.496186345 0.164311118 -0.546530210 2.614645106 -0.967822727 -1.671385839 0.775224670 0.369188512 -0.545235155 0.356487461 0.361970780 -0.378686080
11.847034847 -18.058879210 14.983862626 -0.601702255 0.778204718 0.163065813 -0.075903585 0.734754193 0.995392126 1.359608756 -1.720811137 0.313507685 -1.848255741 -1.505913801 -1.994085561 -0.231581346 -0.597480335 0.324457158 -0.275994121 -0.788427210 0.076424127 -2.150084463 -0.599431429 -0.531714970 0.984967634 0.122759876 0.436594672
7.892258454 -10.506796328 20.348448036 -0.009915919 0.480872026 0.721392792 -0.498253157 -0.215971193 0.182985007 1.511463389 2.396168145 -0.890676773 -0.748332878 -0.643098301 -0.405220236 -0.872985485 -1.289854470 0.613616919 1.115017682 1.368449112 1.058251964 -0.378129139 1.498018058 2.137524189 1.020667230 0.049479659 -0.656769064
11.331002771 -10.574517996 17.381676355 -0.004249649 -0.651732994 -0.445450539 -0.613840259 0.967814175 -0.974284390 1.944920399 1.384464537 -1.277457853 0.624240792 -1.778015466 0.393827035 -0.722146492 1.795462577 -1.046175299 0.294815939 1.807916767 -1.806385101 0.310176781 1.716758095 1.432099396 -0.389488324 1.641721416 -0.813033301
15.168948919 -19.285735269 18.748444249 0.743811586 -0.509311555 0.432834357 -0.000696112 -0.791607629 0.775709257 -0.023900907 -1.361432322 0.153240663 0.237916631 2.251745389 -0.263957649 -1.336579863 2.637055165 -0.745974697 2.310367296 2.142342158 2.758816339 -0.575580545 -0.597409947 -0.855795515 0.142398420 0.448490976 -0.551127766
16.117357694 -10.632936049 16.309164079 0.685249918 0.716077968 0.066031834 -0.115345958 0.440455732 -0.814855370 1.501175589 -0.245678324 1.594384440 -0.531567484 1.886795828 0.121405467 -0.134742254 -1.378157565 0.568554679 0.231589603 1.073317221 0.349244521 2.038684805 -0.836541876 -1.643482545 -0.106924673 -0.964560611 -0.695030528
12.395209082 -16.967252125 17.389267501 -0.670593693 -0.105653669 0.581697108 0.448073516 0.011588948 0.008088812 0.871483672 0.804052034 -0.487219787 0.291181617 1.114449504 -2.301379090 1.052842540 -0.267871456 -0.223872992 -1.840138604 0.752971302 -0.586177914 0.412322729 -1.798874108 -2.043534216 -1.755179804 -0.887540925 0.993754482
9.967791181 -15.788356639 7.316918086 0.823252267 -0.283668302 -0.440015785 0.219486009 -0.965422429 -0.316564285 -1.089827708 0.698986009 -0.840607264 -0.487246150 -0.035889548 0.310781730 2.585668106 0.894064006 1.635669993 -1.937017950 0.539404978 0.409712348 0.870102805 -1.763293143 -0.299764949 1.359422257 -1.757583132 -1.031320995
11.726102216 -22.339059658 15.414932014 -0.372238015 -0.154033189 0.915081715 0.018387280 -0.502959929 0.509077777 0.644248697 1.862393360 -2.831004869 0.118778377 1.131021217 -0.924696282 0.333523890 1.358977920 1.021887852 -1.003076759 0.796718665 -0.303121371 -0.212489296 0.133200833 0.597500246 -0.198771521 0.567094623 -0.641033686
7.472037294 -13.362101205 13.683853940 0.181403563 0.299507225 -0.085139615 0.932812637 -0.045685218 1.230944273 1.545073050 1.753204955 -0.759997458 -0.585675416 0.911970600 0.940809256 1.258520796 -0.406602216 2.579322509 0.135864667 0.428555233 0.604259910 2.718358683 -0.595479814 -2.017163783 -1.137749212 -1.557732697 0.187276412
16.176377406 -23.235071421 19.146095814 0.174394271 0.494887176 -0.306296581 -0.794264267 -0.010972921 0.992523922 1.581774789 -1.009366783 0.746636378 1.457412261 -0.303943632 0.465821436 -0.252292595 1.110187826 -0.468532054 -0.102325853 0.682506094 -0.594297147 0.142842942 0.810117686 2.444173819 1.539506115 1.996767644 -1.112594023
5.221861944 -18.275898980 15.716548137 0.630071508 0.699104158 -0.112569828 -0.318733909 0.672283331 1.425639259 0.698740574 -0.196341311 0.645769233 -0.262042534 0.704061954 -0.639913016 -0.241979505 0.250411715 1.019620236 0.739805854 -0.709582657 -0.015279340 1.056294552 0.060847441 0.650778990 -1.366928004 -0.724605762 1.173316030
13.103637953 -13.365940718 8.968293429 0.569850306 0.082734370 0.214486841 0.788936657 0.314275085 0.215336670 -0.379401362 -0.296036279 1.128956769 2.659047547 -0.020985965 -0.034057597 -0.825952430 -2.265717973 -1.091392604 -1.581307061 -0.434024514 -2.094987177 -0.177103481 -0.097042244 0.545916223 -0.444146689 -0.341033611 0.507332591
8.072809446 -6.920364735 14.421539017 -0.601856937 0.516961901 0.537153046 -0.286330624 0.599900883 1.748315954 0.121805781 0.686400072 0.768269476 0.751171378 -0.794875372 0.515029568 0.456232332 -0.606384974 -2.040293171 1.295026561 0.461614208 -0.237871826 -0.572619317 0.113305729 0.351283981 0.811934417 0.676139539 -0.896389930
15.322570422 -22.419821116 13.634071197 0.268172457 -0.022597847 0.542461880 0.795806496 0.661491005 1.112369202 -0.357872722 1.828677264 -0.848198830 -0.871657940 -0.267089753 -0.900281054 1.323931501 -0.658657925 -1.770507742 0.486374946 -0.955611962 1.306552473 -0.272239615 -1.038831671 0.021181533 0.129774181 -0.198676284 -0.036078075
11.786217735 -14.652648559 13.009314981 -0.071978571 -0.136916932 0.987748016 -0.020656610 -1.545854675 -1.156157907 0.701494596 -0.068900346 -0.107973557 -0.292594230 0.832377242 0.259551461 -0.240823885 1.253754114 -0.210604753 -0.820857410 0.235539478 -1.165726496 -0.278735533 -0.098915321 -1.049688748 0.336639576 0.213457510 0.111898979
19.759719058 -11.468793727 15.244938945 0.559985813 -0.276391562 0.700826413 0.344769390 0.152762448 0.178723472 0.368952672 -0.567858200 0.052998735 1.160615540 -0.891254685 -0.315349894 -0.206773740 -0.748178842 1.278403260 0.510001714 0.497322839 1.200257135 0.985031571 -0.010451001 1.284135656 -0.662419702 0.271805899 -0.046018162
16.233414615 -13.426323892 9.856615851 -0.129047935 -0.108842014 0.962128746 0.214028788 1.860721493 -2.153998262 -1.345690472 1.137201649 0.408830585 0.266834437 1.046563520 -0.591648290 0.299181582 -1.938169809 0.393678314 0.593597088 0.204439690 -0.873716558 1.676407232 1.595013128 -1.093970594 1.231417577 0.162372337 -1.766045799
10.355779568 -16.401707394 11.254285693 0.056439551 -0.777029867 0.494286889 0.385641848 -2.828472307 0.765871177 0.600846139 -0.004922197 -0.787654366 1.882033983 0.126590958 1.250477611 -1.264987281 -1.117943770 -1.464418478 -1.199105734 -0.476352629 -0.653306834 1.549767861 0.067430664 0.189551668 0.562049952 0.322814752 -1.160930246
10.920541030 -16.404228710 11.842512816 -0.719656528 -0.383526023 -0.578773849 -0.004806535 0.165173204 -0.323347129 1.700013649 -0.388213939 -0.774709914 -0.262871885 -1.038644368 -1.424912719 -1.476402105 0.776684534 0.953658804 0.850285229 -1.265870959 -0.307572307 -1.022248106 -2.121299311 0.419630889 0.973498691 0.325473478 -0.648057366
12.986358182 -23.581926654 12.838393218 -0.603825554 -0.463041484 -0.348297214 0.547427013 -1.196160198 -0.409175457 -0.434824005 0.733285891 1.670675199 -1.727796601 0.439935686 0.753907771 0.464417715 -0.811748578 -0.246367714 -1.561858192 -0.857055519 -0.231410340 -0.197814067 -1.211498722 -1.052999892 2.099461053 1.415597777 -0.148821911
11.335945515 -12.799483971 23.926856891 -0.049592320 0.607153365 -0.468195645 0.640076739 2.714591969 1.166891607 0.383739125 1.111714527 0.375816131 -0.863624438 0.070575620 2.037148849 1.273997520 1.587307673 0.806475168 0.730745251 -0.576434214 0.767053737 -0.147342872 -0.528929457 -0.396300796 0.810967073 -1.235482746 -0.208570891
14.885469319 -10.618835793 16.961277385 0.333550530 0.491225204 -0.355349611 -0.721920007 -0.673174828 -1.751505947 -1.499058990 0.552234405 -3.502214984 1.259321133 -0.025232755 0.222863771 0.379013408 -0.986019893 -0.490754722 1.233488352 -0.461388981 -1.017407549 -0.226782777 -0.356869560 -1.627609018 -0.378495777 1.413748365 0.262263196
14.157890243 -16.411125231 24.866486188 -0.649188321 -0.381342186 0.568864820 0.330946337 0.155305503 0.433166871 0.387224421 -0.358974502 -0.252756796 0.873166011 -1.205228895 -0.438254746 -0.153374515 -0.604472614 -0.871215532 0.686200587 -1.565469716 -0.542234403 0.319251632 1.242428639 0.483596227 -1.549093635 0.055337764 0.253048399
7.480231075 -21.098443450 12.318056769 0.596268559 0.302484407 -0.697059711 -0.258987932 -0.581565303 0.900574981 -1.226741764 -2.191189275 -0.068040703 -1.131125715 -1.204454167 -0.422682758 -0.170066633 0.136315023 0.112551396 -0.113691948 -0.427105497 -0.659786170 0.248447006 0.771753756 1.517584113 0.206333217 -1.156784175 -2.023659371
5.136069038 -15.316735375 20.785222704 -0.067311612 0.891218562 0.048455280 0.445926797 0.097302938 0.465597575 -0.310861155 -0.544889308 0.089440424 -0.286934258 1.772986147 -0.396195042 -0.254367894 -0.427743024 1.241935562 -0.687664567 -0.591295931 -1.246791102 1.768131766 -0.796247944 1.057800082 0.164432161 1.021613267 -0.307533262
16.356210001 -12.163395382 9.379180027 -0.837417364 0.202607710 -0.294250246 0.413641231 2.019795352 0.161947667 1.900154610 -0.404598587 -0.493651463 -0.121944369 0.423258544 0.464547327 -1.476052612 -0.247437840 0.499291513 -0.429442014 -0.096545635 0.453422196 -0.456209968 1.565969068 0.106963569 -0.974413404 -0.064507836 -0.647970085
11.793426465 -25.972599378 15.502675736 0.377926358 0.136760172 0.540360343 -0.739242195 -0.278723800 0.024218754 0.594039474 0.753602315 -1.516897539 0.781954085 -2.151616428 -1.048165138 -1.339678686 -0.139881860 -1.367809426 1.372250306 -0.307367365 0.134212724 0.791954615 -0.581383424 1.090019284 0.074670354 -1.241756057 1.146450669
20.716499041 -14.305169409 13.911090695 -0.039349922 0.410453664 0.608935486 0.677625964 0.181908282 -0.931980361 -0.107623798 -0.729553980 0.150661507 0.122506584 0.086986332 0.309427573 1.231174478 -1.193651230 0.921376024 2.096983071 1.823223823 -0.140013946 0.572195162 -3.041971855 -0.804716941 1.327561604 -1.328893176 0.275625964
15.915126497 -14.967290183 14.040841735 0.477236746 -0.349356861 -0.585062092 0.554884872 -1.521424873 -0.450047234 -1.282680316 -1.624730308 -0.387292884 -1.295490858 0.258223319 -1.156980962 -2.392278148 0.268781136 -1.907157814 -1.944910768 -0.542059808 -1.044042361 -1.100980494 0.005809181 -1.026718240 0.588649376 0.973172735 -0.143295682
9.699414594 -11.270385281 9.337850062 0.526131972 -0.814743904 -0.075389030 -0.231719687 -0.882782139 -1.302343595 0.727988368 -0.730364714 -0.033317554 -0.578990965 0.771070903 -1.506915021 2.035029228 -1.272576261 1.036218670 0.683235701 0.413121866 0.062383493 -1.282446159 -0.728895693 0.648137561 -0.745529626 -0.468478947 1.462336668
7.155939049 -10.200324012 20.696985238 -0.494664342 -0.255934158 -0.416925402 0.718316159 -0.158642211 0.845180956 -2.172991729 1.778436519 -1.095713274 -1.101466758 0.035060618 -0.035407065 0.894392585 -0.813332106 -0.135103049 -0.026037015 -0.038961816 0.986046935 1.248701844 1.570091147 1.387616066 0.807844984 -0.231739721 0.279932974
14.130305758 -12.293748811 24.165833600 0.056185520 -0.191833705 0.837950857 -0.507820223 0.671474568 1.414833077 0.601511613 0.487580659 0.430754111 0.582966735 1.902584746 0.865900134 1.007492881 -1.675575135 -0.326959523 0.836995442 -0.381143813 0.689512535 1.980365678 1.808963395 0.455359437 0.045029850 -0.462615357 -1.997535915
6.471187027 -23.948161486 12.129238109 0.139495520 0.663941913 0.682405464 -0.272111960 0.280531898 0.405928107 0.116123288 0.519911122 -1.899712939 -0.327384882 -0.316971900 -1.359773996 -1.304425713 2.707336117 0.259509510 -0.753827389 -1.053224706 0.248452227 0.424025994 -0.588677216 -1.441009824 0.955261634 0.110967099 0.186666719
2.842016587 -20.359625095 16.494041358 -0.139384764 -0.648896365 0.212299138 0.717240874 -0.513435159 -1.079078283 0.110419126 -2.009738353 0.129830990 -0.870636431 0.864594903 1.093684182 0.488450386 -0.517597453 -1.953477096 0.105980157 -1.259372482 0.243564922 0.722946310 -0.860286417 -1.634405044 1.452220146 -0.417119027 -0.476205174
10.404272143 -20.186991454 16.018933264 -0.605984627 -0.401290779 -0.206917550 -0.654930126 -0.682765038 0.153385352 0.462973041 0.205785997 -0.204331742 -1.247882640 -2.229505327 1.403263448 1.085727508 -0.326753600 0.224417320 -0.770621217 -0.267115039 0.614074158 0.050719509 -0.031077814 -1.302021290 -0.479060679 -1.025330104 -0.221188626
3.828053118 -11.469108920 11.084144842 0.104311796 0.954763540 -0.210693258 -0.182082351 1.495220080 0.087559637 0.506086715 1.671384636 -0.666218554 -0.749977250 -0.279697759 0.117760343 -0.095899631 0.898314568 -0.223451919 0.705853112 1.685998172 1.569716957 0.995431337 0.910801888 -0.679600049 0.868225323 -0.022944676 -0.690557549
8.437459233 -14.864638924 17.062195015 -0.356932275 -0.431747305 -0.388869415 -0.731419301 -2.136828536 -0.720662645 -0.352390944 -0.765115779 1.138924713 -1.811515329 -0.481519461 0.409052005 0.841128668 -1.628516637 -0.251429083 2.294997920 -1.334939392 -1.411203933 -1.342515417 0.092110813 1.033455427 1.010186791 0.074748557 -1.276664874
4.150433972 -13.427407595 10.096585261 0.412046461 0.221062272 -0.564062787 0.680575021 -0.249012095 -0.723628699 -1.071382152 1.249418801 0.407795665 0.150938176 -1.987086429 -0.372790284 -0.424758277 0.046283715 -1.112199814 -1.773723573 -1.181792644 0.333789520 0.828688629 0.622002692 -1.129775327 1.938197258 -1.105603762 1.421198096
6.146111548 -23.140077623 11.406038359 -0.272680164 -0.214585538 0.698670114 0.625666562 0.782631890 -0.732847736 0.078217565 -0.483110050 -0.490518102 1.157667226 1.602130854 1.145586189 -1.051286413 1.772956449 0.244336402 0.569283702 -0.143323798 0.916366289 -0.346099480 -1.769149063 1.141108791 0.598309627 0.670249422 1.174585722
19.894773821 -17.844001886 11.702430776 0.350218030 0.905304912 0.102708804 0.217304509 0.989453346 -0.371174652 -0.428856370 -1.522226742 0.985520619 -0.525700377 -0.731191563 1.713665529 -0.722118155 -0.204843616 0.891268341 0.664017679 -0.009265093 0.806677457 0.320774426 -0.427740609 -1.989920547 1.486730681 -0.161551008 -0.569616473
8.056300673 -11.460828695 16.859107316 -0.255230023 0.226549644 -0.934232667 0.103644669 -1.286703695 0.385041954 -0.793560749 -1.105936068 0.887585829 -1.323389852 -0.360848384 0.425145666 0.098389070 -0.451192285 -0.787583180 -0.006867551 1.146599980 -1.209577786 -0.459778927 -1.428326497 0.819241491 -1.061645838 1.985989501 -0.395300682
14.517731858 -9.423365671 21.474555379 -0.479107951 -0.077825932 0.615190921 0.621239750 -1.284500776 0.618686758 -1.859136022 -1.611978380 1.405808089 -1.916709738 0.579116280 1.086390098 -0.692326745 -0.361956461 -2.504353370 1.162356641 -0.704778404 -0.158341984 -0.116163730 1.138174266 -0.327228833 -0.178878729 1.224493634 0.954047522
3.485717357 -20.580828022 19.607107576 0.104432576 0.943835825 0.214945330 0.228180362 -1.100420661 1.308030231 -0.337662600 0.318031518 -1.780791687 -2.405204705 0.015551780 0.795931814 1.080620735 -0.359580476 0.955253270 0.981867981 -1.500463603 0.431750298 -0.184018601 1.253951924 -0.534038737 -0.079072438 0.800723514 -0.421343704
11.208118794 -9.435061071 20.931996985 0.672700695 -0.649985721 -0.338050504 0.103509391 -0.369898763 0.262874317 2.810272621 -0.545541912 0.700229706 0.049723184 0.917602691 1.912876907 0.268151187 0.342392680 0.599182437 0.718698093 0.474443876 0.358949452 -0.802410460 -0.953750891 0.950740628 0.928126863 -0.062241527 -1.756487388
6.671443996 -10.656597427 21.182343766 0.434483752 -0.317652752 -0.510772853 -0.670396667 -0.573922646 1.906938146 0.911921970 -1.330853340 -1.046467208 0.620079964 0.713847598 1.936895221 0.750925414 -1.532527091 -0.203329356 1.233858085 0.201076803 1.498339073 0.725032691 -0.556613961 0.862831640 -1.028820644 -0.409885903 1.055144792
10.765073624 -18.555561511 13.215813272 0.491376009 -0.101764681 -0.679769678 -0.534889477 -0.431749182 1.242603175 -0.149614744 -0.589734827 -2.051793732 -0.283078703 -0.528218369 1.729940513 0.315852379 1.598337062 0.736532412 1.266909286 -0.188758601 0.890860123 0.239557560 -0.673057829 -0.478766909 -0.921395883 1.035636621 0.420638853
7.127943293 -20.386322864 12.092971828 -0.570921439 -0.659658035 -0.137945403 -0.468904098 1.479769245 0.415461328 -0.326505235 -1.247187634 1.731907510 1.620580620 0.703538681 0.752675989 1.782724352 0.013071841 -0.778579059 -1.312952412 1.084901201 1.231402449 1.913816642 0.806720142 -0.936136506 -1.756405676 0.553287066 0.599260303
13.092682361 -20.224313432 14.995789423 0.103093920 0.905584934 -0.326710658 -0.250095414 0.086130986 -0.673988209 -0.350971850 1.959293453 1.726032998 1.634923286 -1.133191765 0.858737484 -0.068429377 -0.694903559 -0.349744571 0.877716471 0.517977477 1.166440699 1.305758271 -0.819810730 -0.305092212 0.392789048 0.524648658 0.605920375
10.790709847 -7.432418170 16.078087255 -0.345388247 -0.710892857 0.578644966 0.201266758 -0.047008226 1.007301971 -0.862661385 0.789788314 1.707508942 0.127934551 0.973173620 -0.588807306 0.372123292 -1.613721527 0.158400482 0.684574579 1.038971727 -0.821891240 0.325176396 0.306346578 -0.107718289 0.770710318 -0.214318271 1.498233835
14.523935158 -22.365117415 15.711229662 -0.653597501 -0.238841818 -0.694922925 -0.181237472 0.294629173 1.367858630 -1.362833643 0.504513054 -0.334550748 0.353830054 0.554992997 -1.572601568 -0.059360472 -0.631784809 0.992861370 0.491343286 0.395275179 -0.818171685 0.490618540 -0.478616844 -0.849817699 0.161000830 -1.787281970 1.519379632
11.882224682 -21.602323579 12.131471495 0.414242896 -0.344073991 -0.144157240 -0.830201543 -0.966516194 0.267093231 -0.099215298 0.956620550 -0.602317296 -0.643048250 1.797943733 -1.035202943 0.453333260 1.549264262 -1.119218628 0.850142840 1.679002698 -0.046590593 1.635363041 -1.138782640 0.516098008 -1.414430622 -1.209404625 -0.899587681
11.850734237 -12.050819771 23.128591509 -0.436748257 -0.839868539 0.319329240 0.043596249 0.703251441 -0.171201382 -0.650485742 -0.862067050 0.719595051 -0.706480428 -0.483897782 -0.168813501 0.074516354 1.058852597 0.657362649 0.832222656 0.952056219 -0.931414352 2.008127362 0.333180095 0.218338162 -2.134478154 -0.562926681 -0.812813585
8.640600007 -15.254687855 6.930159550 0.372544735 -0.286374903 0.459392778 -0.753762636 2.836016034 -1.111511965 -1.022645194 -0.405846417 0.876272608 -0.054812784 0.336982434 -1.848295233 -0.267062056 -0.058555893 2.593855331 0.129291570 0.039959990 -0.147474638 2.002448736 0.053112022 -0.977480148 0.110265450 -0.259837200 -1.809806841
14.380437056 -21.534326903 11.581659455 0.502265060 -0.508438094 -0.264287495 -0.647589866 0.569428913 2.046911977 -0.107193403 -1.246832689 -0.160029116 -0.934316660 -1.629395151 1.206526158 -0.347246927 -1.464026089 -1.063683773 -1.336297591 -0.589966577 0.963442361 0.168809985 0.118341288 0.239312975 1.098659171 1.497903375 0.716575890
10.099672029 -16.245115500 13.581891471 -0.229674178 -0.095017062 -0.278126148 0.927829389 0.093099229 -2.312586102 1.466759604 0.473770439 -0.906157292 1.521899809 0.098571313 0.225228610 1.932362676 -0.552882348 -0.395234630 -0.161551226 -1.775903420 -2.053324626 -0.669764357 3.261855676 0.569161945 -2.499659014 0.748137865 0.787828878
12.187073937 -22.494651228 10.068368725 0.174478738 0.580284979 -0.679311096 -0.413960081 -1.246132940 -0.266239434 0.577084546 -0.937939574 -0.337396399 -0.645868214 1.388735507 0.833143670 -0.905388183 -0.593017857 -0.452016004 0.595649822 0.460177939 -0.291888294 0.663026016 0.235053374 0.579299052 1.614400150 1.155145856 -0.297172626
10.161600466 -15.716013010 15.847627604 -0.869961440 -0.201667592 0.114558797 0.435170723 0.229390150 0.240335785 0.280090218 -1.575330354 0.534403544 -1.270498086 1.113784803 -0.286646953 -0.286629456 -0.552558957 2.317234528 -0.193321700 0.912729495 0.778288068 0.066470976 -0.329557919 0.499614807 0.652140879 -1.179847851 -1.325708902
10.143860857 -10.226989588 18.689903467 -0.768188911 0.257267826 0.558115377 0.179461108 0.168088430 -0.005503640 -0.902518149 -0.044336778 -0.567712660 0.073321140 1.002573081 0.050842738 0.518418532 1.237598379 1.604702569 0.753356644 0.091764356 -0.462511780 0.267630837 0.531985914 -0.220327495 0.053468823 -0.829068947 -1.044121170
4.976034440 -16.904815176 12.871280602 -0.610668264 0.029023473 -0.225637853 -0.758504759 1.152957598 0.334074389 1.899306411 -0.771964074 -0.159985722 -0.792872834 -0.937609948 -0.660961919 1.621701657 -0.953392486 0.153738050 0.164225180 0.409920672 0.083545568 0.035019541 -0.168366501 0.848599343 1.154760043 0.496175229 2.033749390
16.297017584 -21.399015423 9.129309968 -0.867764681 -0.450783209 -0.208590195 0.016403879 -0.494554653 -0.373205391 2.178185594 0.154642602 -0.449050671 -0.890214624 0.254518884 0.933165354 0.675896153 1.154632909 0.031494649 0.799210075 -0.959283029 -0.717043636 2.044382549 0.578848572 -1.562620979 0.780320132 -0.180639410 -0.792053221
17.166808038 -12.690802427 8.507209837 0.268052712 0.347569976 -0.719820135 0.537774886 0.056140919 1.410210329 -0.990244868 -1.093325316 0.515163926 -0.651767075 -1.398054033 -2.688924365 -0.900666275 -0.401874374 2.608130479 0.242364692 2.309040680 1.078197614 -0.905520656 -0.004915726 0.769512894 0.264743949 0.585518858 0.496192553
14.238559919 -24.443493789 19.211246821 -0.051272900 -0.507580357 -0.543970900 -0.666204872 -0.269838667 -0.404327608 -0.151667806 -0.914957194 -0.765151926 2.077057324 -2.280034679 -0.061368459 -0.114248266 0.210976195 -0.709901259 0.070834271 -2.180757016 -1.983022809 -0.789753574 0.206509693 0.567328420 0.476095712 0.669237046 -0.251210142
10.156279824 -12.629336648 21.620914000 0.050470330 -0.067765936 -0.929773824 -0.358303167 0.091312296 -0.450943232 -0.582538847 0.292311618 0.453448500 -0.964513634 1.561438367 0.261682071 0.733236122 -0.313126853 0.306876462 -0.072312373 -0.495696217 0.259610908 -1.096100082 0.129909510 0.922196211 -0.287959569 -0.478539856 0.949968311
4.463445109 -15.072528613 8.510050277 0.125164775 -0.482045742 0.829731542 0.252014385 0.893938479 0.880935119 0.080374845 -1.643674420 0.794037036 -0.269331161 -0.480374304 -0.933158764 -0.521565823 -0.184208415 -0.315281430 -0.671017857 -1.149986313 3.419180362 0.823109653 0.296256446 0.615159331 -0.618285399 1.842095619 0.820320449
9.294611081 -16.185838129 21.232844379 0.598716048 0.138374577 -0.138583469 -0.776650624 0.711398522 -0.111437269 -0.901915105 -0.059413956 -0.783812600 0.171272534 1.144635875 -0.023689229 -1.114140340 0.400853023 -0.129041904 -0.494710719 0.328430104 0.603869544 0.358263418 1.438083710 -1.789013771 -0.678173246 -0.461799877 -0.662585902
3.592943626 -18.511520418 19.028833153 0.365596267 0.557868148 -0.738771534 0.096639121 1.049980022 -0.031239655 -0.402613132 -0.953825853 0.441472895 0.435699595 2.470262639 -0.381598467 1.032910379 -0.244436757 -2.099195441 -0.754355658 -0.041649312 0.200268645 0.086831458 -2.559016800 1.659495607 0.740495738 -1.061155110 -0.780477296
13.765739343 -13.364600744 18.061848473 0.468468829 0.621026058 -0.603567453 0.174842558 0.100830475 0.648386272 1.723307874 2.194499905 0.496790248 0.763416724 0.949166214 -0.052522877 -0.681604448 1.077412840 -1.382915077 1.501033921 -2.425479761 0.857765698 1.545858677 -0.697700079 0.887282962 0.585635453 0.432026871 -1.373681927
5.795763078 -19.436369874 16.138907844 -0.279567373 0.485287724 -0.755247673 -0.340497960 -0.729098805 0.635549792 -0.231997760 -1.316974921 -0.616384528 0.830421288 -0.199368708 1.328301044 0.019709073 1.624096605 -0.482009988 -0.006808435 0.172939837 -1.530729233 1.989049845 -0.344250779 1.235962454 0.737755444 -0.690263908 -2.494559192
9.688274439 -22.820258772 15.444246611 0.708739662 -0.439464149 0.052864616 -0.549331125 0.549684795 -0.891928569 0.753213965 1.494008809 0.429478530 -0.031519036 1.337951482 -0.629568250 -0.965411109 -1.006422154 1.768779038 -1.002123808 -1.951952916 1.849135123 0.548325668 -1.113427227 -0.050740639 -0.504080452 -0.154241189 1.116803088
11.833765528 -14.140284610 17.658049600 0.436719886 0.696962268 -0.268086936 -0.501646024 -0.839392212 -0.413876691 2.079161467 -0.889540545 -0.035062583 -1.510232980 -0.177892781 -0.432620915 0.692489595 -0.389711121 -0.884515352 -0.865287217 1.041387117 -0.868734813 -1.125330616 -0.617574215 1.271335247 -0.369656198 0.499383557 -0.506188922
10.453835916 -14.877412523 10.231539953 -0.128493841 0.311303358 -0.169571470 -0.926188463 0.585493445 0.257174968 0.820232707 -0.685192884 -1.245447975 2.997301454 -0.776838860 -0.194617766 -0.412031219 -1.681357473 -0.480680806 -0.954860085 0.256733027 -0.889364696 -0.276971351 1.760141309 0.827591014 -0.202908530 -2.174090901 -1.481875821
18.498935510 -16.373799128 14.298890146 0.920794446 -0.103457054 -0.304606918 0.220564845 -0.755422579 -1.048199698 1.238612451 0.941053537 1.342191000 1.210361975 1.018919355 0.010322933 -0.036865291 0.145368875 0.016286348 0.192481335 0.813555438 0.596378498 0.671619077 0.882501933 -0.399845017 2.304537488 1.222469565 -1.057431800
18.654316584 -13.884710025 16.476980960 -0.629629425 -0.346503272 0.516934147 -0.465060596 0.591442447 0.739740062 -0.120885792 0.089765625 0.523536239 1.088697332 0.674869669 -2.091553758 -1.151323002 0.161091592 0.895445703 -2.464256375 1.458357462 0.788518933 -0.427542691 0.058134508 0.836357754 -0.942090902 1.337467456 1.078182753
6.942432484 -16.570142269 16.118604515 -0.541384383 0.107539516 0.610215928 0.568308652 -1.718861396 -1.017657078 -0.408863309 -0.330569437 0.990834618 1.285391535 0.388880459 0.095980990 -0.134217970 -0.054941235 0.136387445 0.194666995 -0.053411547 -0.079943440 1.013574776 0.347515357 -0.098866959 0.451328835 -0.968393944 -0.027991945
11.319811023 -21.905434049 11.908435371 0.710331504 0.075935359 0.535788486 0.450104071 -1.643914647 -0.285962459 0.145904830 0.851514514 -1.320004139 -0.148706315 0.627745229 -1.494981174 0.674797571 -0.803505096 -0.340041214 -0.074167684 0.946225916 -1.321695482 0.941347622 -1.760116464 -0.974002113 0.318323543 1.958477667 -0.039812890
5.102299556 -14.579004879 14.191487428 -0.021827230 -0.313748717 -0.142724352 0.938464210 0.188874611 -0.674032299 0.991417563 -1.041378032 0.897405782 1.059415847 -0.946327909 -0.477636230 -1.126116379 -0.822512540 1.081306277 -0.204343955 2.128987563 2.008221146 -0.004143905 -0.338652198 -1.367601587 1.041914845 -1.618817566 -1.070018141
17.864487711 -15.957165883 20.423914118 -0.103817859 0.559846544 0.548742956 0.612106908 -0.547035871 -1.671607999 -0.710562963 1.108094043 2.179477373 -1.002922567 -0.522369290 -1.186982643 -0.847726198 0.467076443 0.042204071 -0.584230844 -1.120477298 0.044825936 1.298041031 -0.833472682 1.665145373 -0.325401951 -1.161588559 0.414544439
17.915093828 -15.418519109 22.032002653 0.389157984 0.886618249 -0.100290160 -0.228923630 0.435771419 1.110748718 0.193881031 -0.400354182 -1.151920759 0.343302732 0.768328348 -1.745677587 -0.330994731 0.545463506 0.997880969 1.751881899 -0.919797499 -0.869871051 0.326097101 0.875982055 -1.795866546 -0.486700502 1.529095648 0.226340110
6.463222310 -18.234742210 13.887537246 -0.724850419 -0.470168934 -0.125424699 -0.487649145 0.035690808 -2.048461265 0.464474365 -0.617613966 -0.904893213 -1.385470166 -0.429195910 0.148587987 0.943239896 -0.038725515 1.329303311 0.646058401 0.684037265 -0.415259892 0.568752213 -1.041531171 1.662535209 1.025617656 -0.410430501 0.932293336
11.053862810 -19.716916630 10.819941856 -0.153435335 0.345729333 -0.922903427 0.071958953 0.795612275 0.113375729 0.629587520 -1.125263866 -0.163820979 -0.601495972 1.549072654 0.301886018 -1.004614689 0.825495929 0.414329583 -0.790945045 1.701276065 -0.403546808 1.696370462 -0.632894637 0.066640168 -0.416420719 -0.404335963 1.157805931
15.348914162 -23.146738301 11.039330570 0.693102955 0.500534633 0.487521611 0.177189318 0.561302778 -0.094604390 -0.364818289 -1.872369039 0.834797041 0.396576369 -1.043419427 -0.678769199 -1.121588974 0.380103565 -0.651277550 -0.319282584 0.653420730 -1.217843368 -1.225557796 -0.114195172 0.047644973 -0.343247853 3.028026756 -1.729873196
14.284342184 -20.221722540 14.588495490 -0.904696617 0.228257282 -0.142162885 0.330472931 0.101885083 0.209134063 0.209855736 -0.207367072 -0.043704816 0.782752403 -0.198270869 0.775875906 0.169118635 0.324828889 -1.574120337 0.519664156 -0.709935306 -0.576691239 -1.141282773 -0.910978103 -1.171150324 -1.256801334 1.436800962 -0.904107577
15.579032832 -16.881986555 10.518057638 0.461062448 0.689297336 -0.235721022 -0.506681558 1.400553491 0.294395582 0.342160386 2.337430645 -0.371625641 0.091324197 -0.543342581 0.909759864 0.248520684 0.062562535 -1.224331749 -1.876389814 0.775502781 -1.274563930 0.004213345 -1.676654197 -1.954914084 -0.538544960 1.306949355 0.662116737
3.997232989 -19.501317122 21.675075883 0.711359509 -0.327559330 -0.534660180 -0.317507521 0.427462723 -0.225057821 1.024770725 0.031223554 -0.339266114 2.104225307 -0.029116920 0.818416127 1.131376113 -0.126579916 0.313933393 1.347672264 1.895274613 -1.261141768 0.242850952 -0.482249778 -0.583511805 -1.117436050 0.222002157 0.231812672
11.006983298 -7.471718357 13.463751925 -0.055029091 -0.276011877 -0.232383029 0.931014162 -0.275859912 -0.393595708 -0.603154684 -0.393879040 0.022220137 -0.576213475 0.487379381 0.941952254 -1.397508798 2.142109336 0.339016584 -0.436070832 0.106147024 1.061296554 0.074778389 0.537507652 -0.025927887 -0.180066186 -0.904031164 0.971125709
16.585208985 -16.745380931 21.180572932 -0.170211987 -0.853072054 0.467405678 0.157568662 1.281043718 -0.264791536 0.660107102 -0.353925760 0.818355054 -1.661658868 -1.656304095 -0.034944108 0.694474686 0.936273222 -0.746268161 -0.373234107 -1.300058475 -0.649127087 0.679605014 -1.631016245 -0.456990846 1.483355778 0.605666972 0.901396973
