-36.779025070 -0.178253830 27.153827160 -0.305337474 0.876742007 0.322345122 0.184894843 0.467018631 -0.761090921 1.317078621 0.080967725 -0.705895822 1.532984987 -1.382807076 -1.701122211 0.495217494 -0.235471921 -1.626104291 -1.870390127 0.332649009 -1.295792662 -0.172054253 0.658777086 -0.696246324 -1.751746813 0.120104747 0.895476132
-26.980301498 -1.441421113 18.427700525 0.596554882 0.404141670 0.636720415 0.274552174 0.702047548 0.898913475 -0.162871858 1.294599389 -0.446596026 0.471449119 -0.326582765 -1.930375400 1.917520548 1.307276926 -0.447314547 -0.492853030 1.029234122 -1.174684731 -1.329847884 -0.949059826 -0.249883948 -1.303398738 0.191266117 0.982542885
-35.226230938 -2.415628189 18.901660126 0.266062140 -0.499643245 -0.356255540 -0.743404032 0.852844229 -0.574853609 -0.538920364 -1.335211723 -0.699965801 2.472892986 0.807388870 -0.767536956 -0.766045864 -0.007541680 0.510721578 -0.620279937 0.589974442 1.473249081 0.514037347 -1.164663018 -0.628446325 0.210003606 -0.555174928 -0.547385742
-39.031101233 -3.569041054 21.086531484 0.778183162 0.043325374 -0.361838274 -0.511494811 0.232406416 -0.121070119 0.530358458 -0.483967008 0.321018772 1.463362219 0.961053443 -1.219583849 -0.926588999 -1.619693713 -0.118002765 -2.335440677 0.547925826 2.314647297 1.265723042 0.123420650 -0.998912511 -0.488724066 0.090143262 0.250645179
-30.526932552 -8.250005314 24.646352527 -0.643668531 -0.389431972 0.534374024 -0.385328384 -0.319475166 -0.576979294 0.272501885 0.041751111 -0.169274801 -0.461022396 -0.389958469 -0.495019287 1.631713233 -1.878869118 -0.025408325 -1.256269360 -0.759885448 -0.554132473 0.800749202 -0.643008426 1.230549872 -0.309576470 -1.244621334 1.028047355
-40.062098520 -9.877593537 17.413453429 -0.381416224 -0.364474162 -0.754265197 0.390850690 0.763255350 1.198057501 -1.361866853 0.453864175 -0.522241280 -0.204205550 2.235743205 -0.079822319 1.068925529 1.132295863 0.849893266 -0.294141155 -0.069229493 0.240719568 -0.692776279 -0.225307767 1.209860269 -2.042719079 0.421221339 0.254591448
-32.440480640 2.626901226 18.520646458 0.132879344 -0.318344977 0.627909782 -0.697659560 -1.003227473 1.604972940 -0.149602605 0.015576227 0.554216493 -0.731215111 -0.878719105 0.218637436 0.719233261 -0.090823004 0.319253334 -0.733834655 -2.066421632 -0.351060285 1.260329736 -1.828025382 1.321441884 -0.517553781 0.801027343 -0.422902110
-29.014856789 -0.349465427 12.503002226 -0.456688884 -0.508720913 -0.159984704 0.712069653 -0.089428330 1.178968278 0.206540106 -0.585448373 0.691453549 -1.727807781 0.456457895 0.238229021 -1.170638147 0.039623758 -0.763806892 0.638785354 0.688760134 2.080887047 -1.370405122 1.194622701 0.194344226 1.256525721 -1.489777329 -0.390224431
-37.955433815 -3.223902286 24.322137263 -0.415633346 -0.708628937 0.517858339 -0.238572194 0.753754100 -0.335390375 0.684061797 -0.390693408 0.460428116 -0.075069451 2.445521876 0.337372099 1.371406205 0.406993667 1.646594633 1.342837324 -0.456195570 1.477237367 0.670866864 -0.375288102 0.768429300 2.114018827 0.303883194 -1.356384265
-36.352515833 -10.444616719 17.379603669 0.312245972 0.054293324 -0.460736170 -0.829021634 -1.777553236 -0.633625071 -0.402134155 0.299548655 0.683652460 0.385176602 0.393948111 -0.548134385 -0.613816820 -0.915887285 0.433395064 1.383156740 -1.073871345 -0.383571097 -0.317407256 0.128890923 0.534027949 -0.670735528 1.369545938 -0.102692614
-43.708586263 -3.850120926 19.082850947 -0.618968967 0.662845981 -0.106455478 -0.407651633 2.682445981 0.397978885 -1.968453540 0.480572360 -0.041894784 1.212158961 0.048527651 -0.932401524 0.248155836 -0.466688271 0.534180357 -0.574766278 0.850028946 -0.214189564 0.257011258 0.369240439 -1.122763625 -0.361090454 -1.688625809 0.172819417
-35.781027859 0.620033544 21.803862263 0.300396003 0.725951771 0.607630251 -0.116369003 0.149447425 -2.819998013 0.865593290 0.582704263 -0.363155453 -0.484210503 -1.325560742 0.412953692 0.828813216 1.345150554 -0.243499605 0.986697521 -0.288307881 1.450597203 0.675958911 -1.118939895 1.164281274 -0.430800700 0.931298305 -0.085296394
-39.084110500 6.433477770 18.176473169 0.063681052 0.275597369 0.786491692 -0.549018791 1.079700470 0.927738247 -0.818885563 1.366550623 -0.825799476 -1.205594746 -0.349497559 0.270706875 0.358102665 0.464047264 1.143730415 1.422322826 0.105081449 -0.150864810 -1.037497446 1.075981554 0.107242356 -0.202150505 -0.776603321 0.778459157
-35.336076196 -0.473940189 23.923127667 -0.432574826 -0.087794032 -0.777763667 -0.447498498 2.118655071 -0.530293692 -0.764209179 0.434681106 -1.528602345 0.239135528 0.028501482 -0.180245518 0.871869093 -0.353060037 0.306174264 0.282326330 -1.180907747 0.246836784 -0.706297384 0.974533344 -0.271939464 -1.547668763 -1.484502561 0.289401549
-40.663250410 -5.137132360 22.164658553 -0.781110647 0.485070756 0.182745062 -0.348104527 -1.131323384 1.066184935 -1.340973244 -0.278887636 -0.690315856 0.717885247 -0.151330547 -1.038027428 -0.265779361 0.365018827 -0.871512272 0.286325280 1.765603541 -0.486131894 -2.773365907 -0.121914398 1.548176031 -0.969437369 0.393769492 -0.027086802
-29.189498984 1.898872603 12.441561525 -0.010589518 -0.619634469 0.350614207 -0.702147182 1.310410873 -0.888479559 1.063813889 -0.416489661 -0.117793247 -0.160692564 -0.125806296 0.738543855 -1.821607392 -1.534389996 -1.163074517 -0.097725115 0.789929500 -1.597866356 -0.080830413 1.221764786 0.590888389 -0.594052551 0.118323842 0.269525467
-32.185768251 3.275132933 16.305916942 -0.343023237 -0.189182957 0.780266164 -0.487575206 1.411692869 -0.579220007 -0.061825922 0.719235294 -0.924337711 1.984169006 -1.796412475 1.454561146 0.578124872 0.828130870 0.375930949 0.047767844 0.846112924 -1.103075956 -0.404933068 0.198898659 0.221467358 1.216651001 0.289179432 0.219300852
-36.123523997 4.567697044 23.675615132 -0.750820391 0.409549506 0.111558932 -0.506055874 0.973702212 0.906212667 -0.057030950 0.311154391 1.456731281 -0.781055599 1.311265894 -0.532291619 -0.154103902 0.874192047 2.400567023 -0.375320936 -0.479394049 1.003395962 -0.574574499 0.456948002 0.363248253 1.846834726 -0.449780888 0.680764347
-26.534012977 -3.336531847 22.730668099 0.214193455 0.619374499 -0.549018672 0.518724292 -0.262762527 0.817181086 -0.297797407 -0.176455948 -0.394705299 0.890121424 0.793114957 -1.082380203 0.265373092 -0.290815731 -0.682717365 0.047882548 -0.809876947 0.035147314 0.617733480 -0.423627358 -0.540846461 0.484373642 -1.001030721 -2.485453238
-35.586156073 -7.824701036 16.102410762 -0.007442313 0.683257533 0.051895628 0.728292935 -0.261497078 -0.203842802 -0.141927383 1.084657527 -0.102133359 0.192873481 0.142731166 -0.224616608 -1.349370270 -0.224362905 1.107304488 0.223156109 1.675033451 -1.779920166 -0.784482878 0.389818484 1.280764396 -1.126055190 0.738456122 1.036548550
-37.428510581 -9.280978735 14.726924470 -0.387432003 -0.038075224 -0.808108269 0.442049484 0.298014061 1.726718402 0.240457315 0.382678677 -0.151076170 -1.309537462 -0.060820173 2.271743910 -0.532708687 -0.815353394 0.799692759 0.880605970 -0.641856121 0.028488013 -0.516818038 -2.053340775 0.433464232 -0.068073131 0.581264985 -0.001621087
-36.428663922 0.743339656 22.690924855 0.609996150 0.014501780 0.673277360 0.417602672 -0.367345117 1.383403737 -0.955757788 -0.512999732 -1.849297610 1.308897417 -0.405734772 -0.193560933 0.138781689 -0.955853910 -0.740428612 1.098080953 0.736180731 0.768783521 0.751857087 1.195231147 -1.291783647 0.682916419 -1.490956544 0.144288677
-34.086511624 -9.091397358 21.516612275 -0.328362941 0.413455023 0.484742394 -0.697321687 -0.210966471 -1.162234345 1.256723031 -0.804519330 -1.081379200 0.531403262 0.541303393 2.347595251 -0.351656659 2.319147980 0.934085695 -0.466865313 0.125054190 0.838812894 -0.432102656 0.183163204 0.829755536 0.607163931 0.245854011 1.296199497
-34.492608448 2.121498090 21.902216744 -0.471108736 0.305942103 -0.785449222 0.259856708 -0.862319637 0.143370122 1.007751320 -0.795271500 -1.160363173 1.503873679 -0.215046855 -1.595890430 -0.982729177 -0.473158236 0.393853566 0.119451293 1.981896196 -0.742156021 0.489524971 0.769151228 -0.005992877 0.200123547 0.537018877 -0.820447366
-44.178836759 -0.570961347 16.846459378 -0.214091725 -0.135661371 -0.155045095 0.954841214 0.904331167 -1.318463321 1.045544190 -0.102389037 1.046815261 -0.770974076 1.239730151 -0.529452316 1.770646719 0.140040486 0.551581318 0.479389221 1.441795651 -0.768334226 1.144987694 0.405411089 -0.763916493 -0.395123465 0.697219447 0.512501893
-38.484240521 1.154752959 12.608835166 -0.870904110 -0.007508850 -0.231444153 0.433478087 -1.861250940 -1.035232030 0.950609206 -0.611351095 -0.296386382 0.058111033 -0.711884934 -1.072134662 0.360966119 0.534983458 0.961317058 -2.111177809 -1.756077810 0.188707806 -0.728519606 -1.141336838 -0.804995210 0.127942236 -1.667945328 -1.176560341
-43.685803811 -1.421674742 19.884784278 0.823632303 0.510976439 -0.224598715 0.100440658 -0.181780345 1.006669426 0.886471753 -0.379595711 0.416965001 1.036131419 -1.043950124 -0.277029345 0.432195705 0.564746602 -0.792147217 0.757784956 -0.327942366 -0.346415602 0.496289102 -0.534691866 -0.192567220 0.825382594 0.652002907 0.122805740
-33.631634229 2.777752209 10.687662660 -0.077425686 0.961090053 0.263796499 -0.026880837 0.391827642 0.741051136 1.156568971 0.903098320 -0.477065069 0.061045654 0.582573525 -0.246694043 1.329504551 0.263423720 -0.071298004 -1.914922395 2.435763485 -0.174391855 -1.205713687 -0.475964592 -0.385978295 0.334676073 1.342896775 -0.659756075
-34.958785077 -0.914362401 9.802475152 0.625421773 -0.415169059 -0.650181849 0.117242573 0.501121403 -0.843965738 0.653648815 1.190565845 -1.265863395 -0.634816874 -0.408664863 -0.810444783 0.777960865 -0.687110298 0.376946995 0.969024626 0.550888332 0.365790260 0.084734494 0.918431072 -1.048748145 1.290491851 1.440394357 0.096354686
-29.459766292 -1.068048422 13.670517277 0.000254678 -0.060273143 -0.997389875 0.039755772 2.018589522 -1.753004582 -0.801695663 0.158094387 -0.744594325 -1.130306863 -1.020875361 -0.021343539 0.069814627 -0.759038376 0.933860320 0.548780546 1.278593604 0.418831414 -0.514893772 0.160187742 -0.608364251 -1.455329532 0.716361375 -0.392471545
-28.487128117 -4.199978409 21.047925394 0.683288280 -0.322205955 0.102767852 0.647100624 -1.576869834 -1.426938333 -0.393888698 -1.696249205 2.685305896 0.721679719 -1.029321213 -0.444234006 -0.783313020 -1.499279425 0.495597881 0.124961690 -0.901226441 -0.452707068 1.481854239 0.222612643 1.323371757 -1.305022981 -0.281566667 0.254690662
-27.220648964 -7.299071637 19.951166424 0.208047539 0.009568085 0.929758502 0.303601386 -2.482344006 -1.620779850 -0.305634218 0.305023444 -0.427430066 -1.017524392 -0.516439604 0.438992982 0.660502114 -0.570398705 -0.418882881 0.285843659 -1.323838299 -0.962309653 0.266710600 0.084914218 1.641811035 1.344837856 -0.538483025 -0.242497243
-39.507993351 6.053005255 17.623991203 -0.075397802 0.244106621 -0.964896342 0.060845536 0.913719421 -0.033308052 -0.796828648 0.808128093 -1.090252294 1.010906599 -0.331757218 0.013005393 0.596712598 -0.843286385 1.259704810 -0.917442594 -0.941252920 0.956340478 -0.156513812 0.736112167 0.238884789 -0.142536031 0.553460217 0.466479887
-39.779377958 -2.624039497 11.570582458 -0.317868511 0.631847471 0.706279558 0.029959439 0.194091731 0.187016394 -0.936504923 0.265963589 0.923603070 0.267980640 1.681919478 0.332248675 0.225606296 0.252417652 0.368636918 0.456770385 -0.335954378 0.960641190 -0.683546766 -0.640447047 0.076364664 -0.513572753 0.666364564 0.765853791
-40.854160993 -1.358018462 14.219281222 -0.423806442 0.622938305 -0.470445265 0.459366107 -0.110430965 0.614411803 1.482831273 -1.078647541 -0.884875611 0.688238520 0.603536761 -0.009261666 0.069514764 0.116995227 0.233948830 -0.240740920 -0.948474649 0.558324316 -0.507159047 -1.568220420 1.470567178 -0.646009216 -0.994738473 -0.122263143
-43.799852889 1.401516016 16.038046713 0.005122400 0.205396076 -0.976330006 0.067571684 1.693809897 0.053673347 0.674913127 0.475012055 -0.022551503 0.069265110 -0.753505995 2.243463203 0.137065245 -0.042531387 -0.933518891 -0.244551486 -0.525641016 -1.749661759 0.329657759 -0.791464036 -0.530493164 -1.538586496 -2.543644305 -0.960296403
-39.706271146 -7.756958958 17.226473948 -0.912310084 -0.111474872 -0.194631452 -0.342610948 1.780116979 -0.139345248 -0.503283451 1.161353773 1.894353520 -0.153681524 -0.531781598 -0.618410024 -0.851755185 -3.162669655 -1.107978846 0.726770344 -0.001760221 -1.214072815 0.377614202 -0.477281405 -0.793868657 -0.182433611 0.251190196 -1.003980685
-28.253778066 1.146574499 13.255206711 -0.699222366 -0.586906215 0.407335795 -0.026584346 0.622505732 0.388301981 -0.925835876 -0.271262612 -0.986879181 1.430272850 -0.405851180 -0.178335495 -1.405269791 -1.064874644 1.327149891 -0.240844050 -0.008344573 1.117480233 0.093861085 0.877418186 -0.558796101 0.399408792 -0.497932631 1.482014083
-28.988472496 -0.590014401 20.493754901 0.372431424 0.360403543 -0.824267536 0.228006908 0.410284397 -0.177040211 1.590376141 -0.354180501 -0.100709792 -0.738914967 0.177196138 0.833305695 1.291599070 0.466096217 -1.689906152 0.790084588 0.356800260 0.495962336 1.110193631 -0.874257971 0.206559211 1.140988697 2.199765889 1.586501199
-40.909357957 3.900702762 24.966178294 0.380747089 -0.454501908 0.804117521 -0.043066012 0.573251857 -1.577212411 0.368744834 -1.177602705 2.172172564 0.823732256 -0.559483423 0.354740361 -0.286503443 0.538576851 -0.563485008 0.020402481 -0.344058543 1.034756195 1.248457534 0.623637647 -0.703109327 -0.188122594 -0.378149204 0.332043643
-37.255397855 3.426601334 19.545158005 0.466716833 0.878798602 0.078936374 -0.060476974 0.001085302 0.360758918 -0.801760939 1.179464320 -0.923419241 1.346771529 1.683538425 -0.933633184 -0.687642656 0.955139948 0.463167040 0.798883676 0.480986230 -0.121237035 -1.207569662 0.673278021 -1.531015215 -1.325168369 -1.204275241 0.001085656
-39.962750713 -4.477961668 23.051600787 0.918369255 0.024541039 -0.228375016 -0.322242922 -0.750660314 1.239386114 -0.680430286 3.497462458 0.438139156 1.576180622 -1.846582956 -0.688205526 0.252044772 -0.002144169 0.350183473 1.540818283 0.454188748 0.249620908 -0.236874321 -1.397018026 -1.278919024 -0.480512573 -1.122527071 0.171220790
-37.813387301 1.937476975 25.577541567 0.451523700 0.435234930 0.169038766 -0.760343869 0.515521248 -0.805887959 -0.780026792 -0.657493270 -1.934682055 0.189740180 -0.952346083 -0.053473657 1.634551957 0.407546464 0.007367883 -0.815566332 -1.460479650 -0.193298345 0.031971116 -0.961257000 0.261597761 1.000710863 0.421738807 -1.114264420
-36.917248868 0.688528766 10.070090274 -0.392668982 -0.335842673 0.686391658 0.511749217 0.027164369 0.686652858 1.240776649 -0.335174569 -0.432725108 -0.225159183 -0.845063978 0.972037760 -0.238929849 -0.405245106 1.851276182 0.743244460 -0.639739886 0.279694575 0.614905042 0.800578660 0.643071014 -1.160166255 0.776812479 0.055674693
-35.039829797 5.033024517 19.396382848 0.326030621 -0.585883377 -0.520164985 -0.529030331 -0.515539349 1.251065276 0.009091110 0.308886244 0.905906723 1.037184335 -0.159635379 0.717776662 -0.504582310 -0.541541806 0.127852833 -1.382028262 -0.775908377 0.925204696 -1.098181110 1.535127470 2.079717584 0.683134954 -0.438052897 -1.237744334
-36.386365126 -3.390933977 11.128267306 -0.085316919 -0.229844102 0.245930414 0.937769131 0.580199054 -2.066170040 -1.169398951 0.131112166 -0.628687603 -1.491497488 0.538802179 0.148158116 -0.398584461 0.295230855 0.349901587 0.829637675 1.123077304 -0.797769418 -0.375257949 1.632516389 0.258446385 -1.026620560 -0.163011168 0.718400516
-33.717776971 4.235034174 26.738190301 0.984330917 0.090816487 -0.092389990 0.119620659 -0.227374067 -3.367073530 0.310239430 0.997091669 0.671016652 0.357271773 1.399354961 0.220297544 1.164705225 0.494150862 -0.240310261 -1.029852883 2.536478270 0.769824954 -2.373454014 0.573137996 -1.030567646 0.357659699 1.389127899 0.082942435
-41.603019554 4.591069198 20.209153153 -0.830123910 -0.553542242 -0.044963120 0.049634650 -0.622531578 0.096611723 0.934274583 0.136154938 0.000906374 -1.531455508 -0.165462245 0.126363336 -0.007755143 -1.958085970 -2.031186011 -0.017194482 -0.943514747 1.242154621 -0.305854370 0.376720534 1.531591167 0.395630612 -0.141069638 -0.172235747
-36.548307245 7.046015891 17.911831582 0.350049525 -0.020842614 0.508549538 -0.786389397 -0.406934054 1.182925174 0.646852605 -0.960692912 0.425706896 1.019108527 -1.456234500 0.281572258 -0.918846319 0.736093513 1.208349024 -0.149052836 1.612373357 2.337890401 0.829865740 0.813239392 -0.327674654 1.530090330 3.165684597 0.256526755
-39.968557284 3.342973599 24.689326168 -0.865717482 -0.319255287 -0.365575073 -0.122328122 0.771564069 -0.658166035 -1.976299898 0.240494905 -0.213197118 0.000631988 1.052443414 -0.449879581 -0.499075492 1.886135569 0.725913013 1.678817567 -1.339926081 -1.664337844 1.734867254 -1.209944193 -0.139803857 -0.721479792 0.570593855 -2.250424946
-30.103313080 -9.954375027 19.631964099 0.939676919 -0.034005748 -0.208737743 0.268848382 0.057284159 0.523694540 0.336291193 -0.019858061 1.659678372 -0.700418044 1.215330396 1.656244877 -0.698610727 -0.080294671 -0.271493972 0.670004604 -0.145487286 0.641051384 0.812717475 -0.483756287 -1.046561177 -0.784077320 -1.303166786 1.414808785
-35.332723748 -3.774993394 10.099014528 0.900765007 -0.337893874 -0.170681896 -0.212879831 -0.764101252 0.291072742 1.664707164 -0.576578967 -0.008596686 -0.062238891 -1.280986654 -0.783577455 1.303307398 0.757032788 -0.657909190 1.488716076 2.784342429 0.185138342 -0.550454202 -1.032587401 1.077823133 1.434714558 0.081082072 0.759023881
-36.976713147 -3.797856732 13.931917582 0.238819370 -0.125020315 -0.605606541 -0.748716199 0.431901484 -0.056530789 0.650833851 0.920364458 0.419432426 -2.721338845 0.369740534 0.613137694 1.587220489 -0.975720903 1.259781619 1.961502817 -1.300897923 -0.473980844 0.051055425 -0.729942186 -0.396495896 -0.031033929 -1.510045881 -2.247967560
-31.245523347 6.364800985 18.590689983 -0.851775964 0.507036255 -0.116922540 -0.061000514 0.318764283 0.332719181 -0.969494105 -1.399309993 -0.241572731 -1.070737485 -1.100498508 -0.812350397 1.857638326 -1.953129387 0.214839990 1.037130441 0.077674137 0.346680678 -0.468239824 0.679363369 1.293380873 1.533016782 2.794997750 0.103944526
-40.029509627 5.201311075 21.656842746 -0.197969754 -0.119442633 -0.431456080 0.872001769 -0.424511916 0.828273104 -2.382789590 -1.060063560 -0.058380424 -0.689880122 -0.364093611 -1.454577588 1.835938001 0.383789452 -0.918426362 0.332941711 0.485343233 -1.675762546 -0.162072559 -2.060726277 1.376310298 -1.395718726 0.338428306 2.406759835
-34.966722493 2.503913480 18.965235005 -0.715714607 0.253683494 -0.499820146 -0.416625860 -0.677270676 -0.543960120 -1.100122418 -1.517489887 0.383684678 0.869174449 -0.958441197 -0.798293711 -1.082221502 0.466864150 0.545688916 1.291836447 -1.361608154 1.456497785 -0.769643234 -1.188520848 0.889491137 -0.045230345 -0.870852335 1.339991353
-30.791314970 1.774852096 24.460750523 0.346937501 -0.893507025 0.179417760 0.221559999 -0.618755161 -0.076970623 0.962370972 0.261584684 -0.055891489 0.842095496 -1.319785777 0.902189610 1.718294032 0.091962412 0.540257036 -0.536814036 1.036569476 -1.010757484 -0.619242046 0.528752590 -2.697040384 -1.343177079 -0.192867975 -0.562820036
-41.098822664 0.885189120 24.604760950 -0.219571072 -0.584144759 -0.752306100 -0.211184699 -0.766782509 -0.959801247 -0.467365276 1.289916309 -0.046156153 -0.248693474 -0.320858774 0.222140234 -0.042149128 1.742155912 1.915578724 1.628943844 -0.859853855 0.574930611 1.368587936 -2.544204857 -0.767086001 -0.423044205 0.376429360 0.950462083
-29.328302124 -0.844729365 17.287494436 -0.157488998 -0.005363618 -0.747826793 0.644921340 0.386739021 -1.421581793 -0.331037623 -1.046126357 1.446530356 -0.065426249 -0.172601916 1.395259776 0.769113404 0.692521037 -1.226074215 0.231333490 0.410464788 -0.205058169 -2.119466059 0.552123786 -0.146037145 -0.418565214 -0.420370454 -1.783997515
-43.814262810 -2.336681613 17.053022691 0.163687702 0.233770782 -0.083415246 0.954777175 0.715424200 -0.494894573 1.542805241 -1.253214340 -0.468790549 1.378267654 -0.722943024 0.792048265 -1.204724893 -0.054951718 0.830837889 -0.192420007 -0.520345951 0.056452067 -1.018600679 -0.491744124 -1.212667699 -1.809648259 -1.645556203 0.434906254
-35.415089992 -4.403227129 25.707904889 0.447638308 -0.708207829 -0.356435836 0.413539733 -2.164020652 0.649807186 0.815706045 -0.609335176 -0.047405076 -0.210954375 -0.463295660 0.182908779 0.116517784 2.075796749 -0.384269719 -0.299588624 0.497446763 0.721169258 -1.423620249 1.200355131 0.160894727 0.387983034 1.626486913 -0.314174726
-35.399126738 -4.629075123 21.023930527 0.661011516 -0.418151567 -0.206195232 0.587959666 1.323211571 0.559335221 -0.445948092 -0.427059710 1.163406782 -0.356799968 0.729999018 -0.101017348 0.061746210 0.361947043 -0.477412604 0.793159729 0.531000509 1.735317779 -0.277860081 -0.013557835 -0.870442856 -0.610898947 0.699666599 0.308200112
-30.121949158 2.055593055 20.203345051 -0.216634279 -0.135191551 -0.341506240 0.904525468 -0.938777684 1.616443288 0.511567118 -2.473004510 0.734949804 -0.548587362 2.089992651 0.062639040 -0.268305470 -0.172780501 0.374539911 -0.175743906 0.396581822 0.051836623 -1.698054826 -1.184526918 -1.238021260 -0.092339238 1.264894145 0.031433642
-33.422597079 -2.505412369 27.158605438 -0.648704719 -0.144668140 -0.647523044 -0.372783079 -1.257263450 0.906200747 0.374355985 -0.146738119 -0.655585476 1.445153232 0.108993206 -0.465621761 -1.307912112 -0.504238851 -0.068079415 0.602681522 0.634109053 0.383856464 0.669459272 -0.884004543 -0.498898412 1.845648357 -1.297234149 -0.079844235
-39.172604091 -1.772689109 17.528837978 0.830193827 0.297060128 -0.094257641 0.462221795 -0.930254915 -0.270271608 0.616218425 -0.331990013 -0.429032165 0.303290367 0.641962198 -0.935642881 0.671969714 -1.844932763 -1.085958864 -0.453739133 -1.489081575 0.092507960 -1.866162951 0.197689021 0.806515616 -0.383067563 0.083046079 -0.242305592
-36.378807963 6.313869623 16.683112545 -0.138314259 -0.579544682 -0.270652026 0.756137956 -0.195064165 -1.157206177 0.128114006 1.335687392 -0.482809969 -1.480794924 -1.396060697 -0.039838415 0.421598178 0.344601875 -0.832449012 -0.196530865 -0.572778281 0.502237210 -0.869995224 0.784566148 -0.858408870 -0.555916406 -2.874644443 -0.728444271
-37.298338897 -3.276755750 24.654450276 -0.920172580 -0.297332916 -0.094303906 -0.236605862 -0.899150407 -0.206920163 1.213542228 -0.278090218 -0.054419920 1.016764937 -2.794651733 0.056859581 1.328051353 -0.545544950 -2.003791626 0.605351788 -1.186816472 -0.947032544 1.400383646 -2.322770364 1.308785745 0.697716428 -0.106672433 -1.001836973
-32.786896539 1.407648660 13.403641132 0.194333130 -0.013323961 -0.168670266 0.966233640 0.156577171 -0.171826797 -1.087530828 0.413612009 0.892301049 -0.366846494 -1.393767801 0.889273693 1.133976756 1.103449086 -0.722731432 -0.876302865 -1.175161830 0.762241112 -0.649018761 0.518364491 -0.796212852 0.309153818 1.015088418 -0.476768167
-38.274236745 0.852937115 27.029650798 0.291542009 -0.682709850 -0.039020441 0.668870633 1.674323325 -0.991457002 -0.940635392 -0.886999317 1.553508533 -0.271677659 0.470840579 -0.188923538 0.663046995 0.346962602 -1.000843371 -0.250067479 1.009212657 0.608323032 0.176985409 0.236695358 -0.084759495 -1.791447624 -0.330815272 -0.254990854
-29.187382419 -5.931422482 21.338884510 -0.244208374 0.371068059 0.895113746 0.037975611 -0.638950624 -1.649349849 -1.265494526 0.172021216 0.174106012 0.163710770 -0.902465174 -0.222691889 1.747496546 -1.330280269 0.178880915 -0.409143225 -0.158574907 -1.059885501 0.845791760 1.264637062 1.321834171 0.194296965 0.713130640 1.288183349
-42.712026358 -2.920949300 22.412188115 -0.203511497 -0.580970512 -0.219026352 -0.757022979 0.499445720 -0.314299632 -0.425517760 -0.007675736 -0.988745934 -0.994960661 1.113319326 0.861367444 -1.881931761 1.715417875 1.767311929 -0.027379568 -1.015877126 0.644261874 0.944588875 1.034339952 0.210447950 0.852512537 -0.321335753 0.163521605
-31.011115898 -1.392019421 27.911169606 0.427765884 -0.871663826 -0.128764248 -0.201589410 0.368346547 0.218903141 -0.093579035 -0.105257994 1.291744616 0.640992667 0.101553650 1.037918724 0.051652846 -0.864855726 -0.491405159 2.220963949 -0.753832909 -0.856809704 0.466761970 -0.841505820 2.015678514 0.560875637 0.366098747 -0.107233331
-37.392328033 -3.892189037 12.290330130 -0.128128993 0.771723802 -0.506717690 -0.362301693 0.619727055 -0.313694092 2.334385407 -0.586463703 2.027508246 0.036830135 -0.396102753 0.823231182 -0.194764367 0.090965850 -0.034112222 -0.857032561 -0.038545393 1.520825963 0.968158713 -0.036806163 1.231576876 -1.314806542 -0.877501050 0.124925174
-34.393327799 6.614086515 20.253593832 -0.277010100 0.159629239 -0.144260744 -0.936468231 -1.010867229 -0.395959788 -1.126491312 0.977707833 0.744840625 0.613571313 -0.584437533 -0.145810903 0.543032959 0.994868886 -0.676115970 1.485817306 0.034050292 -0.578967555 0.540065295 -1.638549805 0.547078442 1.453555503 0.671797363 -0.289256494
-36.359836947 -4.748638518 18.917811743 0.901563116 -0.156564108 -0.255674481 0.311932985 2.001838690 0.015985067 -0.139776123 0.074088662 1.311399632 0.186405278 -0.855866764 -0.984646243 -1.727438375 2.742478252 -0.449586657 0.789065610 -0.233842544 -0.908444109 0.572634589 -0.017064046 0.542090048 -0.261376145 -1.453809751 -1.395846359
-27.395171731 -0.548754993 18.169847549 0.236457081 0.296385654 -0.308917063 -0.872246434 0.701974975 -0.533616308 0.140060689 2.730681958 0.446220852 -1.436278071 -1.541926028 -1.652561364 0.460730018 1.460427139 1.764105586 1.244495320 0.086816143 0.395663602 -0.602768701 -1.037755008 -0.142033524 0.367424712 0.507952996 0.240896649
-33.567323129 -7.615561975 25.888478855 0.705486981 0.264729622 -0.657374741 0.008049617 -1.460537369 -0.956021029 -0.403705059 -0.997219562 0.497639828 -1.024043577 0.021249566 -1.481467231 0.037735275 -0.666182737 -0.211081777 0.127991621 -0.172976341 1.154538771 0.125495144 0.601130191 -0.849593589 -0.001582213 0.659106015 0.825351645
-26.379818234 -3.967285099 15.978859096 -0.063735070 -0.656254207 -0.113487573 0.743228651 0.002048015 -1.151132419 0.587738876 -0.775647951 -0.029628733 1.504185946 -1.475201068 -1.258920018 0.682227365 -0.916936035 1.099516884 1.373307043 -0.804711746 0.308873161 -0.102121542 1.178095079 0.045513406 1.094707894 1.860947754 0.498892712
-35.540919578 5.284680591 15.575991401 -0.874811617 0.314292521 -0.229873107 -0.288241566 0.598132092 -0.188695207 -1.503620318 0.438188540 -0.272703416 -0.224327374 -0.217545678 -1.227345917 0.447914086 -0.610727669 0.354520200 -1.115680891 -0.747684851 0.032770302 -1.222821857 0.742414280 -1.393747201 -1.935015516 0.469962041 -0.929873686
-43.283956779 -5.572236279 17.796548697 0.845123518 -0.069329140 0.415100489 -0.329622957 0.133936789 -1.107605661 0.138174611 -0.841598288 -0.736003383 -0.956237960 0.781570249 -0.908826131 -1.774050612 -0.515602124 0.908285992 -0.150841785 0.726207557 -1.310661964 -0.279673215 0.406857887 -1.310219993 -0.152999142 0.655719531 -3.096446813
-40.672061529 -3.431732595 12.474485777 -0.001837849 0.204595264 -0.128153374 -0.970419555 1.367862059 -0.236018816 -1.583023526 1.448970305 -1.455189550 0.708087766 -1.322026650 -0.006866624 -0.089481801 -1.778693869 -0.645493453 -0.082796873 0.540991801 -0.756945749 0.307557903 -0.586526240 0.515027947 0.246705086 1.075430978 0.789575441
-42.695955217 2.686711196 23.520600799 -0.468571341 -0.354552516 0.805417332 0.077693838 -0.142090355 -0.001943393 -1.033817590 -1.703385852 0.300186570 0.987350300 -1.918625920 0.604382813 1.824309836 0.765952704 0.109513213 0.238761624 -0.355655376 0.884605193 0.968987739 -1.897679562 0.832979530 -0.421139657 -0.161826302 0.193759726
-33.584007083 2.524172116 13.255595978 -0.288778441 -0.514593858 -0.200346113 -0.782087980 1.111646418 -0.791175466 0.695990749 -0.044175568 0.775846707 -1.554070175 1.277695486 -0.004316560 -0.686973850 -0.054336576 0.223152406 -0.690071664 -1.337058897 -1.038351875 0.926938143 -0.534773685 -1.172199014 1.542676141 -0.313445424 -0.607209172
-33.608152466 -7.380034853 20.650025143 0.205780645 0.948131837 0.237977886 -0.045462849 -1.766368856 0.716060436 1.542336328 0.237206965 1.362898014 -1.111830483 0.182843554 0.052319988 -0.344280062 2.660430022 -0.792586813 0.382197660 0.557129004 -0.459447033 1.167061280 -0.308160958 1.236708684 1.631319160 -0.206594444 1.799806767
-40.935446816 -3.755368543 22.374774042 0.139990456 0.136085943 0.234195487 -0.952384251 -1.320389056 -0.310750019 0.708832672 0.225611238 -0.207702025 -0.337196211 -0.110180748 1.215732230 -0.222902672 0.437879049 1.284218278 0.342708377 -0.404636013 0.184472903 -1.073422300 -0.053489287 -0.227211137 0.012859661 0.376633714 -0.061374636
-36.673415739 -0.050340150 19.522988011 0.305523844 -0.838557978 -0.447500892 0.056733150 -0.027674404 -0.335083304 -0.953708611 0.110308467 -0.138780688 0.332093966 0.095990336 0.335523063 1.101558245 0.129417969 -0.961279354 0.863977822 1.369756493 0.701485730 -0.121555509 1.479655852 0.835202945 -0.273209071 0.881136211 -0.346568488
-29.528526904 -5.534210196 15.323304360 -0.213085738 0.547935389 -0.672153963 -0.450078135 0.694884680 -0.377824145 -1.234644094 0.786952654 -0.565227261 -0.178309291 1.625222762 -0.046235470 0.645877210 2.283671529 -1.134898310 -0.131113066 0.881782094 0.853267150 -0.426886914 -1.366952007 0.965062005 0.280883569 -1.712412874 -0.411306084
-29.785757850 2.516472155 11.977942324 0.112416757 0.393750773 -0.910859444 0.051554579 -0.737241687 -2.428630979 0.898338718 -1.236255060 0.013873179 0.929887267 -0.733866040 0.091514656 -0.361842912 0.910952847 -1.065738561 -0.940375730 0.472503160 -1.111759836 -0.910512858 -0.156151995 0.566163522 -0.486198083 1.354439448 -0.554068015
-30.943615105 -4.454326509 13.393308881 -0.715176308 -0.178955087 0.498412933 -0.456160579 -0.931783315 -1.310712266 -0.317274191 1.810249556 0.084741492 -2.750356149 -0.577978380 -0.187473381 -2.712948377 0.088626404 -0.373869297 0.536857624 0.803723622 1.149152396 0.146121953 -0.930146790 -1.038640538 1.489002848 0.316709360 1.102022041
-32.078786511 5.005572968 25.711187117 0.965030902 0.227040366 -0.075810151 -0.106868386 0.519023797 -2.204574783 -0.734880516 1.679666375 -0.198068882 -0.950284127 0.449331388 0.354777074 -0.235485355 -1.248269687 -0.334122340 0.582366252 -0.107266462 0.421304619 -0.795186561 0.460924848 1.240789723 0.547705908 -0.013753348 -1.084551190
-35.154810561 -7.308820768 13.943752461 0.781555883 0.384867912 0.419133077 -0.255684484 -0.439819925 -0.452061437 -1.004084143 1.426582044 -1.180505009 0.533974744 -0.245211948 -1.152486512 0.273442613 -0.858644071 -2.605270657 2.282049550 0.781106092 0.686635947 -1.034440129 -0.440503471 -1.794489259 -0.101782735 -0.294626857 0.560223738
-36.867711568 -2.102498547 11.280671033 0.847313008 -0.146521355 0.278359908 0.427911113 -0.692023643 -2.147369841 1.232260942 -1.115977080 -0.963014045 -0.527046787 -0.190590225 1.784270938 0.141302835 0.372028101 1.793490918 -0.503283267 0.060662255 -0.549146264 1.483838116 1.140251166 0.542354263 0.232207179 0.135627470 0.115860699
-38.245904851 4.486708168 20.144760390 -0.472603416 0.053511055 -0.701431830 0.530825740 -0.359605294 0.614172241 -1.659155882 1.771585845 -0.739755298 0.653396285 0.283474789 0.889069120 -1.331830166 1.840240857 0.485160243 0.671787395 0.413304735 -1.189190017 0.083861437 1.234869599 0.719096457 -0.250651118 -0.340353806 -0.815957816
-37.899609224 4.787370335 25.386623394 0.682583726 0.639916742 -0.350718948 -0.039777381 -0.392770845 0.417631629 1.286244805 1.494733165 -0.570679939 0.255023192 -0.579936888 -0.194679075 1.824473001 0.082052957 1.018543758 -0.955781210 -1.619582680 0.497851165 0.165075860 0.294586039 -0.324155337 0.283340279 0.520809276 -0.714052423
-39.274250991 -3.710509244 19.766348412 -0.706611308 -0.597763238 -0.139902469 -0.351862004 1.091914879 0.789783226 0.588629095 -0.541767659 0.192647060 -1.156575293 -1.321637075 -1.292774036 1.066180664 -0.238886412 -0.931659826 0.271896671 1.107840522 0.604870315 1.152704666 -0.573555212 0.702212549 -0.060999342 1.517380809 -2.911426636
-37.846679502 2.883570150 25.133401734 0.622936524 0.571547295 -0.391414243 0.363426287 -0.574681434 -0.682650484 -0.748520175 -0.896112179 -0.356140892 -0.702683780 3.584376260 0.453716760 -0.863462714 -0.230166160 -1.803073048 -0.825621473 0.057967596 -0.097656708 0.386564481 -1.879029606 -0.714517126 -0.011615783 0.412543860 -1.234786471
-41.384883878 3.164770622 14.976357354 0.749275530 0.641530402 0.072617309 -0.147484404 0.512752479 -1.116969445 -0.886879465 -0.789977033 -0.084716450 -0.058021162 -0.059086928 -0.996065919 -0.610687286 -0.185084318 -0.160431778 1.472672115 0.558227362 0.535921478 -1.249760746 1.215667898 1.257843575 -0.450174164 1.238539628 0.036223048
-33.941298244 2.426288098 19.696360852 0.959242956 -0.262937679 0.103052510 -0.009844182 -0.641243197 -0.028778821 -1.398018172 -0.358498487 0.843861098 -0.168725610 0.772201368 -1.029149767 2.584469755 0.691106273 2.400029278 -1.400973510 -0.429196727 -0.481488117 -0.134259165 -0.300661404 0.670817341 0.512169768 1.409338552 -0.418583360
-35.434950869 3.718374799 26.486753988 -0.024317317 0.953867780 -0.005765469 -0.299185036 -1.288425499 -0.409914699 1.986636365 0.757357749 1.379142168 0.709472875 -1.415326732 0.364559004 0.013981090 -1.260221468 2.589570905 1.396663723 -1.391287712 1.027024871 0.228404936 -0.013132874 1.092107191 -1.231932650 1.666361816 2.188843938
-33.861588815 2.018679188 10.569563568 0.881408331 0.371454476 -0.182489528 0.227680692 -0.586806798 -1.067740359 -0.157565118 0.935569597 0.886201362 -0.550025452 0.476694512 0.653585869 0.239980048 0.720706324 -0.103468553 0.430549727 -0.957285970 -1.974178195 0.212325771 0.785914546 -2.852170977 -0.416078017 -1.150414870 1.045686317
-31.723771197 5.505664627 18.280071472 -0.691737583 -0.629887290 0.350483053 -0.043620504 -0.757688633 -1.413103250 0.777593811 0.763056673 0.161900082 1.072454041 -1.094719428 1.792753551 0.106268236 -0.488890170 -0.799077570 -0.485569619 0.677495967 0.243760179 0.104516302 -0.634723826 -0.157050706 -0.819645026 -0.235673614 0.841525268
-36.106667728 -6.230666514 26.833243681 -0.718934531 -0.050737438 -0.608432209 0.332218450 0.804006295 0.832331239 0.897402455 -0.329793347 0.636920078 -0.263414939 1.341407868 0.002803445 0.828512434 -1.524796017 -1.361927823 0.750389268 -0.252069657 -1.226662896 -0.227331746 0.081957056 0.347208618 -0.068473120 0.021827856 -0.755672608
-29.267116161 -0.709553982 15.926830380 0.382540050 0.143006713 -0.813760762 -0.413528248 1.212808311 2.612400849 0.154828966 0.392048765 -1.581981344 0.309877946 1.364381637 0.389488411 0.293798393 0.463581639 -0.171639469 -1.173123597 -0.480788848 0.177781089 0.059823433 0.216730616 1.185822131 0.049130203 1.536651181 -1.237617977
-39.866424137 -5.778389463 22.024635445 -0.649658172 -0.395416321 -0.648226813 -0.037312076 -0.053061922 -0.041227028 -1.029599366 -0.729368737 0.379177761 0.824130728 0.090051270 0.023881391 -0.474337499 -0.174080990 -0.681690550 -0.739207510 -0.874150573 0.109554037 -1.403729934 -0.888086659 -1.090798622 -0.534561341 0.408876798 -0.536152957
-34.185481065 2.177939516 12.185792671 0.204171578 0.513831904 -0.121056089 -0.824400488 0.302255036 0.528329681 0.893989146 -1.037126890 -0.674184785 0.767685715 -0.225861934 -0.411632508 -0.863022536 -0.625708122 0.836053453 0.664053174 -0.607669892 -0.704389406 0.746524883 1.274129209 -1.465009185 0.708083314 1.667540460 1.576481878
-35.242720250 1.097713261 10.026285947 -0.080964150 -0.472106359 0.321818289 -0.816696627 0.226326856 1.131256283 -0.019622126 -0.565483409 -0.163446604 0.051776235 -0.418427770 -0.605888145 0.384415425 1.045347941 0.394287225 -0.380619547 -0.429378496 1.494957910 -0.465954185 1.258584428 0.501809952 1.087324561 -0.169269568 1.398895126
-35.565186940 4.193611573 11.726652777 0.397733221 -0.224338441 0.171309153 0.873002705 -0.347781306 -0.582387370 -0.071857607 0.704024280 -0.485051426 0.650232107 0.380645392 -0.523878276 0.176750467 -0.467183996 -0.323991723 0.033722099 0.224603164 0.164997395 -0.938346679 -0.045791352 -0.473975315 -1.429509484 -0.190755674 -0.220339473
-33.678460949 -1.208383704 24.924637123 -0.667002070 -0.591374929 0.352814646 -0.284439375 -0.474833751 1.799387452 2.042746151 1.599820779 -0.818386506 -1.441918148 -2.323587069 0.896258939 -1.858128246 0.502603579 -0.331623693 1.345262233 -1.231424176 0.884423869 -0.048694098 -2.200065185 -1.658121246 -0.584566670 -0.205967676 -0.031600169
-31.451115658 -4.334718438 17.497450720 0.976049118 0.094976250 -0.151876806 -0.123454715 1.296624590 0.229406267 0.228678317 0.298106845 0.881776424 0.086440060 -0.383519620 -0.335271010 -0.565447386 -0.785096405 -0.211532858 -0.089415419 0.730492158 -0.495173277 -1.451874086 0.565426921 1.494256514 -0.845199441 -0.079634897 -1.091932154
-38.381786446 -0.949726687 15.691698108 -0.590082901 -0.758769744 0.003674534 0.275784596 -0.627397538 2.162121561 0.225007013 -0.421186431 2.361373927 0.132299820 0.159750864 0.066397008 0.337801427 -1.983176808 -0.307858755 1.189277737 -0.117393659 -1.495767821 -0.828818573 1.900901325 0.209002886 0.425157731 0.573784148 -0.413303906
-28.839801291 -6.072061642 24.497592400 0.420473388 -0.573575435 -0.491580768 0.502555170 1.650162620 1.256453112 -0.051691368 -0.995115579 0.499521713 -0.153278163 0.551102313 0.742791038 -0.380295996 0.866436980 0.552625256 0.361670107 -0.242310550 0.210594350 -1.467976924 -1.022425952 -0.419036579 0.241162505 0.121755704 -0.426347838
-32.454114622 6.165908861 14.780201818 -0.349718222 0.342994895 0.150005293 -0.858807359 -1.051284356 -1.366004405 -0.682860549 0.195663828 -0.599559148 0.702644850 -0.090689642 -0.203246987 -0.542480067 -0.367573949 0.134535301 0.169948581 0.051922863 -0.336146974 -0.277446250 0.792878766 -1.472657563 2.081650861 -0.398011451 0.047196021
-34.337845616 -10.007686505 22.729343342 0.787032083 -0.269666394 0.267836056 -0.485926314 1.822359248 -0.333918540 0.485059140 -1.597825621 0.254159367 -0.242035282 -1.269231470 0.823624977 -1.124036680 -1.236770091 -0.930698723 0.734264947 0.198797075 0.282556866 0.996804981 -0.235003164 -1.443316639 0.937746585 -0.120849771 -0.800851683
-29.240930560 -1.150474909 24.041244904 -0.070447473 -0.728811921 0.361826471 -0.577019880 -2.043963950 2.285083370 -0.738172306 0.944916201 -1.586463915 0.784617185 0.242038910 0.299316311 -0.759785848 0.526257860 0.562783335 1.268345168 0.363919174 1.720781088 -0.442869632 -1.259607152 0.942533823 -0.641412973 -0.139490260 -1.005604475
-39.195686017 2.498054024 17.448548044 0.449897497 0.150509771 -0.433070236 -0.766413218 -0.745395523 -0.087888326 0.256073461 0.889280754 -0.943728812 0.193111157 -0.329265938 0.366191601 -0.622979585 -0.276645660 0.024916935 -0.026987700 -1.213939072 1.847426625 0.655445214 -2.094681937 -0.289588693 0.891626904 -0.526736084 0.880877135
-38.191171873 1.261066426 9.988808924 0.713873659 -0.197418909 0.286268707 0.607832543 0.679011233 0.075248957 -0.196076900 -0.279759044 0.621841543 -0.406003284 0.935558644 -0.547426006 -2.045361330 1.801738697 -0.444962859 -2.679375300 -0.661261111 -0.994042330 0.975683021 1.241213357 -1.664971136 0.021663985 0.608211262 -0.049229128
-30.949942496 -3.510059701 21.248386892 0.241842144 0.158387222 0.746969128 0.598717787 -0.305813784 -1.180434223 0.016456027 -0.636568328 0.163252177 0.336272046 0.961646654 -0.679134807 0.874516109 -0.097534038 -1.187457566 0.458422927 0.261234576 -0.426289701 0.350109646 0.858553101 -1.131522036 0.053872351 0.420052097 0.245041211
-33.648882371 -6.046043237 17.499790116 -0.373780331 0.736045306 -0.558136800 0.083719078 -2.863382435 0.887387909 -2.130388615 -0.401967655 -0.543098640 0.606103708 0.103060139 0.148223258 -0.348810189 0.956361912 0.814341698 0.651236993 0.637974117 1.431923737 -0.761014232 -1.367062882 -2.912423485 -0.263223718 0.866720024 -2.056937849
-41.140249479 0.756178881 13.608057175 -0.568688298 0.451120902 -0.448945087 0.521087191 -0.439890592 -1.666562254 -0.925577268 0.792086436 -0.243760101 0.951650920 -0.153733085 0.670214907 0.570775122 0.095165456 -1.017546249 0.362842256 -0.368842778 0.263077171 0.813228307 0.016128513 -0.910808578 -0.211929286 -1.044279766 -1.458509292
-27.559070063 1.531062897 13.568046445 0.667825454 -0.533309133 -0.304854267 0.420302756 0.648651241 -1.546675477 0.040023905 0.734903450 -0.718280646 0.650306840 -1.593213006 -0.955088678 1.478917703 -1.674863378 -1.245024436 -1.375167362 0.820058495 0.778356005 0.276864207 -0.060113844 0.049030418 0.883295762 -0.574374637 -2.815308745
-34.294795565 1.943449547 28.147042128 -0.583491523 0.354444233 -0.581743888 0.442132307 0.390165891 0.349136918 1.407065711 0.432940475 -0.452193324 0.328626729 -0.249168218 0.858005734 -0.037333319 -0.738879098 0.087466674 -1.328729512 0.865739850 -0.046760852 -0.759853305 -1.242452669 0.984500070 0.439592242 -1.230828071 1.252985079
-35.949667143 -1.937410703 15.844312129 -0.365391071 0.104266143 0.923154784 -0.058336796 0.719384928 0.893570287 0.081321914 -0.688167558 -0.413129744 -0.607208871 0.623637319 0.017166186 0.085625081 -0.160827293 -0.412983187 -1.463635056 -1.147308435 0.391590545 0.419987619 0.207831041 -0.355512291 1.113656858 -1.614622664 -1.647630098
-32.824730441 -2.681531079 27.414770525 -0.103562353 0.709895616 -0.556312641 -0.419331968 1.038338623 -0.569479052 0.418855307 -0.844771197 -1.992228665 -0.248000290 -0.694354126 -0.838517145 -0.682398996 0.440841813 -0.090623716 -0.254862117 0.042370397 0.639665983 1.534834789 0.749239543 -0.149808989 -1.718651987 -0.114415784 -0.492740424
-37.922829052 -8.124150819 22.081490875 -0.045413118 -0.115764822 0.681361806 0.721305930 0.638098916 -0.127414154 0.648761527 0.679089958 -0.317375239 -0.371347985 0.302154327 -1.241161554 0.396771860 -0.036984160 -1.075933674 -0.573224673 -0.289717230 -0.072698621 -1.099411532 -0.796171841 -0.383080622 -0.415474323 -1.779054399 0.021794919
-36.348688839 -1.372141879 25.102590933 0.381645844 -0.567235526 -0.473386558 -0.555423689 2.177986417 0.509959897 -1.656964632 0.538383430 0.297575058 -0.600242043 0.828206533 1.511483325 1.050493372 0.561619507 1.930645506 -0.202330200 -0.361461589 1.490511896 -0.423764886 1.377327667 0.511537792 0.814355205 -2.404159054 0.615810159
-36.848115371 -6.977122428 17.842219379 0.152216775 0.669593625 0.516653638 -0.511413189 -1.619348618 -0.078479798 1.178957029 -0.403148737 -2.116936538 0.088949376 -0.392963736 1.056301342 0.943449103 -1.097057390 0.176027140 0.012607306 0.156542930 0.621892115 0.726039971 -0.214420917 2.282261009 -0.765968457 0.655520698 -0.381727872
-33.944312229 -2.461687496 25.383003881 0.025053489 -0.852490596 0.340021870 -0.396254001 0.320502416 0.173828795 0.601107864 -0.364755873 -0.374530112 -0.459780663 0.175548468 -0.286588349 -1.204535833 1.080218382 1.271469129 0.278205718 -0.683426498 0.136897576 0.359212117 0.135808649 1.124021075 0.738704282 -0.257976951 0.279919063
-30.181186811 -7.470686214 14.961868933 0.588438409 -0.571749789 -0.012970950 -0.571554173 0.511039252 -0.252524741 -0.183986221 1.391968838 -0.514359101 0.176758297 -0.646234794 0.859183986 -0.493279529 0.410877379 0.764874748 -0.313320863 0.354967056 0.624257029 -0.167069134 -0.742084621 0.182650705 -0.808902923 -0.816780826 -1.981933225
-39.427699933 -2.385306073 21.600823177 -0.749803317 -0.300896834 -0.515478262 -0.285549019 0.679841009 0.208570418 -0.924374653 -0.079112303 -1.879566671 -0.424679896 -1.040575490 -1.226551641 0.908806284 1.013660194 -1.108078239 -1.301551192 -0.904025755 0.259688778 -1.390147331 0.757402027 0.184197656 -0.377519256 0.510261404 -0.270988744
-40.639028063 -3.735357739 10.835518603 0.051160256 -0.001851458 -0.824253372 -0.563902101 -1.627451973 1.009334256 -0.027190233 0.881020630 -0.744570937 -0.861488309 0.634965738 -0.002726973 0.735150064 -1.960917064 -0.515022373 1.162363955 -0.686062933 -0.714871431 -0.469753347 -0.391224165 0.168376242 -1.148265662 -0.272039745 0.274894513
-31.466361103 1.087798596 26.692131981 -0.755310800 0.204400039 -0.600682137 -0.164034112 1.043307128 1.553240850 0.882598606 -0.925814742 -1.373590801 -0.392403366 -0.991226541 -1.516697506 -0.399877407 -0.893236539 1.847930486 -1.764720645 -2.105354366 0.841288605 -0.526927470 -1.007761525 -2.175661158 0.798322346 -0.008787170 -0.543452903
-30.380164808 -4.769795931 19.759316080 -0.263568236 0.605972845 -0.747272109 -0.070093452 -1.475443442 0.244931090 0.792942971 -0.639876092 0.274091520 1.383455072 -0.555288677 1.122537037 0.787404015 -0.613822549 0.640755287 -1.210943787 0.575438246 1.784600733 -1.567339300 0.316988041 0.734328425 0.681661081 -0.082462739 0.061489863
-28.823806806 2.938766043 13.029106692 0.438650732 0.197972558 0.438848613 -0.758817697 0.539979471 -1.209529552 0.016580248 0.814745444 -1.245276445 0.089038538 -0.226318266 -0.586789624 -0.194519260 1.289912565 1.716508724 0.576249047 0.554166833 0.118547856 -0.712753109 0.659020542 0.260677166 -0.566018275 -1.183123573 -0.041909757
-35.045644878 2.108057027 11.824309304 0.079911904 -0.926243928 -0.260747616 0.260186382 0.410615719 -0.593506536 0.729429782 -0.193001354 0.501265700 0.392656365 0.775402941 -1.911905992 1.026514764 0.756875038 -0.231713425 1.708816449 0.599696930 0.750136130 -0.093454726 1.885451467 -0.812004482 -2.722932684 0.076896005 -0.173328293
-37.171876074 -5.261427887 26.015735128 -0.856632426 -0.325028769 -0.003974239 -0.400651209 0.682209053 -1.438109522 1.380091176 1.627288657 -1.806045413 0.364223129 0.796324589 -0.656901890 -1.313489295 0.102849356 -0.838117398 -1.100270933 -0.944289621 -1.820465311 1.195967126 1.167869646 0.089226120 -0.491192431 0.311275944 0.974887122
-32.624312715 2.563157693 17.929970287 -0.082382203 -0.969014549 0.072675485 -0.221228956 0.232309831 -0.250300462 0.001224753 0.989179587 -1.471551270 1.017623764 1.436927430 2.070554198 0.659901406 0.802365285 -0.699056466 0.145167874 0.711576170 -0.536318882 -0.646627536 0.436733065 0.518630833 -1.656720418 0.083392755 0.928335315
-37.248037224 -7.114788710 12.458665462 -0.770139944 -0.500495529 -0.186091159 0.348939497 -0.438770327 -1.105888842 -0.098648912 0.474098412 0.781431760 1.299251432 1.064358737 -1.066407311 -0.046248706 -0.890630688 -0.827312513 -0.647140815 -1.668970597 1.271240942 0.980600591 -1.461964779 -1.570687382 -1.572804831 -0.192701445 -0.008132490
-34.230022764 3.952034323 26.677268386 0.029749524 0.430082555 -0.053849304 0.900690965 1.071903328 -0.987379420 -0.904112808 -0.754633539 0.165843637 -1.393671050 -1.098911205 0.641277614 0.337226400 0.379132851 -1.465646957 -0.717004991 0.364678841 0.133546691 -0.400884326 1.140096365 0.284834824 -2.204196370 -1.441695770 -0.484307472
-35.868131615 -9.490198298 15.820832719 -0.425206045 0.239592092 0.866651402 -0.103492975 -1.884537627 -0.018362361 -0.520831747 -0.121915592 -0.866876584 0.640347425 0.794933974 -0.049692510 0.048349704 1.893383778 -0.727556126 -0.091454186 0.845645858 -1.059334510 -0.288366552 0.130444912 0.652401266 0.524408987 0.426492884 -0.889978166
-36.876513932 -1.418929673 9.161149324 0.330563103 -0.492867732 -0.102532100 -0.798308588 1.264479760 -0.652277354 1.329477629 -0.231414974 -1.429417232 0.684950855 0.641619549 0.304897763 -0.315375237 -0.990815418 1.390924336 0.447170903 0.304187184 -0.727633455 -0.139624533 -0.626189234 1.020398133 0.980052984 0.422011688 0.786004702
-31.880584975 -1.695556001 19.467709525 -0.824673028 -0.118517677 -0.446719238 -0.326051958 0.977080520 0.101579711 -0.747707199 -0.176653444 -0.133140532 -1.532420837 0.216107637 0.469356886 -0.587635252 -0.847282769 -0.819051335 -0.262513363 1.457206267 -1.547864874 0.857859139 -0.075206899 -2.218332786 0.243991287 0.457115562 -1.552383436
-36.102862865 1.877525062 26.328738289 0.399820501 -0.740332413 -0.540355448 -0.008214313 -0.605112762 0.618125419 1.177258444 0.266901401 -0.171965188 -1.786790907 0.021770624 -0.997011521 0.403395359 0.281926028 0.766859490 -0.537071749 0.905560939 -0.130519264 1.017728566 -0.383257298 -0.997664992 -0.185099968 -0.938634357 -0.347161079
-28.315187935 -2.608583105 20.559006013 -0.457960386 -0.398527339 -0.715571269 -0.345551739 1.409230900 -1.170689716 0.089551737 1.108570086 0.721425895 -0.258897073 0.540048892 -0.466086074 0.789179891 0.523950612 -2.431446075 0.723229437 -0.485307844 0.056628880 1.600055613 0.176737408 -0.766100819 -0.639394351 -0.112022114 -1.230959103
-36.670242819 -3.200746509 16.011744473 0.255628246 0.853896120 -0.298747295 0.340977522 -0.726821425 0.882636720 -0.681723357 -0.290563339 1.233306452 0.043791729 -0.605114396 -0.484379829 1.562607842 0.307660983 1.690068060 0.416229053 -0.198794771 0.017943213 1.174601514 -0.486956315 0.919391460 0.192177013 -1.457557528 1.534023434
-31.938619431 -6.583177450 26.924259645 0.417155195 -0.705750934 -0.073603077 -0.567873005 0.199937142 -1.064981454 -1.119780671 -0.600528251 -0.465733014 0.508294819 0.386828861 0.037349639 0.695292209 -0.954578419 -0.462916218 -0.201202439 0.216346847 0.458850081 -0.179948282 1.369390776 0.553574363 0.439487516 -0.489207856 -0.636942308
-31.990672582 -4.836640228 24.986615093 -0.635204886 -0.518622468 0.387050674 0.421588975 -0.457548616 0.581913044 0.534724231 0.749935981 2.018577673 -1.111837275 0.496950824 0.367150087 -2.088433954 -0.424087804 0.147876827 2.024492879 -1.727652322 -0.123080706 -1.054924554 -0.457010791 0.069351166 0.525235987 0.157515655 0.046105682
-30.781585565 -7.781364955 24.166227484 0.926810563 0.332020406 -0.069811033 -0.160969094 1.306756552 0.573671761 0.134812337 -0.397537363 -1.704523942 -1.125728388 -0.534076534 0.673478977 -0.021074898 -0.980369441 2.695208672 1.799224672 -0.314914413 -1.421353238 -1.393816544 1.180535523 0.118524459 0.428763368 -1.636384583 -0.105504065
-34.318554727 -5.884106361 23.604900349 -0.794446591 0.484493931 0.366083225 0.010164493 -0.828166176 1.530626188 -0.248698411 -1.316228235 0.821665484 -0.992541515 -0.736436402 -0.289401708 0.832344663 0.731361123 -1.149776573 -1.040568721 0.035406245 0.741674964 -1.717126362 0.512788786 -0.650222877 0.583390269 0.428482707 -1.645599625
-28.199437326 3.369951103 18.208020567 0.658985709 0.141095416 -0.738755351 0.008393499 -0.733575702 -0.238662923 -1.284548798 -1.240938051 -0.393623338 0.190822655 0.364668258 -1.718347716 1.555247936 0.623899131 -1.040986625 0.801326933 -1.141908273 1.624752936 0.666033147 -0.194230963 0.186424359 -0.849018204 2.063689549 -1.453018811
-40.540545782 4.806239266 14.626098717 -0.417725599 -0.268592848 0.507817825 0.703906430 -0.024720170 1.156249206 0.072777547 1.125617989 1.027005408 -0.014857744 -0.572897538 -0.548251461 -1.423826837 -1.706437136 -1.101816178 -0.430553094 -0.025403875 1.421049550 0.350148698 0.087071462 -0.400050879 -0.328028337 -0.343137777 1.520642500
-28.257250536 -5.117194685 19.673701030 0.137840772 -0.414753686 -0.122943585 -0.890990559 0.202038102 -0.345809288 -0.567105555 1.600649345 -0.754824165 1.899875841 -0.042326940 2.430001791 -0.324741677 1.854525349 -0.182875512 -1.646665416 0.437086542 -1.593881776 -1.356666117 -1.565663297 -0.484828145 -0.387377329 -0.843172281 0.507886787
-42.754153979 -0.809599236 23.009104888 0.569145391 -0.153780277 -0.807727298 -0.001327905 0.834459996 -0.685747902 -0.577216385 0.009549478 1.734434372 0.856381249 0.797262992 -0.750450621 2.044980451 -0.747486551 -0.079923976 0.009903626 0.701980096 0.680985867 1.645961227 -2.536251423 1.045056966 -0.002052000 0.758792966 0.745959737
-37.300257138 1.072076884 23.134615682 0.418009069 -0.431712200 0.787360448 0.137682674 0.480157567 2.056927791 -1.614136854 -0.101120734 0.120349743 0.498980245 0.892763963 -1.166327458 0.636345596 2.690063147 0.891499394 -0.388416025 -0.147056867 -0.594348015 0.653641820 -0.415953786 1.203745954 -0.064579135 -0.323289741 -1.383938522
-37.307360125 2.463633612 20.845012451 -0.123781395 0.196062822 -0.508483444 0.829266015 0.079723767 -0.780207328 0.062841066 -1.387784994 -0.012705467 -0.842846836 1.852824956 1.669640423 0.923048465 1.774046379 0.363811912 1.237370287 1.007790871 -1.450403125 -0.823480339 -0.279784347 -0.040501516 1.470236270 1.412909133 -0.036540617
-40.632493158 -3.082854308 21.333318492 -0.289180093 -0.072547459 0.904992138 0.303481416 2.057487591 1.215758247 -0.229328749 0.633938284 -1.905272950 -0.593614061 0.613691247 -1.970474738 0.432369584 -0.200661659 -1.422000778 -0.232123354 2.696253514 -1.309947776 -0.307735034 -0.180279847 -0.747300240 1.262937338 0.721038705 -0.024365211
-41.168387369 0.813164566 24.842617192 -0.437119180 0.204238276 -0.428743550 0.763801360 -2.784692886 -1.723955654 -0.254036662 1.185679471 -0.516082738 -0.795870826 -0.985717725 -0.375802888 0.150256375 -1.227590025 1.119138773 -0.994715914 -0.250906921 -0.526982132 0.338874421 -1.739238888 0.579730422 -0.273089114 -0.744953349 -1.965678648
-41.289754070 5.511042864 19.755980592 -0.084194886 -0.134144090 0.433117460 0.887313840 1.322758724 -0.789576342 1.009743489 0.967813476 0.577414435 -0.553198069 -0.986816313 -0.338336287 -2.435141484 -0.059200872 -0.222448695 1.902516799 0.753214781 0.146430892 2.306875161 -0.132845592 0.243209282 0.804942262 0.344583577 0.225858128
-28.932276664 -3.691700115 25.857986061 0.045344939 -0.806552011 -0.270411702 0.523731994 0.978901771 0.052983933 0.270247377 -0.271624428 -0.099585929 -0.526766993 -0.190488327 1.726632676 -1.247116420 -1.501248092 0.417083389 -1.289759902 -1.687116325 -1.025983046 0.111919166 -0.233351814 -1.742653600 -1.590482021 -0.229214414 -1.085586652
-31.633959285 -9.448694258 15.788666105 0.258064280 0.377211491 0.451124309 0.766551483 -1.898733475 0.094781694 1.005387092 -0.107818321 -1.394948099 1.805852685 0.951881720 -0.257969159 0.523659272 -0.928475589 -2.229279091 0.600257151 -2.104712555 -0.611978931 0.202711117 1.421549933 0.407511930 0.054849905 -0.915326040 1.169231240
-29.026618679 -6.955760038 20.026463113 -0.802018295 0.036817505 0.212789189 -0.556894861 0.222910592 0.170399044 0.177541131 -0.029068143 -1.620156636 0.498800280 2.042941862 1.953824629 -0.247326802 -0.887395786 -1.024912151 -0.136034904 1.486692559 0.655271261 -2.188008346 -0.795511577 0.884727997 -1.503132878 0.918020073 2.704708196
-33.280735466 1.689354608 21.457543892 -0.510801848 -0.414068262 0.740663046 0.138011593 0.513838140 -0.838046992 0.563795131 -0.698558724 -1.552710007 -1.020747150 0.112299846 0.400666057 -0.691950122 0.797701115 0.802464442 -1.593842515 -0.708694189 0.031473728 -0.872146296 2.429806279 -0.305641648 0.964200229 1.966649873 0.555962016
-40.754872277 -4.860870323 12.899303974 0.332178124 -0.157002629 0.249135681 0.896068792 0.315346187 0.286398082 0.500951155 1.286630043 1.003528712 0.277102123 0.760975674 0.324164154 -0.258211641 0.107927956 0.741128263 0.276577866 0.985393476 -0.492886093 -0.321989063 0.871676210 -0.795484373 -1.062563960 1.017843546 0.329024617
-37.627016281 2.659579995 11.034539688 -0.118714184 -0.685338605 0.137408757 -0.705221081 0.245006108 -0.556407026 0.073438403 0.316689509 -0.545145758 0.034026692 -0.743817562 0.944781563 0.398251318 -1.341667651 -0.184907103 0.478799990 0.317278677 -0.134353722 -1.633934416 0.424525238 1.289219986 2.682747353 1.342689549 1.779573436
-35.775877431 0.621955879 22.608508911 -0.337779885 0.202212065 0.918267714 0.042419751 0.400951602 0.485651642 0.367311059 1.382603613 0.417506532 -2.145999882 0.086392794 -0.887896660 -0.637979340 0.290030718 0.467147354 0.549982547 0.772566037 0.675582106 -0.209597417 -1.346679977 -1.391965181 0.513421656 1.286961344 -0.160429568
-28.194059473 2.943289118 17.920689561 -0.885922064 0.119057588 -0.074971882 -0.441980320 0.226924735 -1.273620871 -0.105278633 0.291713613 0.679183369 -0.595145685 -0.357491309 0.405209964 -0.822991606 -0.508526286 0.327812996 -0.654323216 -0.504749958 0.647332327 -0.526039091 -1.969050428 -1.489353854 1.213301812 0.728315946 0.570429398
-36.928837109 -4.124504075 19.660191464 0.370740295 0.228934168 0.337414333 0.834441339 -1.292429332 1.990441693 1.363199943 -0.718533125 -0.585627475 1.947135824 1.365501998 0.544558537 -0.217479292 -0.191072252 0.707922091 2.616806000 -0.130621522 -2.609971739 0.393515027 -0.123064659 -2.652682006 -0.699749270 -1.015906646 -0.904400278
-41.281761792 0.351390016 12.678386465 0.406730277 0.096875668 0.567640333 -0.709203807 -0.156478084 -0.340391582 -0.087156194 -0.151678124 -0.136508244 -2.062538130 0.343064750 0.257050887 1.125268146 0.364188658 -1.691943347 0.729992195 0.870129353 -1.497045562 0.276055776 -1.689454374 -0.069740018 -1.926874958 -0.676656797 0.214480255
-41.365724805 -5.128706184 14.522337635 -0.861640024 0.090001867 -0.177941398 -0.466704394 -0.246576581 -0.980322266 0.300937842 1.176654921 1.078896136 0.543391760 0.181468355 0.901644453 0.060842893 -0.512212146 -0.022972568 1.784351644 0.861636302 0.509786038 1.047154821 1.715742777 -0.599404072 2.083744574 0.050253339 -0.916832283
-40.812953130 -4.616527786 17.544846024 -0.363245052 -0.684388635 0.047487186 0.630404787 -0.176553718 -0.757330437 -1.442318757 -0.576541695 -1.188503148 1.915569872 1.376584259 -0.809979149 -0.894789725 1.580097225 -0.594060592 -3.385009836 -0.958224148 0.714122641 0.717127963 1.430336362 1.867996858 0.168872545 0.612013239 2.655533597
-37.859319716 -0.108052916 21.367653207 -0.615611663 0.275607014 0.428016168 -0.601552338 -0.263625613 1.111133381 -0.894597019 0.200980386 0.808908679 0.893978378 -0.099252444 -1.751195656 1.416558731 0.725354085 2.496480394 -0.028166104 0.805218213 -0.032738453 0.796599640 1.441952487 -1.343309202 -0.063721652 -0.948543221 0.237154469
-31.494173104 1.310211327 10.586632315 0.557645751 -0.673073680 -0.305300264 0.377881974 -0.463377551 0.419865963 0.377307029 -1.137554065 1.574651513 -0.531469065 0.341549721 0.480479101 0.142531321 -0.672030063 -2.361289014 -0.975535071 0.392062766 0.553196795 1.306223804 0.538411170 -0.726388822 -0.186158849 1.092448704 -0.132171919
-35.519252918 -5.274923471 17.392203914 -0.121696962 0.701519612 0.276100647 0.645622580 -1.583318212 -0.408381137 -0.087266318 0.559681658 -0.194265990 -0.295184901 0.196459355 -1.011091685 1.554112549 -0.869761653 0.077130229 1.685693909 -2.398129981 -2.361738545 -1.045910785 0.201455835 -0.536098773 -0.098082151 -0.783192275 0.867552234
-37.377816548 -1.771267793 10.074263597 -0.144933535 0.343749075 0.324459394 -0.869227787 0.614295743 -1.200429400 0.016436492 -0.441569118 -0.555247909 0.738254509 -0.043752766 0.592178171 0.042306774 -1.497407984 0.170633150 0.741739937 -0.870678927 -0.882301896 0.401642267 0.223114378 -1.139500157 -1.088370014 -1.407877522 -0.891931034
-33.743015629 -2.623280495 23.481570603 0.484065797 0.357408681 -0.433091280 -0.671097073 -0.960274223 -1.241404677 0.520092711 0.376933973 1.189062180 -1.625070312 -1.043733285 0.815643522 0.246257855 -0.619963756 1.628983032 -1.717847243 2.123569073 -0.780842419 -0.741535436 -0.034024966 -0.308490118 0.000740748 -0.763014678 0.398969348
-36.252218626 -7.356609861 11.349446712 0.575161927 0.457474782 0.264133307 0.624611221 -1.449632973 1.803733501 2.086603749 0.806737389 0.357802915 -0.224936933 0.668186951 -0.119801318 0.106532549 -0.402358449 0.835371732 -0.757966979 0.959554515 -1.464459373 -0.691537420 1.541874555 -0.274908392 0.218825991 -0.969645484 0.039206133
-40.386106317 -7.674352022 14.352230427 -0.709007336 0.219895093 -0.391759335 -0.543580140 0.806527908 -0.599500934 -0.213005671 1.451052333 -0.314863382 0.424608098 -0.955066783 -0.161121671 -0.663653980 -0.775701557 -0.476687017 0.782593640 0.759092745 0.134901595 -0.000556512 -0.218051722 1.136731176 -0.316099717 2.059842758 -0.496112817
-40.970395447 0.549092479 23.773019334 0.901459695 0.289050350 -0.159149313 0.280163898 1.200936568 1.397094010 0.398204979 1.081017595 2.927694880 0.077786650 -0.699278742 -0.375109911 1.078526996 0.324441730 0.541587684 -0.168881504 0.617619358 0.237411328 -0.512976595 -0.312208619 -0.463241574 0.220157534 -0.102483342 2.014290942
-37.940567008 5.265705748 23.761648284 0.724223181 0.318733599 -0.392973544 -0.468488495 1.067992669 -0.042358377 1.426763627 0.301016595 -1.199249480 0.463725678 0.499198630 1.242322680 1.204640777 -1.861801379 0.980967977 0.344138717 -0.705293686 0.611469590 0.082422778 1.173140004 0.663512394 1.228042550 -0.035860779 -0.118733301
-27.500826852 0.361683781 16.061441456 0.439412334 -0.013422191 -0.855016356 -0.275106663 0.698424168 0.906662163 -0.342295799 -0.017816847 -1.993496083 2.092348947 -1.373544570 1.033569713 0.637674706 0.037787677 -0.547002392 -1.102213266 0.164256432 -0.374834215 -0.391014930 1.185878634 2.531703900 0.284037452 1.472286184 -0.970252472
-32.894559348 -3.995031734 15.086531527 0.336052590 0.256349378 0.837127363 -0.347233972 0.687679890 -0.868283063 -0.032819670 0.782918230 1.575145402 0.580629682 0.093673481 -1.315757653 0.896830231 -0.493435179 -0.675103586 0.938907117 0.369044940 -1.341999116 0.436677265 -1.112003588 0.232736695 1.594862023 1.863781259 -0.563546867
-39.105727075 -0.996316449 27.857838014 -0.607179457 -0.001388425 0.762644748 -0.222944315 1.277677567 1.159877630 0.075220390 -0.288830348 -1.781255548 -0.027748682 -0.451020773 1.270868362 -0.075348665 0.349072010 0.946002561 0.246880343 0.312928803 -1.505554198 1.119437707 -0.793212285 -1.011249297 1.742745805 -0.684096056 0.070518961
-31.834531728 -4.776274406 25.974194427 0.527022437 -0.502675696 -0.576638440 0.370206166 -0.814109478 1.173670071 1.126023796 -0.569822133 -1.056306882 0.738550403 -0.102943587 -0.140039822 -0.084951303 0.091100158 -1.327388088 0.197016370 -0.447145115 -0.326697467 0.815703809 -1.375083396 -0.720909559 -0.571275712 0.628247971 -0.775967039
-30.452109857 -0.846296448 14.778952670 0.448611554 -0.817423599 -0.299697020 0.201861409 0.165151997 -0.236324194 0.305967487 2.193726660 -0.082165087 0.873556133 0.740766789 -1.025620810 -1.947202162 -0.531546473 1.552543117 2.070572335 -1.919094311 1.121892393 -0.172471706 -0.542398676 0.597929700 0.945356402 -1.276214070 0.329440404
-40.317667044 -7.017001330 23.960156550 -0.611773144 -0.787181097 -0.065055916 0.042979855 0.507294992 0.093361796 -1.620235354 -0.688864729 0.920111134 0.201300225 -1.420576651 0.911469022 0.494882259 0.492565429 2.887159733 1.261861739 1.234215386 -0.393888991 -1.728526185 0.326191439 -0.547159633 0.486646564 -0.129371284 -1.196700184
-27.662142502 1.630287291 18.563457935 -0.253286654 -0.361490931 -0.897207204 0.013762640 1.000069627 0.209032750 -0.902675497 0.607317893 0.208069268 0.636176944 -1.964648932 2.650277425 0.096434355 0.225629256 -1.735636908 -0.387028319 -0.012322119 -0.151182908 -1.466800247 0.506310391 -0.323614810 -0.666214381 -0.207886530 -0.214447678
-29.767190107 -9.637091745 18.791646014 0.379650128 0.306625664 0.101799517 -0.866881388 -0.352314318 -0.344440092 -0.272018408 1.300365885 -0.388840795 0.009998183 1.698040170 -1.040632171 0.314305705 1.338768312 1.196349466 -0.189840058 1.420601831 1.391102466 -1.377092982 -0.083119715 0.647128575 1.084357356 -0.241865459 -0.263332129
-35.778699187 -4.276942056 20.084071212 -0.737809972 0.542614012 -0.176773829 -0.360496175 1.140555366 -0.366861538 -0.353383307 1.388774301 0.096662918 -1.347431474 -1.429721770 -0.707671759 -0.075698900 1.203251682 -1.253578882 0.196839539 -1.600774212 -0.982791581 -0.158392066 -1.444791378 -0.026958674 0.146737855 -0.249264332 0.978576901
-36.968367317 -2.830168080 15.063101043 -0.243636051 0.689326559 0.278262865 -0.622928685 -1.887503896 0.548275661 1.611243473 -0.920685246 1.013975870 0.519397937 1.132965934 -0.996115082 -0.187857832 -0.325283220 0.024188872 -0.602692142 0.937105602 -0.555214582 0.490453999 1.345335704 -0.436817227 -0.258090531 0.831170432 -1.946614840
-39.859888906 4.735154399 21.144924385 0.592439640 -0.311440641 -0.436238681 -0.601428145 0.522900798 0.006766352 0.696467583 -0.211715014 -1.879845759 1.015565391 0.624761126 0.573708499 3.020210629 0.772565647 -0.068828375 -1.094748284 0.848805239 -1.473894522 -0.247234402 -0.032587433 -0.891189750 0.063036856 -1.087022535 -0.333895853
-40.450980214 4.447299165 19.888452331 -0.180545094 -0.938619498 0.148041022 0.253930624 0.193224048 -0.350557085 -1.579746572 1.419202925 -0.163280401 -1.232779185 0.389769772 0.298481070 -2.332762216 1.133933318 -0.124556641 0.212437085 -0.485975112 -0.547909949 0.308914861 -1.250352037 -0.595653471 -0.029359039 -0.074625400 0.956827070
-41.861136612 0.330151699 20.914402204 0.298168701 -0.791412900 0.294037987 0.445311924 -1.398731985 -0.577977945 -0.541075899 -1.162320308 -1.719762250 2.018779660 -0.381989513 1.135542092 0.542788509 0.449003653 -0.586302987 1.412687292 0.114039065 0.949399106 0.122843649 -1.541388601 0.032940343 -0.742044703 0.733408444 0.817108396
-29.550331195 1.942701161 15.311440894 -0.013489523 0.888117098 -0.044678892 -0.457241567 -0.864892856 0.226030659 -1.271669253 0.118952469 0.283074535 1.207896808 -0.281688952 -0.280585611 0.262008936 1.193695232 0.005139241 0.926412900 -1.309635305 1.487005569 -0.356163038 2.697209447 -0.601305785 -1.522231873 0.425354428 -0.304042443
-37.080143058 -5.113888948 26.128396293 -0.025909876 -0.612160045 0.344053591 0.711488499 0.298106620 0.143585856 0.567978303 -0.822373878 0.283738261 1.054021599 0.711284600 -0.808552623 0.063784576 0.591924965 0.314724016 -0.803404368 -0.241687566 0.373756423 -1.066442229 1.023571832 1.215279256 -0.228877932 -2.136683142 -1.181318593
-33.129315033 -0.861928520 15.635728988 0.700762682 0.287135273 -0.653035914 -0.005393873 -0.396314415 -0.981751674 -0.436643099 0.101420784 -0.998946473 0.422042268 0.122924127 -0.384325775 -0.128782685 -1.922882077 1.050073756 1.080751356 -0.275598745 0.289889750 1.295712605 -0.168800640 -0.228267472 0.056258121 0.176052629 -1.082453176
-40.722652650 -7.336467541 17.208244605 -0.555869376 -0.791938112 0.244958419 -0.061956728 1.875151399 -0.433342102 0.866987076 -0.273888559 -0.049696770 -0.897079223 0.641516048 0.250492274 -2.298872922 -1.401962903 0.644068782 0.223468679 0.087318605 -0.441481742 0.148226061 0.095309031 0.888383526 -0.952848790 -0.868963267 -0.958721205
-33.809606655 3.501014739 16.466456608 -0.081688047 -0.520279208 0.143382499 0.837900989 -0.501345832 -1.265147079 0.561662132 0.366669425 -0.409512706 1.110501454 -1.737191786 0.001870857 1.260802281 0.543543010 0.427012060 -1.846905603 -0.650216598 -0.009965588 -0.405370672 1.478806626 -0.015434215 -1.117892025 -0.452756218 -0.249431776
-29.537720356 -2.434033962 17.523311539 0.385848725 -0.605563393 0.483901541 0.500252973 1.433892625 0.547994274 0.087707039 0.160619176 -0.685477876 1.046190211 -1.878480307 -0.467490240 0.499748833 0.496608636 -2.610614339 0.258908276 -0.135941790 -1.391871377 -0.084206466 -0.109336475 0.883248611 0.811674620 0.226856995 2.893359574
-43.888715573 -1.622684029 20.029398625 0.044291987 0.847137604 0.346127627 -0.400739023 -0.974053540 -0.765266119 -0.233727019 -0.506389197 -1.403223498 0.103738588 1.250810890 -0.645369000 0.347953950 -1.264461087 -0.199185106 1.545649926 0.229643372 0.406000313 -1.994711567 -0.208780161 0.218565458 0.617344599 1.616604399 -1.174355977
-40.893149517 -0.626353377 25.943751792 -0.339451975 0.898684578 0.085187769 0.264350959 0.560677231 -1.053105284 -2.064437181 0.699470839 0.747757129 0.130625612 0.803200057 -0.933798812 -0.336261256 -0.188118602 0.632429425 -1.605322398 -1.102382983 0.310215367 -1.632442011 0.397345665 0.149535219 1.279800998 -0.113629757 -1.070315237
-35.527827502 -1.738161029 17.597631562 0.427261006 -0.007147814 -0.378319355 -0.821140309 0.721518352 1.910794784 -0.148560735 -2.408961918 1.897307193 -0.551012132 -0.677641746 -0.105419273 0.629985143 -0.625436009 -1.211446945 -0.329594783 1.285157969 1.068273864 -0.044328899 -0.689870988 -0.971206584 0.248104190 0.523383196 0.602906794
-34.153414395 1.460289113 24.673859845 -0.920165917 0.342081283 0.021800387 0.189208416 -0.783533273 -0.356180633 2.519058747 0.623599998 -0.609789629 0.474041383 -1.173961082 1.695663376 0.028352340 -1.186490036 -1.463051650 -0.932399166 2.431954225 -0.575457569 -1.080247985 0.487344075 -1.254773102 -1.080516773 0.802696951 0.509313039
-32.853646178 0.638538696 22.674000982 -0.202235231 -0.559108928 0.772928537 0.221539150 1.067203189 -0.533704800 -0.212105187 0.933543598 0.671554320 -0.913477932 -1.089435005 0.112643130 1.073849177 0.878129606 0.751286725 -0.238759099 0.741929273 -0.069896924 1.196164411 -0.580123087 0.068396002 0.831947956 -1.649929496 -1.583900201
-30.070507636 -6.896937030 12.393523902 -0.496994011 -0.798106309 0.340437438 0.011208173 -3.012749543 0.843590979 0.661839374 0.600118030 0.023520214 0.534482483 -0.529050279 0.629607427 -0.689124202 -0.231270122 1.109995846 1.117216734 -1.576635745 2.022461930 -0.565021974 -0.117489593 -0.952103936 0.677397885 0.947602503 0.773788012
-34.532130606 1.469660033 12.230655510 -0.139894066 -0.785519720 0.387509744 -0.461762512 0.678404452 0.541921103 0.869254909 -1.149678865 0.482331696 -1.156586836 1.348714708 1.056406472 -0.233939036 -0.012129399 -1.738202783 0.002795446 -0.782893958 -1.055988470 -0.370379917 1.081367641 -1.230371431 -0.167623890 0.043945649 -2.007539108
-35.381589893 6.956029334 21.190792446 -0.073148799 -0.633049323 -0.646023126 0.420180829 1.409061202 -0.048910873 -0.793685695 -0.580116267 -0.804217311 0.448279200 -1.130845743 -1.512021346 1.079180448 1.895782215 -0.891966310 0.790585733 -1.026219169 1.596799168 0.126896306 0.104238282 -0.987040959 -0.438455399 0.211671083 -0.335474442
-35.846419560 -8.514771148 11.776142365 -0.113315705 -0.328281960 0.486251183 -0.801841813 -0.637851130 -0.946371162 -0.229623724 0.556308404 -0.456203003 1.738104186 -0.368745507 -0.612142180 -1.098022693 1.675265151 1.390125209 0.893838606 -1.600275632 0.353561748 -0.218997238 -0.825169796 1.362713120 0.605575858 -1.738910706 -0.344843052
-33.188164791 -3.131754737 24.270191806 0.514310005 0.083540003 0.613573328 0.593324580 -1.510431687 -0.816469958 -0.798074754 -0.528168381 -0.230858281 0.283732535 -0.028513539 0.355530856 -0.647463703 -0.421278945 -0.219833666 0.646518495 1.404448680 0.838554629 -0.232457051 0.347493971 0.272704216 0.204092747 1.327518010 -0.560176576
-37.828174074 1.699229610 22.862827647 0.114931858 0.370590643 -0.238873689 0.890164369 -1.042549210 -0.362659909 1.886287219 0.233363982 -0.561974589 -0.154506194 0.440005377 -0.128103501 -0.803038575 1.210023976 0.468599989 -1.081203138 -1.939321629 0.368024143 0.236707847 -0.788960823 -0.828494328 -0.804777418 -1.950608998 0.981594222
-35.669086955 3.656160272 18.810106150 0.358466852 -0.857991282 0.087041160 0.357458126 0.895628496 -1.388188185 -2.066203277 0.518221139 -0.470806135 0.355746853 0.638865808 -0.833434998 -0.212619673 -0.226091196 0.309900862 -0.116009612 0.885773221 -0.317064540 -0.006071338 0.143587031 1.197705670 1.279929355 0.613020111 0.076496571
-41.476212514 -2.994494558 11.308804344 -0.708166416 -0.032632775 -0.564356715 -0.423009371 -1.433960688 1.197363251 0.763386600 2.064361986 -0.254296753 -1.338205912 -0.279779893 0.393939772 0.917518487 0.727800135 0.609552833 1.058570084 1.904791492 -0.366751571 0.978758688 -0.129516909 -0.154767671 -1.435602138 0.055507114 0.899619446
-29.918354438 4.269612071 19.291005469 -0.212091704 -0.796790795 0.077601981 0.560463621 -0.306209492 2.261696418 0.484569167 -1.130885227 -2.148235805 0.546705013 0.788952210 -0.084430696 0.443758461 0.889601688 0.287873492 0.904067603 0.681314521 0.568842614 1.788006180 0.774771842 -2.641274128 0.753234838 -0.357211244 0.550942978
-33.365836353 -7.225473217 19.005813171 -0.651299733 -0.644720385 0.356247597 -0.182296277 -1.259604781 1.001488322 -0.472185257 -0.191844705 -0.575384817 0.046302990 1.425306926 1.168444056 1.058200931 0.479640209 -0.196007218 -1.744370039 -1.096782140 -1.160633423 -0.082847846 0.011235980 -1.267434868 -1.943418476 0.643230413 -0.015982643
-37.287132947 -9.086343698 21.265955769 -0.273330795 0.102375047 0.353256460 0.888830411 0.266122807 -1.285245344 -0.095404193 -0.283779256 -0.717192670 0.130539717 -0.145201339 1.677955225 -0.735821460 -1.839798434 -0.012550019 -1.825621312 -0.779190723 -0.307596979 0.213057367 0.614688840 -1.021567023 -0.318068280 2.710464558 -0.567474547
-43.966069703 -3.626141906 17.909677926 0.544551372 -0.110873584 0.537607208 0.634152460 0.645222002 0.309198746 -0.349121402 0.628806573 0.598900794 -2.269343344 0.215329122 0.347533572 1.058202172 -0.929972841 -2.443565739 1.627433730 0.616930241 1.926922319 -1.907911155 0.453477430 1.930396197 0.282366318 -0.915197842 0.779726792
-35.147804240 -4.901264004 11.837100196 0.197613783 0.621825697 0.728800293 -0.207681796 -1.107861302 0.214286320 0.200808971 -0.929205370 0.271411132 -0.749499717 1.004478085 0.385571443 -0.717987753 0.013448671 -1.617801236 0.083574415 -0.284004880 -1.000022111 1.573928193 -0.339629308 0.534304429 0.699590147 0.512220826 1.243843177
-32.804066624 4.466872446 14.062166735 -0.899023484 -0.239153784 0.254848711 -0.263845366 1.242133573 -0.676740726 -0.614817351 -0.198446242 1.851380167 -0.273359575 0.297845951 -1.495108962 -0.336779004 0.487080558 0.249833362 -1.255102423 -0.865086386 0.936722839 -0.108181882 -0.029525664 0.059945351 0.890320801 0.063994402 -0.946971070
-38.248077701 0.498644600 27.633965135 0.405482765 -0.783518514 -0.429764812 -0.192313996 0.321946562 -0.000458106 -2.301874945 0.030534330 0.401306471 0.224669078 0.379873503 -0.219469892 -0.285298964 1.248604700 0.928177626 -1.416630817 1.203101927 -0.227376024 1.462245200 -0.545343910 0.663021573 -2.569428084 1.314360950 -0.756349314
-36.111022141 -2.327936983 25.241239668 0.090086098 -0.933459999 0.328373681 -0.112728218 -0.828523875 0.395125147 -0.198556561 -1.027246702 2.560651886 -1.920012697 -1.041089000 1.244914913 -0.728865788 0.084882689 -0.193701143 1.205906799 -0.989028161 1.031295548 0.620633112 0.222781249 0.504526292 -0.762208523 0.225591887 -0.407105433
-37.107203526 -4.664766084 23.574199200 0.296036472 -0.533709036 -0.485593103 -0.625872519 0.944073445 -1.277954787 1.029595178 -0.125097251 -1.231349600 0.155801346 -0.226624587 0.471353703 1.707453930 -0.916609618 0.437762090 -1.162143452 -0.362318115 -0.916196179 -1.288743814 -0.670800779 0.722288282 0.396862191 -0.143102734 0.584467802
-35.003920529 -6.991343408 19.735620609 0.399146716 0.017581215 -0.460199961 0.792835920 -0.109114922 1.355029063 -1.048720665 0.354521901 -0.780339903 0.722641049 1.452000842 1.855903896 -0.920351644 -0.768684801 -0.454325949 -0.001442310 1.531635787 -0.307334799 -0.065844550 1.977882025 -0.147702271 -0.509144874 0.652309449 0.438615126
-37.328186739 -8.271961200 12.402804575 -0.836199718 -0.259547973 0.306958530 -0.373070157 0.092217089 -1.036125956 0.347611551 -0.499659417 0.152110665 -0.672505509 -2.157566210 0.595835919 -1.265640615 -0.498851893 0.300416835 0.642923394 -1.137042811 1.797788372 -0.548194218 -0.739776966 0.565708785 0.340779132 -1.220324621 0.643928184
-32.993456528 0.970329195 11.077164344 0.764501627 -0.037158337 0.527151147 0.369145214 1.002639518 -1.033481077 1.777142659 -0.676098997 1.200132299 0.391354866 -0.698732560 -1.239131296 -2.490983001 1.437344718 -0.116127764 -1.725892964 1.300499245 0.711934920 -0.134845618 1.005245551 2.053643885 -0.168372944 -0.645733394 -0.901342376
-34.315146545 -8.282813052 20.560471985 -0.010035406 0.229958459 0.320291386 -0.918929718 -1.111912364 1.230808459 -1.236352676 1.617593449 0.106555743 0.642937533 -0.947838430 1.423599143 -0.440051950 -0.322483778 -0.522903490 0.803681754 0.372615812 -0.908512623 1.298260688 1.069548309 1.325958365 1.086970513 1.724793656 0.030762686
-28.621597680 4.480223732 17.188516841 0.248871719 0.318484221 -0.162901141 -0.900052158 -1.857462982 -0.601623334 0.575080578 -0.518187025 0.911989524 -1.393243128 -0.902968693 0.034245728 -1.010838700 0.118971996 1.307932355 0.267351029 0.883081956 1.398797929 0.273934615 1.278873071 1.205985903 -1.743557110 0.949840044 0.407872975
-30.622867672 -9.709950238 18.263195528 -0.275198673 -0.613353064 0.195457210 -0.714044948 -0.771476739 -1.594311784 -0.662391231 -0.933296125 0.448969618 -0.178776057 -0.154856299 -1.692179317 1.805098064 -0.243613332 -1.418358979 -0.020969535 -1.039787781 0.950739837 1.142728455 -1.103686843 1.495161861 -2.286552111 0.573832645 0.837691260
-39.895616189 1.630023653 13.753998339 0.489588674 -0.300175138 -0.603583827 -0.553068152 -0.140676362 0.790137319 1.619376184 -1.909399924 -0.187754483 0.089247447 -0.107946027 -0.479918273 -0.856838292 2.052394738 1.122546289 1.371304772 0.071454599 -1.800370589 1.671738456 -0.637520434 0.403111372 1.130045430 0.759296402 -0.020212379
-36.520149997 -3.191079767 22.323072477 0.342124267 0.570950414 0.734603206 -0.131623478 -0.724151553 0.789103092 0.953514114 0.571942772 0.713204688 1.361244850 -0.311355081 -0.403785449 0.536604896 -0.822689127 -0.477199367 -0.118876914 -0.023676229 -1.074330166 -0.024416978 -0.347405696 2.501168523 1.904354812 0.808914912 -0.619903127
-30.772081468 1.428679850 13.622841762 -0.599667587 0.322370954 0.718155293 0.143974750 0.286534436 1.061108123 -0.403563643 -1.929051313 0.823719583 0.149546225 -1.860199986 -0.057887830 0.397362446 0.788371234 -2.346572157 -0.848701862 0.500116326 -0.499731156 0.575102709 -0.205393329 -1.504346920 -1.256605838 -0.063790984 -1.459291751
-40.226672475 -5.419035062 13.195749861 0.437005562 0.759855774 0.112103411 0.468057867 -0.093737145 -0.591605803 -1.381349436 0.901093671 -1.247181288 -0.550879620 -0.940129225 1.103531672 1.160616987 0.894506739 0.056937336 -0.940982201 -0.412833519 -1.546991313 -0.107142009 -1.247305969 1.915449638 0.851775932 -0.600868319 -0.030106179
-38.153995026 -7.751628060 17.942694230 0.369321767 0.548440066 -0.709849574 -0.242751950 -0.302688489 -0.014357938 0.905533870 -1.161760836 1.857322861 2.568613324 0.187755643 -0.060973022 0.764020011 0.813944112 0.442734970 0.262520373 -0.647367952 -0.411078562 -0.290766595 0.829318899 0.508656719 0.604179892 1.697566870 -1.408105578
-35.985267385 1.105453884 10.980246212 0.076216943 0.553132304 -0.647439622 -0.518707594 -0.190306744 0.754031336 -1.155542699 1.139387951 0.006169501 0.821649109 -0.323139696 -0.252743168 -0.311491946 1.740417326 -0.777538011 0.772942862 -0.785934612 -1.415324923 -1.234122924 0.334008189 -0.900079765 0.657076123 0.331651192 -0.991492561
-32.625111459 4.437846101 14.362582040 0.563740624 -0.034788908 0.781906159 -0.263835174 1.031247679 -0.000820879 1.387580826 1.194768049 -0.552818743 -0.958336450 -0.080244655 0.529015787 -0.189016329 -0.557032642 -0.609549822 0.899615499 -1.464140691 1.555444514 -3.194433804 0.081424889 0.763662697 1.244613699 -0.354654749 0.195515294
-38.256871791 -5.744379956 11.741036734 -0.476302799 -0.636275973 0.576610781 -0.189231436 -0.763288049 0.541014892 0.723429008 -1.260103120 -1.107226626 0.379689282 0.676507730 -0.561521302 -1.777239776 -1.267887346 0.787453891 -0.815865100 0.954781642 -0.134004335 -2.606667587 0.708755493 -1.061211808 -1.751902206 -0.691613887 0.352698501
-37.448153516 -4.909788941 18.488042325 -0.095851954 -0.974118563 0.137380731 0.151762850 0.045637408 0.209486346 -0.964426583 -0.014373800 1.127968355 1.401541342 -0.051679306 1.379404304 -0.272683580 1.128457117 -2.336790977 -0.297251040 -0.137847438 0.365731656 -1.097400307 0.486601702 -0.361896508 -0.019273834 1.647592612 -0.559263997
-27.451044916 -1.542615172 22.400547459 -0.148804481 -0.376134365 0.423170336 0.810744740 -0.320377833 0.071236530 -0.337266485 1.253450163 1.448480515 -0.800928375 -0.660358519 -0.928106648 1.364474929 0.602414543 -0.227145471 2.181434603 -0.781454604 1.268677947 0.715948084 -0.158854259 -0.034143935 0.236400219 -0.225551892 -0.134362070
-29.272940820 -0.428100738 26.587195932 -0.486905557 -0.226256827 0.383655647 0.751358217 1.296945975 -0.212855178 1.088340509 3.312826637 2.981885617 -0.124541103 0.786650400 0.437155589 1.079096348 0.272454631 0.396228079 0.736910319 -0.575908188 -0.021113177 -0.209216230 0.191733711 -0.927491718 0.259279145 -0.388849084 -1.416656399
-41.137663334 5.199497119 20.330603868 0.373648060 -0.390987077 0.699021372 0.467851850 -1.942030073 0.092655445 -0.116816136 0.242829507 1.307950717 -1.158536985 -1.615361005 0.111762328 -1.056406960 -0.999934389 -0.993476726 0.605403382 0.345490312 1.107441583 0.172097623 -0.544673102 -0.057830488 -0.140921677 0.220543745 0.462146753
-34.633111139 3.990014578 13.958368174 0.172140366 -0.964494753 -0.199466697 0.018182500 -1.324330561 -0.235096241 2.117965752 -0.545238242 0.103639340 -1.440072247 -0.498688959 -1.084548803 -0.250701854 0.829319601 -0.383395690 0.366408798 2.296169679 -1.525263878 -0.551351659 1.945099618 -0.222702120 0.570883566 1.222345787 -1.784784374
-30.323788071 -7.002327985 23.598570358 -0.382116965 -0.306772059 -0.561111483 -0.667106762 0.882448666 -1.567257362 1.309478452 -1.140876735 0.683069079 1.085866067 0.569448598 -0.350235553 0.674451030 -0.924796049 1.194336042 -0.469548226 0.007414070 0.624468622 -0.817629224 -0.688747891 -1.870595482 0.605999701 -0.774014850 -0.156250533
-36.435011530 -5.258617536 9.986550325 -0.183505915 -0.173312987 0.273115013 0.928276024 1.880214404 1.427538851 0.691123405 -1.046678093 1.943400113 -1.041585245 -0.908898967 -0.677748914 -0.252188616 -0.481659495 -0.789890854 -0.032779052 -0.459709224 0.538842954 1.116962015 -0.160868152 1.368640078 -1.458936957 -0.226566684 0.525561010
-40.631080652 0.818935899 23.196763149 0.865086088 0.474366047 -0.032242365 -0.159885409 0.169033883 -1.860032542 -0.765647502 0.335921375 -0.052093242 0.608261945 -0.159361331 0.835271139 -0.058560085 0.748924858 0.193582331 0.788313461 -0.038541564 0.676008883 1.360765445 -0.400158876 0.255131223 -1.079163811 -0.586075503 1.155929065
-38.855485374 4.571865106 16.065400584 -0.061084433 -0.399974078 0.908741106 -0.102367139 0.156164963 2.624890319 0.136036642 -0.635859647 -1.030205291 1.743392256 1.421152123 1.262198208 -2.203872466 0.520571173 0.677194049 -1.378028566 0.506494987 -1.929766352 -0.612666600 -0.625108327 -0.320378781 0.723588481 -0.481777276 0.233988020
-42.555625518 -1.351482147 16.685219804 -0.008331130 0.417061639 -0.364621437 -0.832491074 1.181290535 0.542451453 -1.232550933 -1.998593264 -1.072864306 0.962373374 -0.865116161 -0.271367417 0.299163218 0.921706287 0.700293977 -1.112111486 0.633557200 0.710624853 -0.601173200 -2.301722357 2.576053125 -0.277660600 2.266497464 -0.357278066
-35.625471280 -1.162230808 16.657483019 -0.524130343 0.487698935 -0.592850443 0.368734979 0.075572292 1.588851739 -0.323377803 0.661910769 -1.647304901 -1.155190719 0.034312839 -1.176255699 0.149632225 1.400287005 -1.761114747 -0.737670081 -0.950270432 0.545380866 -0.787287184 -0.662240592 -1.076348644 -0.422655054 1.713111287 0.578785863
-34.369825365 5.145379662 20.083230542 -0.356499676 -0.474204908 0.470255718 -0.653373742 -0.215120955 -0.064826908 -0.511668743 -0.758317810 0.341285804 -0.979728678 -0.426783207 -0.282989362 -0.127026853 1.160858356 -1.320097702 -0.147097141 0.461986892 -0.110186746 -0.144758573 0.509368740 -0.636556543 2.601679585 -0.296559375 0.295636940
-30.598029523 -4.498810405 26.088762838 -0.437747144 -0.452041654 -0.735659860 -0.250679780 0.650314804 -1.616676136 0.449510190 -0.993692814 -0.025553608 1.222131684 0.224588113 0.464980392 -0.250340658 1.075898653 0.117489170 2.327858831 1.594929632 0.491933581 0.597071926 1.315274722 2.323777512 -0.125922913 -0.109573809 0.060733597
-31.147999259 -5.000816613 15.584334392 0.097075319 -0.600311303 -0.676561074 0.415292469 0.053430479 1.320965865 0.096407279 -0.058575206 -0.438141181 -0.339760916 -1.355450516 -0.305789498 -0.197649307 -0.486220300 -0.648802666 0.661723424 -1.611914455 -0.171038407 1.781275418 0.700431134 -1.798731825 -1.267884333 -0.344544390 1.666955268
-34.386918392 3.380448818 13.471262295 0.067576179 0.990323509 0.103496643 0.063097170 -0.264365565 -1.092709277 -0.720365983 1.132636071 0.135552781 0.276924324 -0.158603959 -0.409842868 0.304296486 0.045951947 -0.458418715 0.866392352 -0.286724575 1.123452055 -0.059916679 -1.969858769 -0.953329896 1.513930605 -0.119213067 0.061166340
-33.249391452 1.661248115 13.918302103 0.978741068 0.106054808 0.104494643 0.141064416 1.041249161 -0.640513056 0.881615347 0.658758352 0.272962943 -1.274717341 0.447217014 -1.631155905 -0.413602933 -0.705012085 0.385040873 0.077174476 1.996114811 -0.262379748 0.169838343 -0.425860131 0.598782239 -1.115661475 0.723528004 0.277548921
-38.650039389 1.419583757 23.759113370 -0.282755031 0.401421369 -0.697666539 -0.521700946 -0.514496944 -2.597324250 -0.740697482 1.941133232 0.018743176 -0.831600058 0.288133940 0.416235924 -1.119788044 -0.232055209 -0.916580998 -0.525041917 -0.806316891 1.710180317 1.299421758 2.327166507 -0.129156750 -0.595237211 -1.975441337 -0.573905842
-29.623544073 3.468947081 22.312867363 0.650064905 0.454703955 -0.593237358 0.136855288 -1.489433702 -0.742371428 0.261405762 2.272218116 0.490616872 -0.983986271 -1.013266761 -1.065090612 0.295447685 0.535335960 1.012435176 1.037318577 -0.596258009 0.168392448 0.039370461 0.429802652 -1.658258425 -1.739251005 -1.094071254 0.221593683
-41.649887461 4.162249439 16.140617053 -0.685459409 -0.706815427 -0.068576568 0.160793674 -1.098213120 -1.259162435 0.412957124 -0.397257086 0.518046068 2.167788252 -0.679491995 0.336569090 -0.375996735 0.463363919 0.815984438 -0.418274993 -0.767291073 -0.381105732 0.962323894 0.740611554 -0.124325771 -1.038095638 -0.213787413 -0.156761670
-36.902169048 -7.422522736 24.898440439 0.229877681 -0.517903938 -0.701551761 -0.432153780 -1.552192518 -0.558372074 -0.386422435 1.394513201 -0.996946522 1.796805107 -0.983784476 0.267607070 -1.060503386 -0.601776800 1.013819765 0.374646074 0.069380851 -1.186119551 0.170020437 -0.019319866 -0.138787952 0.596248267 -1.393508207 -1.343966229
-34.924585673 6.030277805 15.132616168 0.022551811 0.842155887 -0.478170451 -0.248229525 -0.248403380 -0.540982183 2.691303184 1.062302027 -1.079535929 -1.627394641 0.627749127 1.479322071 0.196738392 -0.340218447 -1.411409211 0.526226843 0.237434466 0.209227723 -0.920885334 1.009764614 -0.766357782 -0.072798163 -1.126264830 -1.108353165
-38.269491643 -1.212252258 13.441353909 -0.252818039 0.834041159 0.310953449 -0.379165317 0.925997978 -0.289264160 1.195854221 -0.474218669 -0.640996992 0.494751573 0.234532926 -0.097387301 -0.652326050 -1.050181623 1.606608228 0.145097427 1.483536793 0.196240367 -0.061554661 0.669873981 -0.599129863 -1.814502530 0.384263803 0.683493329
-44.003070977 -3.055254591 15.195965486 -0.257860477 0.429116774 -0.823416870 -0.267116879 -0.420768895 0.155578828 1.509442690 0.860736803 -0.427241739 -1.767399335 -2.109580192 0.860428309 -0.202355087 0.749657173 -0.109783883 0.715787128 0.681762702 -1.609066908 0.751562108 2.467721198 -0.898328875 -0.580701932 0.468276529 -0.235306152
