30.822641263 -24.920810678 -8.401707285 0.727627980 -0.306953551 0.185429878 0.584767305 -0.062268238 -0.719785662 0.483247092 -0.924702360 0.168797670 -1.247086306 -1.588675326 -0.986583025 0.264118769 -0.170042491 0.772624921 -0.889969148 -1.454889721 0.425560912 -0.861172074 -0.887996652 1.739145085 1.167273098 -1.240399869 0.054480421
30.586518310 -18.045410607 -8.138132740 0.557056248 0.580241770 0.173873299 -0.568133700 0.411839677 0.783428220 0.945220872 1.144010056 -0.755322244 -0.666147149 0.119563671 -0.483840205 0.723935790 -0.108042077 0.402380424 1.821552501 0.579595880 0.308524845 1.510671778 -1.164234329 -1.843813487 -0.742045862 0.524263166 -0.499644248
32.990295286 -27.105817643 -5.338078469 0.826218925 -0.448256593 0.263812406 0.216405474 0.267434751 0.372106481 1.346749643 -2.460657467 0.662545035 0.281740037 -0.628640135 -1.111527796 -0.162964679 -1.511137269 1.285140365 0.105682240 -0.034730415 -1.055494865 -2.285045022 -0.042891031 0.239211594 0.466085927 -1.092823720 0.295062633
26.696466912 -28.655242618 -5.229451906 -0.522383608 0.407473956 -0.200375652 0.721754765 -1.142210161 0.055332559 0.251275134 -1.366209125 -1.651944906 0.938701730 0.470146930 -2.337889874 0.646941438 2.646510229 -0.110548668 1.220676539 -1.310624540 0.477855392 0.860358750 0.306155604 0.501464520 1.242342716 -0.962866769 0.103395737
35.259377045 -30.693699969 -11.986924145 0.375726563 -0.662613553 -0.020175772 0.647584564 -2.651794433 1.386885590 -0.978971045 1.572200931 -0.401694778 1.094333955 -0.455304660 0.280133732 0.182673850 0.341987495 0.421554890 0.630144414 -1.382697282 -0.121865851 0.907400807 -1.017024246 -1.161043248 -2.122704581 1.412640936 1.580108291
35.334218879 -29.919722842 -3.495553936 -0.626954127 -0.737333756 0.190991655 -0.163675416 0.717136206 -0.385480086 -1.774005827 2.069376722 0.366599199 0.637328879 -0.761290701 -0.298947969 -0.019702249 1.258237577 -0.430194935 0.033629418 0.993284361 -1.101581848 0.410552065 -0.300893619 1.080875155 0.740951903 0.643173051 0.760944067
32.762055328 -30.835679300 -6.369652112 -0.745496177 0.628817543 0.176265936 0.133245141 -0.685028990 0.562394279 1.185578350 -0.284300409 1.276772478 -1.085683343 2.544981538 0.352135986 -0.100623601 0.467587450 -0.037683764 0.613986664 -0.642414285 0.704972248 -0.896690430 -0.322798016 0.030692047 -0.251251854 -0.892598313 -0.972640411
28.543206750 -20.253720201 -2.143593181 -0.184101136 -0.951034104 -0.247984582 -0.012022997 -1.299627087 -0.317812357 -0.597044716 -2.212246882 0.717488635 0.820040158 0.654554576 -0.170767481 -1.480247255 0.465960307 -0.411486234 1.278910686 -0.410412073 -0.966493635 -0.488965646 -1.561784063 -0.556783498 -0.320370523 -1.380433290 -1.935611552
38.900374990 -27.566998981 -8.406871179 0.649669826 -0.728964968 -0.121923554 -0.177971459 -1.826784013 0.194799789 1.975908929 0.523036641 0.305242321 -0.867251912 0.191675822 0.108655200 0.185141274 -0.689002591 0.132794315 0.687125060 0.880472990 1.908489573 1.421317003 0.288396689 1.377091740 0.346411767 -0.344397593 -0.630222232
40.049960337 -26.983905463 -9.980715841 -0.831021112 0.094811194 0.449565439 -0.313537343 0.922566141 0.298064425 1.754422839 -1.187439383 -0.380996771 0.949140586 0.397143556 -0.532315126 -0.247141142 0.193045075 0.752398422 -1.086794603 -0.172838127 2.431780010 -0.121818198 0.331421636 0.607949393 1.420051413 1.136477604 0.159181861
28.045682759 -17.215724416 -12.498122988 0.304447153 0.757691984 -0.142297756 -0.559433765 -1.155628721 -0.162077475 0.900960549 -0.908498830 0.007768913 -1.209480391 -0.028796303 0.866018296 2.160992767 -0.626317940 -0.802912412 -0.237732668 1.270966101 -0.096743104 0.626647546 -1.198316520 -1.748080160 1.495574012 2.060708640 0.209018732
36.049906198 -30.358975284 -3.583270486 0.549782800 -0.453015508 -0.672285173 0.201366504 -0.910667359 -1.041875428 0.525685831 -0.833645712 1.611973356 0.275410003 1.209797204 2.789801479 0.121755056 0.694708724 -0.230802128 -0.688142154 0.400750208 -0.946000657 -0.127125294 -0.883638087 -0.424619947 1.960464054 -0.119389213 0.845380368
29.088375332 -32.123848736 -6.237182430 0.199572408 -0.183558860 -0.035425897 0.961884611 -0.970505079 0.738018758 0.729694258 1.258036693 -0.757615441 2.252138791 -1.466879149 -0.201676116 0.480181582 -0.229562134 0.079022465 1.470665862 -0.047303392 -0.351512694 -1.425991018 0.136633152 0.050098021 0.830929863 -0.351180771 -0.907245600
24.407610774 -21.608168032 -7.101408233 -0.201669939 -0.126900442 -0.587031213 0.773705285 -0.598330243 2.591465271 0.929775227 -0.543238701 1.119110154 -1.155247439 -1.591796805 0.153918780 -1.026377665 -1.671602708 -0.432308912 -1.307602438 1.004619393 0.918231796 1.256332865 -0.772910324 -0.264767912 1.261903804 1.240109262 -0.271317157
29.060816008 -26.034549073 -9.407985488 0.688996592 -0.387450755 0.594670174 -0.146741244 1.846587265 -0.225350086 -0.948910572 0.255835653 -0.925844480 1.784277503 -1.598003892 -0.852475631 0.574232381 -0.562342114 -0.083777352 1.591913277 0.180894814 -0.493208648 -0.086784539 -2.008090970 2.216113216 1.094459413 0.809905148 0.366161537
36.160671637 -31.941349422 -13.034800151 -0.672881318 0.487740541 -0.081985020 -0.550107583 -0.924043843 -0.836374992 -1.136261661 0.950927041 -0.772832280 1.051539888 0.527316328 1.200506199 -1.810762614 0.383765038 -0.646409236 -0.443179450 -0.208836158 0.694145004 0.397434787 -0.170108470 -0.575366498 -0.044190621 1.115668492 0.926214647
31.752270853 -21.718111782 -6.918967008 -0.204460104 -0.905126059 -0.364125708 -0.079720458 1.523077239 0.005574285 -0.280319301 1.006589350 1.072983521 0.643532586 1.238592149 0.865285506 -0.869718039 -0.072245441 -0.470859604 -0.421388414 0.000495418 -0.493705603 1.439291619 -0.077521844 1.117139030 -1.472490071 0.326720426 -1.240570148
36.982276098 -28.455621531 -11.411061176 0.558311024 -0.787377980 -0.074025107 -0.250689051 -0.209783054 -1.085751276 0.258765096 0.234629816 1.994949522 -1.461971701 -0.350680962 0.853212440 1.707087528 -0.162800981 -0.772538402 -0.170855383 -0.823037801 -0.281925099 2.203877701 -0.967647457 -0.175713344 1.080928203 0.733646174 1.002539343
38.731345430 -21.478051481 -8.438271894 -0.378103809 0.765588326 -0.351672654 -0.383716522 0.971528028 -0.499311725 -1.605642054 -0.462965073 -1.302532746 0.526405239 -0.937330969 -0.335228078 0.119998387 1.285629167 1.850374722 1.696403158 1.447726691 -0.663764730 -0.912620765 0.649523199 -1.085094302 1.113805106 0.575060166 -0.058563027
27.448189397 -20.228695487 -10.556045693 0.377185238 0.241031027 -0.876620757 0.176554206 0.405048460 1.245563902 -1.856605686 -0.669957095 0.076951745 1.683148115 -1.195321351 0.595208319 0.628076370 1.882973955 0.791246899 0.910654043 0.880701910 0.500040612 0.450860239 0.278038300 0.252168257 -0.604056769 -0.023201929 -0.346191846
27.316305001 -31.504599271 -7.407844539 -0.264926629 -0.650303090 -0.074132475 0.708113090 1.607688467 -1.138118095 0.136864670 1.067442455 0.481617866 0.456419538 0.081888966 -0.563961032 -1.025300796 -1.003409268 -3.097115059 0.703600029 -1.082954845 -0.646549269 -0.627729316 -0.792935681 -0.808273389 0.101301326 1.613853436 0.032336136
29.353528575 -19.609788298 -12.177357573 0.151743721 0.340683893 -0.271282933 0.887307105 -0.758897142 1.366250030 -0.427302430 0.233624015 0.933857264 0.131652441 0.403478295 0.464690928 0.489371412 -1.146476871 0.556930653 -0.180895382 -0.267724505 0.495310589 1.039641063 -0.284494129 2.352331024 1.552316746 0.322148985 -0.492121527
28.134938328 -18.138439068 -6.189696346 -0.677335754 0.163545462 -0.706174320 -0.125646280 0.307421647 -2.350582257 0.170130406 -0.786630337 -0.188758406 -0.172565762 1.094313674 -1.255827217 -0.008099395 -1.268772804 -0.212046280 -0.293837614 0.771617832 -0.444471389 -0.030399851 1.177302046 0.655535572 -0.059509612 0.441796353 -0.706011823
31.506529475 -26.555987788 -1.959297337 0.590171475 -0.499729591 0.311441387 0.552242906 -1.263918826 0.382264261 0.805197583 -0.112534607 -0.256032309 -0.075266258 1.741773296 -0.078788739 0.179735830 -0.644894795 -0.210027894 -0.348911356 -1.873214363 -2.320334854 -0.469609331 -0.541523249 0.389202386 -1.466686349 0.258090638 -0.196847223
30.690497014 -20.355779564 -5.231870355 0.260472156 -0.674320255 -0.264524482 0.638336312 -0.168913574 1.066955697 0.123345661 0.464727516 0.352796187 -1.278478924 -2.114147198 -0.599072287 -0.707471170 -0.992273473 0.973636755 1.395231203 -1.406902906 1.427224364 -0.814406381 -0.815323925 0.641330107 1.163808771 -0.276388525 -1.021407828
29.135350430 -28.441958684 -10.012147205 -0.027846968 0.452296864 -0.511264561 -0.730246974 0.114689209 -1.186987851 1.465068796 -0.421666910 -0.579268734 -0.884275282 -0.584449666 0.819908053 0.335786249 -1.316718027 1.324940510 -0.461053422 -1.202814272 0.096232103 0.018800383 0.529323452 0.852640931 0.190482797 1.708516487 0.469223865
25.204256162 -26.202725159 -0.695543123 -0.889758616 0.451218274 0.022353843 -0.065053669 -1.704585366 0.094326204 -0.309486972 -0.424974247 0.376036273 -0.881505300 0.683988487 0.313967415 1.636118329 -1.705195256 -0.491406674 1.530501769 1.298119125 2.273745673 0.188559792 -0.662958843 -0.615074229 -0.436927987 0.215099188 -0.318308971
32.427435148 -33.591680861 -10.735481472 -0.416655972 0.249537600 -0.639922198 0.595506816 -1.513629092 -0.168444530 -0.844687472 -0.411347353 -1.153166071 -1.047852615 -0.244303123 -1.095868725 -0.133019573 -1.498153619 -0.659708515 0.512213934 0.749151502 0.116419534 -0.366375143 -0.861338990 -0.358675032 -0.279889827 -0.900988691 0.501443157
32.736274214 -22.096750928 -2.512114356 0.699050922 0.676788689 -0.173129130 -0.152680003 0.102242635 2.194067407 -1.301105985 0.061059251 0.178659556 1.171951622 2.453826199 -0.529033187 1.421978674 0.494224259 -0.233824878 0.444119902 0.333229854 -0.539499164 -1.294364057 -2.029595842 -0.318997526 -1.294613064 1.597399068 -3.206871943
34.328442436 -25.528628113 -16.514927961 0.923997808 -0.122036616 0.179380226 0.314893394 -0.320657917 -0.249122792 -1.024935484 0.879493598 0.582742393 0.210865303 -0.770330113 -0.189579120 -0.590494222 0.519831038 -0.007662198 0.039039293 0.363764902 1.400231599 0.098237086 -0.931080224 1.329846023 0.992553628 0.983879611 -0.160999655
40.789606122 -26.932986660 -4.421330544 0.747529665 0.409060869 0.085700999 -0.516259571 -0.205127300 -1.153463347 0.477066437 -2.590085209 -0.418103248 -2.315081633 0.873522314 -0.322379272 1.123355425 0.429903528 -0.028021582 1.582253875 0.628749310 0.472821789 0.196481131 0.217504695 -0.637074419 0.398697699 -0.679746971 0.492602059
26.877692312 -25.519871195 -4.291104158 -0.477895822 -0.300024690 -0.730973643 -0.383768553 1.886009765 -1.502026774 1.376805744 -0.359061298 1.514204335 0.028176915 -1.485978274 -0.748700255 -1.268944565 0.500026435 0.649163414 1.663468743 0.171450313 -1.598982195 -2.050552232 1.611820161 1.161233513 0.056409814 -0.440759547 -0.509122004
29.919280162 -24.759968834 -12.834499676 0.430384709 -0.041734310 -0.544055176 -0.719048826 1.369447506 -0.682573287 1.838308152 2.642570798 -0.926677659 -1.075132988 -0.757892445 -0.897808624 1.477295793 0.110537260 1.212603628 -1.509258384 0.131332840 -1.240093368 -0.132726242 0.439911280 -0.911950153 -1.602716980 -0.653440512 -1.405670513
36.609198918 -23.771784706 -16.363393300 -0.317762892 -0.684713028 -0.343725445 -0.558612238 0.121093464 -1.186235940 -0.141051091 -0.468609772 -0.008491447 1.175258321 0.276452528 -1.003772731 -0.407544242 -0.892050890 0.036204310 2.715695797 -0.824603863 -1.365540589 0.631414653 -1.190793217 0.726305673 -0.158011138 0.689909947 0.719556795
38.814257040 -25.448410561 -13.580726799 0.423325275 -0.269289378 -0.258108109 0.825626518 -0.379424001 -0.088578173 -0.680812857 -1.158637135 0.282419965 -0.706623506 0.802070583 -1.318216423 0.111380461 1.390701376 -0.134008299 -0.152265162 1.854360473 0.739174864 -0.452569017 0.134051539 0.334577959 0.316808703 -2.968826939 -0.736949331
33.658655497 -25.047068871 -2.649976440 0.494912665 -0.214592909 -0.066422919 -0.839404154 -0.180578366 2.054920460 -1.005943931 0.370961227 -0.974390891 1.900107964 0.106640793 -0.302695023 1.116900520 1.099124990 0.167368151 0.425761088 -0.216371185 1.541297981 0.052699855 0.747556383 0.077475281 -1.418904154 0.169934550 -1.986797069
32.987792922 -23.435185245 -12.276709461 0.106358099 -0.754109772 0.646410478 0.046474730 1.843438383 0.059224132 -0.910841330 1.206937368 0.998184127 -1.287725113 -0.488352840 0.248393365 -1.332987883 0.529526131 -0.407984461 0.300603740 -1.918754320 0.191237840 -0.524008246 -1.336354240 0.575161543 -0.126292124 0.771285780 -0.465296162
39.214719815 -23.618385489 -5.386631716 0.614955573 -0.527493773 -0.353015199 -0.467931867 0.053046345 -0.985477776 -1.954106427 -0.436602331 0.855399085 0.317752247 1.305768316 0.696038191 1.913231492 -0.773228587 -1.330046394 0.195951161 -1.027238688 -1.836210308 -0.600408125 1.636700900 0.183690158 0.569185570 -0.319086335 -0.499407138
35.840024413 -28.145566431 -4.455945383 -0.276985171 0.639418368 0.348734658 -0.626743571 0.810304534 -0.860957267 0.983931208 0.681859670 -0.530319675 -0.228122294 -0.083016227 0.461612345 0.073276071 -0.716595543 0.520477840 0.183067632 -1.384233462 -2.261431721 -0.791596013 0.311918025 -1.500367565 -1.923815393 -0.307749913 0.412992021
29.034507936 -18.531568893 -13.090454071 0.565339356 -0.402165819 -0.592471704 0.409428072 0.993644230 -1.205529623 -0.761135721 0.394218595 0.970428313 -0.286274833 0.637458333 -0.462081066 -0.927591644 0.788772617 0.647071344 -1.361758602 -2.520987463 -1.396064192 -0.888239545 0.060496946 -0.234016142 -0.847765062 -0.587458083 0.700659428
39.624344285 -26.556775642 -2.807998357 0.767087245 0.582218646 0.213111487 -0.164869950 -0.697526263 -0.611775407 0.487414970 -1.904810823 -1.271690517 0.127086128 -0.677652074 -1.671242467 -0.249458440 -1.050524519 0.960896626 -1.756709615 -0.379264281 -0.603478256 -0.881913995 -1.227905237 -1.079796063 0.728701521 -0.648778557 -0.542665248
25.749716214 -27.244996007 -8.931341040 -0.557069054 0.164749831 0.595288402 0.555124564 0.363312843 2.298913484 1.899653702 0.784768488 0.632528131 0.742368916 0.542464078 -1.284120182 0.347266038 1.989612112 -0.920334605 -0.385599547 -0.924976875 0.014402119 0.098941071 -0.822734828 -0.269331949 -0.392010392 0.471588373 0.095595076
30.490239767 -30.373900484 -6.461843093 0.534940302 0.402554962 -0.164228467 -0.724442811 1.534409042 0.282169133 -0.343420852 1.327486643 -0.596711739 0.070217791 0.313080393 -1.975800566 -0.773644205 2.344173251 1.087913822 1.761308848 1.225956484 0.971339550 0.799123734 -0.288936857 0.656000727 -0.296646421 -1.276640744 0.550658743
34.086385447 -29.462489502 -2.499443364 -0.410257937 -0.650596138 -0.395221523 0.502208162 1.209749167 1.064727260 0.803222178 -0.262348731 0.301613717 -0.441309785 -0.074626676 -0.416011296 2.084435082 -1.748499322 -1.306799490 -0.990248363 -0.792915578 0.334657271 0.473298056 0.955150806 -1.110662593 -1.127655553 0.818256357 -0.489202802
33.052010187 -29.769326976 -10.675611344 -0.357474738 -0.700258941 -0.556738172 0.268126529 0.117293945 -0.835315846 1.053153756 0.579223677 0.114185270 -0.849629491 -0.604325742 -2.514802060 0.177093261 -0.703538488 0.088913463 -0.302114784 1.928977208 1.402537594 2.051208220 0.919470854 0.814854027 1.151348714 -0.464433048 -0.028323999
24.673497747 -19.216272849 -7.501384080 0.617198435 0.363016780 0.688538621 -0.114888970 0.788322311 0.077686926 1.014924746 -0.892585400 -1.566821704 -0.503830924 -2.216114283 0.378751280 -0.488455697 0.474982804 0.662321019 1.172800284 0.369696327 0.547029654 -0.627665188 -1.337619450 -0.042916262 -0.015350380 -0.457477279 0.249160960
29.755558100 -24.773491927 -9.889855136 0.684125142 0.131316121 -0.098373082 -0.710669828 -0.524884413 0.731092572 1.543406816 -1.159140104 0.394560478 -0.005212312 -0.277770676 -0.112732131 0.607297598 -1.243564789 -0.311609641 -2.345059150 0.084807529 0.092376390 1.788257327 -0.916957775 0.097450763 -0.652014830 -0.402822108 0.093772872
28.102888726 -25.246479406 -4.081962099 0.670463983 -0.151640330 -0.116713620 0.716841118 0.221323091 0.890399310 -1.608900039 -2.630358283 1.029045441 -1.029879105 -1.230822701 -1.303711723 -0.637306403 -0.776020633 -0.281195378 -2.034447517 0.004568474 -0.525901862 -1.030624450 -0.915423716 -0.665769168 -0.770127916 0.422223854 -1.273738936
35.431552654 -28.570605006 -1.087866939 -0.862120753 0.187286947 0.148788903 -0.446691470 0.518211752 0.010821549 1.090687515 -0.166759375 0.253655800 -0.771391188 -0.678640118 0.410269904 -0.808632247 0.693149242 1.237657745 0.335537308 -0.241754204 -0.175426261 -1.564047083 0.414446021 -0.704459758 -0.213640830 -0.210624619 1.303180327
35.242013194 -16.064667954 -10.499725060 -0.704852410 0.641791051 -0.253886055 0.163796209 -0.491848949 -0.514258348 0.636233596 -1.395603613 0.179745303 -0.110402200 -0.522068102 1.470897435 0.304894531 1.395524380 1.440024482 -0.377306884 -0.165637816 -0.949555429 -1.089634102 -0.363083477 2.007332749 1.322083147 1.674076927 0.253236311
26.187734049 -17.887131028 -7.568295071 0.390083315 0.082530544 -0.531982959 0.747005923 -0.119960051 -4.268147321 0.207482936 1.531841455 1.121407296 1.800239427 0.702502556 -0.682513682 -0.520704273 0.300105793 -1.265698729 -0.880922868 -0.122392098 1.841851182 1.327231783 0.175268276 0.521180806 -2.642410529 -1.206255489 0.731190415
35.444962547 -28.285111632 -8.817930396 -0.035722680 -0.710883161 0.545169671 0.442898466 0.263522479 0.991043008 -1.106296445 0.088381498 1.136987146 -0.459667419 -1.276492205 -1.422741386 0.283995477 -0.080466091 -2.858175277 -0.362173347 -0.645608357 0.050927931 0.422127501 -0.874088695 -0.571448544 0.524524220 -0.876829110 -1.871830936
26.551681597 -27.175305668 -2.288369047 -0.562396673 -0.142418310 -0.654254542 0.485157707 -1.253133250 -0.440067656 0.018840209 -1.504057200 -0.091584052 -1.461127909 -0.431325348 1.057288668 0.670583350 -1.505218285 1.216757030 0.451755007 -0.098074988 -0.184722422 -0.248613979 -0.848574223 0.884636252 -0.586191741 -1.231906053 -1.300408015
32.931464373 -24.762112411 -17.012129801 -0.512813369 -0.011074151 0.701757235 0.494405294 -1.908877139 0.117652700 -0.571707942 -0.465802400 1.012211617 1.874235114 -0.103755576 -1.226117052 -0.168272372 1.264927613 0.125481282 -0.863448960 0.243035304 1.200167649 -0.983916839 -0.732171937 0.020007950 0.349194332 -0.557646513 -1.863830803
31.875320218 -31.223887829 -14.652438263 -0.078558086 -0.632563247 -0.349879259 -0.686496082 1.243326759 0.027563228 -0.013110722 0.438448797 -1.026900098 1.274179745 1.277736652 -0.163393820 -1.162974574 0.370936535 -0.319178610 -0.500295782 -0.780644275 -0.027509763 -0.088148809 -0.719104879 0.370151017 0.498730370 1.825191656 0.465663673
32.902162157 -32.524577919 -12.946405688 -0.232800141 0.164113331 0.902069773 0.324254581 0.287783702 1.066962628 -0.657469615 0.134462005 0.331715939 0.668911198 0.493182093 0.373130466 0.460468338 -0.974781508 0.592481458 1.498981616 0.782820710 -0.763668972 -1.456432532 0.432027172 0.188951978 0.588388588 0.896678191 2.025991150
28.813754268 -17.902711535 -11.294580854 -0.596886790 0.505402466 -0.022052867 0.622742465 1.297377558 -0.921480777 0.992500693 0.834387700 -0.074009038 1.674239494 -1.089674228 -1.214802234 0.550392853 0.530643988 -1.337744836 -0.359381077 -0.997481290 0.980868644 0.728815907 0.228359692 -0.749135608 -0.726277205 1.488498444 2.543595304
32.378380265 -32.815127135 -4.753233730 0.025459410 0.221535860 0.721714461 0.655287661 -0.026492138 0.255284414 0.377120542 -0.124320718 -1.356745739 -2.023236004 -0.409645073 1.444154864 1.739175541 -1.124166405 0.494139857 1.851502522 -0.689312794 -0.628503774 1.364483086 0.767659080 1.813146194 0.684578984 -0.317218597 0.560732491
33.068635013 -27.270011818 -0.256586717 -0.279372418 -0.538735855 0.545370728 0.578174281 -0.641642794 2.084661510 1.010341141 0.457352196 1.292299164 -0.724870213 -0.251763768 -1.226516154 -2.140919603 0.951382173 -1.618969847 -0.854001458 -1.783076896 -0.165349375 0.046770644 0.202706868 -0.590324890 0.445388748 -0.161051020 -0.281955025
24.732814969 -24.161993643 -12.101103223 0.229728412 -0.526628637 -0.060816797 -0.816203683 -1.196966230 1.253263430 -1.334833764 1.083547444 -0.738199234 0.439664793 3.313448088 1.344286135 1.717321498 2.550184306 0.263959241 0.374928639 1.516384102 0.440955346 0.532879254 0.364917817 -0.030999548 0.344333867 -0.030675099 -0.039327534
28.758574993 -19.186084768 -2.500716262 -0.736973216 -0.173529982 0.618412662 -0.210531715 0.051590911 0.240204249 -0.380255693 1.988416611 0.397551361 1.116815144 2.302107947 -0.132235876 -0.548286262 0.153400552 -1.575888026 0.662250426 -0.035890940 1.029051242 -0.934944573 0.184806366 0.890126679 -1.089492016 -0.336070396 0.512906164
28.642907317 -24.875069392 -10.163175253 -0.511131219 0.209638152 -0.674715770 -0.489443921 -0.418786175 0.738978529 0.035984121 1.092508767 -0.354669500 1.336840668 0.419636735 -1.286768680 0.305885889 0.813610677 -1.843631299 0.608950657 -0.663101552 0.895688244 0.056645250 0.248270442 -0.304545642 -0.718011668 1.112937052 -0.647345955
28.062395011 -17.940866620 -13.082088935 0.731396208 0.326746594 0.021315467 -0.598198880 -0.364804882 -1.224784478 -0.197930191 0.877321421 -0.842563625 1.844905120 -0.244326254 0.262879235 -0.168000275 0.676222307 -0.964612188 0.655144589 -0.509341738 -0.202343937 -0.445578265 1.000714207 -0.357307806 0.235327149 0.283697901 0.440640759
38.329481687 -30.308208066 -9.096495693 -0.168496478 0.107527541 0.040376111 -0.978987505 0.732283513 -1.098922781 -0.411705002 -1.590147724 -0.838389691 0.720056548 -0.271328709 1.217820810 -1.107021929 0.801803419 -1.292623876 -0.132678579 -1.197703171 -0.240706465 1.075305626 -1.346674480 0.310632359 1.250980473 1.066890701 -0.964799007
29.870352210 -20.577790413 -7.989255404 0.394966506 -0.382846910 0.765809103 -0.333115777 -0.998695575 -1.481678594 1.185051905 -1.703714579 -1.144601949 -0.457228209 -0.977552581 -1.346832667 0.091672104 -1.261318007 -0.272225595 -0.536025675 -0.247031679 0.362131976 -1.494492996 -1.484060335 -1.178933899 -0.914039770 -0.333635500 -1.670942681
34.560407813 -31.472157253 -13.100031003 -0.267397559 -0.370690275 0.629521656 -0.628322966 -0.295124350 -1.184081040 -0.060257139 0.940044212 -0.995441404 0.782768724 1.231339770 1.350439602 -0.088583149 -0.139356096 -0.178872504 0.305284285 -1.043466424 -0.092126309 0.456735227 -0.444760299 1.678204983 1.183200513 1.658292287 -1.707489535
30.782451038 -21.409869015 -16.235529760 0.753005273 0.279894524 0.480685213 0.351544933 0.358637992 0.344124701 1.010139232 0.461976801 -0.439155945 1.056760123 -0.482670816 0.009464170 -0.480888395 0.807330989 0.004568412 0.047287695 -0.183721508 1.302314628 0.473060754 0.600731823 -1.184322928 0.442404041 0.136487439 0.004405734
40.151353042 -20.569973978 -6.528386450 -0.250316770 -0.808985017 0.170240588 -0.503887784 -0.261548254 1.321688272 0.899935640 -0.447545054 -0.060699498 0.019980916 0.152638876 -0.964780368 1.274188930 -0.474484604 -0.641070685 -0.830767978 -1.741659822 0.461990730 -0.130166638 -0.043369461 0.215660052 0.126825354 -0.578920344 -0.947542480
25.433263495 -28.289318067 -12.659381400 -0.630677202 0.475329942 -0.589156957 0.170885323 -0.914184139 -0.781569434 0.141504544 -0.380568511 0.467079335 1.132282037 -0.430824392 -0.849415077 1.012045347 -0.645591379 0.155838249 0.186257544 -0.556922646 0.243957581 0.834373423 0.157021155 -1.855627110 0.921600907 -2.261442411 2.203875392
39.207974438 -25.275727844 -12.423553744 -0.373706080 -0.194874201 -0.668735048 0.612504079 -2.063008576 -0.549382775 -0.206381458 0.461820090 1.699461662 0.113411965 0.283201751 -1.422988687 1.151472023 -1.067527723 -1.681596102 -1.062338847 -0.838610862 -1.782247844 -1.071941351 0.586692180 0.465064307 0.309687875 1.696401985 0.014578748
31.999009936 -27.109666103 -10.809336513 -0.306276993 0.097048111 0.721757778 0.613059360 -0.071747584 0.750070314 1.040085078 -0.057306856 -0.185103427 -1.241538588 -1.042966646 -0.579579053 0.455609696 0.421171393 1.268382829 1.077837684 -0.574817361 -0.398856876 0.675619513 -1.180618870 -0.229890159 -0.672847097 -1.046673679 -0.939063523
30.100466617 -33.321690071 -12.063770712 -0.257569101 0.405590959 0.773027719 0.414224911 -0.909116007 0.017982557 -1.209810754 -0.362135884 -1.241705932 1.349756741 0.736250235 0.464440991 -0.079295096 -0.059398142 -1.481359600 0.925261902 1.036365331 -0.528995913 -2.230609398 0.365453234 -1.123121775 -1.251450672 1.625741153 -0.963254434
28.659770114 -26.048459205 -10.847320489 -0.281679299 0.206685808 -0.318573591 0.881163218 -0.249493785 -1.277586384 0.840347996 -2.103184183 3.058116902 0.370399091 0.332701078 -1.405333569 -0.859459747 0.925441068 0.119295414 -0.726221392 -0.498957642 1.673885800 -1.126700735 -0.975691053 -1.287285664 1.556792950 -0.262993928 -0.050425252
35.769386407 -19.570283559 -3.995266958 -0.556060027 -0.073339455 0.733405807 0.384102191 0.274991666 -0.665576388 0.593072244 0.305959684 1.219862417 -0.563136385 0.745073240 -1.271410461 0.032282958 -0.600680827 -2.001396597 -1.935277398 -0.428026314 1.893250766 1.521863238 -0.790090721 -0.183950594 0.076701865 -1.136637635 0.412769679
33.182720847 -18.256328916 -14.679399557 0.906214118 -0.138103626 -0.321059302 0.237958580 0.460918411 -1.071489767 0.586235146 -0.118526688 0.789438364 -0.316426082 0.885749800 1.620518248 -1.931384953 -1.561709625 -1.016408848 0.624390061 0.265269192 -0.730320518 0.482325597 -0.193877821 1.299660359 -0.745494865 -0.745889907 0.206252515
34.818148646 -32.487632899 -8.908229673 0.719275850 -0.648472644 0.248012048 -0.024809381 2.372603344 -0.798059777 1.892803149 -0.428240951 -1.820487043 0.045963947 -0.220605023 0.293920008 2.094121016 -0.685512124 0.136711059 0.640476250 -1.366238928 -1.188594757 0.675973271 0.731059891 -1.190588310 -1.044649425 0.439891855 1.126846459
35.063493070 -19.004498370 -12.995832615 -0.293198994 0.640118747 0.468839353 0.533359167 0.031239889 1.689736448 0.203357731 -0.751067452 2.595484486 -0.232791252 0.086017313 1.576970071 -0.278311418 -0.187356230 -0.351125538 0.435829960 0.457400690 0.919102666 1.181915281 -0.112933303 -1.176770527 -1.484979253 0.886335296 -0.446833163
38.435236286 -24.506605011 -13.013128632 -0.532374837 0.745633466 -0.355641713 0.184734241 -0.075936755 0.210094246 0.289683457 -0.319761570 1.935873186 -0.848847394 -1.300802705 0.692071750 1.312181662 -0.236128346 0.030623581 -0.154494298 0.412839641 -0.560822409 0.473962520 -1.064720515 0.155607119 -0.619207571 0.486099298 -2.040536802
31.844132801 -33.964582085 -4.631413697 -0.406056190 -0.761549605 0.493847787 -0.106183486 0.844248528 -0.709080950 1.304328255 -1.094189143 -1.030357735 1.490904847 -0.298201015 -0.408617617 0.769743408 0.221553074 0.929849601 0.943427557 0.545068843 -0.160166722 -0.963156587 0.179366634 0.247579866 0.177313487 0.053338270 -0.773674709
25.508250205 -30.426136444 -4.506938955 0.454332480 0.853877878 -0.051887889 0.248560282 0.242940881 0.557645853 -0.413006108 0.647728848 -0.780970677 0.587186807 0.943895121 0.076512661 -0.094982311 1.108674565 1.999776804 0.244265858 0.001780774 -0.885216206 0.449513652 0.014628392 1.631951377 -0.957526422 0.541437169 1.174103535
31.561643237 -26.026762554 -4.280770873 0.285363213 -0.082427374 0.779315240 0.551762015 0.550948401 0.175288986 -0.693476117 0.665149174 -1.134801415 0.014859198 -1.725518742 -0.316700090 -1.198372969 0.560602569 -0.297659121 1.116855744 0.455422402 1.352943417 0.735114802 0.312230087 1.456226442 1.100501387 -0.190163764 -0.930550844
24.659601890 -24.521276929 -11.192913707 -0.412876006 -0.092504120 0.891692489 0.160813231 1.009229712 -1.564976312 1.130512263 0.511791107 0.665906067 -0.493298442 -0.035078292 0.681806849 -1.277146363 0.673340174 0.712455794 -0.572885694 0.628555665 -0.623461622 -0.891326341 -0.356753706 -1.108068879 -1.159517632 -0.877802957 1.914637472
37.257021453 -27.298276127 -9.910643910 0.314191118 0.644201383 0.660334107 0.224159289 -0.620742571 -0.502606957 0.885160821 0.013535569 -0.579560020 1.417529427 0.269224550 1.242739663 -0.313518068 -0.018969831 0.722911914 -0.584547426 -0.262619764 -1.100853931 -0.359018114 1.092336718 -1.074544109 -1.547680882 0.109454066 -0.478133226
31.181565803 -30.294397377 -14.198787206 0.879904899 0.304855748 -0.362027128 0.042032131 -0.297149129 -2.278986938 0.372369274 -1.345230351 -0.549006326 1.178904592 -0.892291585 1.076542207 0.351404340 0.994829188 -0.145899721 -0.208521192 -0.089124970 -1.454753126 0.162833860 0.114614583 1.158373852 -0.788637265 -1.151043999 0.712673261
28.755274997 -29.931555866 -1.938534440 0.437603410 -0.656594832 -0.433074978 -0.435697770 1.593814712 0.442584056 -0.583795159 -1.622062090 0.212424296 -0.388676459 0.077686147 -0.081681609 -0.668424641 1.846230488 -0.860424248 -1.202127320 0.194887975 -0.535522722 0.671500591 0.992613198 0.377744409 2.405169694 0.816450054 -0.198709421
28.522631226 -16.077502078 -8.091917907 0.294858591 0.228754875 -0.624434369 -0.686156933 0.079052792 0.595598534 -0.270348220 1.500503604 -0.183769536 1.880378941 0.678395181 2.471449186 0.255000260 1.521334724 -0.120311906 -0.892968723 0.455550336 -1.019090455 -0.235493862 0.092855911 -0.007220211 0.349355514 0.649645318 0.531508222
32.498988184 -32.306722426 -14.013710568 -0.862919347 -0.317460178 -0.262990948 -0.292275550 -1.749417251 -1.872344637 0.934994812 0.208978795 1.069725133 0.323082627 -0.436584313 0.373707105 0.639404878 0.193444034 1.107282171 -0.242358983 0.506357366 -0.425426441 0.364189930 -2.085273151 1.121253748 2.293214222 -1.157133501 -0.715407348
29.303826327 -24.625060617 -14.568859186 0.401021985 -0.191224028 0.491947255 0.748734023 1.069219898 -0.462182945 0.169884054 -1.160556996 1.236068237 1.022702460 0.923964792 -0.041596322 -0.779689196 0.922899599 0.479847422 0.396959340 -0.722395864 -1.619736387 -0.554933745 -1.336354951 -0.013964927 -0.758017550 0.146610277 -0.904359960
28.505133622 -22.846029400 -2.727346612 0.141800851 0.007266043 0.192599632 -0.970950619 -1.349850739 1.680899857 0.575214248 -0.938957783 1.119239466 -0.313966318 1.815257066 1.145715882 0.236849889 0.481874058 0.157848961 0.198451423 -0.507271976 -0.266164221 0.468880272 2.609317041 0.012985651 -0.345846260 0.479877832 0.681335067
30.561253214 -28.142188673 0.947711566 0.109067777 0.526322838 -0.832019570 -0.137229462 -1.830660896 0.048814643 0.098604537 1.419396184 -0.513305301 -0.528099628 0.608835815 2.173689875 1.694275299 0.309434170 1.465973979 -0.382660035 1.166406566 -0.140620480 -0.295944298 0.178924815 0.534441648 1.882014326 -3.000012877 1.800866580
31.804481147 -20.907752958 -2.033964037 0.188241068 -0.839406014 0.478606502 -0.175780147 -0.160860962 0.060422314 -0.621683512 -0.586451445 1.964036328 1.513469535 1.695309523 0.567222693 -1.217771517 -0.253452258 -1.411435530 0.965438369 0.272797367 0.671590055 0.728393501 0.456445320 -1.516266681 0.993146862 -0.811089241 0.907092584
34.945915294 -19.690861578 -13.373441058 -0.043572095 0.925644254 0.251752836 -0.279114128 -0.562134066 0.073177486 0.469162170 -0.568872715 -0.460887275 -0.418851580 0.003884738 -0.278210241 -0.401269905 1.585962354 0.388405399 1.243034233 -0.318827277 -1.676715403 -1.650454326 -0.318217210 0.266426734 -0.718574217 -1.743152421 1.598304454
27.735915542 -24.893554128 -8.336183987 -0.382513877 0.577181190 0.042309970 0.720246398 -0.189440938 -1.487793680 -1.110085428 2.561779582 -0.177429288 0.051791380 -1.245830570 -0.366796545 -0.517395859 0.734594644 0.663149038 0.803968457 0.994483230 0.967846161 0.633518104 -1.427002126 -0.049395082 -0.985635337 0.326154992 1.263961763
25.426544639 -28.348556833 -10.869912140 0.018365835 0.159059866 -0.341626327 -0.926096165 2.058673008 -0.962392112 1.146985021 -0.329909066 -1.137129509 -0.420908960 0.636722589 -0.242407596 -2.148667645 0.389851851 0.903379156 1.250233500 -0.835522416 -0.643607572 -0.903111683 -0.395250879 -1.349642930 0.046350443 0.601869492 0.677783769
28.864375756 -17.697273898 -9.528731088 0.157955656 0.878394813 -0.231566960 0.387103740 0.007920654 -1.851691420 -1.600360768 -0.083484044 0.478445211 0.664417447 -0.163733720 -0.671818691 -0.978708447 -0.042781150 0.374666970 2.237579384 -1.499255014 0.712683487 -0.234121679 0.116607028 1.784650981 -0.485846644 0.682073918 1.037536056
35.024335974 -20.175478259 -11.835343917 0.602066617 -0.749976272 -0.172983701 -0.212433562 0.954327118 0.282251091 0.950384205 -0.972652243 0.049150560 1.418998462 -0.859384614 -0.131088352 1.051764779 1.166221208 -0.308493092 -1.560776235 -2.457348181 -0.816740366 -0.240323725 0.781563212 -0.304308733 -0.817221262 -1.806299462 2.026863448
24.283901420 -27.450671240 -7.844205570 -0.080886675 0.470110882 -0.578391866 -0.661752185 -0.437131089 0.273793019 -0.201810221 -0.151344180 -0.933270277 -0.029978182 0.950302254 -0.068318808 0.120281680 0.348382883 -1.431916127 -0.951335844 0.364700013 0.496259625 -0.179057837 -0.858221244 -0.010758398 1.803708322 -0.404375890 -0.730712530
29.420697947 -18.263254562 -9.756142123 -0.911290799 0.316072662 0.260260559 -0.043721763 -1.101800943 1.069587840 -0.725931201 0.378177757 0.341193546 -0.728791653 0.893724184 -1.367041239 0.700322136 0.504161230 1.229870298 0.491210869 0.171732337 -1.075402319 0.873149282 0.225045193 0.881046900 0.179743306 -0.399288957 2.084768152
29.941044523 -25.798355712 -3.994316951 0.560122155 0.015516390 -0.530668326 -0.635935171 -0.990539966 0.842916142 0.046092379 0.375004824 -0.033916449 -0.299964446 -0.240624536 0.096955133 -0.562552238 -1.681890479 -0.780533139 -1.802631998 -0.883971826 -2.242637914 1.341849993 1.248919439 0.143541672 -0.414009385 0.998884146 -1.288149204
38.890124202 -24.484246798 -11.239286306 0.012521687 -0.731435773 0.445057540 -0.516496567 -0.774511180 0.633169477 -0.010469549 -0.484959906 1.504881301 -0.335575814 -0.327603077 -0.306223394 -0.369377358 1.594587010 -2.655113859 -0.886959148 0.743305285 -0.042233673 -0.524370858 0.381640192 -0.996329431 1.211641659 -1.351379830 -0.357058694
37.115622087 -29.502087362 -2.233683108 0.456938802 -0.265278707 0.842387855 -0.105909588 -0.166732016 1.621385381 0.349017442 -0.596377890 0.292907055 -1.695698021 1.313180611 -1.044015618 -1.240021126 -0.052329292 1.454903946 1.408790693 -0.647273984 0.632180793 2.178049139 0.494573422 -1.038659319 -0.685152650 -0.109051535 -0.081274022
33.316670776 -31.313502187 -8.594747700 0.917253098 0.213353948 0.305365227 -0.140992643 1.812658339 -1.024082652 0.695856969 0.131254718 0.991601401 -0.765607683 1.184857369 -0.702470873 0.296713454 -0.442462885 0.616508055 1.031115722 -0.450451824 -0.337276979 -0.744364939 -0.345885629 -1.346063111 2.411177359 1.029319946 -0.357882421
36.152831437 -24.586134370 0.909984363 -0.561314746 -0.111060939 -0.277558407 -0.771720516 0.744387052 -0.511759326 0.674851304 0.244827040 1.398798300 -0.054503140 0.882188520 -0.045146981 0.147388285 -1.540606720 0.302185044 0.320822944 -0.010029534 2.021615531 -1.218025473 -0.239914347 -0.443069329 -0.171774554 -0.298900729 1.088118003
37.186074084 -30.923510730 -7.615457724 0.717580866 -0.062977164 -0.349792832 0.598962897 1.319365375 0.234076317 -0.908473843 0.021614489 0.104121876 1.260258533 -0.185197689 0.217937882 0.999745688 1.991125480 -1.262337589 1.468983334 -0.263195261 1.327166431 1.325670845 -0.903045299 0.979513816 -1.822178245 0.135249546 -0.080125721
28.679003259 -24.760480763 -10.466342940 -0.219437977 -0.354663822 0.489022736 -0.766105287 0.090841114 -0.987583259 -1.911270776 -0.559056175 -2.217177480 0.060237144 -0.970969249 0.952952351 -0.199600897 -0.143409745 0.131856214 -0.620960096 -1.192862844 -0.244680981 0.087226687 0.677142995 -0.497559960 -1.020733804 -0.740932335 -0.097070085
36.672068888 -17.725954032 -6.071414243 0.118678373 0.668891754 -0.539402870 -0.497537746 -1.643400179 -1.362370081 -1.305738693 1.040133607 0.293089984 -1.658849577 0.481660224 -0.787996684 0.731662930 1.146941924 0.440965991 0.008854902 -1.294123468 1.357622577 0.408473956 0.918123236 -0.728279929 -1.357846052 0.387063554 0.607414300
35.149831935 -27.805357016 -2.838620395 0.799986534 -0.018415113 -0.246820471 -0.546591332 -0.741717024 -1.348872826 0.662220228 -0.024846485 0.080274501 -1.241494190 -0.475489158 -0.015593132 0.438665705 -0.333855230 -0.407416345 1.039364111 0.394381675 0.199120875 1.432561430 -2.663895782 1.230273409 -0.933637147 -1.098397389 -0.497999422
35.429655552 -16.456602649 -7.640882619 0.346992633 -0.268106665 -0.760171655 -0.479430895 0.321037034 0.526865473 0.796343434 0.334059242 -1.000945997 1.214302554 0.769793820 -0.524973308 1.242601947 -0.430734792 -0.617222138 0.071454082 1.364802611 1.098372802 1.183290512 -1.016428089 -0.118163564 0.896962384 0.276007312 0.239457058
34.056291515 -20.342462922 -5.986592102 0.105104826 -0.580612872 0.571781695 0.570006458 1.079070604 -0.388794294 -0.353981715 0.991861191 -0.168307565 -0.141050049 -0.353179703 0.235895833 0.245387384 -0.354117930 -1.029750558 -0.989978124 0.177373494 -0.385426022 1.636384843 0.346078012 0.414500628 -0.818154493 -1.188748997 -1.186796490
27.287164328 -24.480276020 -6.838899062 0.647090509 -0.500961099 -0.403011355 -0.409748335 0.134445937 -0.106837364 2.471648722 0.066623477 1.429025181 0.887121351 -0.329209741 0.862598138 0.917677868 -0.185453899 0.243057137 -0.180537918 -0.572888028 0.569386495 1.549239594 0.626198627 0.546708306 1.478478593 -1.265656524 -1.342840483
36.663743688 -16.827044468 -5.005749917 0.085215404 -0.085610215 0.961733135 0.245923978 -0.853053948 1.384644864 -0.002444478 -0.132475460 0.092558926 0.772130273 0.089405041 0.184625953 1.474621016 0.191379630 0.047099912 0.316236119 -0.312896736 -0.245906264 -0.475364940 1.837842677 1.428869163 1.111455257 1.137755300 1.304027410
31.186918617 -26.447362174 -16.357441812 0.167459359 -0.213523179 -0.509425131 -0.816609608 1.749698299 -0.057838410 -0.426400056 0.426144226 0.144039398 -0.912978777 0.407903750 0.337245239 1.562820157 0.214609501 1.248331299 0.817641400 0.074148752 0.523001057 -1.234481090 0.152742132 0.689388132 1.158118372 0.294106920 -0.869420991
28.534857949 -23.267517279 -1.865030612 0.517440277 -0.099099443 -0.436065352 0.729576500 0.142850303 0.686607467 -0.400350281 1.278115934 0.145905857 -1.786761522 2.787789725 -1.521633252 -1.257563174 -0.044983079 -1.249166682 -0.254333739 0.230907936 -0.721948301 0.944696123 -2.196821687 -1.000107909 1.061995141 -1.215500326 -0.856666645
38.308637317 -24.390606159 -13.870441122 -0.928698216 -0.311743521 0.082767697 -0.182989367 1.194793586 1.174461448 -0.640194087 -0.410324794 -1.159278026 1.144857400 -0.882071010 -0.511950621 0.756055712 -0.937208848 -0.653697556 0.771175629 1.236886551 -0.712780293 1.724911604 0.057089245 0.076212492 -0.146003937 0.532315305 1.151803184
33.088300152 -24.910277704 -14.526222077 0.173099717 -0.929971016 0.255616559 -0.199626079 -1.168166054 1.533744885 0.228129094 -1.033187433 0.076286712 2.541452779 2.520249419 1.364823028 2.131807141 -1.413734650 -0.163844522 0.833130721 -1.092549178 -0.553651290 0.660504320 0.978649567 -0.126281449 1.960677848 0.615424281 -0.093554990
26.657124888 -19.975771229 -13.687358518 0.064729446 -0.473457869 -0.243117474 -0.844121815 -0.407445592 0.036310155 0.381416312 0.491144641 -0.959233050 -0.135044247 -1.343908946 -0.359980816 0.024721946 -0.077604782 -2.710080732 1.136894738 0.523846137 1.415757572 0.918780805 -0.320942114 1.934792652 -0.219421549 -0.239027258 -0.568391778
31.706002232 -21.565906196 -8.582379150 0.670314055 -0.713664334 0.187900618 0.077818019 1.775039598 -0.657952606 -0.319832600 -0.895213104 -0.507866415 -0.174024190 -1.032168320 0.574053683 -1.332980152 1.083150777 -0.529852209 1.716501870 -0.687057153 0.537229044 -0.058650056 0.560641150 -2.351396963 1.627097221 -0.239664629 0.053738075
34.871270204 -31.214676961 -2.253059474 -0.971259070 0.188303254 -0.145469459 0.006028315 2.131408631 -0.427805268 -1.090122586 1.176444459 -0.243595471 1.297834062 -0.257388455 0.214037743 0.444999797 -0.812535138 -1.270733843 1.174852690 -2.332763180 -0.626173138 1.516835131 0.033146711 -0.388603918 0.161413696 -0.828039701 -0.307620747
35.325816334 -20.639882129 -10.569704230 -0.743912726 -0.054582536 -0.538352111 0.392162732 0.514345364 0.488596144 0.291444768 0.623610472 0.589128648 1.083612560 -1.604542120 1.486201623 -1.250104615 -0.671037844 0.007780435 0.438087536 1.012626267 1.915956262 -0.678554936 0.917968340 -0.811443361 -2.685872391 0.982862318 0.589531662
27.862720153 -32.767282616 -9.050747227 -0.644434272 -0.027689646 0.009250502 -0.764102206 -1.082559654 0.819322840 1.155816327 -0.553921883 1.678053581 -0.369659953 1.227332167 -0.396181008 0.864588514 -0.308654745 0.387508040 1.177641825 -0.253421226 -0.279702802 -1.869804699 -0.270226381 0.809035011 -0.491989133 -0.402674712 -0.202886436
31.585343961 -26.437276596 -5.431989265 0.458071128 -0.615017893 0.460237387 0.447331399 0.701465530 0.307652998 -1.697256773 -0.509140260 1.303536270 0.771370798 0.507878693 -1.898280257 0.672882483 -0.558169440 0.201844907 -0.372052117 1.124432721 -1.181544695 1.545103736 -0.222883431 0.924436090 -0.041577235 0.041576188 -0.728112108
37.726283577 -17.953370862 -6.542950504 0.560688829 0.441164610 0.612951882 -0.339546483 -0.154515094 0.600123475 -0.751855356 -1.793252104 -0.279833034 -1.555296209 -0.720989001 -0.930293457 -1.719604874 0.377975791 1.195013101 -0.938036544 2.752821856 1.301704110 0.559644822 -0.192206043 -0.819719499 -0.207474048 -0.619637609 -0.342194473
41.051695021 -21.461997781 -8.905979453 -0.321994180 -0.217135569 0.887103595 0.249437577 -1.030551218 -0.236277836 -0.355632281 2.175290944 -1.632808825 -1.756758390 -0.969594887 2.216913058 -1.324533215 -0.392272997 1.826740793 -1.772128351 -1.627004655 1.256195299 1.743693876 -0.946885320 -0.915487080 0.214628134 0.090948977 1.205510400
28.452257982 -32.381685906 -13.141009401 0.657639697 0.134019655 -0.573763733 -0.469408075 1.721376544 0.151955258 1.768937659 -0.547131926 -2.339580508 -2.505589382 -0.281031151 0.423610780 0.799336642 -0.681518328 0.510227068 0.759778467 -1.301818465 -2.117547849 -0.614650755 -0.128097504 0.233020826 -0.437617392 1.299638237 -1.722816042
29.001722244 -21.536860507 -16.109878726 0.916552708 -0.336746867 0.133717544 0.169269901 0.596102651 0.682428527 -0.374948144 -1.196740413 1.396392525 -1.244160917 0.692260279 0.096024653 0.207793673 -0.041884589 1.554522770 1.792983428 -0.481816742 0.291108026 -1.044256875 0.227983441 0.956341095 -1.815659983 2.131072825 -1.408434401
37.457719701 -23.723440979 -4.560310862 -0.214535707 0.665912294 -0.127647336 0.703023047 0.873269477 0.374224462 0.692130119 0.237765321 0.696042431 0.693013230 0.352767194 -0.090369688 1.812319801 1.192028116 -0.784411125 2.403102805 -0.292032792 -0.387718734 2.045927228 -1.115274253 0.155121279 0.605026900 -0.234767577 -0.082171568
36.208980681 -27.158787065 -10.206608591 -0.849424903 0.347280530 -0.069826354 0.391149393 0.475370357 1.758333441 1.165611994 -0.085803842 1.419438548 0.016344081 1.730075542 0.422282026 -0.010818996 0.150629061 0.647575619 1.139161493 0.689284364 -0.697182466 -1.855627182 0.893748220 2.160613313 0.980683473 -0.107180712 -0.345214616
38.860087422 -30.665801181 -5.122485968 0.252935969 0.609130160 0.737691982 0.144202578 0.915666834 0.409042236 0.731497210 0.457734003 -0.012709864 -0.828293222 0.051113644 0.205637122 0.004365556 0.776029931 0.977296439 0.947200600 -0.160167100 1.001423842 -0.914024404 -1.287664846 -0.400110763 0.191240711 1.542605542 1.115614132
28.586095924 -25.297000645 -6.528348978 0.017213082 -0.616802340 0.679009523 -0.397749481 -0.392453484 0.721488036 -2.144599608 0.525710457 1.601972813 -0.560299256 -0.738071568 1.049158481 0.650619802 -0.729730328 -0.676663250 -1.327660203 -1.688902406 -1.218988411 1.873456700 0.500994666 -1.029872375 -0.678068451 0.877109977 1.365619400
26.348172978 -27.541993784 -15.013577957 -0.780695047 -0.200971840 0.417898038 -0.418911439 -1.086597312 1.451266140 0.144852328 0.799144092 0.677078095 -1.179603148 1.796315711 0.473926245 -0.103185079 -0.569325280 0.174393848 0.544126238 -0.473782219 -2.091887224 -0.856498554 -1.246298223 1.519748557 0.091441096 -0.674871328 -0.629134264
30.540231833 -16.192805282 -4.065646360 -0.127757801 -0.544788068 -0.331615358 -0.759549314 0.551356292 0.649604934 -0.987532182 0.681164680 -0.679966135 0.476370563 -0.933229294 0.532095533 0.039821171 -1.441970635 1.239358665 0.116606055 -2.863038565 -1.386227344 -0.111645290 0.625848827 0.064140260 -0.082654558 -0.956101183 0.000757001
30.763469763 -18.922065230 -1.685796291 -0.731012527 -0.427860323 -0.515837500 0.128327331 1.293857079 -2.109467761 -1.362409122 0.091949394 -1.638905071 0.663121521 0.016822127 1.268057522 1.229147131 -0.994853582 -1.118282927 0.756329776 -1.538573279 0.893980856 -0.180315492 1.536851696 -0.953451131 -1.123886728 0.655080890 -0.222407700
29.954920039 -27.091918781 -6.025333754 -0.613834635 0.267698845 0.413504306 0.616894285 -0.847276476 0.136935568 -0.437335754 -0.178343353 -0.153185235 0.472959356 -1.787314838 1.134187845 -0.315122629 1.145018141 0.492496360 -0.512025514 0.043485968 0.050540133 -1.539465376 0.924915926 -0.222488616 0.070250602 -0.225144290 -0.088517929
41.411928972 -24.188371682 -10.469742864 0.375175271 -0.185829089 0.064847429 -0.905817794 -0.481788587 0.189346402 0.524226395 -0.705413883 -0.909641480 -0.600889891 0.730570780 0.924566332 -1.676607819 -0.073292698 1.346204889 0.418602914 1.386153261 -2.405446426 -0.239076682 -0.707703200 -0.429337313 -1.704998275 0.155431861 1.489883884
33.103050641 -22.893583632 -14.935225726 -0.766277857 -0.118473347 -0.587893092 0.230573253 -0.869887525 0.322736199 1.180150442 1.332343427 0.458225505 -0.899768419 -0.699698352 -0.600535350 -1.429583152 0.740148412 2.797376285 0.034290077 0.981114259 0.814587746 -1.080068677 -1.269783706 0.043679529 1.881214184 -0.988192847 0.666443071
35.714102335 -25.827224055 -9.636770657 -0.523946679 -0.352576585 -0.569214659 -0.526463961 0.742941877 0.814431316 0.674830245 0.650110607 -2.782447742 2.654303492 0.202070750 2.013485424 -1.539370116 -0.074219390 0.074500886 0.365930499 -0.112455405 -0.942457115 -1.353512146 -0.074717345 0.329256313 1.584704604 -1.718580460 0.780140580
30.774815250 -15.789501826 -3.931005350 -0.708121773 -0.225442310 0.281202948 -0.607177257 -0.114789597 0.101064677 -1.704483946 0.395276829 -0.997531584 0.386490475 0.727230554 0.409899850 0.079433449 -0.287460778 0.739187185 0.104000021 -0.439169254 0.466939009 0.842285770 -1.643442553 -0.304277893 -0.444472504 0.560947994 -1.589883184
26.381073200 -26.705354127 -11.877409872 0.014115238 0.158355676 0.505906525 -0.847810609 0.193709505 -1.536480960 0.632319604 1.424758261 -1.608820910 -1.687276420 -1.848315218 -1.012857263 0.176113666 -0.017274402 -1.771665848 -0.112275054 0.477415904 -0.483281910 0.166973812 -0.463538986 -0.533279644 1.182461307 1.387884717 0.395961030
30.030435126 -22.842908590 -6.950138195 -0.081972532 -0.704634146 -0.703294673 -0.046344670 -1.550672865 -0.591747563 0.587358296 1.387650683 -1.182191030 -1.611557225 0.831407711 0.136573900 -0.097110078 -0.390416328 -1.077574539 0.882982738 -1.084451262 0.720291519 2.009270864 1.242803197 0.259812757 0.206537479 -0.225894533 0.113397721
32.592237354 -26.791286589 1.903538151 0.610456353 0.553647140 0.348962684 0.446142276 -0.071304581 -0.985239492 0.792935206 -0.710559824 -1.000142806 -0.434799243 -0.543385412 -0.582075468 -0.055695873 -1.058290452 -0.738172082 0.243618865 0.257513360 0.131253778 1.179024716 0.678233479 0.801525470 1.295336390 0.754506855 -0.828982073
22.915197818 -25.641385692 -4.636777309 -0.385801108 0.125123367 -0.787659304 0.463782782 0.248865961 0.222355948 0.139839210 0.370899704 0.453300638 1.136896544 -0.546174751 1.200091004 -0.014090893 -0.385601601 -1.296050839 1.046425929 -1.563893817 -0.151021292 -1.343256023 -0.665574002 1.506791817 -0.346408846 -0.957852135 0.150283164
38.983073268 -26.966572210 -13.433626007 0.185180846 0.610625926 -0.742112105 -0.205216121 0.459756980 0.931574139 1.742272466 0.108999526 -0.225805404 0.934265336 0.756929859 -1.650785688 1.575478717 0.120763523 1.204609058 0.400248695 -1.341989516 -1.626185035 2.471606440 -0.553121701 0.354694982 0.878663565 1.502182706 0.042821371
41.124737083 -24.450161237 -8.130946043 0.579802196 -0.728673330 -0.343857818 -0.120939624 -1.583955481 1.756945729 -0.777311921 -0.938440354 -1.085081333 -1.832182664 0.684622619 -0.237606516 2.619034804 1.394347281 0.399856478 -0.157826487 -0.053779120 0.037144199 -0.132846365 -0.445814905 -0.121150191 1.102041331 -0.224896090 -0.595970599
38.104740445 -19.321975745 -12.330391204 0.177079469 0.686871160 -0.530048747 0.464649543 1.106326687 -0.079697072 -2.065511983 -2.320702869 1.091834841 -0.371590362 -0.906848509 1.884325075 -1.164295620 -0.550390446 -0.284659958 0.807034725 -2.353760972 -0.560559795 0.739798429 -0.304555772 -1.732019383 1.116895879 0.068091663 0.901693961
30.250957054 -28.044138614 -9.228206668 0.231717021 -0.961663036 0.145776993 0.016139886 1.661908760 0.643269535 -0.842306316 0.232323330 -0.178549467 -0.185315593 0.854019205 0.551803688 2.718804637 -0.486041525 -0.688468047 0.674689323 -1.851608964 -0.417878830 -0.723959263 0.799011205 -1.131361166 1.224376556 -1.114688869 0.257335793
26.504724659 -24.897579738 -13.340010907 0.169872817 0.057345592 -0.443649872 -0.878082855 0.170798419 0.222665904 -1.370741793 -0.813510663 -0.359034114 0.526564888 -1.515871951 0.420885956 -1.651952304 1.342300092 0.190454521 0.507969910 -0.549995401 1.217072354 0.683430687 -0.274204549 0.498051790 -0.782473172 -0.009140710 -0.452877958
34.269154444 -21.205438916 -10.737828166 -0.236830952 0.278004889 0.493585469 -0.789302075 0.336242964 1.492906147 -0.141465569 0.282514464 -1.844507167 0.609620760 -0.828192571 1.467863578 3.065479831 0.643495597 0.306413126 0.882304308 0.365015214 1.709882750 0.061577167 -1.151934000 0.035232802 0.246322320 -0.911367366 0.325190855
34.066812373 -21.793478025 -7.219998856 0.443697440 -0.302263769 -0.819199622 -0.201695748 -0.417971865 -0.005640877 -0.191772524 -0.022669062 -1.554413596 1.975080298 0.271616715 0.239744415 -1.331418474 -0.640736346 -0.738008913 0.657188758 -0.729642839 -0.412719422 -0.293460449 -1.122989894 -1.027743477 0.427934546 -0.998931334 0.334881550
32.078001560 -22.384734376 -7.140621790 0.019255340 -0.035363653 -0.982800267 0.180228407 1.069913916 1.191972641 -1.714291358 0.015131827 0.259958196 -0.249207660 0.821976276 -0.863007256 -0.905717874 1.398343399 -0.980297058 0.194943335 -0.647976713 0.176712472 0.139324795 -0.807817634 -0.866407534 0.513612882 1.665737144 -1.470278915
23.882064319 -27.450061584 -5.922750287 0.536703465 0.727249883 -0.093461106 -0.417518886 -0.391059740 1.200762875 0.535737979 -0.902254972 -1.339584140 1.249759369 -0.357093005 2.077347135 0.318097983 0.773330927 0.454538902 2.630344649 0.610588322 -1.656103747 -0.294800506 0.032202566 -1.336164754 -0.349785849 1.079567688 -0.301550128
40.907386114 -24.181549070 -6.849392382 -0.341290699 0.423379321 0.202906789 0.814309182 -0.831976919 1.012318285 0.001420235 1.757168095 0.975684511 -0.869361562 -0.250613488 0.395659738 0.553252232 0.436036361 1.261917665 -0.067705235 -0.771512649 1.001216680 -1.850201794 0.439017280 -3.099946583 -0.816623873 0.833324381 0.459829220
37.834923357 -20.695985331 -14.063534947 -0.543884050 0.770458653 0.139154686 0.302025789 0.441748427 -0.227860180 -1.254123486 0.180610028 1.100387856 -0.970401548 1.818070458 0.934658072 -1.416253283 -1.361814962 0.156790351 1.425162274 -2.493755718 1.640114122 0.528810829 1.467592280 0.131116243 -1.111400435 -2.779655601 0.837894287
33.953485927 -23.781077520 -17.290291458 -0.117151265 0.580473720 -0.752942516 -0.287059941 0.806049483 0.943041580 -0.663147051 1.317895558 -1.524692864 -1.217532294 -0.623442760 0.180615611 1.329494027 -1.612497379 0.929589371 0.864668493 -1.207444001 -0.278337677 -0.109346246 2.285791283 -0.750067783 -1.038760659 0.455715573 -0.649213470
37.721025970 -29.911698703 -11.981113866 0.149751773 -0.837494675 -0.287698494 0.439780232 -0.614788892 -0.174697145 -0.343012800 -0.881071910 -1.091353835 -0.014663252 -1.379644302 -0.607043757 -0.323215935 -0.281810152 -0.290003748 0.470934917 0.846042295 -0.288107547 0.439624593 0.848673376 -0.918370824 -1.157585091 -1.236962257 -2.485030788
26.290192024 -31.017109541 -5.878505642 -0.204110242 0.587889907 0.684382752 -0.379927250 -1.521631943 1.233712498 -0.066439737 0.171591483 0.929733099 0.101393672 -1.086938213 -1.767589570 -0.229215009 -1.562244386 0.598007268 0.686628980 1.521732967 2.220304281 -0.065735347 0.107179050 -1.270961968 1.160398104 0.626001056 -1.297848029
30.352007151 -26.602898294 -4.470128402 -0.682894832 -0.602614043 -0.383573616 -0.152912541 0.507708553 -1.213899596 -0.657851611 0.255116376 -1.363562008 -1.367070396 1.077884133 0.688694698 1.641408508 0.838727570 1.027484153 -1.767273700 0.970129242 0.167968151 0.074571889 1.082587471 -0.497267974 0.376990585 0.385294267 -0.365919482
31.449284480 -22.025512696 -8.689032667 0.181097320 -0.012408856 0.582389619 -0.792383817 0.666590387 1.692574794 -0.422805756 -1.870029025 2.448154024 -0.754902352 2.319599295 0.245954415 -0.532169962 -0.282253280 1.115289725 -0.219258065 -0.237339256 0.706763799 0.427985638 0.294221554 -1.389817713 1.055416550 1.072198853 0.476979015
34.814605650 -29.993273279 -1.740859153 -0.127525660 0.859390214 -0.329402189 -0.369702399 0.549987538 0.510736768 -0.326839397 0.194254122 1.856606217 2.323748947 -1.856849264 0.361646360 -0.940193972 0.623212686 -0.151781800 -2.015978137 -0.044384567 -0.328174462 -0.565370551 -0.450303423 1.295060718 -0.825388743 -1.238201354 -1.045388187
38.231460107 -28.588534766 -13.790773783 0.194761048 -0.057146835 0.786476612 0.583315449 -1.132726014 -0.986311059 -0.450616473 1.215334576 0.686814745 0.116752288 -0.207276668 0.310436544 0.114580457 0.373336869 -2.508115384 -1.970754879 -0.483786060 1.549671026 0.427167889 -0.162293051 0.646826411 -1.753476109 1.208924824 0.195193825
34.006127575 -22.367539148 -10.217946610 0.230704194 0.034353785 -0.955140597 0.182487894 0.220660288 1.753735044 1.262171950 -0.710150882 -0.610764600 -0.614047936 1.506543780 -1.990581253 0.367365345 -0.621550658 0.143881507 0.007931057 0.244154028 0.292981208 1.668914518 1.612790583 -0.270796804 -0.766567450 -0.407421847 -1.788890221
40.070849798 -28.135473694 -6.503497577 -0.006259035 0.448193835 -0.806437995 0.385669380 -0.356820951 0.606645118 -0.284168112 -0.960732528 1.565987270 -0.541918720 -0.273411918 1.213332645 0.229058578 -1.731569503 1.129915331 -2.509526242 0.783087722 1.101453731 -0.740919703 0.429312870 0.550622670 -0.425675577 -0.171677944 0.725563982
27.575010240 -19.993349562 -7.763538751 -0.817253348 -0.232510057 0.336456538 -0.405996351 1.381935963 1.487904619 0.736089236 2.335658290 0.973510316 -0.621068454 0.367770823 1.367892576 -0.067635890 -1.247736440 0.772417655 -0.631773054 2.405883902 -0.305907723 1.278863436 -1.012844289 0.874495385 0.298901111 -0.982378836 0.434245358
38.747522244 -21.329852801 -6.649257761 -0.714818369 -0.532395706 0.332928395 0.307811947 -0.016253989 0.166849381 -0.300006308 -1.617032527 0.108805292 0.546378316 2.203754061 -1.312124126 -0.749554864 0.574848769 0.869590965 -0.339206623 0.621947233 0.191701160 0.807581868 -1.174562535 1.172579165 0.442350497 0.865632723 0.352497078
28.558606138 -23.817964211 -4.049684240 0.137044029 -0.950431398 0.005799125 -0.279043834 0.016470424 0.999537648 -1.206593354 1.888888621 -0.671415791 1.179659532 0.960971953 -1.247964499 1.516358833 2.166692151 1.751945255 4.031639315 0.799490351 -0.915493626 0.109415221 0.398648727 0.892363966 0.731226892 -0.496382808 0.743930714
30.601064081 -24.509878330 -5.393314377 0.780026270 0.003798313 -0.035764751 0.624712313 1.494320244 -0.171886638 0.605618603 -1.192498533 0.149493606 -1.821535844 -0.321413140 2.169761102 0.385230756 -0.259280308 1.860123383 0.079285136 0.843172129 0.193217475 -0.106945239 2.928911278 0.637888186 -1.109192176 0.269617315 -0.884128335
35.157237780 -27.637079219 -9.859822213 0.663348126 -0.297271747 0.157708576 -0.668376225 2.596801784 2.019702492 -0.129373303 -1.443459970 1.299967157 -1.234666805 0.182601282 -0.669506588 -0.508875146 0.872637355 0.498044407 -0.093102178 -1.357609911 -1.983297887 0.821783354 1.928146917 -0.431433456 0.520852525 0.141790647 -0.308667130
27.822316130 -25.349205915 -7.910792119 0.170222933 0.165469334 0.962244043 0.133155750 1.550697349 1.274532060 0.570464028 0.179395983 0.343505640 0.572030863 -1.719948256 0.026322409 -1.659166370 1.197431386 0.830328458 -0.594759347 1.589186965 -1.148195189 -0.287341499 0.134799569 -0.474050740 0.750232848 0.005589193 -0.751258587
28.991378596 -27.059711943 -13.219761135 -0.336841671 0.910310688 -0.152067473 -0.186407143 -1.505505272 0.294978941 -1.389925392 -0.187305504 -1.610966515 1.378920701 0.351934410 -0.274244193 0.290315141 -0.187799670 1.274270141 -0.781670994 0.463794996 2.456157908 -0.846826732 -1.159557363 -1.982957516 -0.656033436 -1.028665477 -1.450420894
36.373999647 -22.352474077 -0.484561778 0.522656539 0.579308689 -0.162550820 0.603994053 0.015646831 -0.542484628 0.162093650 0.941356861 -0.577040135 0.148344815 1.407115286 -1.160997917 0.135627512 2.148105486 -0.679457249 -0.841491373 -0.103539270 -0.871292049 0.201208792 -1.291342276 0.447255419 -0.484793496 0.517233764 -0.350865943
38.341955548 -20.302320093 -9.537581845 0.832460210 -0.063999403 0.548416709 -0.046402472 0.479921545 -0.915662099 1.020748609 0.065910490 -0.587714825 0.616370734 2.390740088 -1.112953395 1.127524778 -0.078032245 1.838387345 -0.818649915 -1.257108227 0.637435896 0.634485463 -2.607155680 -1.687605073 1.169858457 -1.279777059 -0.917029523
24.224828809 -25.808394391 -7.436021288 0.933858749 0.096024680 -0.183331080 0.291679299 0.726195306 1.452587983 0.459412345 -0.709343122 0.944258723 -0.396625664 0.670590593 -0.128914129 1.819108399 -1.546135527 0.653705073 1.198079273 -1.019402162 0.157590111 0.012583694 0.023003328 0.936369289 -0.883201871 -0.354080209 0.261481446
38.016881642 -30.619606066 -4.328444034 0.019206367 0.762995516 0.600123786 -0.239416789 0.013329855 0.940808105 0.783440884 -1.300920005 0.811583403 -0.530026775 0.306305887 0.437451687 -1.041784620 2.155184967 0.131998835 -1.588622382 1.044958348 0.482776345 -0.089705837 0.255254757 1.229987497 -2.180532552 1.116759740 0.367797537
23.392615298 -25.670312579 -8.034635390 0.833922979 0.242379366 0.044645992 -0.493792915 0.682902890 -0.413919696 -0.696910976 1.281722703 1.703031773 0.333000904 0.148393806 -0.068784346 0.631364883 0.095703327 -0.633585925 0.969065613 -0.457483637 -0.035620482 -0.035364684 0.676767793 -0.851988192 -1.437037574 -0.401488628 -1.234539295
29.803281747 -28.933217184 -9.534848415 0.304476667 -0.780425578 0.538182383 -0.092680090 2.074232227 -1.621181352 0.440356613 0.424580594 -1.779233427 0.807711565 -0.681580800 0.911829597 1.954504143 0.522594476 0.700634226 0.195428983 0.065669200 0.226484392 -0.289739539 -0.118954727 -0.202430562 0.494871598 -1.793385592 -0.009804685
39.767015798 -26.656356402 -11.400655232 0.037256117 -0.352020210 -0.914030179 0.198097413 -0.162566605 -0.737442741 1.991266457 -0.547464270 -0.571550384 1.157623808 -1.975354399 1.302750130 -0.159152833 0.274568571 0.102508015 -0.061703450 -0.502480987 1.894255586 -0.283824515 -0.991524926 -1.318497745 -0.501832746 1.304667564 -0.057862542
36.883982580 -26.678048969 -4.368814823 -0.762922916 -0.005244099 0.618619737 -0.187698548 -1.810249320 -0.072660166 0.513049261 0.782034802 1.102703459 1.021786543 -0.886365158 -1.209120721 0.381409190 0.509323776 0.816115298 0.690917347 -0.338601004 -1.136703981 -0.456195630 -0.624815312 -1.072047279 1.254323784 0.702466416 -0.007808752
29.392588612 -23.092717160 -12.297057575 0.040461679 -0.577614576 0.797633112 0.168836231 0.368453005 0.633221267 -0.104037454 -0.305919387 -0.309964475 -0.488241701 1.466680317 1.042008082 0.994784011 0.139000192 -0.315916469 -0.695732388 -1.302093107 2.464606812 0.887617476 -0.050396704 1.342380711 -1.952842480 0.805662138 -1.335926698
31.901191391 -31.637234161 -12.641001610 0.177295577 -0.978704717 0.101852540 -0.018149827 1.111875125 1.665840999 1.425050824 -1.148069670 2.709859984 0.201423913 -0.908913503 -0.971262210 1.216674486 -0.562712666 -0.268182292 -0.330495009 -0.633037213 -0.416847335 0.558687887 1.526634127 -0.602455965 0.186658609 0.053543008 -0.241543481
38.566755963 -18.620406804 -10.519608486 0.346953250 0.186153048 0.069861943 -0.916564124 0.126973426 0.457946762 0.425450910 -0.009644311 -1.103454740 -2.838119218 -0.069090492 0.015112334 0.147259118 0.073878288 -2.192749723 -0.432181803 -2.048315715 0.565350990 -0.145752554 0.435802221 -0.219846223 -0.758997266 -1.371458025 -1.286966552
40.046097187 -22.930834109 -12.898020755 0.428455068 0.423216567 0.550299559 -0.578346252 -1.030627460 0.845025917 0.127898221 -0.134023495 0.650030080 1.185616596 -0.559853077 -0.739590169 0.848926756 -1.161702585 0.982926939 0.813121371 0.978883295 0.211002573 1.006957505 -0.578702580 -0.907875376 1.204599365 -0.037205832 -0.706589724
24.838806119 -27.916818602 -7.239119591 -0.209026937 0.806085563 0.341715380 0.435619563 -1.521560222 0.326586282 0.086359669 0.081004745 0.513586557 0.821592245 -1.058503804 -0.510661860 -2.365518793 -0.149499333 0.838453664 1.097639877 -0.168320879 1.392056157 -0.111235076 0.329914136 2.384992340 0.297391854 -0.837464377 -0.213631869
33.249579861 -23.937064844 -13.883249261 -0.235059616 0.811617092 -0.016704540 -0.534551805 0.290908569 -0.923911157 1.022382532 2.666968939 -1.196031073 -0.045692339 -0.366395830 -0.029195799 1.057718732 -0.771285463 -0.175559025 -0.892656332 1.143676039 0.699615823 -1.552628615 0.349016474 -0.246346579 -0.037293920 1.428846958 0.022398805
38.012898685 -28.999027630 -11.839266149 -0.150419678 0.238118648 0.956904652 0.070759573 -0.948163174 2.159551421 -0.322245222 1.199479654 0.595840607 1.853667750 -0.028334869 0.473525161 0.004536746 1.915418459 -0.305886596 -1.542278915 -1.553301237 -1.859321537 -0.326670438 -0.236571197 -0.648500723 -0.578928797 -1.564628417 -1.640898438
23.916508492 -23.552864551 -4.059070629 -0.790280763 -0.318172845 -0.117690221 -0.510265978 0.137554260 0.034734789 0.403111216 0.087795305 -0.210762709 -0.209987698 -0.982795754 -0.380059121 0.510554659 0.600474520 1.809908512 0.042393066 -1.079236296 -0.049903121 0.772995086 1.268720953 -2.014238944 0.372880964 -0.606207487 0.353935044
32.069620225 -34.040997620 -7.238729675 0.594642573 0.138164047 0.712527660 -0.345854363 0.348283916 2.441442381 0.118669331 0.244174629 0.277126768 -2.935455217 -1.923823423 -0.140528320 -0.184031120 0.239203840 0.934308476 -0.931827222 0.252364433 0.853907716 -0.720689100 0.762712791 0.342187370 0.432468166 0.139816412 1.234281896
31.628976250 -27.806174135 -5.144927961 -0.788593334 -0.475500193 -0.168609383 -0.351555110 0.444896595 0.108794961 -2.355766819 -0.858345659 2.729796287 -0.750999562 -0.898584097 -0.500510271 0.859419351 0.600989323 -0.369163763 0.667784746 -1.065622758 -1.635509616 0.474932082 -0.148800681 0.466036879 0.677250607 1.301279386 -0.949017288
35.503193579 -18.941887878 -1.318657350 0.465659520 -0.020582787 -0.416993578 -0.780290918 -0.263063567 -0.922754650 -0.289568847 2.415671493 -0.574043643 -0.771946620 -0.874205269 -0.157651891 -1.145728197 -0.792946068 -0.503906668 -0.821751182 1.013559659 0.144068990 -0.266273165 -1.309286108 1.951116383 -0.489969953 -0.237851745 0.646111971
33.221849427 -24.797152742 -13.900283993 0.881457769 0.431184760 -0.192322558 0.011132769 -0.503769509 -2.401214776 -0.211856645 1.567895748 -0.131730272 0.420380692 0.628628845 -0.273467505 0.044863450 0.774481596 -0.357013396 -0.039197320 0.090584155 -0.037145283 -0.835782896 0.658363334 -0.389464121 1.671065274 -1.476602951 -1.346427090
26.659303679 -21.301114770 -4.933242497 -0.316236280 -0.567946461 -0.712791143 -0.263363282 0.613763529 0.038027407 -1.065576025 -1.266313741 -0.790404813 0.511515765 -0.495544952 0.842849508 -0.278728389 -1.278833786 0.615404790 0.294748530 0.755098486 -0.091758513 -1.627048075 -1.685024198 -2.218693246 0.752241355 -0.331606320 -0.834340974
29.515989224 -17.153802619 -1.952017250 -0.200576010 0.943137527 -0.264865831 -0.010342174 0.884630623 0.629017456 -2.231968675 -0.008617717 -0.533085109 -0.115302568 -0.738123048 1.473474597 1.465344313 -1.469848703 -1.535052148 0.889712743 -1.511411405 -0.637547175 -1.224442695 -0.199602990 0.570885511 0.642556971 -0.588284833 1.213300236
28.350318312 -16.721825244 -7.323531083 -0.237284817 0.090273986 -0.082389288 -0.963721188 -2.261324594 -0.929451688 1.418727514 -0.656997822 -1.706629120 -1.318056750 -1.533008166 0.639427933 0.182005123 2.384298681 -1.088228192 -0.799169718 0.502501413 3.029820667 -0.892010342 -0.017116152 0.924258634 -1.052536857 -0.854616744 -0.112134197
36.914445072 -28.700340834 -1.752787824 0.354542490 -0.656215484 0.580385941 -0.326853210 0.597239539 -1.232462702 1.282994484 0.183748411 -0.001547339 0.644091304 -0.425668363 -1.332615580 -1.716789575 0.646023530 -1.612989390 0.048417645 -0.446523687 0.151385257 -1.786350655 -0.054504740 1.545699272 -0.195443932 -1.348746443 2.168907951
33.070761542 -32.595429462 -13.923015019 -0.121761134 0.774022246 0.559779773 0.269648650 0.770051378 -0.393290812 0.440472614 -0.868091069 -0.579362029 0.555198797 -0.487375149 -1.555882190 -1.494049496 0.787153704 -0.252609107 -0.525769032 -0.812388043 0.385814316 -0.428959480 0.291973108 -1.445737898 -0.445775653 0.622037975 -0.584761084
29.999204891 -28.653325647 -8.566395931 -0.404444784 0.887450297 0.145081544 -0.166756507 -1.117499720 0.234695735 0.105484058 0.387153027 -0.224009162 1.495609504 1.704635526 -0.828154762 2.245738668 2.010873119 1.005416145 -1.528428100 -0.611389397 1.597349426 -0.630552038 0.524270643 0.198798997 -1.726542533 -1.088459276 -0.192726902
33.782571834 -30.372584721 -2.851115552 0.683385586 -0.714190957 -0.063918912 0.137221683 0.038087531 -0.238919948 -0.701426585 -0.083822396 0.372450758 0.564763192 0.059005586 0.516305083 0.804379238 1.982710846 -1.164761429 0.533033392 2.252800394 -0.327106552 -0.684044194 0.130537974 -0.181286549 0.745222544 -0.511337523 0.651352808
37.287314972 -26.471932663 -11.214598661 0.536570461 0.290791027 0.467673619 0.639385725 -0.166478865 -0.819079240 0.040410215 1.092075610 -0.082851268 -0.805998231 1.673304093 -0.462922865 0.759152007 -0.782011028 -0.701804887 -1.117199281 -0.449640386 0.683997193 -0.958498937 1.175250629 0.809174640 -1.339815615 0.544098425 -0.704904514
29.269515333 -24.140563461 -9.963568227 0.674456793 0.313220375 -0.569163697 -0.350790133 -1.197116123 -1.149967646 0.701039401 -0.138474897 -0.668339007 1.129636182 -0.250111342 -1.280430350 1.387152245 0.581582197 2.362018160 -0.351761467 0.831158397 -0.854909708 0.571655826 0.403517776 1.578164078 1.290505880 -1.408423584 1.256501370
30.269167205 -24.542306240 -14.952699232 -0.381957611 0.439064432 -0.293369805 0.758462238 0.507206300 1.190916423 -0.330731574 -0.679424863 -0.782858782 -1.636842568 -0.491005740 0.007256401 0.148361556 0.296503293 0.546349779 -0.151050871 -0.384636701 2.246055039 1.150928987 -0.387851040 2.243046721 0.564614309 -0.239293120 0.690407282
34.986110790 -28.780415273 -0.635878225 -0.183159585 -0.123333356 0.305915446 -0.926097830 -1.809022657 -1.759136859 -0.031200190 -0.011981272 0.230042346 -0.569550824 0.892391210 -0.126270206 -1.096855138 0.145643699 0.833770534 -0.951961595 -0.745892422 1.501956863 0.745979548 0.136723585 0.023854298 0.286524862 0.701707355 -1.454579432
38.998845789 -31.058232355 -6.118387022 -0.591565266 -0.314015380 0.142788969 -0.728736020 -0.229431817 0.396642489 1.187063847 0.430412462 -0.321096894 -0.897819670 0.262137756 0.447212734 -0.416597451 1.765503417 -1.266644916 -1.012476265 0.500244856 -0.620685839 1.428703234 0.024318136 -1.219417192 -1.030360788 -0.950297789 0.310945450
27.184774411 -17.523455799 -9.143991990 -0.267386506 -0.363474302 -0.807128655 0.380702274 0.236728477 0.194791622 0.706273931 1.435869385 1.102393268 0.129160051 -3.094959060 -0.820745369 0.201510856 0.856452393 1.630323916 -1.051660096 -0.122117211 -0.403068092 -0.641142102 0.513664269 0.390399475 0.283265416 -2.550450252 -0.103030231
31.313450552 -20.645311990 -13.250448500 0.588745427 0.459938994 -0.621074342 -0.236857774 -0.638040237 1.147972817 0.969991821 0.086810404 -0.750639020 1.506368632 1.862595998 -0.089325732 -0.136486706 -2.335699102 -0.133395175 -1.104562552 -0.303534499 -1.817952545 1.046217385 1.095951226 0.203526275 1.097484992 -0.533095228 1.173626126
34.763507793 -29.543359060 -14.450892845 0.463086620 -0.799539016 -0.267844503 0.273033819 -0.362445632 0.325722185 -0.070458905 -0.396148227 1.521535817 -0.369777063 -0.400213363 0.676520984 1.355531936 -2.245645393 0.566681094 -0.818254967 -0.612663563 -1.005267820 0.178096014 -2.083742896 1.714771894 -0.522880580 -0.843506800 -1.131104641
28.965634155 -29.165220962 -13.736280249 0.882164806 -0.135331193 0.311841013 -0.325923158 0.337698762 2.191328034 1.179130369 -1.548618951 -1.065549557 0.348038139 0.251340271 1.286802160 1.576432901 0.350179963 0.060369260 -1.464904711 -0.055933533 1.040287142 -0.167542682 0.729238242 -0.425285638 0.488048972 1.082190067 -1.588389121
39.367806046 -20.011389966 -8.921499074 -0.032814567 0.361464050 0.911657204 0.192738391 -0.991457861 -0.751318903 1.415511466 0.447552633 -0.533832195 -1.924812037 -0.668996101 -0.041358142 -0.390888947 -2.672759787 0.606826344 1.542871450 2.244895292 1.412896784 0.503337558 -2.356302012 -0.827825120 0.635962982 -0.281713300 -0.411666454
30.508465484 -27.060698730 -12.401559752 0.745332698 -0.512103649 -0.407927162 -0.125795285 0.131495202 2.028091119 -1.406216895 -2.061762535 -1.149708051 -0.624379239 0.833242214 0.777854507 0.001446849 -0.428519050 0.869273625 -0.491302609 -0.957353252 -0.402072991 -1.512810035 0.045732013 -1.312000710 0.382690625 -0.078896002 0.203001857
38.408937719 -26.745742693 -13.704869011 -0.829630485 0.322615702 -0.363246119 0.275108386 0.503641879 0.426924185 -0.394806787 0.392982967 0.576319731 -0.341493892 -1.941272130 1.139925428 -0.332996816 -0.743897016 -0.152246684 0.321353518 -0.984602226 0.894359946 0.312724828 -0.503519820 0.256955402 -0.496303567 0.023109339 -0.901593196
30.633892035 -23.159585659 -11.269916245 0.939504328 -0.228109415 -0.243650698 -0.077019805 0.939887874 -0.229855530 0.873970861 -0.061100931 2.770112386 -1.183389176 -1.854634873 1.912777021 -0.642908870 0.213032573 0.435659253 -1.049966483 -0.115447806 -0.584923722 -0.771010990 0.366732790 0.026846736 -2.026505619 0.497761542 -1.476083149
31.129320231 -21.632604679 -13.845542688 -0.608832417 0.159734757 -0.769150807 -0.110521178 0.021153454 -1.673780311 -1.168197486 1.462075479 -0.311738331 -1.852153572 0.569075260 0.586364773 -1.511201661 -0.991074098 -0.853093767 -0.281499050 -1.445382646 -1.844382699 -0.191426334 -0.871454895 0.726477515 0.232189727 -0.552905097 -0.000552513
25.810082025 -21.366813868 -12.495937245 0.594522696 0.025890457 -0.610776484 -0.522326082 0.554252158 -0.620596260 -1.385573702 1.394811485 -0.939410697 -1.315703823 -0.914395523 1.043486989 -0.345665069 -1.195120579 1.421736782 0.229760062 -0.332287637 -0.024624947 0.520358431 -0.880684982 0.978765536 -1.929795885 0.162043029 -0.775589676
29.837482169 -20.813396770 -12.608068308 0.166752936 0.235360361 -0.186936679 -0.939070624 -0.700239703 -1.861994126 0.229572234 0.878975262 -0.127405000 0.767219459 0.062101486 -1.257484741 0.029573681 0.845132973 -1.679237993 0.382072831 -0.738099477 -1.137091550 -0.086629174 1.567595549 0.162659170 -0.819519283 -1.875047894 0.628820748
26.923227299 -19.561644690 -5.419755316 -0.256808942 -0.594855849 0.035632382 0.760871881 1.850008012 -0.818785216 0.498924396 -1.209326200 0.027031378 0.372222883 -0.064358938 0.323293973 -0.583629903 -0.181166831 -0.200451491 0.698124225 -1.187994240 -0.571260726 0.015885679 -0.163460881 -1.020789833 -1.960912456 -0.971713751 0.086048310
33.188871520 -26.553743759 -7.748738246 -0.877693741 -0.172810044 0.365492044 0.257305171 -0.186229564 2.236125206 -0.197374940 0.282592663 -0.547690242 -1.765184835 0.814668757 1.412088366 -1.494073043 -0.030053892 0.158703080 -0.819046297 -0.075059941 -1.546946582 -0.277426138 0.563578974 -0.510348205 -0.749570877 -0.527512481 0.543003360
28.434809214 -32.840401357 -5.299464229 -0.195835964 0.338620175 0.916062856 0.088393983 -1.651921046 -0.654471849 -0.435179446 0.640622298 1.380781781 0.036311476 0.914632522 -1.062463638 -0.953692951 0.472196519 -0.354071170 0.035604715 -0.092051121 1.701598216 1.540151317 1.229701834 1.580686242 0.470958223 -0.333789290 -0.415375039
30.110452766 -27.416683932 -13.345498097 -0.338230914 0.703581601 0.097053866 0.617376163 1.181890483 -1.201921926 1.284514471 0.367215778 -0.091980915 0.737605217 0.965041030 -0.757522444 1.244297134 1.124706833 -0.459183866 -0.099853430 0.573457254 0.916601052 1.249357629 -0.013658392 -0.256524645 -0.092253833 -0.361676798 -0.282666893
34.302146802 -20.585483777 -4.934108096 -0.163528412 0.568690906 -0.781557476 -0.197527273 -0.978649318 -1.350006348 -0.194500660 -0.077274893 -0.099734965 0.595680690 0.282875984 -0.425798174 -0.728344562 0.898563669 0.258216252 0.626183242 -0.177796302 -1.452769094 1.217396289 -0.782949299 -0.317299557 1.844452812 1.746666692 -0.596467592
33.774454992 -16.043800753 -7.157085744 0.619702200 -0.181393301 0.700813989 -0.303192030 0.805209420 -0.068111957 0.642566239 0.493642629 -0.794808030 -1.105480890 1.129039120 -1.926403070 0.007540862 0.078278117 -0.042787429 -1.890630976 0.261008369 1.553499503 0.113177787 0.503546696 -0.665581337 -0.105472954 0.878507338 -0.939132661
32.724911752 -29.099544272 -13.273962817 -0.757310450 0.254609709 0.559348204 -0.220871829 0.634402500 -0.217573271 -1.199614081 0.364917069 0.979766464 0.630886898 -0.000902963 1.214823107 0.822739661 1.079801547 -1.045042779 -0.130730631 2.197484614 0.613177259 -0.185215710 1.390629130 -0.336538060 0.777329897 -0.374142495 -0.261156977
37.647224502 -22.777119123 -0.639691094 -0.891283575 0.364117100 0.268779220 -0.028107955 0.549246698 1.254669389 3.042307300 0.500661023 0.793744030 0.454662039 1.243200577 1.619915497 -0.471767542 -1.264054143 -0.116822578 0.466488002 -2.045461056 -0.333421947 -0.531808328 -0.699619418 0.755601799 0.817393749 0.288293931 -0.561974105
37.167111270 -30.381675658 -11.008984064 0.587899614 0.120152270 -0.636065011 0.485137896 1.275591944 2.120615323 1.002038704 -0.974367193 0.202276953 0.727701741 2.250345180 1.562733706 -0.193279834 0.330892118 1.825194673 -1.041846141 0.333190104 0.019813680 -0.314840485 -0.802057513 -0.252082552 0.424545831 -0.736035012 -1.057097587
28.066415867 -27.922386509 -1.032358649 0.231997517 0.177494463 0.821112437 -0.490354192 0.372331473 -0.243994241 0.273314340 -0.139964614 -0.595300884 -0.270464636 0.067494531 -0.437989368 0.507876373 0.714259708 1.378124786 -0.341905952 -2.160898878 0.672218961 0.275644713 -0.037441085 2.218451083 0.102692182 -1.043572498 -1.151002038
40.134829183 -23.797343674 -4.832449482 -0.376251797 -0.155541487 -0.911744444 -0.054438042 -0.401975788 -0.798345180 1.186540800 -0.168971285 -0.962997506 0.540240266 -0.208606209 -0.471652380 -1.115855256 -0.807634878 0.548495097 -0.810415848 0.385502363 -0.604312871 -0.936636586 0.403602910 0.511246926 -1.180303758 -0.424876967 -0.881725857
30.670460285 -29.803844854 -10.507398033 0.552783311 0.120961222 0.797949394 0.207547001 0.385038998 -1.702733454 0.121684564 0.302546070 -0.048182736 1.111513374 1.486956724 0.846757331 0.130331374 0.161034249 -0.770369125 -1.384652253 2.088766271 -1.676364704 0.566173859 0.026575556 -1.213345947 0.407248979 0.176403345 -1.362477655
23.872402457 -22.534832139 -8.679547759 -0.069939311 -0.781320783 -0.539084401 0.306650183 0.861908907 0.377214542 -0.533998089 -0.111447353 -0.871631695 0.499484383 -0.600117914 -0.095043807 0.958336460 0.296093640 0.880505520 -0.484294867 -0.556439348 -0.936903766 0.267005756 -1.096152028 0.449447884 -0.151341186 -1.381693946 -0.903037478
27.127141814 -24.542688160 -8.493711756 0.061148063 -0.461896481 -0.503232454 0.727784070 0.752374672 -0.840862725 1.066079992 0.440830815 -0.294504961 2.743734678 -0.164600056 0.175401720 0.579566615 0.206324684 0.020208407 0.958213519 -2.106344294 0.071083506 -1.816871042 -0.570961582 -0.169584349 0.165882848 -0.675870141 0.409338065
38.569922352 -22.083561474 -11.311617802 -0.404035484 0.616603110 0.672134529 0.069217829 0.536043419 2.002267379 0.229077501 -2.367812999 -2.367105978 -2.171556091 -1.473458947 -0.006831218 -0.764050666 0.743306420 0.908298956 -0.218102995 1.140514329 -1.777782488 1.573683402 -0.128685900 0.497489587 -2.160648341 1.179782929 0.895852163
27.420957885 -22.905855419 -12.486781174 0.004767072 0.912605628 0.177771166 0.368138092 1.362882999 1.853513886 -0.683944619 0.817789761 -0.238660101 -0.614035301 -0.512855748 1.819769663 0.016318629 1.113681109 2.568057289 0.141891695 1.391727637 1.120549929 -0.184509069 0.620087110 -1.328391244 -1.915979048 -1.096201731 -0.530088935
35.473654117 -18.278888048 -11.419317480 -0.596976972 -0.753574425 0.275140737 -0.006454186 0.411674531 1.302439949 -1.679625467 -0.891300777 0.596880796 0.060009494 -0.306191203 -0.586711074 0.879265732 1.344034435 -0.743105186 0.382797550 -0.167231544 0.445979315 0.129040343 -1.264283088 -0.925359705 0.143927162 -0.491564265 0.491680994
31.547564853 -23.071683312 0.705553580 -0.736537127 -0.649523105 0.101386343 -0.159228156 0.578748439 -1.062440127 1.209769005 0.128694759 -0.277149925 0.461439669 1.989753818 0.709585309 -1.578053877 -0.708554349 -1.134007027 0.118363324 0.133648331 -2.309511719 2.131499158 0.003745196 -0.832820851 -1.307767911 0.528253009 -1.755807551
31.535396680 -29.686247095 -14.727450610 -0.408415779 -0.231721696 -0.349784454 -0.810649396 -0.318090307 1.478926731 0.986888773 -0.123654639 -0.201508156 0.621756715 1.210799321 -0.354446323 -1.557524025 -0.371085473 -0.720412803 0.363848926 1.110861023 -1.054616580 1.799669997 -1.077485217 1.215290119 0.872318507 1.658719228 -0.061840658
32.106270084 -32.149812547 -2.260029412 0.087999785 -0.618233021 -0.753536675 0.205490752 0.533072534 2.944803985 -0.202759241 -0.251030092 1.243515155 -0.012579780 -1.429800277 -2.147051256 1.247359181 -1.153984442 0.914214407 2.253358215 0.908129016 0.702917287 1.159340329 -0.161342378 -0.941442103 1.269609338 -1.428450993 0.580286753
34.714164188 -25.496643451 -4.485037809 -0.585768755 0.072146869 0.535103456 -0.604428727 -0.250930690 -0.083754626 -0.224103229 2.288471677 1.311740304 -1.026962178 0.821321443 -0.708667643 2.104756736 0.196911259 0.527349610 0.380879301 0.923945488 0.172315937 -0.871362802 0.553733878 0.666698585 0.357853356 -0.679666271 2.054659415
37.920120287 -24.849205197 -0.356343314 0.806069987 -0.135736715 -0.552455301 -0.163155938 -0.789144472 0.726418612 1.196227177 -1.295359194 1.979557683 0.002879337 -0.093094094 -0.068147030 0.779168071 -0.566029313 -0.474241819 -1.339602097 -0.050467191 1.187137625 -0.491803548 0.262321735 -0.581027037 -0.915141127 -0.530134587 0.337654401
31.100980678 -21.304261066 -8.065012427 0.243803760 0.776755246 0.402264076 -0.418801418 -1.000147778 -2.102859076 -1.121143353 0.268547554 -0.397990751 -1.105341255 0.986782224 2.347439356 1.539521447 -0.824068045 0.955632934 1.139587134 -0.826137513 0.902932728 -1.076714344 -0.544293957 0.962701198 -2.226256430 -1.686717057 1.564323369
30.630894905 -19.772042894 -8.634588110 -0.549254542 -0.805163884 -0.222724515 -0.020599933 2.387954605 -2.006958922 -0.476633042 1.475781495 1.344800142 0.454785813 0.653994727 -1.069372592 0.547888682 -0.171363584 -0.009738845 -2.468920731 -0.563245676 -0.453177702 0.436216450 0.720648533 -0.724546579 1.767243711 0.770656544 0.615929858
34.525352782 -28.567691115 1.229335609 0.424137988 0.639358567 0.578803515 0.276250033 -2.315198081 -0.279946362 -1.287149583 2.008144329 -0.124440630 -0.855553253 1.487962711 0.636959301 -1.296412211 1.010833010 -1.125739871 -0.315840239 -0.175663294 -0.321108658 1.325297442 0.008175623 -1.374865163 -0.166550807 0.436730929 -0.575025212
36.389920901 -25.713209628 -1.779116864 0.944462215 0.134881027 -0.063501875 0.292857893 0.346477422 -1.841079680 0.663522606 -0.136951682 -0.378612397 -0.811952073 -0.602516038 -0.536920512 1.552051659 0.613464205 -1.594910061 -0.272869802 -1.187584162 -1.607041754 0.789310269 1.083218732 -0.305157783 -0.213879108 1.296675253 1.786686902
25.668731912 -22.796029999 -1.049153117 0.108449472 -0.526290488 -0.417829631 0.732581349 -1.212695883 -0.504250267 -0.053110075 -0.069988872 0.766264225 -0.276791546 -0.376250498 -0.973128911 0.418049971 -0.438994795 0.177112798 -0.232636344 0.149643455 0.629181906 0.254628102 0.537670564 0.096587093 -0.582205275 0.461907685 0.547361214
29.365250008 -21.969698192 -0.754174298 0.013474709 0.392114868 0.823674993 0.409418941 -0.942902603 -0.515039104 0.049748753 0.967147595 -0.112835564 -0.215051090 0.284694492 -1.849644891 -1.606393959 1.259371730 -0.863239372 -0.075687296 -0.634085379 1.370042678 0.435215789 -0.712280305 -1.164251857 1.105531258 1.391822480 -0.021221363
31.248065266 -21.942701195 -7.167858938 0.433987108 0.094489450 0.497589038 -0.745071864 1.690852504 -0.722164647 0.681241353 1.300219156 -0.871935657 -1.146856719 1.612930974 1.809835865 -1.080698583 -1.209506080 0.510816898 -0.887169221 1.435301802 -1.544276047 0.157954156 0.969212990 -0.013502526 0.428640726 0.197538418 -0.491426566
29.394849192 -24.108128727 -7.411531022 -0.122684480 0.858982129 -0.416605944 -0.271178368 -1.138450195 0.259042654 -0.856719276 0.224194150 -0.212462692 -0.531687419 -1.539332290 -1.075262405 -1.968655326 -0.289455434 -0.280733509 -0.467530356 -0.642118558 -1.004888709 0.846128004 -0.543231349 -2.043904412 -0.409747322 0.232610063 -0.514975772
28.082978613 -24.862457990 -9.673892781 0.242719945 0.124744667 0.961749146 -0.023756610 0.677921371 0.670596358 -0.691420521 -0.022539748 -0.426841868 -0.395802124 -0.354140926 -0.275646036 0.581154661 0.073272294 0.895434843 -0.479564624 0.992736824 0.562419775 1.085162524 -0.384419124 -1.509057260 -0.553883179 -0.217310916 1.266454740
25.010399804 -19.658986489 -4.022547356 -0.210460189 -0.796568960 -0.000176810 -0.566731303 0.602317756 -0.118750838 0.583514078 1.163644198 -0.154572771 1.410026092 0.424285396 0.488607008 1.715396812 0.456171163 0.951902402 0.225823226 -0.150888977 -0.042921744 2.739562196 1.538784099 0.528339749 0.305561042 1.315560423 -0.155944264
31.781131260 -28.935725560 -14.930002190 -0.859558403 0.117784617 0.469074214 0.165092450 -0.201685299 0.337322438 -0.683709085 -0.501458562 -0.803856678 1.297536220 0.807624626 0.279611974 -0.251217566 -0.959238301 1.854078436 2.241531537 -0.085772470 0.340277714 0.482613379 -0.067648139 -0.060509055 -0.283890732 -1.214885651 -0.885975160
23.024400669 -20.736586465 -6.386820614 -0.602575164 -0.170441585 0.548024729 -0.554546423 -0.289773497 -1.137749974 1.079498867 -0.097990456 0.181683391 -0.079619262 -0.119125180 0.477119813 1.685831060 0.682947471 1.183348163 0.563520383 0.902824461 -0.317394812 0.814294094 -0.973585760 0.120476537 -0.792906735 -0.131736769 1.032734379
32.962722336 -34.193346626 -8.646814527 0.689723405 -0.425140559 -0.446944241 -0.379180662 2.240410338 -0.646461354 -0.348693988 0.273890399 1.191737774 -1.817485330 -0.175514314 0.727352454 -1.032404772 -1.275165916 -1.695266977 0.785475076 -0.930133036 -0.022502165 -0.211846041 -0.408746132 0.652371087 -0.818742799 0.655385309 0.667883211
27.588205921 -33.735638703 -6.798889404 0.381781878 0.806489886 0.338124439 0.299146328 -0.499468082 0.092349693 0.399646001 1.278377644 -2.263099551 0.410641915 0.862378488 -0.005426705 -0.202616697 -0.506082427 0.076625305 -1.200228664 -0.112504295 -0.771604967 1.226705321 1.457000968 -1.518158426 1.076454563 0.352858386 1.064774592
32.550728116 -16.429648927 -3.429010563 0.721615382 -0.362342141 -0.350285384 0.474636244 -1.052807334 -0.289959226 1.555870366 -0.310711285 3.326418381 0.399341653 0.260545209 0.473243846 0.920732896 -0.515948445 0.340546714 1.084917124 0.056825098 -0.057107235 0.646035064 0.705283612 -0.257723287 0.672359708 -1.220038107 2.602385554
32.699761186 -29.717807696 -2.562061197 -0.564091970 -0.372330603 -0.725690966 0.128618788 0.654141987 0.114538345 -0.240418493 0.928528948 -0.471184273 -0.345401823 -1.277756128 -1.180256469 0.635011472 -0.135528510 -0.727062421 -0.266522532 0.860108836 0.859414221 1.173255384 -0.166478327 0.629280862 0.375991587 -1.082897480 -0.531891912
32.734573154 -24.617583298 -1.341416888 0.181656339 -0.811792420 0.530668306 -0.162435186 -0.014651062 -0.678281789 1.401114065 -0.511056495 0.551576838 -1.534002554 0.510486346 -0.056839048 0.004563698 0.242976324 -0.997866659 0.061627120 0.999587258 0.335448387 2.220364766 0.185374518 0.909607330 0.516281605 1.188778637 -1.801300813
27.123912162 -29.390550807 -12.776603362 -0.148907974 -0.918190684 -0.200760425 -0.307323177 -0.778192619 0.523620782 -0.492002299 -0.013075400 0.092820712 -2.018849574 0.469975722 0.857592363 -0.041653121 -0.427288103 0.513288015 0.522335823 0.354745408 -0.117596470 0.501795055 -1.212435078 -1.587188753 0.088290327 0.014398489 0.279142952
37.113372500 -22.858636518 -0.484166409 -0.393674356 0.813541823 0.426153135 0.039543767 1.406575044 -0.468583241 -1.670302332 -1.047624886 -2.098527392 -0.584986384 -0.843276337 0.738446238 -0.599941023 -0.001957053 -0.338296112 0.888099299 1.684088467 -0.919936066 -0.988995237 0.724816725 1.477026403 0.635047600 0.348510457 0.131023134
26.875113332 -23.796413218 -13.838908881 0.213100851 0.874674847 0.041685958 0.433352306 1.551007399 -0.249195700 -0.527958618 -0.093740707 1.518257840 -1.466810578 -1.023035523 -0.720322790 0.297481383 -0.958809373 -0.260274388 1.333068024 -1.422530797 0.062266471 0.605443547 0.203281039 0.891433314 -1.714163472 1.060869211 -0.356262163
25.497647496 -27.719674248 -10.951652728 -0.311040634 0.883513321 -0.283119221 0.206158780 0.490423665 0.146691874 -0.585662284 1.089902983 -0.112349273 0.262403975 0.111723344 0.119961786 1.152535194 -1.673661076 1.032433565 0.036752208 -0.550368005 0.800102075 -0.977595698 -1.505777661 0.661515071 0.341262245 -1.094618216 -0.388275228
38.875929202 -28.901021863 -4.839796609 -0.055587840 -0.357927574 -0.182172964 0.914117528 -1.454760883 0.179509789 -0.950630859 -0.293940251 -0.039494804 1.549476645 -2.941155021 1.415998805 0.257773217 0.453181083 -1.235330543 -0.855658146 -0.260738070 0.415419904 0.126424555 -1.275153934 0.792346160 1.695601199 1.562887703 0.305083420
27.965692986 -29.505430469 -11.551668567 0.807039100 0.112074816 -0.337848419 -0.471153449 1.334215872 1.322665935 -0.319727100 -0.029708543 -0.793594457 -1.236203967 0.427318138 -0.040495101 -0.172669156 -1.152007606 0.469122742 -3.168015243 0.192197467 1.889612810 0.097665192 0.442044780 -1.599770827 -0.007607522 -0.341943448 -1.694415962
