-1.363153604 12.575059341 -29.975556382 -0.110139330 -0.397697047 -0.577962024 -0.704035713 0.323717337 1.680858824 0.833839929 -1.134769090 0.950815761 -1.060529461 -0.893536736 0.356982297 1.611661558 2.161836195 -0.552199443 -2.234046351 -1.128003812 0.674093191 0.864168343 0.139075688 0.129103812 -1.862158330 -0.094396430 0.099173786
-13.384961151 10.642590539 -28.417796221 -0.012234493 -0.422612105 -0.339507398 -0.840228572 -1.667513532 -1.773811193 1.706768773 0.235060410 1.714174601 -0.203986801 1.159261080 -0.458210154 -1.324910585 -0.528965105 -0.748222596 1.100794039 -0.172861429 -2.035834733 -0.411700685 0.065120053 0.914780155 0.309227502 -0.122697248 1.193815621
-10.205558073 14.967761668 -39.961026111 0.093175006 0.513323749 0.148749600 -0.840053988 0.840394544 -0.119612114 -1.261005136 -0.369356932 -0.158223712 0.649931998 -0.556236245 -1.823614405 0.126430053 0.175435969 1.002776937 1.544675539 -1.300590509 2.158963520 -2.483608236 -0.154611580 1.092147396 -0.733465013 -1.069344093 1.691300331
-8.665138248 16.176113830 -34.515450504 -0.489763835 -0.644482649 -0.543488898 0.222246077 -0.591560213 -0.543860624 -1.892319976 1.175751426 1.710692673 0.763499246 -0.338132983 0.756983870 -0.504274501 1.090222419 0.307965270 -1.181642046 0.595009571 0.099436675 -0.186113799 0.819421858 0.552111671 -0.299780614 0.320083059 -0.085131236
-5.063123694 14.970640562 -26.054086159 0.052059346 0.478571573 0.854770974 -0.193973336 -1.841569273 -0.184039571 1.585326526 -1.153718270 0.086020334 0.440736997 -0.545603022 -0.292976619 0.284063600 1.796082147 2.365960899 0.708742524 1.158442211 0.408781548 0.488597581 -1.336573106 -0.529961358 -0.693277483 0.193785590 0.248047464
-7.287480059 16.520090110 -39.730584556 0.381323655 -0.721625740 -0.307346679 -0.489271479 0.484021961 0.011968209 -1.491336060 0.305808893 -2.075340533 -1.713580701 0.133299794 0.277505003 -1.391289071 -0.408357486 0.322600393 -0.932005524 0.961783714 -0.871828076 1.941323039 -0.821042807 -0.725452616 -1.263923441 -0.349887609 -0.195508780
-7.532523617 9.633242955 -38.674240745 0.090053125 0.496105484 0.744886608 0.436936750 1.370903944 0.381693408 1.177822332 -0.408654232 -0.953918537 0.754099222 0.740851521 -0.507852812 0.423658450 -0.195822932 -0.380813261 -0.521021977 -1.324432079 -0.470038261 -0.918109333 -0.275331256 0.344183496 1.744883477 1.218456626 -0.543231487
-10.208855906 15.425532375 -34.906766323 0.212264363 -0.817937320 0.443713364 -0.298397103 -1.237063035 -1.930795201 -1.054019622 -0.375533980 1.201375918 0.833769336 0.064893567 -2.005976530 1.244030532 -0.714069460 -0.516010977 -0.575938649 0.168255922 0.890226983 0.375714037 -1.482714072 2.313312411 -0.532824144 0.249077718 -0.689472386
-1.188613522 20.937638478 -35.217426027 -0.131658968 -0.680252370 -0.540145936 0.477666198 -2.070013776 0.893055577 -0.237738865 0.003541466 1.757888941 -1.558079253 1.542990146 -1.907528820 -0.591735528 -0.139369109 -0.164159083 -0.961240574 -0.840512237 1.309068195 0.236987717 0.261046434 -1.334615119 -1.495549920 0.118600711 -0.247171887
-6.281187058 6.943468636 -27.953010358 -0.126114959 0.806849064 -0.566541393 -0.110092941 -0.993273936 -0.395153352 1.429765019 -2.399596195 0.383803891 -1.108719936 0.091700387 0.025152346 0.414291734 -1.245195464 0.247423806 -1.075422316 -1.748406370 -0.952138178 -0.160350651 -0.984420654 -1.005422557 -0.126319618 0.429670024 0.697242529
0.356508710 20.194453795 -35.586309479 -0.362233763 0.617228112 -0.028279951 0.697865605 0.689219389 0.398381005 -0.690446402 1.266907986 1.808651818 -0.541956776 -0.820629664 -0.763509809 -0.007847843 -0.571854743 0.028844655 -0.944167079 -0.565648459 -0.546754139 0.906205382 0.919071813 -2.530333101 0.533718223 -0.906592511 -1.097015018
-12.040416198 19.517193092 -33.040779194 0.377640397 0.276802832 -0.546582103 0.694273669 -1.411106625 0.620550167 0.783391692 -0.181759726 -0.277632227 -0.963939421 1.571800799 -0.563175684 0.762285072 0.061123619 -1.821503075 1.615528071 0.448045598 -0.660531963 2.085109941 -0.859762882 1.538754518 -0.832737209 -0.583572273 -1.020407099
2.132842872 18.144751303 -31.769003393 -0.996259697 -0.064144799 -0.007815272 0.057367086 0.256958704 0.997733584 0.014268361 -0.332137214 0.595471273 1.328448084 1.357509389 0.185706370 -0.655262180 0.174845314 2.442357942 -0.932248556 0.585018990 -1.007830184 1.511402810 0.647798067 -0.105239375 -0.705758127 0.328587270 -0.756530922
-7.733781503 17.821142946 -27.738661238 0.276931643 0.305157998 -0.466702031 -0.782544999 1.338426764 -0.346850010 0.067903074 -0.427553259 1.200731350 0.461309504 1.696016982 -0.672381364 1.110332119 0.430592813 1.240073700 -0.014841088 1.949560328 2.034985542 -0.128330194 0.109053263 0.105122605 1.811712639 1.588599296 -0.467189821
-8.843566904 14.081462055 -25.852039182 0.850595747 -0.132126445 -0.369232024 0.350281588 0.155536683 0.068811303 -0.404192215 -1.894899145 0.523405589 -0.001930746 -1.545947168 -0.767832514 -1.500655747 -1.582230433 0.109280956 0.657252224 2.033928689 -0.521458168 0.988850079 -0.278278951 0.789288491 -1.246506784 2.039814032 0.269750513
0.708932069 12.494349960 -37.682292281 0.107349332 0.608759073 0.219102287 0.754905756 1.859497447 -0.781943648 -0.496543002 -1.181738705 -0.240366630 -0.446414448 0.687853398 -0.263177248 0.566254007 0.342401603 1.249101287 1.451580191 0.227808107 -0.472438620 0.899360336 -0.179381277 -1.599045855 -1.714807734 1.737514174 0.692813726
-8.263064525 13.186967609 -31.948238685 -0.405593144 0.623798920 0.520780777 -0.418517014 -2.591832142 -0.189164365 -0.918090583 -0.059806260 -0.212200840 0.011911263 -0.303224575 0.303002994 0.074217826 -1.542374652 1.655336616 0.575004421 0.267157806 -1.050576703 -0.429524947 0.137543827 0.366766198 -0.347273408 0.144807669 -0.874350218
-11.143318220 17.092988223 -41.175784938 0.400306318 0.695041879 0.597105279 -0.011701429 0.580884820 0.105261496 0.030748890 -1.024074546 0.688425880 -0.943996543 0.909304803 0.483577609 0.654314409 -0.026816924 -0.493934139 0.236766280 2.115838172 -0.103202372 -1.003846356 0.448304067 -0.288182804 1.031648449 -0.041399931 -0.494178190
-6.636208975 19.808979167 -34.950276325 -0.609473888 0.071190545 0.695923184 0.373047462 -0.541905387 -0.489722899 -0.228195106 0.439166878 -0.917158263 -0.977336884 0.933214133 -0.773154883 -2.058332558 0.041949541 -0.297807712 0.752355575 0.254224458 -0.523578136 0.953526459 -0.637311087 -0.917818840 0.252003119 0.876133078 -0.821440030
-10.676234916 21.732169778 -36.034059648 0.099470023 0.539806242 -0.141844404 0.823768839 -1.101026397 0.833898623 1.112165686 -0.437272241 -1.635645051 -0.275810562 0.365881610 -0.461201669 1.153671753 1.501866535 0.593043739 0.503825950 0.909051001 0.871125934 -0.868903309 -1.734879549 -0.854024548 0.448991328 0.487506854 0.846024565
-7.175689521 6.741833656 -33.136343527 -0.649823937 0.213629233 -0.445469265 0.577623177 0.811108717 0.224000503 1.797007259 0.413479400 -0.037573546 1.138084005 -1.738794872 -0.697388594 0.432953168 -0.082104904 -0.256562030 1.608840577 0.989038068 -0.659856048 0.627939785 0.037224276 0.383912118 -0.292960150 -0.076778130 0.163611356
-12.781146315 11.411993707 -32.101700117 0.012559728 0.321017252 0.944125991 0.073595454 1.199246503 -0.476772540 0.651903274 -0.520400001 0.237782599 0.377474799 0.449527176 0.365758664 -1.249292041 -0.410563903 0.286273539 -0.235582105 -1.125589088 0.480875411 0.830401801 -0.494536442 1.174011774 1.481494334 0.549837582 1.220377961
-7.546112168 9.472084939 -40.096548830 -0.497251399 -0.232742582 0.828557563 -0.109837618 1.331185737 -0.033511682 -0.624963399 -0.617492239 -0.422396410 -0.583948598 -0.972824307 -0.144508731 -1.339938128 -0.416343184 0.557200967 0.051188389 1.846683557 -0.895091763 0.413284471 -0.677942552 -0.312483375 0.411762875 -0.722369228 -0.335894240
-2.779858878 16.295094420 -41.409584751 0.639515062 0.258381913 -0.137087524 -0.710961520 1.221642834 1.067964804 -0.208927400 0.473642219 0.384986893 0.601854930 0.142734620 0.147306169 1.652358782 1.326568566 -0.560733410 0.601387772 -1.078212444 1.230112754 1.903285546 -0.056724608 0.944276228 0.817836377 -0.875422799 -1.351649307
-12.354608059 21.358598222 -32.737716547 -0.666423596 -0.077272479 -0.595968089 0.441282893 0.491041480 -0.481578473 0.508032378 0.649364558 0.771999140 -1.304886635 -0.846807779 1.612158356 -0.879696623 0.229682542 -1.042604955 -0.481082737 0.661720727 -1.245518404 -0.563233266 -1.488567205 -0.160681884 0.768324267 -0.255767143 1.543163082
-8.011392413 8.336053712 -30.657968168 -0.114010146 -0.577640003 0.807658595 0.031957899 -0.506076163 -2.289049701 -0.992982110 -0.322253209 1.336647983 0.462242193 0.524089990 -0.344525191 -1.881084270 -0.720522236 0.027102105 -0.023896899 -0.984695081 1.655312495 -0.397703728 -0.371043818 2.888396008 -1.679723433 0.457841275 -0.505261107
-6.289515522 11.551515681 -40.906791776 0.220398190 -0.034047160 0.237806428 0.945364232 -1.640881920 0.829425044 -0.466904917 1.427210601 0.516082581 1.736586707 -0.545591732 0.744249375 1.123533881 -0.795930386 0.580689308 -0.216276015 1.638094189 1.415022463 1.319167172 -1.235311093 1.038501484 -0.312582104 0.015049343 -0.686445043
2.633044022 16.322409075 -36.771681874 -0.394724301 -0.417408235 0.427812156 0.697810756 0.413469576 -0.243217760 0.621770973 -0.925165791 0.408774133 -0.352516823 -2.367284745 0.162558174 -0.014970033 0.263528625 1.304684384 1.464003606 0.955030876 -1.408184843 0.747259256 0.920318910 -0.039352154 1.306321632 0.419766551 2.994599338
-4.705709632 7.661289443 -38.170807513 -0.551208670 -0.570982071 -0.465496463 0.391741651 -1.287849789 3.581810658 1.484101082 1.289116499 -0.139237638 0.909292735 0.823513226 1.577900574 -1.572080812 0.563518139 -0.593724056 0.072533611 1.769209303 -0.694494316 -0.094897785 1.263043872 0.722621155 0.258360507 0.392928035 1.694633999
-10.962982703 12.939354137 -34.437117254 -0.172940411 0.018880222 -0.151645864 -0.973004976 0.576638753 0.109072506 2.205073699 -0.540396612 0.576511290 -0.346398037 -0.392133417 -1.105788565 0.817911574 -0.589703794 0.446072413 1.055384080 -0.226860951 -0.471387611 -0.588796157 -1.007827961 0.422180211 0.251763252 1.467119574 -1.001310747
-2.405279037 13.972403288 -35.131359449 0.285543893 0.015325526 0.369707034 0.884051199 -0.136297555 -0.244973422 -1.255347724 1.773202285 -0.397928364 -1.127634715 -1.003210394 -1.026032471 -0.670823381 0.838432813 -0.681802292 2.369332943 0.521940177 -0.444857882 0.006300895 -0.425781678 1.104065272 -0.513117268 -2.447887912 0.168061292
-12.807049813 17.192427347 -33.075803511 0.038083122 -0.409618625 -0.298102394 0.861334558 -0.010001127 1.050707840 0.038200773 -0.918112962 0.562805426 -0.947461665 -0.510263492 -0.371598597 0.352232016 -1.858261097 -0.849097751 -1.506619820 2.292533151 -0.549091583 0.082880056 -0.378683479 1.043005804 -0.501987317 0.607543731 -0.743779865
-3.550731331 9.300370985 -39.054603630 0.389112119 0.387579487 -0.467847578 -0.692454001 0.612658264 1.495022865 0.108010744 1.531645926 -0.669508757 0.507230329 -0.989539118 -2.104995257 -0.672272835 -0.651190100 1.042007085 -1.055454736 -0.902159022 -0.364869265 1.080850752 -0.773334425 -0.268564227 1.739361701 0.752446893 0.218123836
-5.225748845 18.626836601 -39.357149090 -0.315334513 0.537215518 -0.762643934 -0.174177676 0.354687362 -1.141493653 -1.473230026 1.281780192 -1.101558594 0.852599305 0.813511006 1.353737478 -0.492055326 1.268227500 1.390000294 -0.238888817 2.098701429 0.931129251 -0.451818357 1.105970010 -1.837556227 -0.069211907 0.679845552 -1.163153451
-2.757953924 23.100976487 -31.031194002 -0.552426724 -0.025378070 0.830532748 0.066302509 -0.789590571 -1.553173046 -1.565858271 0.631795262 0.012863735 1.210754625 0.491373922 1.575651248 -0.090045835 -0.283882476 -0.747732914 -1.430558345 1.638901771 -0.159435219 0.363217711 -0.093505784 -0.816451024 -0.961416635 -0.144953719 -0.992854768
-7.296066235 6.158630726 -35.614437784 -0.348113738 -0.158819037 -0.676578321 -0.629154285 -0.517889749 -0.457081058 0.235184943 0.146441963 -2.248148900 0.397944537 0.141725760 1.719483712 1.130612020 0.232989858 0.106201150 0.950273135 0.296307948 -0.759220955 0.889688575 0.767229987 -2.114603311 -1.562455202 0.359483044 0.510850482
-7.567657800 17.427330414 -33.313266196 0.372447735 0.295681538 -0.862019481 -0.175435249 2.038072414 0.665004629 0.945130953 -0.405976804 -0.165969382 -0.445640332 -0.611454036 -0.209574230 -1.890689831 1.506787911 1.200404044 -0.323038252 0.356644882 -0.005588564 -1.481973688 1.196073654 -0.817789095 0.320951128 -0.352818331 -1.099619961
1.212626699 12.599972586 -30.057607314 -0.353968098 0.584988311 0.563956682 -0.463085437 0.696484076 1.192695503 0.532391112 1.000893372 -0.323751353 -0.826278370 -0.118087406 -0.756897069 1.522915897 1.620273107 0.885044748 -0.345666719 -1.743093493 2.348720775 -1.136463548 -0.618699345 0.881042460 0.919844717 -0.176473713 -0.684351495
-1.846067703 16.892003963 -36.244628644 0.231191507 0.950608464 -0.186076949 -0.090936271 0.633424225 0.289132469 -0.752775310 -0.607007550 -0.051030917 -0.277524275 1.895605083 0.968194778 -0.522993669 0.406694176 -2.500137878 -0.783536626 -0.967999857 0.104735159 1.566413178 -1.614119925 0.900451621 -0.738068132 -0.623750193 0.577185816
-7.304064884 12.786368375 -38.496915435 -0.447120751 0.575104587 0.674264100 0.121266942 1.350697953 -1.274600507 0.696593299 0.677348360 0.854402142 0.761248584 -1.229803747 1.131963072 -1.318055168 0.901909774 -1.290192451 -2.505439346 0.653843155 2.422006801 -0.833724849 0.052516147 -1.636769016 0.317996047 -0.243378029 -0.306988275
-13.824897261 16.657068952 -28.752363720 -0.675573383 0.535775855 -0.124696203 -0.490913123 -0.489124657 0.422993381 -1.652599125 -0.141009512 0.256191779 0.659364270 -0.373655073 -0.015719542 0.721588598 -0.310585126 0.556100504 -1.739425314 -0.869378093 -1.577236029 -2.767637569 -0.026414152 1.564617903 -0.844311666 -0.603553945 1.044252041
-4.418145528 11.840997932 -27.458785878 0.025743997 0.475277487 -0.652384392 0.589782300 -0.056892084 -0.273447975 0.949501922 -0.395630135 1.066546684 -0.588356669 0.579523012 1.158003132 1.294872798 0.969520639 -0.030845127 0.561117410 -0.211770661 0.151028248 0.929256154 -1.071944952 -0.039683395 0.383016300 0.871640919 -0.350151308
-2.218209644 9.770423923 -38.589632654 0.107057998 0.213569924 -0.648531144 0.722726662 -0.011335752 -1.025899990 -1.333630193 -0.235287005 -1.182057755 1.257236014 -0.807859476 0.727353956 -0.924395878 1.093413119 -1.653739530 0.196189900 1.664724175 1.223183947 0.261603282 0.843160675 0.137808563 -0.686553600 0.024173987 -0.040355163
-9.558000286 17.568362347 -25.448194715 0.398810323 -0.359249616 0.714845794 -0.448202555 1.457701262 -0.052917199 -0.583365429 -0.622990311 1.567415907 0.894201990 1.231090873 2.048008929 -0.063322241 1.776121307 2.316732119 0.203866816 0.551668088 -1.439919047 -0.803388228 -0.497276669 -1.200105054 -0.538728276 0.444194247 -0.245512614
-8.480647456 16.388948372 -42.207198215 0.035052214 0.969118628 0.121480041 0.211714494 1.159983253 0.210806694 -0.463111815 0.482106075 -0.610498436 -1.542315963 -0.487610406 0.578446580 0.318568907 0.001835832 1.815527782 0.368030170 -1.344266429 -0.143540321 1.172968407 -1.201179802 0.201119259 0.812030555 -0.369184720 -0.507857901
-8.026211300 16.381755498 -37.956852535 -0.356339279 0.129684346 0.924840966 -0.029554642 -2.126905706 -1.407864352 -0.124103840 -0.651708808 -1.753968200 0.556839030 0.797083764 0.081908973 -0.527179087 -1.255696377 0.569641233 0.406088699 0.078683306 -1.884090207 0.397531409 0.075257160 -0.438097790 1.070365552 -1.227125005 -0.298978978
1.405082687 17.060496114 -29.379711856 0.339921512 0.877666277 -0.324802303 0.093052328 0.587947624 0.119923438 -0.118917601 1.281514814 -0.202851716 -0.956106267 0.349629949 0.603533941 1.040408339 0.369175195 -0.757780728 0.674583657 -0.767715748 0.543530214 0.139014084 -1.416580679 1.151685009 0.386861937 -1.082345700 -0.718979231
-13.920400840 18.702049899 -37.563514161 0.243159034 -0.923550463 -0.221290453 -0.197379742 -0.979426301 -0.421659971 0.836121328 -1.805176933 1.763851978 0.938939821 -1.630748186 -1.059126487 -0.199864882 1.023262976 -0.550783189 -0.470366006 0.246571312 -1.806148651 1.833328429 0.963739607 -0.666954908 -1.226288712 0.062045014 1.254979160
-12.424232615 18.537729889 -36.016676830 0.837511477 0.039948623 0.431104585 -0.333357870 0.603963206 1.671085984 0.389082374 0.903731888 0.942358794 -1.135565621 -0.460583773 0.116231684 0.512492697 -1.010378937 1.454500686 0.484017835 0.023224595 -0.263474642 -1.009354773 1.018166075 -1.537639958 0.052659554 0.524584082 -0.246542488
-1.311864195 13.483222942 -28.717782690 -0.749269962 0.581135376 0.317580144 -0.004364787 0.657519172 0.805588808 2.261570380 1.923864791 -0.916182225 1.095737798 0.673219623 -2.580674293 0.356400189 0.554168592 0.210608447 -0.170916560 -2.077212354 1.392191242 -0.188382031 -0.689133457 0.930885080 1.257309673 0.138958129 0.215275247
-11.609653275 17.098262133 -36.147707419 -0.576065348 0.347101477 -0.606678105 -0.423805329 -2.053170241 0.374285805 -1.105792367 -0.605406808 -0.011685084 0.892839925 0.192238338 -0.422953444 -1.081050275 2.366605086 0.093405725 0.952261268 0.502173634 0.000474790 -0.448564008 -0.485391879 1.709618647 1.691860577 -0.134485211 -0.780425530
-9.956441553 22.228827434 -32.499769890 -0.053714752 0.796073504 0.561789062 -0.218574360 -0.576490146 -1.209631321 -1.162107721 0.061731859 -0.680930422 -0.495566313 0.732938313 0.189428974 1.140183930 0.062102422 0.202164893 0.091131171 1.313979396 -1.546086702 -2.209583545 -0.517381926 0.192291652 -0.051782704 1.125186110 0.317207148
0.595561627 8.872413764 -32.857864420 0.162272340 0.957919589 -0.102666589 -0.213347887 -0.417394907 0.124336065 0.400566822 -0.276694097 0.613314976 0.723054806 0.624128332 1.175791505 -0.169112316 0.745614137 2.575310767 0.027010311 0.208789776 0.240547073 -1.344428095 -0.011744953 1.632357253 -0.471821415 -1.483252749 1.001840011
-4.338924344 7.306064790 -38.270054646 -0.305047575 0.115437962 0.665179335 -0.671681849 1.344992968 0.397185888 0.896059117 -0.296065728 -0.668220322 0.359278588 1.263469694 0.432238650 0.451796461 -0.794018896 0.358185869 0.573766897 -0.741514691 -0.058911179 1.530443750 -0.447173123 0.298584608 -0.044797818 -1.000601825 -0.502101247
-9.357906449 12.762455464 -29.863905120 0.793680677 0.459983160 0.398041745 -0.007017446 -2.055791040 1.933424202 0.152360258 -0.446693229 -0.792516067 -1.053222325 -0.862649634 -1.553281612 -0.423736389 0.720288933 -1.877534919 0.110344945 -0.938630551 0.292525243 -0.180295037 -0.085588114 1.057241893 0.163979686 1.612627575 -0.706385840
-2.942009205 21.731223218 -34.685332822 -0.511531762 0.294469701 -0.691338654 0.416741787 0.982811622 1.673983649 -0.983782333 0.324560518 -0.557901702 0.859953088 -0.807610989 0.128405529 0.069831235 2.559472880 0.032730331 0.888002735 -0.820138309 0.725117943 -0.088687301 -1.599701393 -1.090573377 0.741368401 -0.833366241 -0.612368326
-6.161943466 17.732463209 -35.582380323 0.304042884 0.193653383 0.697943728 -0.618814063 1.642735400 0.083793558 -0.522091083 0.674389390 0.315838728 0.186760885 0.180043957 -0.839581700 1.253011011 -1.687317366 -0.514975650 -0.616264728 0.384746857 -0.876695220 -0.113671219 -0.684929960 1.581938942 1.499372227 0.656347519 -0.754899652
-7.120946321 8.868018549 -34.405271448 -0.562710507 -0.098364930 -0.391764529 0.721250151 -0.114860558 -0.501511962 0.630667334 1.285780787 -1.151492389 0.957465089 0.570399215 0.859687619 0.899567117 0.727677198 -0.231706006 0.651184438 0.111100659 0.689439630 0.066906235 -0.685117290 0.177816841 -0.655828943 -1.127169461 0.112746029
-9.045216110 12.089406391 -27.378551798 0.238349722 0.355842466 -0.674417009 -0.601437651 -0.020932442 0.191733315 -0.343807811 -1.165432256 0.306791148 -1.207469668 -0.275290325 -1.031088052 0.870881591 0.137188703 0.334741184 0.482490160 -2.347155347 -1.155005340 -1.323974876 0.169134729 0.362555164 -1.581017862 0.782114457 -1.191575098
-3.188097273 21.493018388 -38.563678308 0.127759232 0.742008795 -0.578933596 0.312947948 -0.906425260 -1.282622721 3.825013917 0.526207839 0.244107713 -0.864214551 0.930655614 -1.473497059 0.524899274 -0.163108959 1.238489922 -0.791668062 0.482903319 -3.032838633 0.519546293 1.181919779 0.661295168 1.433964795 0.964132399 -0.396639107
-9.694314002 10.083677838 -35.598989565 0.136914312 -0.070303748 -0.987912371 -0.018466206 -2.890171635 -1.261295778 0.150632090 -0.480172481 -1.042012030 0.629334201 -1.033495616 1.091186277 -0.215785308 0.041134382 -1.689972529 -0.836115859 0.405298308 -1.733978898 -1.922035866 -1.157496207 0.981830427 -1.260322909 0.278317883 0.171143588
-2.082712660 21.934651087 -35.680756698 0.212514030 -0.736501588 -0.510029872 -0.390221383 1.184628835 -0.223269018 0.517100620 0.511629374 -0.908527043 0.043610313 -1.057862785 0.913489087 1.008210815 1.063688183 2.017579537 -0.511130305 0.278295098 -1.001562581 0.841400148 -0.848070058 1.191627140 0.330826261 -0.531212565 -2.116180431
-3.862667825 9.540109481 -28.462392340 0.675984144 0.712269023 0.153521644 0.110224229 0.087531563 0.931324905 0.986575565 0.879908838 1.621507423 2.143136494 1.194794350 0.887189689 -0.082228247 -1.240006518 -0.027595363 0.266543900 -0.682514103 1.447908028 1.952816459 0.570276840 -1.718701502 -0.797847987 -0.093024601 -0.746484990
-3.799419998 10.394520394 -28.325406083 -0.391900083 -0.915976530 0.077557475 -0.037231155 1.134588112 -0.017158086 1.240592509 0.392854578 0.192078496 -1.246628800 0.589802611 0.511090405 0.610828340 0.220580442 0.515246252 -0.680939873 -0.582576754 1.018750118 0.262504388 1.605265688 -1.545985465 -1.392771871 -0.336575921 -0.592888491
-11.976600562 19.310669664 -35.697129358 0.454552002 0.756492771 0.051292214 -0.467408038 1.211757699 -0.394515867 -1.739876690 0.402444588 1.232751546 1.034486823 0.095515832 -0.808898578 -1.390354341 -2.361239082 -1.095199564 0.072368091 -2.025329383 1.711242181 -0.545949946 -0.682602998 -0.600745158 -3.297212308 -1.038230860 0.398447266
-2.745447633 9.526954233 -27.954919601 0.509830570 0.669825959 0.519049474 0.148302457 1.399674958 1.559357854 -1.167371992 0.616662669 -2.002462775 -0.433179164 -0.257427815 -0.454295328 0.970472228 -1.168490946 -0.519011392 0.546615105 -0.013141687 0.132997008 0.591830854 -0.884199232 -0.768128857 1.458120710 1.308930975 -0.762316246
-3.684154761 10.361065627 -41.275425926 -0.113256054 -0.556577366 0.505239159 -0.649713856 -1.389510253 0.284625919 1.495482326 0.213744322 0.449155174 0.873467444 -1.667092345 -0.808507683 -0.893273245 1.360415393 -1.899625451 1.182775038 -1.108805666 0.056971428 0.940704759 0.764748980 -0.414554268 1.103137544 -1.019396408 0.437932744
-13.427358957 8.110037018 -34.305303268 0.874632776 -0.231956969 -0.421206010 0.061635776 -0.159893845 -0.029858271 -0.170012957 -0.474797256 0.289741812 0.991150719 -0.138907408 -1.401552807 2.308997208 1.178465940 0.748886474 1.919124247 -1.219425909 -0.537529995 -0.768850746 0.873065512 1.885733416 -2.240035305 0.072862502 1.811286776
-3.529035356 21.804711586 -38.566386745 0.236165522 -0.619740340 0.233171906 -0.711181144 -0.371785173 0.183821638 -0.658381518 0.323454407 -2.541869637 -0.937321445 1.102327648 -1.027464857 -1.305263127 -1.861330266 -1.840247742 1.155399074 1.191239762 -0.836500195 -0.431255619 0.254050592 -0.769975224 0.069095800 -1.634294185 -1.172872977
-9.354415462 15.080342262 -24.129645110 -0.411611867 0.511802417 0.306332418 0.689053269 0.082845870 -0.093350168 -0.831248196 1.221039507 1.744001659 0.883232145 -0.363993498 0.320555541 -0.390761819 1.030762301 1.249212176 -1.189662870 -1.285724381 -0.366841159 -0.370465100 -1.283511894 0.825807442 0.779179402 -0.316196269 -0.587263653
-10.228377195 19.882874548 -28.385810013 0.064550978 0.831476285 0.306272022 0.458996521 0.975353305 2.647095918 0.747338977 0.206956511 0.422079056 0.918877104 -0.002578418 -0.754411607 -0.891957569 -1.330913182 0.108592594 -0.718870483 -0.610863681 -0.389547611 1.325001223 -1.139027721 -0.846931908 -0.999905747 -0.843695359 -0.095055878
-12.619050115 20.535373881 -30.017071974 0.317957893 0.603560193 0.256212388 0.684816095 0.804648755 -2.365706406 1.179439004 -0.835855523 0.162710525 0.007779188 0.707497424 0.856923029 -2.227595537 -0.539507848 -0.283232067 0.301467668 -0.025397933 -0.228705115 1.830302901 0.417901456 -0.887864922 -0.015238593 -0.502787924 -0.100970564
-10.929316679 19.514413051 -31.909392865 -0.860093433 -0.165015595 0.480255321 -0.048620641 -0.452799481 -0.825397608 1.439552202 0.396695675 0.858944889 2.463612988 -0.976537536 0.045009224 1.094763608 1.920459322 -1.053386742 1.503446352 0.930898191 0.867564259 0.503038109 0.425281552 -1.033343416 -0.708867683 0.557725177 0.487144508
-13.150288850 8.240783440 -36.443210667 0.618060605 -0.051063364 -0.545014113 -0.564228001 1.003349103 0.852907269 0.901640512 1.161637604 -0.047518011 0.264955054 -0.908632917 0.396170671 1.048469464 0.159402238 0.026124187 -1.124549175 -1.636683644 0.782438700 1.142515024 -1.488837775 2.006054699 0.433122912 2.287729050 -1.864493589
-2.243768056 11.161497122 -32.211891323 -0.183827225 -0.560151002 -0.244425675 -0.769866544 0.097982051 0.097894420 0.821840845 -1.337966907 -2.154569840 -0.434221708 0.734902455 -0.312794218 -0.043189969 0.509053182 0.554817921 0.261807984 -2.068272581 -1.217838039 -0.168563425 -1.211034942 0.814056097 1.236248063 1.411166365 1.112206785
-1.522977501 18.770828269 -33.058620765 0.141900505 0.403788256 0.840654074 0.331843365 1.329276729 -1.532833847 0.194397120 -0.547605237 -1.059682945 0.088885191 1.962286963 1.034239977 -0.124747426 0.280278385 -1.443388210 -0.216362532 -2.480621831 -1.274748930 0.587862081 0.550853327 -1.070502658 0.364897028 0.731556472 0.539920455
0.006112735 16.231596354 -36.367263413 0.582966764 -0.209608607 -0.701581093 -0.352133432 -0.285092664 -0.932777175 -1.087853694 -1.609017987 0.530708809 0.139210789 0.265584647 -1.373839494 0.256068397 0.650298703 -0.435658081 -0.436120130 -0.329182346 -0.979057401 0.388859827 -0.738508343 -0.299328904 -1.189134728 0.761070691 -0.788732183
-12.681420237 19.481485508 -32.437945796 0.636382245 0.324424270 0.692528688 -0.100849129 1.955729294 -2.731528463 0.526429313 -0.825589156 0.498462784 -0.900703832 -1.246617297 0.928293861 -0.936352532 -0.473712517 0.247551142 0.676371091 0.688901448 0.363977867 -1.140452495 -0.598258185 0.361719407 -1.051904881 0.228307066 -1.250517540
-3.252514268 6.980497257 -36.635968939 -0.049688317 0.401699709 0.047096711 0.913208801 -1.153532626 -0.256258381 0.228723534 1.649330891 -1.364503745 -1.484973800 0.350930900 -0.069979036 0.703763757 -1.064653244 -0.330069668 0.204489808 -0.537789275 2.597728507 -0.312610882 -1.749371967 0.333085032 -1.129064008 -1.003844070 -1.282932644
1.809188393 11.937729711 -36.937370485 -0.721247004 -0.622780303 0.148050342 0.264629081 -0.359777957 -1.208140698 1.115432758 1.454141760 0.348554892 -0.744294467 -1.043715889 -0.733074432 1.562112883 -0.473398953 -0.228583295 0.223509039 -0.297991332 0.435572771 1.198408527 0.783006754 0.505820409 1.115700566 0.655601083 0.672184693
-11.516864404 8.959287805 -37.947348025 -0.199147174 0.863624563 -0.028587758 0.462250752 -1.259602396 0.982612664 1.625464121 -0.675056954 -0.176679058 0.549334911 -0.759242374 -0.947656873 0.413552499 -0.971169499 -0.106126411 -0.750005673 -0.597999576 0.247091328 0.382069950 1.275408701 0.853433491 -0.381851388 0.236228364 0.002291040
-8.458736210 18.473552240 -38.909405179 -0.707055490 -0.102466551 0.293379094 0.635217953 -0.509788413 0.002119996 -0.028007809 0.332983242 0.276927584 -0.825873193 -1.364861726 -1.281666423 0.488705852 0.683559139 -1.189948313 -0.225645750 -0.982231816 -0.069215612 0.851461312 0.478462187 0.472275423 -0.106882107 0.105824568 2.020146995
-5.453034881 10.722490271 -39.248045220 0.061068350 -0.459944724 -0.502058022 0.729835084 1.334422505 -0.213750580 -0.660760594 0.059563926 0.344190773 -0.579325511 -0.522265020 0.121529712 -1.550185058 -1.202037851 -1.079389779 1.188052658 -0.939960630 2.101501624 -0.596170649 1.084401982 0.476871715 1.946503359 -0.358972407 -0.568636773
-0.801129504 7.071324662 -37.866239056 0.356013755 0.455985055 0.778983725 0.241901203 -0.462506439 0.311000096 0.328207508 0.754440853 0.496131686 1.070266622 -0.122890934 0.855164903 -1.045649139 -0.807375716 -0.431856095 -1.053537180 1.941865547 0.501218573 0.273300497 -0.321989857 0.555529779 0.835402874 -0.330918230 1.044631473
-5.468068006 20.799077145 -27.342432613 0.274864891 -0.213240629 0.210849450 -0.913520790 -0.925146291 0.076323539 -0.301862747 0.322536990 0.364280843 -0.156483089 0.220301473 0.111209565 -0.032286124 -1.841325843 0.623167896 0.071849025 1.115986130 0.989471137 1.572583332 2.110165063 0.448369730 -0.617495474 0.795165865 0.780302162
1.569081455 19.149134793 -31.449387574 -0.757307977 -0.413009540 -0.421768124 -0.279319525 -1.675798151 -0.338308928 -1.201066639 0.272537551 -2.237563365 -0.229900977 1.452523040 -0.834375554 0.619041608 0.344247114 0.604890732 1.566111625 -0.646296326 0.132680078 0.583711867 -0.384349780 -0.045048278 1.227466005 -1.498145529 -1.703871802
-13.402007554 9.577701756 -34.240084329 -0.282348049 0.486032924 -0.170711828 0.809264510 0.678151952 -1.291290757 -0.313016053 0.049292315 1.687710744 -0.444927476 -1.487541318 0.095504790 1.067327951 -0.364488481 -0.231165296 1.335605666 -0.305831110 -3.705592298 -0.009173994 0.023498438 -0.137180130 -0.796508162 -1.175757210 0.095255989
2.602718292 18.242336001 -33.374292974 -0.355361754 0.869488517 -0.314577287 -0.136926525 0.795844808 0.951101886 0.067336967 -0.764133295 0.937679814 0.958210398 -0.885966133 -0.672518168 0.472228372 -2.447754630 0.169704832 -0.056340628 0.912837659 0.610721863 1.654094720 0.395228442 -1.258397421 -0.655288823 -0.220695448 0.444207967
-2.748466977 15.255204005 -40.990956211 0.718077091 -0.516337725 0.465854069 -0.027214532 1.136021376 0.132514089 0.597458057 -0.518801969 -1.849166564 1.332190099 -0.017901472 -0.695176808 -0.723328363 0.245772378 -0.180096180 0.582180529 -2.418238172 0.164542047 0.174987454 -0.676982585 -0.076458079 2.240282016 0.541334667 -0.311927624
-4.110637584 21.869399292 -32.723769659 0.083819640 0.422303089 -0.879801192 0.201455283 -0.106276376 -0.544159165 -0.816965512 -1.195976243 -0.820397875 0.610891634 -2.393758664 -0.751049664 0.978112931 1.550336044 1.167088085 -1.495610625 -0.139010609 0.315423428 0.331804072 0.257327766 -1.090088238 -0.023591339 0.199726621 -0.696935380
-1.457605440 8.129992986 -32.784919628 -0.858508002 0.258818697 -0.394661557 -0.200547122 -0.406461757 -1.878258783 -0.053614483 0.063929339 0.358947584 2.092303519 1.104576261 0.169103407 -0.970444087 -0.067102249 -0.899213289 3.792513983 1.221335265 1.249511940 0.845907768 -0.569467879 -0.633071313 0.429047162 0.876547717 0.393234703
-5.587363002 23.907888913 -33.901450935 -0.219101605 0.919774288 0.282007540 0.162731352 0.801910781 -0.506313640 -0.279847928 -1.138343691 -0.978011397 0.555210508 0.272659402 -0.171602705 -1.016089514 -0.173387149 0.394385824 0.341632679 1.046235965 -1.425241407 -0.360770789 0.627127803 1.220852516 0.347343053 -0.281720361 -0.109423320
-13.128530164 20.448340808 -35.006856903 0.631371132 -0.226742897 0.727137462 0.145702656 -0.238764273 -1.277604389 -2.133505096 1.898130951 -1.169469210 1.466672259 -0.402937496 0.265926908 -0.282934926 1.449565210 -0.563495398 -0.013433997 1.747162084 -1.810281782 -0.310943850 0.347191120 -0.670127589 -1.358939178 -0.374551754 -0.354207864
-9.251826662 11.692528194 -40.338325998 -0.302747330 0.108956360 0.903160995 -0.284205531 -0.392648474 -1.195415124 0.192574521 0.391513107 0.366362045 1.777745103 -0.253752025 1.556862849 -1.081693517 -1.111230148 1.140834051 -1.169337414 0.000801682 0.055069958 -1.806834911 -0.428834955 0.688400378 -0.335521567 0.265199265 0.198459865
-1.559457630 17.313565266 -32.357900880 0.328544076 -0.174523916 -0.767200997 -0.522496721 0.233867862 -0.220523103 -0.509492085 0.233696327 1.414264251 -0.981425772 0.311096739 -1.671152612 0.530106284 0.456274803 0.009877756 -1.016014298 -0.848182683 -1.538513121 -1.219205801 -1.859339484 0.072953339 -0.555838096 -1.845076490 -0.233005715
-10.176655273 19.908333132 -34.491045618 -0.512622109 -0.260802612 -0.808760392 -0.122911349 0.295703741 0.681742075 1.272518422 -1.838084542 -0.507402792 -0.662227751 0.872785021 0.259616111 0.832957807 0.523319257 0.476967962 -0.544130715 0.329213869 -0.931071706 2.389834100 1.215999227 0.305509942 -0.796152407 -1.298072944 0.715635513
-3.541356474 13.146105849 -37.351339564 -0.214869351 -0.675267886 -0.661136713 0.246460323 -0.844316718 -1.121956108 -1.024723183 -0.811321827 -0.476184468 -0.115196647 -2.657237603 -0.668928783 0.226612159 -0.839180106 0.801208768 0.899214559 -1.620076739 0.886920471 0.769686776 -0.824607327 1.369983516 -0.670006742 1.189988769 -1.609503793
-7.268790579 8.618626202 -33.491186044 0.051242091 0.327868709 0.829512002 0.449206185 0.823487705 0.188149919 0.299857726 -1.169902468 -1.556795175 -0.320141584 -0.245353778 0.394821297 0.761077337 -0.321481228 1.177262937 -0.248130308 2.152871910 -0.165732605 2.448230323 1.169670946 0.595931395 0.439387408 -1.284286830 -0.520422886
-15.311835689 13.511174084 -30.195288001 0.239627293 -0.518835490 -0.740137452 0.354379806 1.601814921 -0.602420204 -0.923619716 -0.526746137 -1.925975929 -1.530305670 -1.339148892 0.024388264 0.085994871 0.988547127 0.700903795 0.179856147 0.492476149 0.764096053 0.283991774 1.457448177 0.840420341 0.693733408 -0.864224640 -0.232657461
-9.265796978 9.539359848 -29.729885199 0.731724210 0.398165719 0.502049169 -0.232358285 -0.236412057 -0.211296571 1.401194030 -0.992660366 -0.436495156 0.446927629 -0.202794270 0.690128019 -1.668113594 1.149789319 0.549643316 -0.431749906 -0.413843918 0.432525841 -0.429974583 -0.218375559 -0.965546332 -0.420019948 2.485659109 -0.343639458
-9.697461076 19.091261739 -33.244430619 0.703155379 0.484097737 0.333609312 -0.399908391 0.504173653 0.178644841 0.420065668 -1.268046629 0.389914890 -0.480692813 -0.192288726 0.332340910 0.817839868 1.285635004 2.129216178 -0.593131286 -0.727086948 0.668920746 -1.265871137 0.508108345 0.507438495 -0.206893347 0.794004884 0.288884538
-3.908829812 11.897203143 -28.942663268 0.762832557 -0.627899379 0.059850816 -0.142291040 -0.774991992 0.244293413 0.491524652 -0.782775250 0.148150896 0.745829000 -0.051196481 0.043030488 -1.321467181 0.884800118 -1.859931716 -0.022635440 -0.290800634 1.295448474 -0.630895031 0.419074829 -0.969636728 1.158414203 -0.826628588 -1.060693512
-0.905405426 19.491635770 -33.749647033 0.884163958 -0.235515901 0.159479989 -0.370610968 0.085446642 0.247655190 -1.230564541 -0.129398511 -0.682832789 -0.114135468 0.530389074 0.699477343 1.550416380 1.336805533 -0.314802247 -0.540744475 0.023506430 -1.766278699 -1.012991394 -2.168997327 -1.582872721 -0.152786995 0.413402821 1.448284101
-1.394650779 17.758083756 -27.905217546 -0.698700633 -0.536579297 -0.466740151 -0.077805617 -0.756354868 1.857615509 1.965493360 1.042669679 -1.005419373 0.465714609 -1.473309341 -0.130586095 -0.762940651 1.691365825 1.000816913 -0.063351825 0.578073857 -1.312596654 -0.279430219 -0.104625156 0.207168157 -1.431441478 -0.015639106 -0.702120570
-5.795847053 15.818814201 -37.100614441 -0.326458926 0.255306800 -0.430185146 0.801987374 0.873556213 -0.072060238 0.453694139 -0.464404406 1.002914756 -0.152667916 -0.189849189 -1.259645627 -1.005018527 -0.045488951 0.960145505 -0.048842999 -0.771775440 0.048000416 -0.659296753 -1.913396247 1.574706890 0.801706502 0.549531712 -1.677935661
-9.297358446 23.347948649 -34.778536976 0.275134938 -0.602195185 0.127990700 -0.738430840 0.200648493 -1.413980326 1.145436200 1.878601949 -0.411196638 -0.499803358 1.001967871 0.674959996 2.026630595 0.747477736 1.223992123 1.529204467 -1.112400370 -0.618885645 -0.263926251 1.654369393 -1.228782319 0.074257680 1.115638811 -0.073461383
-1.253162601 8.031282064 -36.335348893 0.124987055 0.664556494 -0.733891396 -0.064391932 0.407452549 -1.359961000 -1.299361490 0.551176159 0.242192609 1.443689427 0.123785033 -0.971965022 -1.753188128 -0.772566937 0.739567058 -1.022317992 0.622393824 -0.154282192 0.694844603 0.656797933 -0.716521354 -1.676317163 1.962698427 0.504377920
-10.072581664 21.557314660 -32.364631958 -0.703780382 0.533636822 0.434620745 0.176152556 -0.422510676 -1.123905224 0.969554801 0.934109965 -1.399101174 -0.071132932 0.801227083 -0.643877072 0.867340410 0.950051227 -0.710282294 -0.394264220 -1.119105651 -0.869623556 0.120635024 0.570894133 -2.236290991 0.600637235 -1.380131727 0.660410786
-4.903764917 9.229490887 -40.488000416 0.553943802 0.379362907 0.625575570 0.397347776 1.551800222 0.721749613 0.565357848 -0.029659627 -0.833637173 0.701909013 0.233526615 -1.899808475 -1.114390381 -1.025225183 0.400856017 -1.461012205 0.669578126 -2.026636297 1.392697577 1.281710053 -1.249490691 -0.809115362 0.439911324 -0.216395156
-5.233463857 21.897059221 -35.763770122 0.927778441 -0.038306108 -0.320042772 0.187969229 0.003203968 1.770601621 1.090790225 -0.820616991 0.083613333 1.574084834 1.344106231 0.083139721 -0.804016192 -0.707809171 -1.444449374 2.280667103 -0.619299416 0.616384823 0.987056220 1.667194881 0.984209470 -0.975905605 0.995943736 0.058795464
-5.317514895 16.737466678 -33.307852581 -0.132648539 0.482064748 0.863596717 -0.064951169 0.441448652 -0.769676821 -1.075607057 1.458601760 1.253423608 -0.426711955 -0.259908728 0.733459536 0.532747356 -0.806745390 1.091544914 -1.352535876 2.230349066 2.268546232 -0.159906136 -0.248912711 -0.282403634 0.646838559 -0.561037441 1.016632129
0.070760253 8.905534516 -36.280357948 -0.796429464 -0.015947426 0.603077268 0.041756406 0.251945297 -0.332116980 -0.182265129 -0.038041075 1.778969713 -0.330517140 0.403418033 0.129219035 2.868566166 0.096600153 1.522933458 2.932279069 -0.109681213 0.549958448 -0.561045369 -0.062194069 0.616282519 -2.012144463 -0.859068741 0.392776497
-5.392782176 10.961287865 -35.025492253 -0.104122458 0.159406778 0.978024560 0.084946765 -0.278532624 -1.534449255 1.515425352 1.061328534 1.554397519 -0.249827101 0.890352102 1.662726161 0.338403582 0.124639810 0.885491431 0.693299289 -0.587873924 1.782009848 1.496535314 -0.781113968 0.678947080 1.794905926 0.656564839 0.924535318
-10.464379075 17.123161859 -33.169607215 -0.624507683 -0.639345471 -0.276769111 -0.353024620 0.536445570 1.282471646 -0.157860336 -0.623236098 1.333002722 1.126640952 -2.044841697 -0.144796420 1.259018675 0.712614469 0.577815210 -0.103154355 -0.096780708 -2.631962984 -1.194419912 -0.211983321 -1.033863748 0.012067677 0.294646144 -0.709249092
-13.973581409 16.953629593 -36.415024786 0.630996547 -0.244083431 0.389100048 0.625194201 2.269352709 -0.277986719 0.176754891 -0.258346442 0.594473324 -0.459914313 -0.848947240 -1.412932775 0.723769564 -0.071997033 -0.150684653 -0.710368489 -0.798152807 1.305842480 1.929081666 1.545428473 0.589372063 -0.837279811 -0.411318695 0.006304442
-5.764907571 17.177937847 -29.827535870 -0.306481536 0.933164768 -0.186076226 0.025460210 -1.105043318 -0.899658790 -0.077509611 0.057797777 0.203004588 -1.400255150 -0.890769341 -1.002641320 0.133724670 -0.478370567 -2.178247803 1.455209359 -0.314507935 0.524192975 -0.885733009 0.135818042 -2.509880683 0.195836156 -0.675508991 1.979098455
-4.070358514 19.011233420 -30.742704737 -0.514601849 0.657332735 -0.237715486 0.496578253 -2.520662447 -0.196008413 -0.316631303 -1.934572859 -2.310998804 0.490772655 -0.928368732 -2.988867279 0.235456630 0.180696158 -2.100763168 0.930614841 0.056351733 0.431998571 -0.006642713 0.398700436 -0.020133051 -0.419728182 -0.315980022 0.423002457
-1.590904833 21.763055937 -30.283192223 0.046008460 -0.797029358 -0.485203848 -0.356657609 -0.772240333 -1.391411889 0.530491595 0.539419103 -0.700498041 0.314287665 -0.120522522 -0.645312452 0.230902600 1.433529739 -0.948896072 -1.495414560 -0.500815033 0.577187256 -1.648946412 -1.015836997 1.003116383 0.515348257 -0.038912147 -0.631860045
-1.590671744 13.489979016 -32.746480707 0.710827710 -0.642564789 0.210246116 -0.193987189 -0.779777424 -0.583100409 2.370221293 -0.062669342 -0.455007418 0.340084840 0.710308462 1.830767101 -0.519164000 -1.768589704 0.345289335 -0.407751640 0.320635845 -0.455154715 -1.689348280 -0.508417247 -0.491911354 1.282048765 -1.368780805 0.646833883
-9.079098952 21.496008620 -33.669466295 0.032614189 -0.779950965 -0.622383451 -0.057023208 -0.306058921 -0.577249372 0.579955166 -0.279265676 -1.258549932 0.840343750 -1.238406906 0.501666318 -0.085791224 -0.572721459 -1.780400791 -0.441797351 -0.094349668 0.391657016 -0.614184638 -0.252308577 0.303467403 -0.027958727 -1.000792567 0.815542248
-4.619197979 5.023728612 -32.099472125 0.234197932 0.698624495 0.670591120 -0.085922606 0.747284530 -0.316993353 -0.354009207 -1.051980636 -1.003444113 -0.962913962 -2.024731582 -1.332430048 1.773837813 -0.470059904 -1.530513255 0.126472367 0.881032880 0.878584474 -0.429217092 2.203748538 -0.232114879 -0.795834195 -0.246973298 0.364818886
-12.790593207 17.484041468 -37.729633536 0.526843550 -0.693459902 -0.173619603 -0.459788508 -2.265920760 1.199999590 0.873867969 -1.651966215 -0.800870459 0.015809039 -0.614006092 1.571837513 -2.448358666 -1.369478528 0.774616530 -0.209549297 -1.125599606 0.053281863 0.744854758 -0.266530715 1.043075296 -0.612505313 -2.409647612 0.303519222
0.541949330 18.450851679 -38.997771427 -0.237714229 0.596141641 0.567842044 0.515424584 0.066966849 0.043329630 -1.928707581 0.220050337 -0.679736929 -0.103982693 -1.430036194 1.078277465 -1.446346839 0.204118251 -1.312572080 1.160808970 -0.022241565 0.075870505 -0.337049553 0.730077082 0.698232307 -0.917095453 0.051063184 1.044635599
-9.452175121 13.614758945 -36.869775316 0.556389910 -0.555273491 -0.116821340 0.607004442 -2.673057778 1.134643263 1.499856570 -1.477513836 -1.003166063 0.520319123 -0.322163526 0.658093845 0.050903857 0.251935274 -0.015655352 -1.382273960 -0.866205972 0.225308257 1.504768394 -0.996923355 0.431943487 0.652463983 -0.486393209 0.440723236
-6.517434985 14.407529888 -42.958114140 -0.080355370 0.421969646 -0.630018274 -0.646963374 0.154026038 -1.116497164 0.008577298 -0.960764314 0.889252493 -0.065687543 0.917097714 -0.729122529 0.501680873 0.315275248 0.249797393 -0.282049461 -1.015897799 -0.883413185 -0.581073382 -0.972020215 -0.824305684 1.969998236 0.439277210 0.430539870
-12.073979051 21.883633016 -31.342850828 -0.208234846 -0.218269853 -0.441115731 0.845229810 -2.352882967 0.302215429 -2.037792856 1.601182381 -0.969476319 0.034317564 0.068185138 -0.349452303 -1.418352655 -1.830106500 -1.047264234 -0.654543305 0.556479601 0.643119807 -1.779011759 -1.351044246 -0.434890533 0.779601238 0.712844506 -0.680193563
-3.820214844 12.188514110 -40.255564666 -0.510357828 0.414902810 -0.509554634 -0.554747348 0.949338122 1.881454017 -0.017715728 -0.320455054 0.067529247 0.629808834 -0.201674694 0.095874957 0.182545105 0.137867579 0.109044334 0.592990473 -1.142102641 0.191413385 -1.164219853 2.337357407 -1.646438724 2.075482445 1.545567180 0.126906231
-14.551380998 17.644379564 -34.908974937 0.243215010 -0.827889766 -0.051803360 0.502753823 0.555804084 0.114422142 0.813670712 -0.574570783 -0.780072884 0.291966337 0.943818659 -1.562428312 0.572693112 -1.761150918 -1.144987249 -0.284360926 -0.208036082 -1.234637087 -0.388010798 -0.043636269 -0.581836226 -0.166283729 -0.572856914 0.029010445
1.938639361 11.201591685 -30.449290621 -0.713368702 0.573752415 -0.248463718 0.316510731 -1.161630605 0.978270643 0.293960747 -0.619176563 -0.082157333 -1.276297892 0.862787493 0.041056437 -0.222627776 -0.140009020 0.784797883 -0.354164972 1.179812163 -0.121748175 -0.456760866 -1.588525499 0.084879722 -0.128758689 -0.283478256 0.316674490
-13.171596604 15.671496430 -35.690594299 -0.631279485 -0.381664553 -0.619780898 -0.267749921 -0.398015197 1.053363449 0.574730188 -0.226483128 0.421373477 -0.450500707 1.528347105 1.649431645 -0.299870542 0.164934209 0.873406784 -0.439424617 0.133822457 -0.386774957 0.020297713 -1.348255668 0.040334285 2.403964012 0.319204700 1.549324255
-3.667581194 23.290995135 -34.172631593 -0.191311114 -0.574955218 -0.487979634 -0.628253478 0.255210921 0.482769744 0.546911340 -0.170230205 0.574930148 1.501845118 -0.769861729 0.832797132 -0.634924989 2.027925098 -1.546630854 1.591634011 -0.989035998 -2.742750471 0.339169377 0.309652946 0.227939797 0.842166725 -0.151713491 -1.076669295
-10.490954693 20.480605317 -33.794563314 0.263857505 -0.389006868 0.021059722 0.882388442 0.625774791 0.837720425 0.158712476 -0.321030976 1.540623697 -1.624347305 0.208134694 -0.176243762 -0.638816849 2.132075593 -0.201916194 0.432215415 -0.131213566 0.506543149 0.079021420 0.575884830 0.099790772 1.097073920 -1.052624933 1.957952643
-13.070575487 14.865612136 -33.403294735 0.566456555 0.252155002 -0.049153289 0.783025402 0.150278446 -0.082346014 1.256318359 1.379157785 -0.555267628 0.618440559 0.442196820 0.320852598 0.548006419 0.324470863 1.423904908 0.638588329 -0.901631758 -2.041812546 -0.901255373 -0.056604223 0.134076054 0.412320753 0.160630035 -0.622533158
-12.832669058 15.826873247 -31.301876218 0.441042425 -0.583550028 0.220326074 -0.645296339 0.099116693 0.925568859 0.721299000 -0.668113698 -0.302699780 -2.233717513 0.855738934 0.915636728 0.232181269 2.394312689 0.325136081 -0.904685004 -0.496848106 -0.049392445 -0.742898883 0.771501900 0.700830413 1.715585436 0.574521151 0.143065739
-9.397005522 17.966821922 -26.286711857 -0.695146510 0.396075149 0.594725644 -0.078722389 0.984812122 -1.395073699 -0.258647394 -1.850879724 0.434350328 -1.194530565 0.330448323 0.166486328 -0.835685537 0.310082147 0.366989081 0.719634263 -1.765103444 -0.238565596 -0.082981443 -0.974247294 0.329852136 0.120313601 -0.062810013 1.545709847
-3.550831461 12.558426102 -35.950984269 -0.120347458 0.481214402 0.073205073 0.865211076 -0.105406011 1.873483162 -1.859772636 1.388982739 1.172634470 1.531324200 -0.633828800 1.494950613 -0.654288347 -0.959293615 -0.198595255 -0.269654980 0.883797254 -1.017960110 1.202409498 0.192582642 -0.607078473 -1.096193746 1.947226335 -0.106600295
-4.492177527 23.174718792 -31.362978840 0.638303212 0.294867784 0.665792321 0.249684970 0.554468373 -1.385120285 -0.725077556 0.638044072 0.407758285 -0.793586834 -0.651440468 0.897940273 0.381647361 -2.136539259 0.406497857 0.627975275 0.410978912 1.363858237 -0.258065850 -1.204420638 0.539952136 -0.676871596 -0.932896446 -0.532870834
-7.674901139 11.023652694 -31.964342412 0.721200184 0.372902053 -0.471030229 0.344883861 1.145899538 -0.006826542 0.055116066 0.906301900 -0.349778958 0.817614626 0.055293203 -0.730717966 -1.924051608 -2.140129520 -0.783641212 -0.100783499 0.472968895 -0.202918610 1.583037473 -1.104636377 -0.683563234 0.250984024 0.608485469 0.653069628
-2.745873205 18.669340649 -29.221312579 -0.138706547 0.016488566 0.990089648 -0.014529616 0.338658013 -0.294542929 0.650996047 0.670007537 -0.532643047 -1.705999671 1.735137568 1.369686233 0.207606937 -0.594185421 -1.248275832 -0.718412011 -0.296661812 0.605742503 -0.025146755 1.913954138 -2.197868542 2.759051535 1.520686277 1.159446344
-7.798067981 12.663108024 -39.262429576 0.644191708 0.487690719 -0.285770591 -0.515276602 -0.714325295 -0.250894605 0.272499408 1.409387339 1.388162246 0.706114698 -1.906139097 0.225906418 0.006010527 -0.279253051 0.347196785 0.056997276 -1.343664311 -0.001778845 -1.244858909 1.013219307 0.407557418 0.794146326 -0.212921502 -0.227539902
-9.259535560 18.898341699 -35.151739454 0.818667597 -0.301692987 -0.118429502 -0.474066620 0.769535619 0.007559343 -1.082757207 1.934734514 1.449355266 1.524201118 -0.487449084 -1.925585323 -0.368415344 0.949778771 2.266085533 0.476251470 -1.134597999 0.175811429 -1.277766307 -0.970321487 1.569475150 0.953710389 0.789808588 1.031544922
-12.318026763 14.929208637 -37.639531752 -0.238918457 0.817709592 -0.240132687 0.465408730 2.422405759 0.300526712 -0.859597814 -1.425157605 -0.763951220 1.287179445 -0.701376447 -0.143978508 -1.814210938 -0.054079163 -2.190242138 0.465736053 -0.988764340 0.276514020 1.055208068 0.336926528 -1.883353788 -0.901968725 -0.227382095 2.924238952
-2.462540871 6.802715787 -34.293310149 -0.164998183 -0.940185687 0.150699793 -0.257130408 -0.849400684 -0.117099886 -0.040908618 -0.271915645 -0.214399216 -1.102475293 1.491315143 -2.375494010 0.405794028 -0.003709210 -1.371970952 1.016287432 0.073289197 1.496704146 -1.012484204 -0.389211054 -1.373823851 -0.921212209 0.804607680 0.655040502
-7.096809386 15.943878039 -41.656543321 -0.731565288 -0.368853369 0.558698677 -0.128900002 0.694111089 -0.919126468 -0.408158140 -0.352544606 -1.118237335 0.325480016 -0.159305097 -0.466413699 -1.421653237 -0.589316126 -0.840246446 1.811472006 0.871185873 -0.048741294 1.174139853 -0.618691786 -1.234779288 0.143076745 -0.867166442 -0.243965286
-6.324159343 21.033311372 -32.853099033 0.081741578 0.541683131 -0.220731459 0.806954350 1.226629734 -0.468160958 0.172050382 0.183841032 -0.789300179 -1.453245878 -0.821783702 1.188770889 0.099585270 -0.562046287 0.741236091 -1.034806721 0.463066311 -0.861274944 -2.174816687 0.244126744 -0.626690776 -0.011399442 -0.545847606 -0.681124812
-7.819044049 14.623227091 -42.110695240 -0.079098782 0.439244378 -0.210025657 0.869883315 0.505929984 -0.983000232 -1.607657271 1.834896352 -0.371849520 1.032539140 -1.148033744 -0.550980329 -1.055315866 0.461956026 1.916448842 -0.368134143 -2.653543866 0.356598722 1.926300417 0.400359327 -1.365428371 0.748232868 -0.610732464 -0.873062643
-11.688599376 20.419110323 -30.955800497 -0.694497958 0.577866617 -0.265273780 0.336708451 -1.265900135 -1.785916570 1.076477846 0.107873970 0.082742306 -0.491966004 0.734834580 -0.411346971 0.677141017 1.002702646 0.164203346 -0.297520610 -0.862984211 -1.553532677 0.445759721 0.507204313 1.426200982 -0.189881085 -1.357118335 1.215180261
-6.212672732 8.856150746 -25.413507006 -0.887706108 0.358995714 -0.016290855 -0.287809921 0.420594026 0.774812984 0.917941213 1.902445851 1.716891940 -1.167657931 -0.017837567 -0.588265571 1.606488530 1.116145070 0.420118323 0.756819075 0.848154137 -0.606312784 -1.936395736 0.215664790 0.195672857 -0.014072846 -0.754002637 1.900234209
-6.853912620 7.751954023 -36.257742829 0.282421685 0.220260961 -0.145340295 -0.922279404 -0.709492593 0.265511995 -1.018803463 -0.127982802 0.067061118 -0.844821135 1.166666280 1.559163968 -0.441884087 -0.519988673 -0.087957422 1.379622157 -1.017784044 0.132355149 1.674439764 -0.635526779 0.140467164 0.422812579 -0.851037433 0.695869465
-9.771251717 17.558459901 -38.914757669 0.677445405 0.067951698 -0.685651370 0.257550946 0.498598389 1.102826269 1.021022417 0.435419221 -0.198011431 -0.338912599 0.243048394 1.026944526 2.745588797 0.161433592 0.248422288 -1.535532713 0.184238824 0.816083100 -0.531434072 0.420737125 -0.065356639 -0.390843337 -0.131495365 -0.159670716
-13.630709748 12.623228059 -27.832521765 -0.815606406 -0.312617640 -0.232805474 -0.427619005 -0.496852845 -0.336817955 -0.929530418 1.341017467 -0.244540891 -1.107359004 0.730454198 1.977214117 1.749486913 -0.937454534 -1.154375232 1.948152744 -1.617655917 -0.970337184 0.932589295 -0.382241845 -0.840845240 1.869448760 0.990504698 -0.627600940
0.758403163 11.683958165 -40.018042505 -0.350165042 -0.871761849 0.151239319 -0.307477463 0.442771750 -1.118681182 2.274208382 1.456765266 -0.375037213 -0.506732464 0.084171514 0.706536325 0.629705299 -2.426646337 0.705704562 0.399550644 -2.304957113 -1.399429215 -0.042165553 -1.276027757 -0.041194427 -1.366175620 -0.868089695 1.311748205
-13.977670135 13.468715539 -31.676116405 -0.137743069 0.826412796 -0.474460326 0.270103938 -0.202212716 -0.536604420 -0.357382169 -1.123180454 1.195815333 0.056556478 1.314832741 0.190929100 -0.499658377 -0.751372954 0.291729700 -0.353985282 -0.953339786 1.082487969 -0.632973772 1.235332764 0.827964721 -0.001298526 -0.041162858 0.423305183
-0.636079271 10.765385516 -31.564785178 0.034605467 0.420152926 -0.322261172 0.847597615 -0.421623700 0.827018442 0.585063860 -1.730251037 -1.178778795 0.724429078 -0.389464539 0.185239864 -0.600283324 0.609715689 -0.054103065 0.535853667 -0.849231954 0.542541148 0.099449804 -1.997016203 -0.453031275 0.769322195 -2.001692677 1.010688661
-8.920159891 10.635121360 -41.317735491 0.373383867 -0.622627742 0.198278803 0.658486673 -0.811422268 0.730301962 0.894113188 -0.404917976 1.128133529 -1.742385939 1.298682781 -0.325558286 -1.909543356 -1.121557075 -0.489978874 -0.171502566 -1.892952580 1.027757535 0.860771383 0.730518838 0.032029022 -1.620636682 -0.798007715 1.425906045
1.464524866 13.437423642 -35.617566429 0.805220931 -0.115191551 0.457579298 0.359125807 0.466436822 -1.591106034 -1.024931721 -0.367091369 0.121218534 -0.951395966 -1.879608187 1.722806283 0.870764922 0.838936455 -0.125386151 -0.362120991 -0.366688163 0.322380753 -0.003298779 0.515373727 2.010550715 0.916564869 -0.696944950 -1.383955324
-2.330760617 17.326054874 -25.961591816 -0.056644593 0.350678541 -0.602083068 -0.715060788 0.405188501 0.462718446 0.114048534 1.487183614 0.314583394 -1.540344669 0.270415965 -0.144403613 1.455530381 0.250239500 1.104839907 -0.453876977 1.125867906 0.279330268 -0.338099048 -0.206766691 0.135478151 -0.518426200 0.207743371 1.474546622
1.036323443 14.305742781 -27.226855025 0.914641742 -0.297630014 0.269022090 -0.049739052 -0.284435285 -0.327192395 -0.212647347 -0.486217213 -0.444772923 1.006580538 -1.209147770 -0.837875709 0.426260637 0.623852162 -0.011500074 1.697355966 0.358426038 -1.180287703 1.177446539 -1.401720693 -0.011621958 -0.123652698 1.193252804 2.063886229
-0.557699579 11.039081642 -38.317546724 0.784261893 0.383012463 -0.047633378 -0.485763108 -0.057510840 1.363222405 -0.456414691 -0.090189967 -1.642459939 0.033366114 -0.487406713 0.416946055 -0.079168572 2.222721295 -0.382029607 -0.590393260 0.484718297 -0.068094550 1.111885880 -1.409157812 -1.051839204 -1.084409732 -1.148213104 -0.227418961
-4.695934774 8.139400279 -38.277032851 0.232736723 0.237415112 -0.630680076 -0.701220596 -1.164788473 -0.616437236 1.198727084 0.078039679 1.027417416 -1.501494787 1.208545101 0.973953934 -0.151378427 1.378544102 -1.475098532 0.333163349 0.748158249 -1.266026432 1.582871842 -0.318584569 -0.511477085 -0.412563170 1.833095725 -0.274849644
1.617103789 16.293963007 -33.143865553 -0.925915099 -0.091696661 -0.295446754 -0.216758318 -0.515250470 -0.561358187 -2.136264840 1.350447837 1.984982242 0.693983290 0.563824730 1.079781363 0.754638019 -1.124484912 -1.333249770 0.003205683 0.265998181 1.589189244 -0.268952108 0.540171359 -0.513260636 1.759559154 0.570373409 0.513289725
-11.157702848 11.615890368 -32.775814183 0.509748113 0.808912383 0.029649308 0.291442167 -0.599450655 0.602740845 -0.007621723 -2.551248893 1.494885447 -0.336313301 0.521480857 -0.424330936 1.729525499 -1.186200389 0.494748634 1.309269865 -2.459414947 -0.416226323 1.084814566 0.600485772 1.299851237 -0.386857960 0.148884574 0.684953173
-0.250035899 10.179231528 -35.853466543 0.334604719 -0.844911677 0.382503778 0.166897572 -0.440101753 0.408870923 -0.083646087 -1.185232474 -0.830191296 -1.137853708 0.665682415 1.163842805 -0.628200726 -1.142982300 -1.060477759 -0.165466213 2.447978921 -0.483953215 0.108988186 -0.877547428 -0.215091934 -1.508346607 0.531794724 0.749973852
-9.367886331 6.814334384 -29.738803133 -0.668558419 -0.558248616 0.240495127 -0.428427610 -0.435410269 0.356508461 0.548922752 0.153354526 -0.929517029 0.169494776 -0.120081994 -1.381340037 0.208342760 0.044841346 -0.271205420 0.679918102 -1.525216900 1.341687622 1.035197287 1.578026593 -0.703177016 0.271880332 -0.326267385 -0.352454849
-2.474971460 11.483850142 -38.698008506 -0.280336659 -0.269297186 -0.866575136 -0.312950343 0.234913297 0.087649146 -0.237488177 -0.345695597 -1.416983758 -1.131278126 -2.130811341 -1.685545883 -0.244902635 2.733824446 -1.426087457 0.747251869 0.106125925 -0.118404612 -1.219615983 0.122507482 -0.299032884 -1.677366919 -1.543748661 1.831094881
-1.799587513 7.358574655 -32.352664194 0.854845637 0.201224836 0.441123141 -0.184818497 1.330643788 2.186625260 -0.299602542 -0.639287771 -0.600241500 2.151807326 0.727014126 0.078870707 0.876236469 1.240235552 0.674515874 0.403660399 -0.012796901 0.854534448 0.482433245 -2.557214522 -0.291211075 1.635159621 -0.227411146 0.448531851
-8.387231906 16.954873011 -37.088506481 -0.171879332 0.674474681 -0.251343939 -0.672582801 -0.122477939 0.013321118 1.270433334 1.005169234 0.119536856 0.478116721 0.175138789 0.103202758 -1.304974737 0.463948402 -1.775501379 -0.955636278 0.801064093 0.341929788 -1.049951658 0.851863954 0.717766511 -0.084598235 1.421295959 -0.747862730
-4.894142124 11.464313004 -29.601594274 0.368393176 0.868156603 0.170143451 0.285730268 1.687964238 1.220415177 0.640506434 -1.560176279 1.420571806 -0.530462755 0.410944749 0.679061106 -0.158710727 -2.213278230 0.989936989 -1.149600340 -1.238327522 0.581970645 -0.687502858 -0.533459374 1.155422676 -1.472644743 1.145051174 1.105536091
-7.890554217 17.326359022 -34.868395854 0.429918259 0.517231382 -0.608166321 -0.421634576 0.292616306 -0.206231688 1.633156932 0.704705945 -0.683818290 0.113061725 0.929378006 0.537346369 0.167884500 1.379664224 0.009451129 0.824903961 -1.260994193 -1.418816142 0.261419805 1.640950086 0.741060955 -0.196707571 1.980392439 0.050300156
-13.715345327 16.628077655 -36.556299122 0.476865734 0.836982429 -0.048946023 -0.263938957 1.471987313 0.328958604 -0.123790295 -0.921311843 0.096674750 1.057291171 0.560694248 0.385703477 -1.875323732 0.634605783 -0.606590608 0.290691913 0.365379106 -0.377722810 1.371879987 0.159045789 -1.263221139 -0.640155021 0.288201186 -0.698236100
-14.334544691 10.329497250 -36.636286167 0.015888056 -0.900199911 -0.407829095 0.151865465 1.174654295 -0.002224324 -0.921383848 0.950651579 -0.078286067 -1.247722072 0.699490722 -0.079661011 -0.824250481 -0.014939809 0.634481686 -1.170864820 0.668488267 0.509124050 -1.203095991 0.440783115 1.069999335 0.102398609 1.274434125 0.864195950
-2.056415351 22.087394751 -30.955213951 0.646787890 -0.065299541 0.741482754 0.166146687 0.283953313 1.634822673 -0.184212844 -0.940753491 0.728041239 1.064071985 1.889811390 0.218818546 0.020022399 -0.503967974 -3.117703350 -1.899859243 -2.154980494 -2.271383484 0.464785084 2.526713714 0.039204958 -1.049665314 -0.230070220 1.527061481
-10.441857054 7.871286083 -33.749702289 -0.055838402 -0.227447296 -0.850930949 0.470176902 -0.741819464 -2.100100354 0.181181767 -1.384117103 -0.629719058 -1.619486608 -1.203895982 -1.065332257 -0.196267805 0.634245408 0.523844250 -0.151046298 1.579218070 1.464296580 0.403706071 -1.808337698 -1.640135997 0.547095962 1.576809013 -0.497774206
-2.837680423 13.452845083 -31.314228334 -0.462593409 -0.543855992 0.289008232 0.637732107 -1.466507540 -0.003811217 -0.006172831 0.099792892 0.148051875 -0.148635194 0.259070215 -1.499340308 0.050411011 1.078684627 -0.422210082 0.764825405 0.524508340 -0.747034360 -0.674580043 2.001863582 -0.698686507 1.793876852 0.678870197 -2.302759487
-9.645193903 14.859369430 -37.236175169 0.239679195 0.345985465 -0.685615540 -0.593952247 0.076424438 1.106312630 0.138633524 0.052372972 -0.388071976 -0.012285217 -2.322509293 0.363980003 -0.439034066 0.801887682 0.095781002 0.645297345 0.044144435 -0.577420897 -1.035520764 -0.067173311 1.324772171 -1.369226217 -0.826634594 0.769326774
-1.557471894 11.813756030 -30.707651579 -0.688189925 0.668537502 -0.267668548 0.088350352 -0.247058275 0.865527788 1.408343702 0.116106188 0.414092352 -0.933928006 -0.653892675 -0.099804049 -0.771156763 0.029395133 0.888870515 -0.107849499 1.587820066 0.682550788 1.856544633 -0.709517827 -0.185374861 0.953252848 0.462163593 0.684586710
-1.491599015 15.448465424 -40.201035800 0.073020693 -0.735340370 -0.672334113 0.043696214 0.381888553 -0.970988389 -0.445683950 1.073601263 -0.455683521 -0.087594545 -0.112869555 1.109044302 -0.450680365 -0.618811242 0.987364833 1.184514165 0.186617878 -1.943435999 -1.158879176 0.649177575 -1.263532294 -0.147674053 -1.506028925 1.067307974
-12.467475752 14.194766899 -29.663259758 -0.573969427 -0.037639835 -0.768516206 0.280223448 0.835017235 -1.062076034 0.761558158 0.209953758 0.774914202 0.272839599 -0.275159232 1.652791090 1.640938153 -0.596779622 -2.074207816 0.298844514 0.970980935 -0.215661624 0.192955807 -0.446535670 0.659227035 0.269241667 0.401668928 0.188970831
-0.778778221 14.136866602 -29.539052652 -0.447994472 -0.819378881 -0.294099777 -0.203530153 -0.750412915 0.546548445 -0.611722045 -0.088640507 -1.425596943 0.468708165 -1.340531928 -1.998203277 0.310908959 -2.430090112 -0.082092592 1.183964095 0.676646539 -0.814483484 0.960210910 1.276480705 1.277209909 -2.237136696 -0.520033778 1.020014500
-15.106543669 15.744171852 -30.586892791 -0.505427833 -0.444980096 0.290012263 -0.680020814 0.321299178 -0.225808057 1.698942295 0.636111424 -1.898664025 0.270053882 1.270804383 -1.668341591 -0.360207105 -0.025684807 -1.197785792 -0.366108806 -1.087416799 -1.205482419 0.039681501 -0.686122665 -0.480825816 -0.401546792 0.464948777 -0.196234488
-7.601762991 14.436602566 -37.087417727 -0.228688182 0.254440052 -0.928030496 -0.147381725 -0.550605793 1.350343796 0.326610127 -0.459465718 1.589880216 0.605703062 -0.865569149 -0.721466833 0.036137386 0.564276832 -0.172700878 -0.189217217 -0.158260484 -0.428480644 -1.083316417 -0.419558848 -0.481712705 -0.066375403 0.083417501 -0.646094638
-2.991751169 8.972255808 -31.057655636 -0.165673786 0.291611230 -0.853764581 0.398247571 -0.876914059 -1.621991308 -1.326407122 -0.337143946 1.718970844 0.289614904 -0.136377909 1.448002268 -0.158108192 -0.248473437 -0.577357247 -0.443540774 -1.131091353 1.076413847 0.778728071 0.672376508 -1.391155448 0.449091334 -0.634194007 1.125192258
-5.921138830 11.104549279 -35.448768522 0.284283244 -0.087714600 -0.207522859 0.931892402 0.567920666 -1.626148377 2.194848648 -0.298077489 -0.952384819 0.665438016 -1.326250522 -0.580426756 -1.339981082 1.616914123 -1.347475107 -0.290544463 1.354538135 -0.623201156 -0.294597222 -0.606389259 -0.308600399 0.325297270 0.366216752 -1.379054962
-10.381494214 11.474413138 -27.067764012 0.677470609 0.338470319 0.283189689 -0.588451372 -0.654726735 -0.773916633 -0.497895483 -1.197097095 0.618422874 0.954661213 -1.462024689 -0.625756948 -0.146552190 1.766685269 -0.065651362 -0.496850629 0.357293413 2.256306871 -0.710517777 0.897687679 -0.086115286 -0.596547726 -1.323539914 -1.021774629
-15.046458238 15.956955942 -34.287266001 -0.468111985 0.182744813 -0.586106521 -0.635574267 0.397975560 -0.332076598 2.968466891 -0.072521274 2.015613000 1.224005556 -0.329398868 0.153161648 0.342519530 2.382407666 -0.173311562 -1.069022529 1.228540405 -1.403056870 0.475780381 0.344232629 -0.716608865 0.821364532 -0.519477530 0.224197411
-10.221046821 12.883679529 -36.236422051 0.613694996 0.415316457 0.477188365 -0.472421376 -0.217624737 -0.468562941 1.336734965 1.549266224 -0.704648888 1.393768349 -1.704760897 0.101222753 -0.567230726 0.112084574 0.499447229 -1.233276434 1.448524584 1.461760340 0.746968488 0.431520068 0.260384805 0.179165622 -0.071469894 1.911525631
-10.634005091 12.049922152 -35.723176273 0.009659219 0.480073457 -0.733605385 -0.480894286 -1.134049157 0.787746835 -0.018437489 -0.149820283 0.869277280 1.852806118 0.654152483 0.026570860 -1.876497678 -0.503238238 -0.710809817 -1.699969724 -0.049010366 0.116133800 -0.137174981 -0.769516900 1.125808019 -0.347728497 1.833143795 -1.132008838
-7.021141674 22.058643476 -30.927626140 0.621364471 0.166901623 0.576542292 -0.503635808 0.081825301 1.517348722 0.730549716 -0.278693388 -1.140304419 -0.175188447 -0.968172053 -0.280042532 0.083677964 0.947671245 1.301470735 -0.622686000 1.495900319 0.023327193 -1.547541872 0.023082540 -0.340166858 0.406220230 -0.797440929 1.639531026
-10.072456410 8.308116516 -38.624173081 0.541741037 -0.392447083 -0.737994050 0.088694516 1.178500459 0.577553640 0.742650212 -2.184977883 -0.051880635 -0.535345123 2.082275278 -0.605341786 0.044146555 -2.138698920 -0.655997447 -0.310753691 0.296232493 -3.024345558 -1.103907778 -0.140232004 0.347150228 0.787283784 -1.032139178 0.617887377
-9.999943681 23.146663463 -31.808730875 0.066351769 -0.002539005 0.251854833 0.965484407 0.039101539 1.606336215 -1.235173036 -0.007609588 0.567874186 0.268179406 -0.917578266 -0.352743040 0.177659694 -0.341083543 1.495938794 -0.365308189 -0.273044262 -0.283848698 1.008640153 -0.113336995 -0.183467796 -2.233696368 -0.604915966 0.084812773
-7.034356617 14.772790637 -32.912781964 0.099098347 0.360490714 -0.911316317 -0.172419642 -0.619744215 0.106568359 -1.174359164 -1.524884004 0.061923533 -0.212581056 1.689064513 0.229600397 0.158304272 -2.277783322 -1.294698697 -1.042740856 -0.430943438 0.298622164 0.320885190 1.093958659 -0.835540732 -0.242249942 -1.126389984 -0.367809905
-7.020876985 7.882172544 -30.279556063 0.291714228 -0.578897463 0.210440763 -0.731775390 1.522131554 0.284841960 -0.283734545 -0.291720442 1.722259720 -1.791909185 -0.675101401 0.290127094 -0.099582883 0.069881815 -0.867479997 0.031597624 -1.042462281 1.676343694 0.670691310 -0.113975182 0.365719770 0.160996260 0.958545007 0.572884026
-6.143206288 12.594799124 -32.861313406 0.843746427 -0.165443672 -0.451175806 -0.239083147 -1.375382025 -1.995577095 0.437126813 0.768225609 1.004824191 -1.186729876 -0.841558625 1.252083939 0.680357306 -2.130713765 0.759042266 -1.116423132 0.620544990 0.116265022 -1.490959371 -0.048657836 0.686507225 2.089720593 -1.010515943 -0.639046596
-15.138703904 10.678833323 -33.937526057 -0.724869606 -0.037682473 -0.559626581 -0.399952716 0.584211505 -1.251197009 -0.739743237 -0.836256462 0.624286393 1.001914686 0.802987892 -1.492937805 0.689695493 0.838155003 -0.616996307 1.258846289 -0.108240534 -0.304670514 -0.128826075 -0.835912960 1.474767174 -0.534820668 1.668289297 -0.732396303
-5.114257213 6.894162254 -37.802228406 -0.135464385 -0.982711369 -0.036206869 -0.120900074 -0.424134033 -0.528829340 -0.135800696 -0.599032152 1.487263934 1.854643804 -0.236468700 -1.051282195 -0.811426180 0.560648909 -0.659833813 0.924309719 -1.660266959 2.688014640 1.630550427 -0.104245934 0.374763766 0.712473852 1.265714147 -1.281094841
-8.583782601 15.933291702 -28.174249085 -0.589271992 0.020949199 -0.011074515 0.807587150 -1.181521563 2.221002176 0.334074014 -0.639308901 0.846912973 -1.097570907 -0.107269373 1.420359866 0.312403963 -0.451018387 -0.120062479 1.179269611 -0.509758723 -0.245212565 1.044870244 -2.628622237 0.685593098 0.750278679 -0.456724000 0.768250554
0.143089208 6.506361993 -34.600146707 -0.167828630 0.118339241 0.387744307 0.898600983 -1.295859858 -0.503101854 -0.301713121 0.133744485 1.762782895 -1.213356449 -0.080996034 -0.361249539 -0.931508589 -0.755093540 -0.752899199 -1.365168526 0.356086294 0.646005321 1.116867088 0.385906423 0.328479625 1.303783351 -1.277794174 -1.011104450
-10.102262314 14.676793902 -36.107187507 -0.033531003 -0.572812046 -0.777236017 0.258197999 -1.164024082 -0.790823204 -0.645023391 -0.555748077 -1.162934318 1.348592635 0.719675103 -0.229323992 0.673984259 0.779477335 0.894644161 -0.011318671 0.098452481 0.814425377 -0.025092296 1.360703770 1.661603084 -1.568715756 0.994363563 1.262853657
-2.477032153 20.855036526 -34.869670636 0.623661546 0.567572590 0.220977226 -0.489976220 1.194820702 1.639052431 0.068527014 -0.817482771 0.454382765 -0.440950511 2.083687840 -0.781612536 -0.554543650 1.878765746 -0.911645927 1.192873284 2.579266989 0.703517557 1.267998961 0.871789544 1.668801288 -0.873400793 0.353238090 0.929389776
-9.983560258 20.588320094 -28.958168347 -0.480731368 -0.716052392 -0.384371147 0.329279738 0.243814642 -1.465364604 -1.927399608 0.005153827 0.628858006 -1.528812324 -2.076239194 1.294725761 -1.400944427 0.326902727 1.593384933 0.365388463 0.056892672 -0.002845111 -1.796558567 0.355460178 -1.928975993 -0.615955799 0.683022978 0.138047532
-5.209555581 11.123314256 -36.233272250 0.276647767 0.541391456 -0.444124877 -0.658114274 0.734757629 0.202750232 -0.148718922 -0.141319624 -0.824431700 1.674596451 1.276614399 -1.159511968 1.814930329 -1.023301795 0.056403804 2.340036844 0.595117625 -0.882911286 0.751314856 1.197145512 -0.695183917 0.007415674 0.631061103 -0.706334668
-8.349444827 15.084911608 -35.140208087 -0.035415233 -0.607928833 0.715146999 -0.343122522 -0.391109458 -0.363357273 -0.364358152 0.464409126 1.254189666 -0.196807410 -0.302893446 0.709483460 0.114734345 -0.340121986 -0.844665257 1.342971969 -0.427554288 0.741158212 0.603947520 0.283556775 0.699680367 -0.940104958 -2.142025411 -0.156332766
-1.673762371 18.014949879 -35.070971484 -0.133680983 -0.904567892 0.397083877 -0.078808111 -0.271253159 0.703978012 1.249639652 -0.740057111 1.052677814 -0.077434548 -0.093782718 1.119248016 -0.325898603 0.525884346 0.689129498 -0.181177119 0.643768120 2.402034187 -0.558428569 -0.681871025 1.152723135 -1.180175122 -0.175963445 -0.158682193
3.456709232 13.977031942 -31.344269158 0.230862245 -0.539283981 0.437405028 -0.681580702 -1.085147800 0.921965383 -2.315215880 -0.191930846 1.145626514 -0.308770333 1.093206535 -1.487274785 1.127661107 -0.244587412 0.155674224 0.420332703 -1.367766211 1.541203265 -1.052499147 -0.990231148 1.196559236 1.338819982 -0.371575847 0.174058658
-3.831469713 14.657364068 -24.374147009 -0.234063858 0.300361561 -0.406795869 -0.830369896 0.177060865 0.418662745 0.729594150 0.740326544 -1.059701552 -0.432369380 -0.450675940 0.775712312 1.012682225 1.918096073 0.849296654 -1.240838822 0.788770227 -0.491272073 0.536263344 -0.438881215 0.072524686 -0.998760119 -0.897599313 -0.112937124
-8.677139168 22.383788222 -34.036200811 0.208613038 -0.218264155 0.175705454 0.936999975 -0.224323169 0.734706434 -1.340916102 1.940456867 0.070104573 1.451554366 -1.082247870 -1.159252585 -0.996933769 0.415172201 0.446524618 -0.140819094 -0.606958409 -0.146523873 1.378051432 -0.212839957 -0.383294085 1.335186163 -0.732355734 0.296975297
-5.516654505 10.047013742 -39.237213906 0.293466253 -0.051765788 0.636362010 -0.711506327 1.230050829 0.069783087 -0.859572537 0.852930739 -1.281403068 -0.621329658 -2.949991235 -0.297167764 -1.821994294 -1.011661894 0.679472330 2.022948484 -0.734751489 0.652539275 0.745802840 -0.818106940 -0.436694913 1.860650267 -0.260984796 -0.374718303
-10.278051278 15.009354545 -29.561444823 0.119913771 0.513347867 -0.009141290 -0.849712358 -0.367792180 0.544120418 0.680304395 -0.101496757 0.690199947 -0.769445178 -0.232593007 1.057898692 -0.663091638 1.227117863 -0.415721861 0.165942760 -0.846959793 1.653103076 -0.014468852 -0.123399689 1.327812719 0.717618827 -0.506798134 -0.042465095
0.582367773 15.962489996 -29.294170985 -0.066194167 -0.353347477 0.932611031 -0.031631576 -0.757550387 -0.396174513 -1.776324607 0.180387249 0.013908486 -0.847913959 0.648729342 1.517746507 -1.130242736 -1.051913857 -1.103384632 1.633027959 0.341019293 1.769635286 1.048446650 1.260163685 -0.129756030 -1.347548488 -1.894792238 0.039204513
-7.117745249 12.729995723 -34.194050290 -0.490491751 -0.540231814 -0.349181140 -0.587911524 -0.798527695 1.135588849 -0.090806994 -0.176957450 -0.618325219 0.039153904 0.530312732 0.509551946 -1.066465756 -0.504561992 0.775776168 -0.112506966 0.338553593 -1.755426926 -0.298317214 0.078530942 -0.804584716 -1.025034834 1.186372973 -0.449947186
-2.030678408 19.424553398 -31.409389372 0.694393602 0.701361127 -0.121539146 0.105538287 -0.231479197 1.455959674 -0.275278049 -0.235585444 -1.079786257 1.298281983 0.303290269 -0.787614018 0.188360712 0.066564062 0.746919858 -3.288120446 0.735407847 0.271135604 -1.291376455 -0.569114685 1.468561571 -0.917545894 0.274084604 -0.547740342
-9.017842936 10.658994332 -25.782666092 -0.322015585 0.840085852 0.436483620 0.006616193 -2.072581863 0.687605010 -1.012490741 0.250824463 -0.525608228 -1.852497764 1.371452091 -0.178250794 0.538275042 1.617623814 -0.411910116 -0.358399393 -0.817748793 0.561648689 -0.386391602 -0.154297556 1.785642346 0.187082661 1.869296622 -0.410247183
-6.030959969 7.317222719 -34.309124010 0.374289610 -0.663697568 -0.336045976 -0.553611713 0.320334269 0.863899530 0.553517701 -0.337438695 -0.138242014 -1.663923905 0.441291989 -0.303468140 0.194982467 -0.319551783 1.153378302 -0.237264112 2.002685747 0.134444816 2.259123449 -0.109597079 0.031192804 -0.219351969 0.279913675 -2.209276376
-6.331847296 9.989658710 -33.693358164 -0.154845893 -0.955089594 -0.150233584 0.203116929 -0.372470406 0.888877279 2.165785782 -0.446093877 1.847920325 -2.548251250 1.344676693 -1.121673979 -1.599684730 -1.111814863 1.130232105 -2.916337929 -0.716920865 0.095098527 0.101797579 0.359951198 1.049885434 0.995891880 -0.105566661 0.206256682
-7.798570677 20.387090486 -34.009121416 -0.125570626 0.962781769 -0.110207047 -0.212456325 0.271825988 -0.823350150 -1.959456443 -0.632091067 -0.564486725 0.106325409 0.117195029 -0.444319383 0.128273293 0.942277774 0.658637978 0.402148483 0.468873176 0.679292592 0.459125610 -1.468885005 -0.928577748 -0.228694058 -0.685529912 -1.701678422
-1.133312699 8.557851296 -31.919135162 0.621563586 0.303658125 0.379077752 -0.614614114 -1.343574842 0.185622017 0.348411934 1.566439437 2.013184330 -0.124164146 -0.958653328 -0.981802919 -0.617807797 0.144917048 -0.507839997 -1.243856213 -0.784750073 -0.108176660 -0.115895428 -0.493430397 -0.784895622 0.701265688 0.768355429 0.268366749
-6.411080255 9.001522756 -34.061465743 0.626721903 0.092857146 -0.547606099 0.546557194 0.201782620 -1.083395128 1.765992070 -0.720791094 0.570297173 -0.574543703 -0.624866267 -0.459050334 -0.589174647 0.320959603 -1.094732441 -0.391606577 0.297356931 -0.756902920 0.966081296 -1.674385962 -0.618851351 0.949869943 2.397028311 0.172715577
-13.963415718 15.661627604 -37.205489151 0.010908345 -0.226939012 0.137978879 0.964023611 0.256519168 -0.332252354 1.413219396 2.579391644 -2.086687991 0.881987283 0.634165862 -1.746346620 0.866192131 0.813148919 -0.698589399 0.364913479 0.709453948 -1.367556201 0.060199252 -0.718481498 0.433387650 -0.880238268 0.838919706 0.228718094
-0.155896637 18.242245866 -39.446161571 0.307606463 -0.081973121 -0.143195209 -0.937098609 0.440538839 -0.210051113 -0.993952528 0.669767244 0.439142936 0.847127897 -0.584719609 -0.768069706 0.949133179 1.671992837 0.168692811 -1.492021170 0.571710925 -0.694583941 -0.345609448 1.416859504 -1.438612929 -2.022617707 0.783384100 0.065638278
-10.652898156 20.345367839 -34.870482516 0.030751097 0.859786059 -0.509621787 -0.010389253 0.653797044 0.263424677 -0.403952299 -0.883688960 0.210687954 0.420188547 -1.451497723 0.027541392 0.984687367 1.165967946 1.914463452 0.266532910 -1.335737596 0.435959566 0.425978124 -0.239462057 1.370580896 -0.490925305 0.924497647 -0.928969827
-3.509180465 5.075119430 -34.898932109 -0.410855029 -0.192187190 0.578516867 -0.677923642 1.544887024 1.825676750 -0.541663620 -1.075970606 1.137699963 1.282693751 0.737268519 -0.069076890 -0.905583590 0.002372598 -0.924820424 -1.589246426 0.702592196 -0.803582907 -1.556025997 0.591212095 -0.375839585 1.876730216 0.659122424 -0.808426234
-9.942179732 20.242576883 -31.331713262 0.444965342 0.720579597 0.369537906 -0.382377595 -0.113903965 -0.741196358 0.616820084 -0.084635498 0.089460108 -1.476628445 -0.657799720 0.102850769 0.468535760 2.030481713 -0.468882899 0.162329395 0.353371128 0.260379915 0.206316258 1.885897515 0.189891492 0.135548454 0.625513204 1.396132992
-7.544859453 11.410711445 -29.638166100 0.660793491 0.214769524 -0.028740704 -0.718609759 0.129037955 -1.499435929 1.086801773 -0.462871871 -1.176110087 0.735526441 -0.204510491 1.223468332 0.396323367 -0.250756967 1.739439140 1.847810346 1.054298448 -0.934536508 -0.347362764 -0.553721672 0.549586664 -0.872219542 -0.630162423 -1.293849421
-7.614887524 14.458203772 -36.903506413 -0.581205024 0.678099707 -0.408968868 -0.187419243 0.054743668 -2.488101837 -1.032391502 0.192962157 -0.612036292 1.394025884 0.692389338 0.442863088 -0.946759605 -0.688182148 -1.815084261 -0.038928616 -0.652103290 0.127504736 0.856855150 1.943123430 -1.017844586 -0.187991704 1.291169708 0.677130087
-10.838580446 8.662375251 -34.689908409 -0.858852870 0.248839942 0.323886113 0.309108745 -0.376603809 0.269409859 1.064555377 -0.341006364 -0.837384113 0.088216942 1.021665256 0.829984809 -0.782904084 0.839126637 -0.913305687 0.083622690 -0.838512517 -0.187918340 -0.660514856 0.613287056 -0.178365844 0.514118210 -1.353233639 0.439154496
1.252658140 19.495556616 -35.637311259 -0.380525739 0.882328654 -0.268190967 -0.069064559 0.523867454 -0.640508619 1.020183323 -0.617732497 0.730270737 -1.410951425 -0.546233335 -0.306917999 -0.498322114 1.449891143 -0.099905929 -2.289722639 1.927927284 1.367307109 -0.662186065 -0.673206544 1.348341756 0.357324627 2.496454477 -1.165159313
-3.791802340 8.261432909 -26.613057982 0.371639939 -0.723022578 -0.352159482 0.463795005 1.042522166 -0.326175110 -0.417316415 1.685583247 1.110859871 -0.438424901 -0.264390952 -0.232111179 -2.616443788 -0.785368393 -1.377144655 0.302412734 0.065836122 2.319721503 -0.270295355 -0.251760451 0.854125270 -1.717673905 0.140998445 -0.334458888
0.883566754 9.241588788 -32.688366553 0.240094048 0.008234591 0.592163762 0.769174309 1.195288652 -0.673410534 1.451272014 0.873072858 0.932127689 -0.634350170 1.316859822 -0.461279614 -0.374775152 0.376357455 0.182173589 -0.500149374 0.699176425 0.041433605 -0.258253140 1.879861429 0.279839545 1.409376518 0.285398198 2.002120748
2.610699051 14.571589023 -32.681540785 -0.751635607 -0.009256527 0.219417104 0.621944021 -0.045799646 0.227068626 -0.509985775 0.434154724 -0.277378928 0.744781140 -0.108774600 -0.690250183 2.395899191 2.820343915 -0.556893380 1.325279779 -0.447285555 0.335683217 2.286168192 -1.162580300 -0.941685803 -0.829014862 -1.480817127 0.496021592
-5.696730865 17.378825732 -40.045230140 0.230564600 -0.757823761 0.206977077 -0.574198225 0.232648312 2.410245917 -0.458937171 0.283989554 -0.314884311 0.924674432 0.711385697 -1.498607303 -0.693767386 -0.324481336 -1.045853822 0.902354741 -1.229341385 -3.422137071 0.402410810 -1.300960949 -0.903956057 -0.327274417 -0.241260179 -0.888564362
-13.952945546 15.973961056 -30.213003834 -0.133251106 -0.812036367 0.548658378 -0.147699236 1.126018919 1.706787224 -0.312646287 2.133287321 -0.422470622 -1.723247894 0.067341484 -0.160169816 -1.704021585 0.586450470 -0.303412242 0.112471506 1.390533846 -1.011017372 1.105721537 -1.492508481 1.363926378 -0.088147095 0.399903843 -1.034889467
-2.899608289 12.253452299 -42.001407001 0.148712564 -0.726745878 -0.415060960 0.526734660 0.804758811 0.437661673 0.430869703 1.023390730 1.031275373 0.134917046 -0.316023110 -0.259785316 -0.358440449 -0.458026664 -1.490396550 1.001349800 1.348754812 -0.933885627 1.525480017 1.280337277 -0.476555428 1.230369709 -2.281417867 0.620027028
0.510168418 11.680891471 -33.467392868 0.513134195 0.149077461 -0.546292370 -0.645006864 0.917412631 0.403969677 -0.089437246 0.002850854 0.675666921 0.098889001 -0.166650004 0.650694362 0.651442360 0.965509802 0.226625777 0.331336355 -0.699661131 -1.056533936 -2.154138268 1.190658382 -0.680568494 1.018547792 -1.159380889 0.884065488
-8.444387418 16.991901045 -29.529150495 -0.615258341 0.608420957 0.494219893 0.083832035 1.505482317 -0.460290539 1.039530366 -0.959574854 0.237755378 0.798844712 -0.707200855 -0.744717265 -0.846825343 0.136650362 1.328467921 -1.177225146 1.074330342 0.841739816 -0.116516830 -0.648830050 0.848354506 -0.028631786 -0.306918627 -0.128837456
-8.659768182 15.726505761 -40.543382714 -0.287878572 0.478115326 -0.160546518 0.814098568 -1.204587034 0.921143537 -0.527858866 0.058176668 0.109650342 -0.316340866 -0.472230568 -0.216215533 -2.090040599 1.977123383 -1.000029541 -1.058658903 -0.609401779 0.687104683 -1.729744588 -0.604760388 -0.226897086 0.354217208 1.045258126 0.142353179
-4.400364232 16.973125778 -25.919700707 0.505151325 0.228431216 0.095083499 0.826801334 0.712178478 -0.264320916 -1.133006580 -1.458469414 0.560161774 -1.879290420 -1.184405062 0.583838610 -2.783777788 0.748242848 0.524909653 -0.142533976 0.166685620 2.431167022 -0.669950902 0.427007561 0.373212765 0.880233442 -1.095804797 0.395688702
-3.885526383 15.842763102 -29.753148727 0.521510904 -0.033594601 -0.173286679 -0.834787102 0.071446312 -0.047081912 -0.355350052 0.902498683 0.257454703 1.394743540 0.421328254 -0.362445986 -0.570683976 -0.035522582 -0.991168676 0.889410788 -0.686472282 -1.193497026 -0.115062778 -0.557429095 -0.194046959 1.461965480 0.527703327 0.904540587
-5.185858287 13.716955401 -28.273285298 -0.500732166 0.830442654 -0.239701424 -0.046642504 1.366681929 -1.323784087 -0.625146184 -0.822624893 -1.496948615 0.935079972 -0.245062619 -1.026978148 -1.353602629 0.582749147 0.775832528 0.103881478 0.354518372 2.271939334 -0.199549722 -0.981561695 0.033803573 0.943677847 0.733923377 -1.807135784
-10.216382974 13.610417290 -39.036566334 0.008350643 0.729039058 -0.022695739 0.684044751 -1.187224115 1.488110165 -0.615280761 -0.412080440 -1.316778626 -1.097472107 -1.136971863 0.227827890 0.506740501 -0.581712212 -0.338577625 1.329518170 -0.777004727 0.978364472 1.011581269 0.402390299 -0.791314504 -0.664180261 -0.056087785 -0.940726226
-8.964649448 19.443977918 -38.075952717 0.184366107 -0.276337708 -0.575996908 -0.746909748 -0.018330817 -0.600334626 0.782536577 -0.359979859 -1.524668445 -0.425155076 1.520743579 -1.893824492 -0.206308498 -0.941447041 1.599693700 -0.472159205 -0.807913420 0.021052214 -0.007854958 0.259743210 0.594560392 0.964285628 -0.080933545 -0.811126979
-8.513897316 19.842902388 -33.729869060 0.750142451 -0.187092633 0.470141383 0.425734342 -0.513131039 -0.541777390 0.737288162 0.521810509 -0.592406437 -0.612057298 0.934881378 -0.255925406 -0.980169113 -0.528853441 1.515968815 2.243004249 0.315073462 0.549335170 1.335234011 -0.943268474 -0.415357875 -0.858281492 0.048569472 1.741987209
-12.228391038 19.201646180 -37.115584618 -0.415648741 -0.015488627 -0.202690965 -0.886517117 0.421177712 -1.101490532 0.350004397 2.016736572 -1.101328569 0.013988389 1.760336453 -0.376350213 0.673629350 2.549431330 0.225241881 0.098331378 -0.231437150 -2.184636163 -0.913671882 -1.756994602 0.580288377 -1.497030174 -0.596653045 0.915664659
-11.322485251 21.089766424 -28.654546724 0.551076026 -0.582025073 0.420662349 -0.424976723 0.549325628 -0.501378168 -2.524069332 -0.247375624 1.122195646 1.037273796 0.622634869 1.055918464 0.156452906 1.182964598 -1.598579850 1.251006004 1.185192875 0.445295231 -0.418424443 0.529445726 1.106670037 -1.792856342 -0.618251037 -0.231018844
-12.985037469 13.407971995 -39.692255053 0.069853001 0.035654280 -0.995741245 0.048463415 -0.195868868 -1.065350966 0.075049703 -1.050518796 -0.559563940 0.905439039 1.742709039 -0.009015872 -0.730253733 1.384344426 0.119023999 0.890180450 0.685232557 0.758813858 -1.226618927 -0.562393268 -0.037659557 0.178929051 -0.571584902 2.432686255
-12.892548855 16.682114311 -28.493536265 0.123070585 -0.922527992 0.354236719 -0.091170616 0.724766468 0.948586287 2.011052291 0.746707964 0.942104587 0.927649753 0.369689986 -0.578118293 -0.561375521 0.706071057 -0.104928585 0.490361409 0.923789935 1.054371058 0.655491690 1.500805132 -1.406912712 0.633137805 0.099832735 0.609693339
-5.303691000 7.562711774 -28.906254348 0.265390569 -0.280866681 0.151877898 -0.909733399 0.720715857 0.665299950 -1.274215998 1.833778576 -0.392881106 -1.356487830 -0.121549798 0.168994136 -1.397932180 -0.459208513 -0.261707625 -2.808926366 2.344194004 -0.426266860 0.119164438 -0.580488560 0.109601604 -1.678042809 -1.576774520 0.871765105
-13.485148094 11.176906988 -31.639780010 0.540434537 -0.155251244 -0.822884541 0.081783827 -0.151862196 1.540720465 0.032290131 -0.157731711 1.038184544 -0.264246360 -0.919469151 0.556702542 -0.792231079 0.618656295 -0.145251947 0.339846038 1.529707890 0.787434977 -1.457405459 -1.500714922 0.472468232 -0.820070530 -1.582447333 0.495235812
-11.829594049 13.756864026 -25.390020523 -0.260981127 -0.626285857 -0.415305433 0.605950719 1.018529303 0.760578308 -0.234947227 1.915266659 -0.442095576 1.008494646 -0.571434131 1.536767551 -0.676389398 1.446089134 -3.850863187 -1.245139294 0.277175844 -1.166979650 -0.395972980 0.307404586 1.058489413 -0.108945416 -1.273134947 -0.679591152
-11.181128607 9.560859646 -40.203422599 0.741594791 0.349754336 0.112588253 0.561277966 1.180717775 -0.937075551 0.728159423 0.237308494 -1.653426101 0.458137368 -2.442849601 0.149717198 -0.778535566 -0.889285413 1.365436782 0.563845443 0.430170813 -1.383918724 -0.035415309 0.572920788 -0.953521669 0.784963415 -0.707331492 -2.159261352
-15.053753356 17.748761766 -35.160305730 -0.145823130 -0.529440611 -0.444162953 -0.707917740 0.336631420 0.471598411 -0.081757594 -0.837301714 -0.176874929 -0.195037499 -1.695082570 -0.783003854 -0.551332673 0.393983297 0.634794444 1.591962011 1.157924770 -0.394181914 0.948142710 0.559613105 -0.703477083 0.178646467 -0.841031997 -0.562178194
-6.404519477 21.040569654 -35.312306204 0.102804652 0.086141013 -0.963242824 -0.232753501 -0.085652543 1.446447472 -0.260660267 -0.073158986 -1.715863149 0.547664928 0.150472056 -0.912383992 0.962740819 0.472903470 -0.799524155 -1.056020811 -0.756593338 1.425118264 1.866198885 -0.065575227 2.678208491 -0.947146193 0.438549338 -0.248133186
-9.393981933 16.910414952 -27.309656339 -0.300089008 0.332444431 0.076665020 -0.890814101 0.146290231 -0.319587440 0.697050165 -1.307809452 0.602198652 1.703953291 0.952128928 0.473044704 1.909524102 -2.527433799 -1.014395209 1.976728164 0.766333826 -0.093247381 1.135231530 -1.101624547 -2.125912553 0.077673587 -0.474826816 0.959787210
-3.124314945 8.080050494 -30.055453422 0.050006249 -0.973739629 -0.208091537 -0.077642918 1.097578148 -0.363658576 -0.079733081 -0.184115013 -1.434931054 -0.491481898 0.555433119 1.080832505 -0.677399403 -0.272406879 1.307865242 -1.538274523 -0.181777457 0.505763421 -0.687658504 0.083223524 -0.896111832 -0.705766365 0.696682702 0.408155807
-13.535127871 11.434116285 -31.562937275 0.325399462 -0.171246417 0.919867117 0.136507663 2.147505167 -1.228251431 -0.252852338 -0.091698074 1.117730172 -1.899380562 -0.038781540 0.244423301 -0.448709530 0.008455475 1.247111385 -0.830662574 2.023865024 1.369550389 -1.579652794 2.544086496 1.256402525 -0.254794976 2.754078730 1.286142473
-8.690843967 18.330861539 -34.916170357 -0.103238166 0.551531616 0.687680370 -0.460706486 -0.809328255 0.812586633 0.343251475 -0.033417823 0.274798131 0.368857114 -0.022982500 1.419987227 -0.877457945 0.757300304 -1.014462801 0.581154928 1.606343513 0.127799092 0.612263014 0.376776298 -0.691928701 0.579956560 1.064304137 -1.813553590
-4.088868272 14.941124589 -29.662339172 -0.774221787 0.514048400 0.301234534 -0.213524293 -0.091069209 -0.672168248 1.841744184 0.356648585 -0.264605439 -0.157778625 2.268529488 -1.242297869 0.569710101 1.010276067 0.225811459 2.039994435 -1.017299853 -0.137637056 0.558549436 1.598950954 1.248217259 -0.466042441 0.878606776 0.545498527
