-6.714249689 -35.878552913 15.416118462 -0.807854877 0.448371964 0.140022651 0.355986989 -0.545599982 -0.661252444 1.330029137 0.106762885 -1.538269842 -1.285030061 -0.912936786 -1.373534084 0.524212892 -1.256339809 0.989644878 -0.471699284 -1.698470422 -1.288143130 0.776993423 0.673783352 0.686650453 -0.492497441 -1.127381149 0.408714042
-10.960848534 -27.535329375 22.744694279 0.357710139 -0.104216940 0.639971039 0.672026305 -1.151663844 -0.415436680 0.826814685 -1.497501149 2.868915083 -1.680656993 0.932427726 0.916036761 0.041258151 1.852771812 0.364492448 -0.704332403 0.708551943 0.747055060 -0.033795790 -0.764551727 -0.391981220 0.526495896 0.619407466 -0.017479503
-8.177938491 -23.326458641 18.295841394 -0.438015783 -0.283237896 0.823715143 -0.222287722 0.898939173 -1.050668264 0.471871208 -0.138551680 0.333265422 -1.563962339 0.452330527 -1.647230411 -0.091293815 -0.680989045 0.347802722 1.539635689 1.547320682 0.047125058 0.158264124 -1.958043705 0.520204721 0.321736269 0.346344169 0.154568239
-13.371791272 -25.705539635 14.379218460 0.041115594 0.915950243 0.360120405 -0.172214846 -1.518824385 0.523518323 -0.376193935 0.450430724 0.957919357 -0.808415785 -1.861684518 0.752265560 -0.572447628 0.157100799 -0.877550794 -0.145138062 -0.349867915 0.165581736 0.736024984 -1.858773330 1.439429012 -0.071778658 0.779025939 0.533223310
0.081156550 -30.276913310 14.639553916 0.371595108 -0.267494826 0.307370939 -0.834198237 -1.281617523 0.825127118 -1.009245181 -0.670274677 -0.470787095 0.178588119 2.272912852 1.413683458 -0.268967456 -1.032606509 2.497350517 1.384821590 0.189025192 -1.353638948 1.196349227 0.448095753 0.751502566 1.071149862 -0.640954843 -1.166111637
-6.710304382 -30.169862484 26.398690164 0.830591986 -0.231610776 0.464676034 -0.201369274 0.028800047 -0.615767727 -0.355952808 0.617454444 1.091655627 1.322450867 -0.258091509 0.502279125 -0.218536459 -0.240697560 -0.096430753 0.394456152 -0.300050590 0.682399741 -1.831004318 -1.860161302 0.740306379 -0.794264839 -1.073248717 -0.347862255
2.089153427 -24.979119445 18.643923791 0.221890072 -0.036848839 -0.969289963 -0.099417943 -0.881593060 -0.312967098 -0.886972957 0.751215064 -2.252427657 0.662904740 -0.199342928 -0.374475822 -0.872893497 -0.797159663 0.058080234 -0.407604305 -0.381225345 0.644025630 0.058068792 -1.397524012 1.186414100 -0.158598923 -0.709619650 0.353095047
-9.690897237 -23.266928670 17.526405184 -0.613782019 0.218379370 -0.571125004 0.499397951 -0.281918016 0.227962280 -0.034092994 0.200060715 1.160573334 -0.783555580 0.928635870 -1.966461136 -0.627203638 -0.556597465 0.381299383 0.997144042 0.831273157 0.246962542 -0.729025670 0.102431850 0.132237418 0.028396494 -1.120751852 0.033806255
-11.050718601 -22.522684581 13.654673216 -0.806478032 0.211647569 0.542928217 0.100137113 0.539703800 -1.701997110 0.293742758 2.260846275 -0.420905459 -1.253804947 0.825320633 -1.758756055 0.311831958 -0.900893359 0.238171428 0.689349522 -0.348064572 0.717629806 -1.716957451 1.604781033 0.148562748 1.308715103 1.096414910 -0.917215513
1.080902090 -26.852209366 17.177548283 0.220102873 -0.441854204 0.275238528 -0.824962629 -0.626175014 -1.475330751 -1.159662810 -0.358457327 0.622448505 -1.826263555 -0.259131099 0.773512034 -1.146361633 0.114805388 -0.142589872 -0.729292212 1.237338919 0.754059219 -0.548599210 0.144221315 2.754282790 0.130028304 0.534622139 -0.436204120
-8.599869565 -33.965008796 18.109431946 -0.095025241 0.157789792 -0.856031789 0.482992921 0.277993503 0.525494844 -0.427556637 -0.505753755 -1.000694136 0.032137577 1.333713104 -0.516650648 -1.408848001 -1.227477178 -0.065751978 0.797481991 -1.148542464 0.148927142 1.465638065 -0.479310819 -0.230558962 -1.540435460 1.072204408 -0.431497440
2.662949850 -32.975769565 18.204469808 0.237355663 0.009536417 -0.210775825 -0.948232512 -2.007300130 1.424527400 -0.453302434 -0.856451055 -0.471761849 -0.902838269 0.529448663 0.040210986 0.652133986 -1.777502114 -0.244354082 -0.968815119 -1.854181003 0.439556111 -0.629604856 -0.114387692 0.884410259 -0.712449374 0.806962020 0.112835278
1.145830017 -28.101805948 15.162428624 -0.325117294 -0.096028336 0.712083974 0.614828202 1.780538597 0.236365397 0.525534079 -1.154927778 -0.392370111 -1.472322201 0.408640930 0.096990297 -0.430857531 0.190633241 -0.292192297 0.302830344 -0.751053639 -0.602218653 0.057741023 0.353293145 0.208318042 -0.331390988 0.249302156 1.291983793
-9.447106429 -36.137312341 18.165812121 -0.096642307 -0.571412639 0.496467700 -0.646272144 -0.055520278 -0.129159646 0.360663508 1.184911359 -0.351613795 0.640597908 -0.556970177 1.289743579 0.854381101 -0.142702142 1.367518841 -0.939921090 0.333747337 1.323034115 -0.378354329 -2.293586820 -1.155347028 -0.296418498 -0.171928072 0.292245349
-5.900718726 -31.774228384 9.431687257 0.033363428 0.412135560 -0.875170483 0.251212635 1.870981606 1.453302297 -0.526097650 0.097312841 0.599722602 1.262410071 0.077021166 2.767821880 1.874432036 0.800686495 0.758901351 0.085690369 2.394702426 -0.442511838 1.036659882 -0.639688690 0.158756126 -0.489524305 -0.224606440 -0.808359016
-0.769452984 -30.822134029 22.440188591 0.456219574 -0.790520894 0.380593407 -0.148623936 0.021321221 1.632690137 0.833341559 -0.067025726 -0.167347705 1.046225520 0.111905675 1.014953930 0.023825202 0.118107715 -0.619836042 -0.308229826 -1.710834241 -0.240749420 -0.983608876 -1.208004794 -0.531821564 -0.038919039 -2.969915770 -0.946649938
2.391549495 -25.290984104 17.089403632 -0.081545926 -0.322113734 -0.452394870 -0.827606118 -1.115553801 -0.390365814 0.256140824 -1.465663695 -0.620081090 0.691307404 0.142064830 0.431937945 -0.133625589 0.852464101 0.894887418 2.188299891 0.070342150 -0.106637776 -1.046543589 -0.116405332 0.878565483 0.684832407 -0.499653619 0.323475365
-3.878801145 -28.566882376 22.147901171 -0.240706288 -0.544745093 -0.680124067 -0.427486280 1.323746293 -0.324791882 1.049032359 0.615586123 1.091418454 1.973211762 1.686015008 0.487658125 -0.497945419 0.942830637 0.665913987 -0.486407571 0.846913746 -1.048349779 0.372116500 0.518616722 1.569902319 1.117086484 -0.048562869 -2.187983061
-11.025049474 -34.815635330 13.954496674 0.538358319 0.730771302 -0.383496161 0.170511933 0.343030575 -0.739560643 0.554754118 1.001795709 0.663220416 -0.476321027 -0.296049927 -0.015336087 -0.273696318 1.438295991 -1.120805777 1.131368612 1.363118193 -0.823816242 -0.006665665 -1.656658253 -0.579401777 1.308928361 -0.105587085 0.770463497
-3.989589253 -26.089991544 8.908121964 -0.306536618 0.943206102 -0.099874360 0.080141514 0.058869615 0.687124070 -1.236690826 -0.652565882 1.229443085 0.497057277 1.407490173 0.861875077 1.056992464 -1.662850530 -1.671165782 -0.072105139 1.579643045 -1.694422262 0.796785227 0.555609280 1.231780451 -2.659071155 -0.163769876 -0.247384223
0.531346917 -28.191116245 23.996973524 -0.306463939 -0.392996096 0.080301897 0.863241292 -0.093518548 -0.358773241 -0.763271743 1.175641701 -1.064623997 -1.116426113 -0.245539494 -0.511259737 0.755070228 -0.571084913 -0.902889030 1.044319303 -0.525889346 -0.689734512 0.277792316 -0.359754652 -1.029074001 0.336600986 -0.539987260 1.022442039
-5.672084932 -28.693149173 22.405109230 -0.073089491 -0.666580980 -0.683006831 0.289533060 0.057982536 0.340090273 -0.037942658 0.003344204 0.987449769 0.527982602 -0.995011919 0.312247692 0.276955277 0.102830605 0.965850225 0.240556308 1.733710223 -0.689146351 0.266051975 1.580973908 1.439353207 0.210260834 1.977462868 -1.014877697
-12.703203848 -31.726565887 22.337258390 0.138154002 -0.894510171 0.250816153 -0.343302030 0.843121342 -0.170169067 0.568565710 -0.370520883 -0.165524734 -0.612584659 0.097133380 0.748916176 -0.059856390 -0.980067694 1.730265618 0.661078994 -2.447903086 0.480821562 -0.583253124 -1.523854900 -0.667266828 -1.083517420 -0.881010581 1.314404820
-12.460203343 -22.682239784 16.671540795 0.106794951 -0.310190365 -0.330671124 0.884891736 0.004213336 -1.274613488 1.390501386 0.315011471 -0.513363901 0.012307836 -0.615122227 -0.015232696 0.978135978 1.483544898 1.088834366 -1.838784963 -0.063333521 -0.427607871 0.525199292 -0.333693471 0.120028440 0.025817592 -0.647345298 0.206212112
-7.112834238 -37.885247495 19.587761268 0.673759518 0.445820756 0.566426609 -0.162643359 0.024901443 0.947363329 -1.349002678 -0.265378233 0.163696859 -0.072210525 -0.835921778 0.047247905 0.047937782 -1.468716229 0.082639549 -1.299752194 -1.451196252 0.975489633 -0.024092172 -1.260267471 2.152018532 0.287493121 -0.237227466 -0.942377948
-2.375725250 -22.207677409 11.107826162 -0.484802547 0.657634075 -0.565177203 0.114274421 0.113005808 1.546282699 0.541968250 -0.893779508 1.994313807 0.510615764 -0.148407707 0.954560164 -0.381414147 1.129158309 1.345785742 -0.903989286 0.263118472 -0.349112446 0.821991884 -0.965147927 -0.289337324 0.285488135 0.711924310 -0.060892377
-8.301181313 -29.151556707 12.300140571 0.092328397 -0.653315964 0.390616531 -0.641928690 0.146675950 -1.231875787 1.675904943 0.990545287 0.122734653 1.185523334 -2.545087754 0.488147290 -0.426308001 0.632990441 2.078957056 0.278839849 -0.391615127 1.155543527 0.510195319 -0.892555459 -1.250355342 1.432856598 0.009596079 -1.540892009
-8.119252120 -23.490068072 24.753633733 0.241237563 0.341713660 -0.644095840 -0.640450437 1.286467105 0.810008820 0.119009379 2.242614112 0.832037362 0.780364191 -0.810534849 -0.436872703 1.126622247 -0.178403065 0.394290723 0.380133333 -0.166281669 0.233910281 0.587745869 -0.095122104 -0.173277558 0.528153377 -0.796430454 0.315870682
0.303603137 -32.977443447 18.087864524 0.352042153 0.354844244 0.742706980 0.445576286 0.446011255 0.797480357 -0.535226269 -0.247704281 -0.305897372 1.206797213 -0.946070252 0.431961879 0.113114681 -0.287719395 0.549882402 0.517370265 -0.881865642 -1.026479409 -0.098856699 0.274018092 -0.979596845 1.758629452 -0.224992679 1.341773935
-12.884356969 -27.073413234 22.701603328 0.607621442 -0.440583163 -0.374037416 0.544773963 -1.799413745 -0.197155584 1.005062661 0.789017484 0.951901905 0.288449716 -0.169838489 -1.214866503 2.040018345 1.055553242 -1.087842935 0.180149250 -0.324413616 -0.022350766 -0.732044830 1.044520548 1.394905036 -0.206623771 -0.494987295 -1.077845796
-2.930598335 -22.758155802 20.219133748 -0.529449984 -0.315345532 0.118735026 0.778551156 2.668358514 -0.529048295 -0.249343082 -1.262364632 0.759765758 1.474143592 0.938681070 -0.717609889 0.825233872 0.517296624 0.811380896 0.040447488 -0.657309832 0.217356133 0.511048354 -1.328088516 -0.692881631 0.082109961 -1.299372073 0.765842505
-7.927624815 -24.125793162 20.549915618 -0.637963078 -0.279016231 0.250324007 0.672674472 0.432039758 1.188294920 0.562875107 -0.112653538 -1.265255252 0.776414729 -0.678644237 0.083620359 -0.071271586 0.260013515 0.500006845 -0.469531512 1.367940879 0.274687372 1.006149811 -0.774325368 -0.920216806 -1.043825898 0.008231796 1.129175239
1.028659673 -23.013688129 22.558889262 0.439501743 0.375444342 -0.777459717 -0.247863175 -0.146934011 0.531933827 0.478811539 0.813028236 0.951183830 0.287609559 -0.007599017 1.242952703 0.326579768 -0.896629455 -0.654026351 -0.579182958 0.032259048 0.296812927 -0.451554942 -1.540135158 0.743164798 0.991595615 0.287249783 -2.944491619
-2.004701334 -24.095805158 11.822624647 0.329324771 0.708618420 0.538659644 -0.315041137 -0.425617339 0.782785945 0.235737074 -1.028244265 0.115592644 0.292440843 0.677809114 -0.301315557 -1.038640458 2.352424992 0.143340798 2.643540361 -0.222278213 -0.688427413 1.041404138 -2.939027668 0.080638299 -0.901020447 0.726006893 1.107171839
3.868057966 -28.629784007 17.671018793 -0.013495841 0.859781614 0.424845593 -0.283018835 -0.878364966 -0.582705240 1.297352120 -0.211179625 0.954810915 1.266247926 1.203768822 0.601947332 -1.239879810 1.679091446 -0.874019675 0.398997984 -0.383364029 0.805977175 0.064769823 -0.004030847 -0.805138582 2.109393334 -0.500168515 -1.061464521
-7.984627832 -27.450194970 19.703051561 -0.040481268 0.588759544 0.737601380 -0.328127521 -1.515982685 0.375378877 1.511230359 -0.767694114 -1.107577827 -0.435111457 0.699426941 0.714139972 0.919861982 -0.071845099 -3.178673836 -1.318767844 -1.016456079 -0.100382912 -0.359884515 0.568598555 -1.320520938 1.306417452 -0.060179647 -0.455826252
1.921714486 -31.648783144 17.770620669 0.231535701 -0.454164549 0.160685379 0.845166250 -0.494243801 -1.476203236 0.214756529 -0.618840119 -0.704864326 0.041351866 -0.306961959 0.321305806 1.623172783 2.710178386 -0.063719423 1.183635900 -0.493517778 -0.649464178 1.739530737 0.797750683 1.575319808 -0.038242074 0.507374838 1.060328260
-10.398635132 -32.017796177 12.005684850 -0.757025259 0.431454390 0.095517470 -0.481286068 -0.396888707 -1.288017212 1.034254547 -1.530151854 0.410675246 1.307045318 0.078245396 -0.300337348 0.814802019 0.420132403 -1.106619612 -0.292301944 -1.514916672 0.915097812 0.579049896 -0.655245749 -0.959061538 -0.467626525 -1.208015711 -0.872344535
-7.520450675 -28.178069216 26.908101412 -0.445158587 0.470881199 0.531406678 -0.545629611 -0.219881779 0.589585317 1.323168069 -0.928912874 0.282040574 0.805104469 -0.333002071 1.001147986 -0.260398460 0.360057636 0.093479688 1.608130794 0.603405550 1.705069053 0.037250537 0.668724923 0.714041276 0.486467175 -0.100674075 0.436403171
-7.842583216 -35.050850554 12.934764523 -0.401630523 0.219159831 0.146297533 0.877074069 -0.531683791 0.565511547 -0.496012055 -1.401417220 -0.419476884 0.077928085 0.457652913 -0.456330603 -0.862401779 1.473963915 1.060277300 0.141481787 -0.294044809 0.746036331 1.476456092 0.878844870 0.106379940 -1.025543634 -0.097024653 0.842457197
-9.575225505 -36.265541121 13.629838019 0.405050841 -0.652933019 -0.216866195 0.602147276 0.198260640 1.205936542 -1.100746179 -0.797515989 1.064181888 -0.117570965 -0.140660449 1.841364310 0.983341626 2.057195551 -1.017787348 -0.992205922 -1.233601698 1.673846305 -1.280217608 -0.686846928 -0.449613797 -0.881753859 0.285877452 0.511213539
-0.387008460 -26.453406908 25.579499288 -0.269558347 0.272741035 0.271223859 0.882829680 1.237110613 -0.508095588 -0.811785793 0.620128903 -0.772613353 0.927654743 0.891901727 0.367502845 -0.267921226 2.038468350 0.457265906 -0.003321493 0.710068413 -0.901297422 1.832284366 -1.152907785 0.495356493 -0.917045777 0.120039711 -0.307479556
0.762899252 -31.441785256 17.910690354 -0.713886159 -0.384986494 0.111119694 -0.574285961 -1.058965897 -1.177655417 0.655799237 -0.812080224 -0.033491941 -0.893042274 0.981924905 0.614361806 -1.175467610 -0.041152903 -0.154620809 -2.164790190 -0.156605114 1.324941987 1.063650544 -0.519075069 1.941281651 0.160563630 1.204484491 -0.284490061
-10.062395407 -19.947130270 18.558598339 0.490499587 -0.778759664 0.375823717 -0.108166880 0.215670422 -1.066043912 -0.298051288 0.416126512 1.096291763 -0.517751693 -0.714738673 1.667876598 0.345417898 -0.553865549 1.022024215 -1.079346609 0.171863310 0.595543274 -0.610973385 -1.106184296 0.355357190 0.190606264 -0.848891945 1.610791779
-6.150261862 -31.203334412 23.091363804 0.225086240 -0.670794588 -0.519344289 -0.479220528 0.051888125 -0.697765512 -0.218794171 -0.412359917 1.625071825 -0.356676084 -0.207279580 -0.058673711 0.212879634 -0.262671806 -1.516757173 -0.722580716 0.108140743 -2.196402180 -0.204056788 -0.398881326 0.058775123 0.122540760 1.325552181 0.879537281
-7.296041070 -25.924866774 11.396343005 0.064712113 -0.257659127 -0.427585156 -0.864057319 1.034265766 -1.104400203 -0.817609376 1.043495686 -0.021989794 1.379191620 -0.456167008 0.491449739 -0.337620350 0.677696094 0.382798066 -0.274269580 -0.706919193 1.379642220 -0.380082109 -0.282508526 2.096167659 -0.882219146 -0.505526608 0.001328850
-8.683116415 -23.795934676 10.724370667 -0.543331964 0.758819799 0.317441214 -0.167970132 1.362644765 1.342101880 0.579161838 -0.008090623 -0.139702339 0.213132008 0.167874832 -0.033521627 -0.250196435 -0.778717867 -1.549527423 -0.076402369 1.327515279 -2.180658399 -0.069666155 -0.879602768 -0.120753875 -0.277965061 0.892899896 0.912795135
-4.390129238 -36.383628732 21.926227457 -0.261142655 -0.349677325 -0.570447835 0.695787001 1.349229107 1.064794311 0.839276321 0.164135329 0.426959729 -2.142142362 -1.303631143 -0.535333227 0.387275923 1.372605828 -1.949509646 -1.519391539 -0.909675738 0.519877164 0.548738074 0.630733395 -0.264440999 -0.246721175 0.213367330 0.560581889
-1.325266469 -23.197007656 15.857284712 -0.348440132 0.817477306 -0.350679394 0.295540676 -0.016809162 1.255326470 0.848245910 0.719316309 0.359427263 0.950064145 -0.703732519 -0.845001228 -1.258490234 -0.427032702 -1.553603001 -2.228611769 -2.068780667 -0.765784981 0.227411300 -0.720737445 -0.827411851 1.663138363 0.757347304 0.359845791
0.969581075 -30.667528120 22.668101184 0.030563781 0.206944481 -0.431548183 -0.877499859 -0.550323887 -0.502862193 1.212401047 0.638833557 0.630581430 0.438821814 -0.303528817 -1.450421536 0.865403537 1.705238707 -1.287695836 -2.610781287 0.911734500 0.377424986 1.664992243 -0.220501186 -0.260144715 -0.422685689 -2.696596237 0.527506461
-9.971026671 -20.988513888 14.162449325 -0.715978192 0.117684975 0.611971660 0.314668339 -1.160927805 -0.296496672 -0.512487654 -1.036606469 -1.906076373 -1.322336017 -1.015876518 1.259090799 1.311897686 2.106116139 0.350902415 0.059949654 0.829636479 -0.634139120 -1.523227390 -0.613911735 -0.711893725 2.083602501 -0.579127442 -1.077739008
-5.477138065 -24.411005374 16.192304896 -0.722696570 0.243584876 -0.361078762 -0.536654641 0.841524251 -0.208812683 0.697347843 1.663528857 -0.645415589 -0.879927327 -0.189070432 0.887791925 0.616458179 0.065124737 1.080385221 0.290571771 -0.184991887 0.332442728 -0.774609949 -0.138475759 0.702641335 -0.103154225 0.118404076 -1.762290318
-1.662111237 -32.727369381 16.999748373 -0.287759601 -0.168134476 -0.184930397 0.924513904 -1.350150385 0.568703865 -0.441502972 0.793338348 -1.398835047 0.143241777 0.826307475 -0.149395853 -0.681061414 0.126721574 -0.859671544 -0.660523206 -0.186424331 1.110342711 -1.240050032 -0.033069577 0.765291877 0.728417301 1.834906133 -0.811043580
-4.490664829 -31.154545937 27.138446586 -0.939454979 0.174686871 -0.135767341 0.261679325 -0.028330981 -0.683233621 -0.444875370 1.801609034 0.176812401 1.042626906 -0.786375878 -1.103914175 -1.362887098 -1.068875246 0.110509520 1.895438838 1.168095196 -0.000195635 -0.060823842 -0.113651404 0.230953620 0.679631858 1.780648360 0.420939526
-8.049897848 -24.718672811 15.046082768 0.632017245 0.470610968 0.130099594 0.601792003 -0.783634363 1.105252518 -1.876390682 0.062128560 0.907334585 -1.222548828 -1.813648628 1.262304334 -0.980351019 3.000500535 0.567915974 -0.103879181 -1.617729222 -1.022632346 -2.333615219 -1.133105167 0.350225338 2.275918384 -2.038771154 0.523063358
0.648739516 -36.261277311 16.692462930 -0.496681443 0.161816359 0.753431627 0.399329179 1.619972912 0.954931420 -1.622758170 -0.610597779 -0.102445798 0.228424085 -0.479747966 -1.726355694 -2.121844129 0.181971236 1.209092043 0.857620269 -1.003054595 -2.025247708 -1.263117529 0.394639758 -0.661544274 -0.003108981 1.073497573 -0.162387807
1.816882450 -32.795287909 20.488571823 -0.232746427 0.068098719 0.693299422 0.678621821 1.320366711 -1.021738101 1.394668258 0.321940112 0.356697381 -0.386371053 0.077374437 -0.037100239 0.828905128 -1.020235180 -1.576636801 0.189224912 1.723186732 0.100145936 -0.479422029 -0.237673344 0.879959883 -0.804070413 -0.584391711 0.938516663
0.570472115 -29.691144172 10.316037413 -0.978482362 0.034303032 0.080970509 -0.186653012 0.382490266 1.109495805 0.209468407 1.851109668 0.312300309 -1.900901095 0.660931223 0.841146173 -0.055396175 -1.182269262 -0.460154192 -1.203999923 0.578905925 0.493206129 0.025183657 0.055669346 1.984552267 0.325948917 -0.294895370 -0.862382911
-10.059930164 -25.131257033 20.701866132 -0.365769855 0.822502093 -0.376127284 -0.219615540 -0.263694725 0.131951974 0.017860186 -0.392758276 -0.335566495 1.519222207 -0.891101789 1.519084365 -1.368383248 0.471941319 1.136865555 1.067736642 -0.884471007 -0.271937448 -0.546821515 0.543260664 0.342949402 0.614886152 0.626297576 0.260158145
-12.512676427 -27.365512170 10.781834465 0.078931531 -0.369480653 0.530925484 -0.758532788 1.485274075 -2.460194153 -0.397214527 -2.037484349 0.874816655 0.561708032 -0.798121369 0.482330926 -0.892641646 -1.477156655 -0.506113713 0.614719875 0.511864703 1.586177051 -0.796757351 0.195308964 -0.222667234 -1.478961114 0.230838675 1.054198384
-11.902324224 -25.639557211 17.559666599 0.065638353 -0.963401831 0.199922016 0.166071390 -0.371583671 1.124813016 -1.680653120 0.090299836 -2.416935794 0.295464948 0.826301781 -0.354682365 1.731134325 -0.557023055 0.140506767 1.307197394 0.383691465 -0.752554082 0.539008568 1.023422002 0.164847230 0.899274510 -0.678904945 -0.844665016
-13.468972211 -26.163614577 13.352433067 0.575615011 0.261141322 -0.770487517 -0.082592713 0.688497313 0.478737421 -0.969843053 0.357109054 1.112590399 0.786684069 1.947950233 -0.103656862 0.725564837 -0.085794794 1.361214406 -0.519954052 -0.915512329 -0.210805691 1.024075736 0.639286478 1.640498070 -0.051498013 1.519198942 1.639748558
-1.473373118 -25.864300701 24.137316789 0.239837280 0.925225142 -0.271250712 -0.113400033 1.118543703 0.684109757 0.635615236 -1.896212064 -0.014611776 0.874740853 1.337537167 -2.205983433 -0.318894396 -0.135425440 -0.399332264 -0.342899009 1.378678679 0.230201528 1.050561096 0.287606558 1.947612556 -1.448668698 -0.390900004 -0.036077412
-5.897542482 -21.453169719 13.314546468 0.008703475 -0.350015071 0.067601760 0.934261046 -0.480850877 0.058337996 -1.415027611 -0.132039844 -0.765614960 -0.223858325 -2.050098842 -0.442897817 1.878298713 0.821077122 -0.885885835 0.204158557 -1.032958560 0.091597103 0.857440058 -2.419942253 -0.314371119 0.041252427 2.769189913 0.913977623
2.202549692 -29.075725783 22.165800702 0.570868769 -0.448738062 0.410274950 0.551740397 1.369320907 -1.662963403 2.397996529 0.289770135 -0.005978291 -0.537201932 1.444941959 -0.053963928 0.142464765 -0.699806101 -1.163795049 1.866960943 0.546730379 1.148141352 1.941834950 0.990625626 -0.643931766 -0.907945893 0.048487785 -0.403351973
-12.773048599 -32.518635345 17.705794862 0.297806106 -0.733842837 -0.241684282 0.560691467 -0.919469676 -1.189420099 -1.835718839 -0.544745806 -1.868856130 1.276930882 -0.942838925 -0.339863235 0.810425118 0.226601329 0.028985030 -0.162224802 1.241298033 1.068892781 0.434185587 -0.035464663 1.308370289 -0.321500250 -0.269673755 0.428496421
1.855168824 -24.157519975 14.974779746 -0.162740695 0.389671923 0.879487375 0.219483974 0.458301997 0.108529827 0.479865275 -0.190432041 -0.750252091 0.654258397 0.482730535 -1.025162570 -0.944353312 -0.197296754 0.814922222 1.343775516 0.140834993 1.359615437 0.543541006 0.791734658 -0.315389321 -0.420314680 1.862054082 0.632944341
-0.031086035 -29.642940363 9.296124310 0.241258360 -0.925266321 0.076791520 -0.282453007 0.462531837 -1.336178095 1.386095489 -2.796133959 2.564631268 0.269983759 -1.287034637 -2.019907137 0.903168457 0.826157936 0.011277515 0.275145207 1.568227894 -0.641935183 -0.011740749 0.348463842 -1.279688819 0.152040070 -0.486996366 1.419251469
-4.600755872 -36.863642756 19.995870012 0.433019430 -0.073006933 0.681300521 -0.585656692 -1.760410830 -0.702138183 2.669193142 -1.055116337 0.584327369 1.333473343 -0.771590180 1.033889562 -0.276247482 -0.376015763 -0.379550821 -0.310235187 -0.122220680 0.864089045 -1.592006970 -1.369502007 -1.719576683 -0.190530817 -0.241949713 0.759752692
-12.174945824 -32.303092845 14.276494774 0.457749370 -0.181876449 -0.451461981 0.744021876 0.569510719 -1.189408977 -1.159254178 0.692239707 -0.339305659 1.113809314 0.666558167 -1.451181554 0.867356959 0.673015238 -1.165396413 0.535304580 0.199166859 -0.064031332 1.052823614 -0.100835930 -0.754124141 1.687104000 -1.242334406 1.102406100
-4.811887318 -31.732957014 13.955640271 -0.537639429 0.263271725 -0.316874912 -0.735678009 -0.135144914 -1.621628358 1.223787111 0.864764754 -1.116565495 -1.312464955 -0.364574120 -0.884020208 0.448378626 -0.096271014 -0.553644132 -0.231419362 -0.890930702 0.781149431 -0.479103200 1.127978487 0.164505415 2.060652127 0.946438738 -0.497393248
-5.115439101 -25.586778759 25.634382620 0.331789589 -0.666600351 0.623935034 0.237201844 0.840361416 0.324884794 0.838558914 0.199445706 -1.414445532 0.954242816 -0.809638333 -0.139898154 -0.969662820 0.615353910 0.044138368 -1.460260898 1.930723056 0.016769190 0.024595112 0.256625842 -1.399202351 0.658489564 -0.514655538 0.381274729
-9.704531672 -33.752621774 16.654174829 -0.035595214 -0.127815136 -0.991103325 0.010510503 0.477500713 1.038611033 1.196883865 1.852472298 -0.212596814 1.404334684 1.067867212 -0.856403453 1.005418352 -1.235532521 -0.591121971 1.252245664 0.678558045 0.013390837 -0.453422946 -1.351348186 -0.176058529 -0.967352807 -0.764396606 -0.942787304
-3.849459757 -33.331826661 26.111033152 0.460833542 -0.187799718 -0.348887170 -0.794129369 0.383005802 0.685822909 1.292053416 -0.699457856 -0.360163441 -1.087597777 1.546363956 -0.631616398 -0.380251560 -0.774027367 0.100927005 -0.869086994 0.073816285 0.033758409 -0.334251508 -0.854853626 -1.271473598 -0.179439763 -1.193771234 1.116769255
-7.138243182 -29.228588400 20.671189691 -0.148597702 -0.874503769 -0.443040194 -0.129912540 -1.297213030 -0.470401386 1.908391622 0.015286753 0.036662403 -0.179176811 -0.558147736 0.209948929 0.487851894 -0.070719041 -0.476824088 -0.236148189 0.306091359 0.653942036 -0.137021623 -0.144929834 -1.164925916 0.552395407 -0.023167092 0.240250399
-9.257673273 -25.908558679 22.800294151 -0.328595039 -0.842627494 -0.183966401 0.384916317 1.926018501 0.689787994 -0.563442467 -0.854476583 1.304598000 1.278927534 1.091839011 -0.121057756 1.184212722 0.750810287 0.893605469 0.775171623 1.195987526 -1.373090784 -1.278490795 -0.114309157 -0.284376879 -2.164076491 0.719855234 0.192560442
-8.778679087 -19.817890807 18.078946923 0.387701502 0.076439306 0.918058929 0.031817943 -1.032894843 1.574642283 0.458968690 0.591670121 -0.339174897 0.015307315 0.541852998 -0.138825678 -0.034067302 -0.500064346 -2.004494946 0.573864513 0.255448646 -1.198433979 0.438892833 1.060325102 0.403676287 -1.554740285 1.466195013 0.162862917
-5.599639358 -31.644189051 24.394301799 0.302156552 -0.557784909 0.716368497 0.290505749 0.693799298 0.657219910 0.301172515 -0.031926200 1.636802516 0.244767290 -1.875275015 -0.155037498 1.105974986 -0.423104617 -0.870587168 -1.141518072 1.671520360 1.884593796 0.079502260 1.069202264 0.176525967 1.009004168 0.879101643 -0.404120224
-8.066332856 -26.609498178 24.663898315 -0.634418546 0.357986215 0.682087601 -0.064152031 0.643921005 -1.176529032 -0.527285271 0.202000631 -0.162036521 0.529968627 0.685150040 1.162997578 -0.214525041 1.426586098 -0.849316384 -0.139862442 0.657839476 -1.136524962 -1.546804979 -1.639594166 0.085240526 0.954695124 0.124200466 1.498803790
2.630458325 -25.566002137 14.371583674 -0.689230587 0.662489365 0.238772287 0.170460654 1.563514976 1.621935730 2.181443480 -0.594716750 -2.618823397 0.439967786 -0.085387230 -0.703670779 -0.409382486 0.542886056 0.649452750 0.684246333 0.695898667 -0.826734340 2.101622077 0.652555316 -1.090749849 -0.913083170 -1.603859504 -0.194915367
-5.299444604 -24.820726863 19.512287249 0.669766663 -0.012131578 -0.423363896 -0.609941353 -1.353094128 0.746273834 1.605798141 0.951614470 -0.070428991 -1.287218298 -0.438507247 0.094772303 -1.081882516 -0.818635626 0.488774029 -1.826870544 0.701004640 -0.543802269 0.742057375 0.282730700 -0.965338759 -1.130785510 -1.030785864 1.865640858
-11.057610868 -27.524392375 9.667116682 -0.179022665 -0.401797356 -0.761074697 -0.476733758 1.940250156 2.700570958 0.267558297 -1.616133185 2.388140378 0.586516532 -0.881589559 -1.416882858 -1.067539483 0.104561219 -1.414104073 -1.015060925 1.845541916 -0.234840974 0.370787586 -0.543080321 -2.825065300 1.797761728 -0.924373288 0.473204189
-6.551170861 -29.945387686 25.401613163 0.809588075 -0.282484849 0.287966164 0.426432817 -0.211451493 -0.138499801 0.162145780 -0.400309215 -0.147219081 0.312102227 -2.415012366 1.294270583 -0.022639928 -0.104457433 -0.586956101 -1.098386934 2.089656599 0.767925227 0.506132314 1.163783970 -0.321585755 -0.938545315 -0.704848238 0.663185509
-8.198198943 -35.247002036 23.856608707 0.190980497 -0.634690441 -0.083571868 0.744117085 1.447046564 -0.689197696 -0.777938385 1.581237705 -0.906240406 -1.321335657 -1.085089750 1.027998423 1.468066847 0.195606267 1.028525254 0.437441887 -1.473027726 -0.649159265 -0.826632083 -0.252138926 -0.348316935 1.195178433 -0.496523146 -1.438620687
-2.558544622 -26.663213829 17.701893342 -0.249774668 0.856229544 -0.288722386 0.348027252 0.267907946 0.216160422 -0.263689203 0.207870793 1.621937826 1.352062085 -0.980374686 0.933359479 -0.443446110 -2.047273348 0.264654050 0.681640679 -0.939273150 0.394010855 0.312839326 0.963416925 1.169696221 -0.375310034 1.421485928 0.681043358
-3.981173293 -35.331575820 16.720662666 0.109243744 -0.246177310 -0.943820985 0.191479723 0.532874447 -0.602600579 -1.138139223 0.973904436 -0.088454753 0.395815330 -0.906368645 -0.394160959 -0.912992109 0.764368703 0.022414609 -0.724810350 -1.328447626 0.162372913 -0.559386644 -0.143394820 -0.768317988 1.266945306 1.389997787 0.587273341
-7.301070082 -23.759832237 21.674189872 -0.274980567 0.132413540 -0.755548195 -0.579654438 -1.889549527 1.532709860 1.435079237 0.570544759 -0.098794227 0.072918093 -0.454690376 -0.146978998 0.826935621 0.227559767 0.776119429 -0.575788021 -0.555225583 2.258910827 -0.827102539 0.127396607 0.471135291 -0.210406561 -0.890022183 1.208782147
-0.956339622 -27.456853928 14.450792574 -0.818460345 -0.057770633 0.466328854 0.330639709 1.140702922 -1.837747293 -1.670039170 0.409303900 -1.038808355 -0.973315310 -0.316343542 -0.174405352 1.034401295 0.760770656 0.883478646 -1.070683882 0.981343728 -0.243065598 -1.409038133 0.318258064 -1.052171059 -0.030598935 0.729609157 0.714739671
-6.674901184 -25.293667514 13.985339455 -0.660510182 0.378416416 0.197473128 0.617682507 -0.281517617 0.153661821 -0.218871284 0.748261750 -0.583256841 0.194131953 -0.788388783 -1.047072272 -0.810851322 2.413611569 0.473251041 0.257403787 0.609076247 1.942774701 -2.056117474 0.358905247 1.290162580 0.665043378 1.197468676 -0.163804431
-14.039964494 -32.684528992 17.694201638 0.335949733 0.308657308 0.114510164 -0.882471453 1.509590042 -2.503322244 -0.289252641 -0.495357454 -1.615672548 -0.225612703 0.508323104 1.681524273 -1.464257304 0.215964731 2.047828126 -1.621612957 -0.063564557 1.322484150 1.349604443 -0.611696664 -1.160745602 0.410731052 -3.136016412 1.242411822
-3.064191530 -33.899247773 21.493180460 0.165912684 -0.421094884 -0.728880123 -0.513698205 -1.170335062 -0.342872676 0.444373070 -0.430081103 -0.706388045 -0.062143512 0.576394154 -1.279645137 -1.005296324 -0.493972061 0.213187500 1.714006563 -1.168158613 -0.797991564 -1.301583948 -0.108167921 0.810960240 -1.228990271 0.962547524 -0.579647364
-4.880404746 -21.457322387 17.471646924 0.041658569 0.397223286 0.039972339 0.915904164 0.227997449 -0.148998360 -0.615948509 -0.031324954 -0.740077950 -0.232546436 0.394368448 -1.639285075 0.568515213 1.514181313 -0.058215998 0.588544796 -0.494779298 -1.399371477 3.035956632 -1.148306476 -0.439690003 -0.402546286 1.296214452 0.098872477
-1.881463735 -25.217934795 10.253481169 -0.371427375 0.900603517 -0.027407928 0.224062080 0.673240750 1.139178873 -1.300856420 0.333069767 0.338060696 -0.978128080 1.344574585 1.654350529 0.720752457 -1.140996063 0.436011824 0.647122456 0.444131772 -1.265081308 0.962336912 1.258658930 -0.479060484 -0.413157775 -0.349324712 -1.139727150
0.341614905 -28.402958420 12.311526401 0.590256558 -0.722964112 -0.163335125 -0.319752599 -1.420271043 0.755723512 0.524400000 -0.992584242 -2.078478389 0.747687883 -1.113430724 0.310981189 0.380242451 2.168207169 -0.159841839 0.906271680 1.002674167 0.335972819 -0.934210873 -0.006921132 -0.179347094 -0.755267042 -0.151948026 -1.385963577
-0.834875075 -21.714152873 19.389039590 -0.674826305 -0.502609551 -0.210719852 -0.497584406 0.433170990 0.769806147 0.279016729 -0.206460791 1.400791940 -1.069236312 -0.057888058 1.436931398 -1.367204427 -1.166909486 0.682069321 -0.666723283 2.389262151 -0.287437610 0.786797471 -1.350537838 0.115918333 0.106664710 0.772507134 -1.038872414
-3.707104741 -27.676334840 15.058682775 -0.446122607 0.083532657 -0.074700491 0.887928348 -0.378463348 -1.099732488 0.107048970 2.158271131 -0.459346109 0.351366162 0.937376860 1.718481918 0.194987916 0.491208402 -0.341634375 0.684803827 -0.030538766 0.220499764 -1.081978274 -1.476803891 -0.429159323 1.982324824 -1.784484366 2.089469447
-1.756420153 -27.080698945 19.247922465 -0.258528349 0.458431051 0.724832454 -0.444546935 -0.462405352 1.106887166 -0.154420951 0.527677770 -0.800525228 1.135836923 1.032489718 0.025311835 0.566919082 -0.955050238 -0.011128831 -0.470704577 1.034482423 0.834871357 0.812727802 -0.478958534 2.019439504 0.791611234 -0.927203936 -0.066302356
1.710505238 -22.978932088 13.636885269 -0.199112522 -0.740023091 0.579752896 -0.276778988 -2.133866524 1.268130658 -0.110774798 -0.654316395 1.585340568 1.724261968 1.447905959 1.020972107 -0.269225344 -0.058178890 0.849020258 -0.612333210 -0.210955709 -1.374598482 1.505378036 0.137369704 0.427751239 -1.254482611 0.975903538 -0.971674142
-7.998061420 -34.771748898 15.803454116 -0.278476293 -0.937736682 -0.195033693 0.071152848 1.657759278 0.001343425 -0.044385875 -1.724300137 -0.897070800 -2.245156872 0.374686874 0.188352110 0.534203778 0.915083709 -0.303962366 0.655416035 1.198909146 -0.309253616 -0.014908853 -1.326130949 -0.366406938 0.980043443 0.138162525 0.082751316
-3.366489575 -36.231452266 11.624870316 0.332038109 -0.429709189 -0.644464247 -0.538299676 1.074339973 2.119723141 0.600322120 0.547767460 0.886548864 0.306073459 -0.935186274 1.214990090 0.656697543 0.153424410 -0.336953518 1.010084630 -0.100342776 -0.776959153 -1.055854387 -0.238752321 0.317374123 1.480597388 1.983330067 -0.155576026
-13.445763513 -24.835611110 17.775306270 0.324401553 0.016151535 0.469056849 0.821272447 1.171480797 0.154732185 1.738146566 0.602729742 0.167602341 0.014197544 -0.084040801 0.481202057 0.750829124 -0.562032465 0.588790024 0.695776103 0.321139309 -0.728512532 1.115831492 -1.869897938 2.253232583 -0.685467248 0.906201112 0.459070110
-6.283092675 -31.087884113 23.882662922 0.080849848 -0.060641200 -0.985080046 -0.139295546 0.129550872 -0.388276276 0.510569592 2.245487423 -0.521914059 0.098964172 -1.103297507 -0.360296414 -1.078651859 -1.078744872 0.611324863 0.665263529 0.310961641 1.759291593 0.189646081 0.140383104 -0.331334826 0.640341804 -0.067349837 0.179883439
-12.542870027 -23.477657487 19.429823935 0.337448666 0.318095674 -0.646767809 -0.605503874 0.201000197 -1.209966053 1.634151162 0.365099728 2.014037349 -1.206971601 1.596848461 -0.481571915 -0.387836515 -0.764117037 1.234019868 0.827064428 0.677009448 -0.926366072 0.180434581 0.583611178 -0.419050724 -1.411058327 -0.856838817 -0.618879319
3.352828764 -29.786324950 13.997530731 -0.101372208 -0.757340869 0.210890748 0.609658573 -0.920592149 -0.752049497 0.164187585 0.078517885 0.576638500 -1.398306749 0.610789586 1.053431819 0.149528223 -1.987860684 0.008683111 -0.067178323 -1.230025560 0.613491856 -2.010494034 -0.177453223 0.178133686 1.418775856 -0.402524503 0.737786946
-4.998242652 -30.551723767 22.111915364 0.076350185 0.948527405 -0.252145257 -0.175753182 0.121834140 -2.274446332 -2.083025966 0.998470487 -0.830690963 0.134660093 1.197266702 -0.519698503 -0.108907937 -0.852764579 0.908640989 -0.133645209 -2.391708884 -1.400157204 -1.839123500 0.489533367 -0.676484440 0.237375633 0.994499851 -1.132988406
3.431064778 -30.654308406 15.529277139 0.003424214 0.653812057 -0.756231094 -0.025151550 0.558207942 -0.373903032 -0.489431793 -0.523846293 -1.330524786 -0.205977856 -1.336597320 0.611106074 0.179421967 -1.149459333 -0.615311084 0.408006159 -0.658054118 0.556180177 0.247991340 0.414615875 0.768120362 0.910468988 1.231536224 0.465910339
0.145603970 -35.386702118 22.385032326 -0.737564087 -0.453572341 0.217677682 0.450430656 -1.500611763 -0.347552407 -1.447525555 -0.866066714 -0.064609147 1.353086532 -0.332060550 -1.166500376 1.558775493 -0.868076519 -0.260556521 0.276835171 -0.834321538 -0.418518325 0.790353007 -0.204448032 -0.206750183 -0.808303540 0.050588376 1.599574200
-4.460621854 -26.714168010 19.402018256 -0.495425644 -0.861455842 -0.029475406 0.107603273 -1.340060025 -0.008905041 1.077076300 -0.506508744 0.122601785 -0.800186958 -0.538725101 -2.338458628 0.504899777 0.303787540 1.294749180 -0.915552567 0.747767190 1.285312382 0.687944911 0.509308587 -0.361243324 0.951405417 -0.751778043 1.694202376
1.753174454 -28.279117760 23.076714908 -0.451595330 0.711608016 -0.521888061 -0.131561926 -0.510197116 0.123859259 0.086454688 -0.019887387 -0.279256381 1.726870664 -0.145905779 -0.744481063 1.112584631 0.856672201 -0.678354676 -0.772115880 0.126364231 1.777027474 -0.041008629 0.985096187 -1.101370021 -0.108262307 -0.444569362 1.523028863
0.621396359 -28.604664670 16.485922404 -0.103461889 0.781380268 -0.611400183 0.070216308 1.480759946 3.865701696 -0.645193793 -0.692188892 -0.081132124 1.433495437 1.026255187 -0.560047934 -0.683625792 -2.019320273 1.665072651 0.909005601 0.361520216 0.259705854 -0.897373774 -0.851353516 -0.102555567 0.117964389 0.534650423 0.026169290
-8.102202843 -31.777441515 15.155708609 -0.466407949 -0.520508666 0.006394233 -0.715187715 1.299532605 0.249856011 -1.312912195 1.731562330 2.154584026 0.756211083 -0.398960465 -1.627238882 -0.947171060 1.823139573 1.475128805 -0.236486279 0.444520843 1.783289622 0.419022363 0.727688029 0.514247123 -1.507347123 -0.248886788 0.797750938
-2.884937461 -23.402454823 11.743663300 -0.429416454 0.809826577 0.092639059 0.388844992 1.319338412 0.745939791 0.182504675 1.139245333 1.441817901 1.175285593 1.777435482 -0.019046004 0.779724312 0.274137481 0.378430580 0.950706291 -0.026168733 1.092227377 -0.375768590 -0.432608008 0.138028268 -0.658516616 -1.290691424 -2.012969123
-12.527964647 -24.638162869 19.222192528 0.812692629 0.304345210 0.334498975 0.367444035 1.660057438 0.701417257 -1.448412029 0.110636815 0.743793331 -1.134668972 -0.957482196 -0.502708858 -0.380995621 -1.460976909 -0.287102301 0.393322461 1.769826724 -1.172553836 0.103654253 1.675924008 -0.122111083 1.914983156 0.563764776 -1.235584254
-14.285426816 -31.419408885 14.706830522 0.231742435 -0.680945233 -0.560582695 -0.410312168 0.321380199 -0.608965827 -0.316790413 -1.150232558 1.311523374 1.133634511 0.508723621 0.727160981 0.574704996 0.361118318 -0.397732604 -0.833466779 -1.532492183 0.902051232 1.470943915 0.714750421 0.911262603 1.415799080 -0.082042210 1.604959800
-12.439611204 -26.933818911 12.613544084 0.157983493 0.340017200 -0.882493318 -0.283963136 -1.388346095 0.505214353 0.587119889 0.943964044 0.704178319 0.327738819 -0.088863596 -1.316042896 0.166627029 0.218652192 -0.535125835 -1.752656431 1.080873834 -0.380768483 -0.452292504 -1.809800752 0.527134272 0.915666960 -1.433857704 -0.256608307
0.505159583 -28.025088938 11.424695208 -0.022706057 0.487729622 0.023277948 0.872388897 0.064487432 -1.028840762 0.670675762 -0.447372163 -0.706996603 0.523412200 -0.620175445 1.696298708 -0.303680278 -0.431867850 -0.463357648 -0.626259643 0.983441570 -0.481664703 -0.640363144 -2.142852900 1.462992699 0.088617396 -0.287991216 0.260318222
-13.822489954 -32.563209323 15.977255783 -0.465349305 -0.715386684 0.487944435 -0.183254318 -1.668337784 -0.647624685 -0.473018465 -2.554283187 -0.746370715 1.095532002 -0.247404754 0.779624599 -1.644364786 -1.551059736 0.109507643 1.056694453 -0.148658658 0.698982343 0.106911749 -0.416197101 0.206675730 -1.757913573 1.940322620 0.023294773
-12.396087875 -31.471589117 19.074036849 0.667808439 -0.128617048 -0.733090030 -0.008279594 0.703306043 2.065466108 0.085128182 -0.358360549 -1.627341909 -0.022700633 0.213235899 2.108801744 0.276615557 1.885976849 -0.803993018 0.886544654 -0.690845292 0.697097197 0.792799144 0.788520409 -0.971624013 0.066439164 -0.447957039 -0.291751563
-1.493316499 -33.516922757 13.805857871 -0.509309818 0.411470903 0.041934904 0.754676532 0.529292503 0.863313423 -0.214521123 0.221542411 -1.544758153 0.015034345 0.668813038 2.221120446 0.471930498 -1.345049528 -0.492677254 1.276985283 1.282007623 2.992885027 1.101138041 1.112618470 1.622888219 -0.196865040 -0.435031606 0.596646467
-6.758200724 -32.613027832 19.773705814 0.560817974 -0.617797296 -0.187059218 0.518477144 -2.312056173 -0.555699191 -0.347760132 -0.095231642 -1.168103427 -0.571821713 -0.042010332 -0.156445881 1.452280716 0.969672268 0.737678731 1.576306958 1.143336209 -1.341331437 -1.277771975 0.021306515 1.169371889 -0.412021394 -0.163755275 1.887873104
-3.480843398 -35.213495287 21.760794765 0.822421771 0.096158815 0.511719977 0.229169320 -0.597774619 -0.838569151 0.788847695 -0.702978616 1.431185787 -0.126158878 -0.049297448 0.910734209 -0.662848163 -0.117559830 0.150133384 -0.745426891 0.156322316 0.888040779 -1.894042057 1.741130814 0.818190281 0.360000973 -0.088882310 0.536666971
-3.889985045 -27.584421731 14.424492670 -0.172705435 0.613818682 -0.764711188 0.092823799 1.612636590 -1.671087285 -0.755083637 1.515482663 -0.010913433 0.861783982 0.132761160 0.494372884 1.310532509 -1.196870625 -1.273605448 -0.068513447 1.239249977 0.451765243 0.328817425 0.390303265 1.008870449 0.698227691 0.687351021 -0.463531503
-3.258151414 -25.119292171 16.451193982 -0.785130795 0.076340949 0.103619447 0.605809132 1.203037312 -0.325343430 -0.515419856 -0.300205637 0.530506788 -0.163725721 0.020479001 -1.079251049 -0.759579120 1.663906803 -1.223318096 1.478298458 -1.087974941 0.892151229 0.177718723 -0.636970417 1.778801462 -0.842501969 0.356654457 1.010017067
-7.002547901 -24.670231969 15.762129210 0.396962366 0.256496315 0.684609913 -0.554923227 1.369896754 -1.139223357 0.869297248 -0.588137644 0.232668948 0.533229580 0.194588692 -0.927395524 1.895458535 -1.601597207 1.666147323 0.091518719 0.657298861 1.467380516 1.803997829 -0.436159697 0.550865441 0.149529354 -1.227393244 -0.128858268
-9.696378615 -25.249395623 11.065341500 0.114809217 0.946124320 0.292160312 0.079435304 2.220688374 1.310855090 0.283936294 -0.573231263 0.178456824 -0.343140226 -0.064647508 -0.333827982 -0.092683069 -0.709368266 0.683777962 0.107392228 -1.722016327 0.063976885 -0.260730037 -0.458226206 -1.027230171 -0.427271550 0.211615469 -1.804349442
-6.906758382 -30.126539454 10.495435015 -0.414460363 0.005548000 0.777606632 -0.472778757 2.062249996 -1.406142756 -1.202738071 -0.651827466 -0.118252009 0.556360400 0.075962392 -1.029046557 -0.929753838 -1.582437935 -0.247501394 -1.194822884 -1.708114806 -0.680702899 1.094961155 1.127078752 -0.244292357 -0.030660175 0.001891438 -1.668036692
-4.185302705 -28.696353127 22.885616860 0.143650057 -0.974186326 0.139745083 -0.103908496 -0.972897615 -0.187924278 1.063248193 -1.453495329 0.290494717 1.517306805 -0.127659612 -0.727417927 -0.696861636 -0.161243419 -0.520962067 0.571271342 0.074431206 -1.984573056 -0.549906685 -0.622983928 -0.434053641 1.264303645 -0.358316527 0.490774187
-2.878363000 -22.475831710 17.303188950 -0.014257933 -0.324724348 -0.240792384 -0.914532578 0.325207940 0.515320017 0.473058140 -1.844186827 0.274806711 -0.125870736 -0.478132656 -0.630155697 -0.140392083 -0.482116855 -1.349139169 -0.588547527 0.487372285 0.359541195 0.532249952 -0.639213143 -0.897655690 0.816736396 1.356614979 0.737790983
-2.076971282 -23.131460366 11.327747752 0.773611797 -0.286515068 -0.559968062 0.076613784 -0.139511842 0.916447252 0.015247058 -0.304674830 -0.548131380 -1.116623921 -0.682383613 -0.551443016 0.071686809 -0.381933586 -0.147726206 -0.262930756 1.704300228 0.969396505 -0.147614216 -1.327822416 -1.435046431 0.231713675 -0.050308776 -0.057491071
-5.311035474 -32.799379817 16.353124381 0.181335128 0.395034445 0.038359282 -0.899774374 -0.587009795 -0.452342948 -1.129132529 1.578739636 0.121948374 0.433329183 1.055120630 -0.579533196 0.439199639 0.638451463 0.108613344 -0.810496533 1.249727561 -2.725656120 0.030318395 0.282969147 -0.514350010 -0.026882836 -0.312243512 -0.528847824
-0.431401043 -33.145025822 24.275297678 0.725623538 0.126375736 0.245410695 0.630296157 -0.100535999 -0.916405803 1.869858383 0.443515786 -0.075488545 0.131560979 0.280916031 1.315342418 0.258288355 -0.600036080 -0.317015048 1.303607121 -0.070520291 -0.012937057 -0.153877456 -0.000756711 -0.172631171 0.600185277 -1.253824688 -0.133291137
-0.673917887 -24.617988909 20.434361075 0.640305930 -0.595369448 0.144238333 -0.463399222 0.172117325 0.022046262 1.925300013 0.526792448 -1.477197251 1.053907272 -0.827118452 -0.171426543 0.928694143 -0.480978912 -1.062423385 1.671059730 0.012386405 -0.666677861 -0.832426266 0.392450135 -1.285587996 -0.801612346 1.191189394 0.273662906
0.998848593 -32.905235756 21.472968639 -0.657909382 0.075516163 -0.699247738 -0.269267813 -1.341531549 -0.471773659 -1.447543519 0.675002714 -1.079439701 -0.172723615 0.339761059 0.552385475 1.309473536 -0.892561709 -0.392901345 0.278061469 0.355454448 0.209176611 0.011092930 -0.290234006 0.558284244 -0.767818618 3.107939922 0.721607043
-9.572696623 -31.196400770 22.718678632 -0.634754181 0.749577358 -0.013682134 -0.187172953 0.789925956 1.877559075 -1.616868916 -0.567521594 0.771460899 -1.014309257 0.106067388 -0.634115264 -1.454490304 1.246006677 0.132413390 -0.679102951 -0.764483888 0.174270500 0.592736163 -0.125948431 0.927746285 -0.188671662 -0.964823652 1.020865013
-8.107893379 -22.752257811 16.771214919 0.586656660 -0.698269219 0.156663576 -0.379091790 0.695490093 0.438380507 -1.068437712 -0.148996007 -1.280957140 -1.446704828 -0.296975599 -1.159187336 -0.912689227 -0.167359328 -0.086992262 -1.413304388 -0.748873229 1.642135642 -0.712668617 0.271885590 0.870107095 0.024210559 0.484386127 -0.868685219
-0.753964278 -31.524140740 14.560909381 -0.239529630 -0.859581964 -0.151288110 -0.425272044 -0.832883034 -0.637038990 -0.475237315 1.796636867 -2.154556816 0.831461888 1.562106181 1.375393709 0.547779987 -1.142088782 2.006171478 -1.907607760 1.146216413 -0.363970736 1.427343094 0.434872685 0.203974389 1.246934737 0.125526088 0.542348931
-0.871537131 -21.501207346 17.997415510 0.419058113 -0.277537912 0.467511044 0.727183903 0.766554215 -0.633317390 -0.575031616 0.458576649 -0.084027299 2.175176824 0.468221589 0.051361995 0.319025229 -0.306470572 0.078398479 -0.425047643 -0.677391988 -1.028065648 0.600436277 -0.415844512 0.062626179 3.179431860 1.022350806 1.092773588
-7.280447111 -28.721587961 10.360290840 0.260864074 0.791281043 -0.519552367 0.189445467 0.642734279 -0.481163622 -0.972782016 0.438146599 0.879785973 -1.876250908 -0.253592699 -1.292058661 -1.190547617 -0.606042534 -1.552342848 0.104176642 -1.705486374 -0.008755138 -0.731371933 -0.975460886 0.248151412 -0.298723735 -0.288667733 -0.248437023
-6.641124706 -28.611015950 11.855671147 0.658908823 0.544274328 0.482378363 0.192134675 2.178907825 0.571329345 -0.476244387 1.570934777 0.367125340 0.251017569 -0.269370372 1.547374679 0.581630355 -1.447346360 0.522356445 0.179573580 0.340206228 0.824888380 1.654335776 0.359434869 0.969077543 -0.552396459 -0.875753565 0.043599513
-2.397791127 -24.895610779 25.241855623 -0.069004527 0.148758404 0.843150113 -0.512061714 0.888501207 -0.712451659 -0.942871797 0.647152635 -0.712164467 1.757545690 -0.989635098 -0.219236604 0.435145059 0.712047661 1.110463550 -0.511506291 0.324285243 0.491887046 -0.024830973 -0.800302739 0.034387678 -0.630043873 2.269851266 -1.613195139
-1.056124327 -26.572023464 12.457847544 -0.467921709 -0.527297088 0.580623388 0.407288026 0.637271498 -0.060806510 -0.625670176 -0.193108383 0.135135490 0.944895488 -0.566331119 -0.753991067 -0.710978354 0.233316184 -0.006120534 0.251590232 -1.062915544 2.302579956 1.121736693 -0.263402666 -1.354688882 -0.703643194 -0.424477530 -0.051644296
-3.069894440 -21.392764114 12.529470767 -0.336700107 -0.179472180 -0.881554217 -0.278001684 1.212940503 -1.536625960 -0.217601855 1.100138320 -0.719800274 -1.159087172 0.075726904 0.391009534 0.349362441 0.143345414 -1.467538425 -2.013538223 0.053008289 1.117005972 -0.556669506 -1.386240851 -0.119549458 0.379008699 1.075854925 -0.193497979
-9.702553677 -30.124671052 10.939470767 0.484897521 0.032969345 0.294607718 -0.822796274 0.897018926 -1.140928528 -1.559288406 -0.515137923 0.592798646 0.751425922 1.003822634 0.119464494 1.349365759 -0.524618429 1.172305229 0.114464320 -0.690032182 -0.354431406 -0.107630056 -1.170721215 -0.018948568 -0.945343150 0.648447448 3.260635885
-6.542607938 -34.211356822 16.872256219 0.796655881 0.122837062 -0.381945934 0.452070534 -1.566850832 -1.824951324 -1.736631276 0.033202455 -0.516843017 0.668353970 1.164936962 0.418059612 -0.441518294 -1.062244340 -1.170828458 0.698171741 0.371100979 0.686124021 0.884402406 1.000895007 -1.214443169 -0.707778818 -1.249054461 -2.394934524
-4.341802328 -32.058440949 14.527558935 0.326607348 -0.922099078 0.081654183 0.190770868 1.145982575 -1.506983802 -0.416914691 -1.080449660 0.213797319 1.148640644 -0.683818815 -1.194787779 -1.553869302 0.687494841 -1.512477398 -0.286273045 -1.495009577 0.507482979 -0.409914457 0.906069716 -0.596295914 -1.317786961 -1.847370583 -0.202895376
-3.893979884 -23.454346902 17.079848276 0.267980470 0.064169516 0.528823524 -0.802754272 0.679732306 -1.675436358 0.705321178 -0.200482371 0.357594171 0.749754359 -2.290214969 -0.769869268 -0.715246340 0.414342042 -1.720262791 -0.681112424 -1.311525608 0.443534518 0.564050432 0.573373209 0.661400958 -0.482159572 0.746547185 -0.537425904
-9.213648845 -30.273307424 19.190718868 0.178557990 -0.486504018 -0.724687618 0.454157176 0.059946054 -0.409216301 -1.062637823 0.114263972 -0.597853766 -0.714326337 0.970426489 0.565740145 0.368095431 1.034356824 0.991760803 0.661152586 0.008250940 -0.411960179 -0.716585513 0.038401779 1.144791652 0.977541749 -1.379681964 0.201272477
-6.718250881 -36.779281377 17.439021692 -0.551274373 0.368366989 0.676863817 -0.319777579 -1.882201842 -0.182069780 2.460790616 1.998146719 -1.562536665 0.766895038 0.837689725 -0.427059779 0.776336263 0.869307057 0.389421996 0.141602665 1.244959528 0.231744279 0.490023834 -0.070973573 1.910371201 2.239783088 -1.110390680 0.886000436
-8.518503698 -29.036578649 24.721418644 0.068215734 0.491480408 -0.690752211 -0.525980042 0.791251688 -0.758904924 -0.143034825 0.075452196 -0.431759111 1.009823851 1.189791348 -0.922543672 0.808961509 -0.432357375 -0.909536470 -0.929301584 1.181346599 -0.969687971 -0.930587832 1.192242982 -0.366174284 -0.128100173 -0.664906779 -0.044468404
-10.563822955 -34.387709662 12.725818234 -0.447006882 -0.266156386 -0.844189656 0.129187657 -1.069933610 1.666153162 0.192743215 1.292822307 -0.441226734 1.594940263 -0.227611900 0.242898333 0.560169364 -2.213547390 -0.821502537 -1.686260674 1.581935572 0.445476853 1.243276078 -1.257747154 -0.327496131 0.333426487 -0.068973422 0.909360869
-3.073895001 -27.542947290 13.867985357 0.217583359 -0.003904595 -0.975934168 0.013954766 0.108455947 -0.157535743 -0.048794428 1.122937871 -0.407004561 -0.260137269 -0.949879272 0.153871735 -2.359482843 0.943325149 -0.118390312 -1.258452393 -0.972240923 1.822425637 -1.435473818 0.932175407 -0.592533040 -1.292093720 -1.278675572 -0.078776853
-2.960410814 -25.510627692 18.410693993 -0.750072392 0.526103217 -0.400750519 -0.002415379 -1.798144149 -2.731995171 -1.383155349 1.902876584 1.143826666 -0.229069246 -0.550980171 -0.940567248 -0.122292909 1.706476244 0.311294637 -1.482342747 -0.090762784 -1.277442441 -0.954164044 -0.840357525 1.231527316 -1.411195726 -0.785559764 1.113588535
-13.640071226 -32.657740043 21.473028905 0.575754921 -0.604770494 -0.348912771 0.425463039 2.104375767 0.601098521 1.108683872 1.061802063 0.227474739 -0.836679854 0.696829985 1.541019416 -0.079109090 0.031099555 1.542623070 -0.445693787 0.576228079 0.921004642 -1.601745150 -0.295618653 0.045027065 -1.098628022 0.900758247 -0.464059822
-4.889380844 -31.099515962 7.844868734 -0.040966769 0.855425519 -0.486971697 -0.171544370 0.005341326 -0.582571316 1.490347635 -1.494633170 -0.825799719 -0.213808644 -1.167478581 0.134514660 -0.234474791 -0.360769958 0.608232133 -0.646793489 -1.107766016 0.236809048 -1.597061584 -0.266438623 0.706370199 -0.375311445 -0.407691968 1.197096428
-8.323893501 -32.856062057 24.855796035 -0.559596045 0.425057633 -0.649962173 0.289356958 1.237670994 0.489492297 1.865625808 -0.706177451 -0.070634581 -1.022578821 0.753512200 0.429469766 -0.419152671 -1.606850481 1.828268000 0.358435077 -0.110085795 0.186691933 -0.534408727 -0.086938948 1.207965995 -1.064020102 0.720872527 0.301120567
-2.020146497 -23.736611145 9.730968340 -0.692532350 0.180366129 0.499238277 0.488495800 -1.519006519 0.493851286 -1.822108233 0.480849897 -1.402394226 0.379207475 -1.144891221 -0.795465047 0.444415992 -1.497533896 1.443040092 0.972058631 -0.441615047 0.230654186 0.891274822 -1.084945112 -2.440433683 0.846274603 2.789923387 -1.507687723
-6.012163718 -20.206359200 15.659604252 -0.493618612 0.489893277 0.193450447 0.692042027 -0.351678888 -1.837840531 -1.424717548 0.388716741 0.299228152 -0.610612273 1.316100581 0.543510422 0.757515352 0.835099270 -0.247122106 -0.937010575 -0.205336352 0.893475624 0.544282733 0.374182769 0.290511825 -2.243298962 0.961236588 -1.332400578
-8.231583817 -27.032051373 20.147109464 -0.291644307 0.362785474 -0.783693460 0.411284401 -0.440928376 -0.435006168 2.534304048 1.359336394 -1.374743824 0.128707506 0.611881048 -0.417430089 0.361195875 -0.696294695 -0.351857099 -0.009895980 2.324524281 0.862846679 0.323569962 2.250420914 -0.466312760 -0.239955812 -0.082879331 0.157721853
-4.763412327 -34.940939664 22.538003262 0.070542124 -0.623452970 0.627828400 -0.460610143 2.120710997 -2.002931073 0.548183343 1.531643676 1.132543837 1.639966395 -0.899119536 -1.106616935 1.128915154 1.311023194 0.960076542 0.111755538 0.346168274 1.601393122 -0.858075937 -1.917536772 1.804654050 -0.280786162 -2.062693946 1.341096050
-14.201771151 -27.895631813 18.698943422 0.311354933 0.251016530 -0.911566643 0.095368041 -0.158771284 -0.214775921 -0.188434787 -0.525821607 2.119283537 1.299899953 0.016284940 0.477407691 0.815426396 0.173455708 0.569476535 -0.854552386 -1.602649677 2.192065163 1.549871931 -0.289679239 -1.648358279 0.894434554 0.010432523 0.007596784
-3.872983112 -32.511228921 12.341178896 0.645138782 -0.647887930 0.284866413 0.287903296 0.463360880 0.874839448 0.093768005 -0.400517554 0.299142042 0.144405909 -0.027069419 1.487917819 -0.608063058 -0.532819018 1.356031927 0.723692924 0.942169023 -0.659970925 -0.220535809 0.365599985 -0.027621440 0.458373761 1.786521121 0.033038267
-4.829242602 -22.718707413 11.350165478 0.121683203 -0.535872530 0.093059048 0.830285399 -1.572083209 0.148319861 0.020895572 0.524369181 1.047766434 -0.883214569 0.709336090 0.113750691 0.585871356 2.318470994 0.559099632 0.472988673 -1.038907857 -0.040056873 -0.374458785 -0.638065332 0.617319586 0.586517727 1.956268893 -1.818344069
-5.697818258 -25.379114417 15.042678203 0.010313038 0.640983667 -0.248186951 -0.726248454 2.021152429 -0.194558255 0.260681872 0.558525406 -1.234693198 1.042418821 -1.033682164 -0.632998245 -0.331805849 -1.349567509 -1.851012493 0.227074157 -2.218134598 0.001228690 -1.756825454 -0.261698365 0.087578252 -0.686334493 -0.548729489 0.560299738
-8.268052596 -29.748562442 16.691451025 -0.103028624 -0.804655735 -0.463060461 0.357056381 -1.471647555 -0.401749692 0.215738952 1.325852885 1.125588393 -0.721240773 -0.821673926 1.813703491 1.452163626 -0.373360189 0.110111630 1.117839503 -1.526786940 0.635969209 1.355840692 0.391983102 -2.023730748 -1.394653113 -0.582823757 0.136647241
1.194772206 -30.095367960 11.421144501 -0.828224775 0.048099531 -0.452149612 0.327552875 0.079686817 -0.121721936 -0.396269714 -1.243776191 -0.680171835 -1.842870635 0.377576897 1.043579295 -0.864480889 -0.302564641 0.091401499 1.123112516 -0.413929412 1.008066712 0.443922757 -1.567472518 -1.750776550 -0.259554035 -0.915212954 0.156599075
-2.188009587 -29.209579029 21.309024056 -0.224598860 -0.408933095 0.882436359 -0.060292189 0.253233055 -1.095639557 1.233427007 -0.399729766 -2.987665723 2.256151430 0.429758208 -0.250713418 -0.182864095 2.224716057 4.044460919 -0.830714138 0.518120912 -2.224075345 1.005076194 0.611806485 1.207416050 -1.477600799 1.930620803 0.289053824
-6.317172813 -29.725084214 20.888821454 0.769617202 -0.372117767 -0.467161052 0.225783706 0.695845341 1.936733472 1.289826417 0.233000123 -0.105433108 -0.107595643 2.009332384 -0.092624864 -1.303275361 1.092055451 -0.205676808 1.059422309 -1.184767987 0.034546945 0.763475929 -0.312460856 -1.652086083 -1.124202559 -1.695069679 2.040598055
-6.118135983 -30.714958881 18.113170391 0.945505906 -0.086699005 0.230484131 -0.213023308 1.601123066 0.516170331 2.210100884 0.486509620 -1.003612901 -0.828719547 -0.194785111 1.374403152 -0.947131795 -0.428632886 0.367507866 -2.639338516 0.896522168 1.385232936 1.622376259 0.157367771 -0.611087870 0.023123590 -0.240907809 -1.986847287
-2.830479218 -26.725199161 10.536112013 0.779932577 -0.206739384 0.510286943 0.297609205 -0.045222270 0.748217846 0.546183176 0.069154969 0.045046800 -1.031102798 0.580900885 1.121700275 1.781737512 -0.322494126 0.807277257 1.350057925 -1.585270129 -0.995548938 0.349040799 1.756946629 -0.463053950 1.024720709 -0.005873208 -0.666333958
-6.948721928 -28.471876821 13.786745119 0.105833680 -0.778096182 -0.373612138 -0.493740351 -0.310392220 -2.042615535 -0.207960506 -0.125063700 -1.468152709 -0.802128680 -0.405599625 -0.643949039 0.937239198 -0.505066286 -2.133025608 1.451365967 0.247789915 -0.574257411 -2.119507745 -0.886596728 1.721868830 1.265321057 -1.394963380 0.120185896
-8.691465488 -21.084433850 21.353353032 -0.080309607 -0.647062976 0.721944856 0.231636564 1.194971248 -0.110766287 -0.679731416 0.221686792 0.150794437 -1.188603501 -0.874206375 -0.216427521 0.721199719 1.162092729 0.225845835 -0.344811353 2.237870173 -0.708247358 0.637909514 1.371962776 0.383841799 -0.115553240 0.280162827 0.177082638
-0.180673715 -30.758665093 25.186910970 0.605915664 -0.376767855 -0.172854851 0.678994397 -0.598231061 -0.062762456 1.989037061 -1.461026196 -1.508898882 0.791071813 0.535805813 0.472215103 -1.148404273 0.843635801 -1.162652278 1.404205596 0.745157619 -0.528258849 -1.275782590 -0.797343650 0.318831682 0.317571186 -0.841051010 0.306778807
-5.911583448 -33.620130021 11.940608306 0.343385527 0.815258182 -0.427341094 -0.186601356 0.889268335 0.317730160 1.546435388 -0.122680031 -0.459651409 0.199749334 0.254916860 0.406682396 1.207023532 -0.083421085 -0.387569212 0.005031746 -0.537255073 0.904740670 -0.696265789 0.018386587 1.202845166 0.784979537 1.068646971 -0.121348723
1.406492253 -32.013155916 13.630455768 0.374859921 0.889316611 0.242277761 -0.099486134 -0.864350708 0.800097248 -1.070432365 1.444952968 1.343118332 0.219768585 0.423035525 -0.125624440 0.467599138 -0.616847612 -0.082388261 0.359955928 -0.108122695 0.327810482 0.234787154 0.449145584 -0.082985129 1.203276470 -0.282619310 -0.480592636
-8.298284308 -25.600337054 20.542746958 -0.084362176 -0.403766104 -0.766080510 0.492926575 -2.124906624 0.429631143 -0.718691593 -1.844840515 -1.180167606 -0.815772821 -0.568897517 0.324514269 -0.058242770 -0.317449151 -0.235649932 -1.523459530 2.579064949 0.549087254 -0.238630092 0.399372319 -0.180574751 0.133411328 -1.539263279 1.296030942
-7.721018587 -28.999866907 8.371945010 -0.067621894 -0.222954074 -0.822031905 -0.519598218 0.559424975 -0.752830168 0.505684712 -0.668820696 -1.447942959 0.843313486 0.928658600 -0.013584625 -0.019938695 0.244319612 2.045464556 1.919916880 -0.702451752 -0.847306647 -0.167244774 -0.552179532 0.789681302 -1.345252627 0.936627864 -1.605730958
-7.422388482 -29.053514464 24.771530473 -0.176945290 -0.820095396 -0.002375772 0.544176682 -0.437100416 -0.208449571 0.345696169 0.334737063 1.260607975 0.221067171 0.649426709 3.015382153 1.034712833 -0.478838403 1.045331129 0.451232092 0.118245442 0.354266595 0.429543566 -1.568662852 -1.321793144 1.649393225 -1.249954713 -0.327167010
-4.759993836 -32.801105350 15.035103794 -0.358627138 -0.039301622 -0.908194293 0.212191150 -0.887945577 1.582793035 1.312318856 1.490319448 1.840852322 -1.420476602 1.670239441 1.145835521 1.210226319 0.773227368 1.103040075 -0.914417098 1.537424511 -0.062140887 -0.886566740 -2.442347473 -1.425409873 0.650546134 -0.044035999 0.650811249
-9.661541158 -26.311711746 16.662537555 0.495886701 0.276397800 0.532392066 0.627900727 0.900794266 0.847686495 -0.635715647 -0.599675777 -0.280211219 1.083987693 -0.419269812 0.501367591 0.136033101 0.536347888 0.679781830 -0.348672245 0.830132187 -0.523325331 0.329752101 0.572293669 0.390980922 -0.626923477 1.146642213 -1.151681407
-2.612040403 -29.804810933 21.397843743 -0.595390064 -0.758148300 0.229282388 -0.134727182 1.066673934 0.425548536 0.310704651 -0.895651308 -2.107544176 0.342793588 -0.346422846 0.343725506 0.732443854 1.339404442 -0.148129995 -0.149282048 0.809472059 1.061672197 0.910192515 0.090448562 -0.097335308 0.355187582 -1.725609136 1.295800540
-0.958476084 -21.064497738 21.182052275 0.517138899 -0.745316595 -0.366165628 -0.207348174 -1.033194833 0.477967248 -0.535907457 1.111481985 0.273506734 2.578782121 -1.362339325 0.809376526 0.559792235 1.250457280 0.320942232 1.219455218 1.286926507 0.857540391 0.512896614 -1.163736533 -0.125134806 0.245340298 0.209548325 0.081484497
-12.342841994 -27.895353896 20.337731452 0.854133755 -0.504213963 -0.014313666 0.126565899 -0.919123998 -2.446311041 -0.154471767 0.040147900 1.179813945 0.123642665 -0.515399330 0.107482532 -1.209715350 -0.955217814 -1.168803163 -0.722320765 -1.914833600 -0.063828154 1.633270563 -0.432021121 -0.684359999 0.692574266 0.630101725 -2.610177421
-0.945502004 -25.631815651 15.688311631 -0.346976446 -0.153036452 -0.069331945 0.922702699 0.051319004 -0.835551350 0.202958987 1.463842979 -1.266848213 1.369728332 -0.435959460 0.266695552 -0.419293068 -0.953037515 -1.143492953 0.252516342 -0.162277385 -0.370127816 0.721656852 -0.476087310 -0.436848963 -1.079042410 0.150320356 0.639858710
-9.149005662 -27.323897289 18.604402479 0.806295959 -0.494714958 -0.324079165 -0.010799570 0.330413862 -0.231420734 0.533716194 1.131042307 -0.633963602 0.913817827 -2.999489988 -0.308985651 0.941877036 -1.591012868 1.177888271 -0.785697071 -1.608175277 -0.206082017 0.469795771 -1.811218399 -1.392091204 -0.503415977 2.067505863 0.844168415
-0.945986930 -25.142154079 24.677276959 0.088434111 0.401720646 0.496167385 -0.764603072 -0.481821142 -1.368963273 0.443784846 0.285223016 -0.285398115 0.948205948 -0.827977185 0.181217068 -0.371724609 0.184544965 -0.027727904 1.456417426 -0.941107017 2.099861047 0.680671446 0.455825360 1.130815823 0.564288303 0.740079971 1.535282763
-9.540268015 -31.435217326 10.613673892 -0.155389617 -0.481751295 0.699946426 0.503830087 -0.050818898 0.145030688 0.328528936 -0.286117866 -0.918507201 -0.200394965 -1.449231756 -1.986221353 -0.241993943 0.038224991 0.567457354 0.319404898 -1.570272337 1.411402392 -0.088216757 1.254036315 -1.131813413 0.061135796 -0.249380088 1.051841475
-10.564476695 -23.226725855 13.762305920 -0.476966300 0.207666999 0.659177861 -0.543012075 -0.029084831 0.262227455 -1.397299573 -0.334284062 -0.528615064 -0.243628550 0.281511478 0.263080822 -0.490947546 0.251739920 -0.051687924 -2.857116870 0.384976523 -0.259083514 0.763399554 -0.587285576 -0.411551696 -1.127588567 -0.558374141 -0.584846721
-3.451151753 -35.519981927 18.969062599 -0.652461537 0.137642570 0.669786962 -0.326701532 0.329199569 -0.699834356 -0.147651767 1.267367650 -0.004734099 -1.360031959 0.115651041 0.232913202 1.496314207 1.411426659 0.653347360 0.984705291 -0.590018358 -0.481597047 0.552060304 -0.265821746 1.215491348 0.397516344 -0.309433790 -0.975534039
-6.457245748 -33.807310093 20.310085779 -0.741136558 -0.477661373 0.347513142 -0.319046752 0.545328297 -0.942022213 1.250299928 0.825213941 -1.578616219 -0.169360147 -0.116027062 0.923770364 0.760095413 -0.051296468 0.369675088 -1.369758351 0.285849091 0.302009449 -0.617056743 -2.161334088 0.799256983 1.892296880 -0.111195730 -0.993334735
2.052097123 -23.744259944 14.023144613 0.277708464 -0.233089380 -0.929849996 0.062660480 0.946089878 0.528026171 0.362889738 0.094018188 -0.204370443 -0.287951337 -1.132518986 -0.217541096 1.502853834 0.127573512 1.629619604 0.937853807 0.766400054 0.796103856 0.440312686 -0.361856506 -0.803800902 0.093687242 -1.719753539 -1.172652111
-6.993143360 -33.330282989 15.426459150 0.922212773 -0.231804527 -0.301658710 0.069226336 1.185771762 -1.272329084 -1.216335916 1.171722241 0.089764449 1.342982724 0.149591797 0.681067973 1.134170698 0.941364688 1.477181909 0.227968593 1.707574996 -0.195659705 -0.856256310 0.025459212 -0.568439109 0.324801296 1.368593345 -0.592876328
-5.994135644 -29.691772051 25.155443699 -0.156163095 -0.449609966 0.415428620 -0.775166452 0.591692895 0.905537862 0.131408611 -0.785968246 -0.059739738 -0.813883393 0.648440376 -3.204405261 0.868935409 -0.362338754 -0.472325463 -1.141997847 0.075310388 -0.029144536 0.877618893 1.199005615 -0.386595483 -0.958908546 0.675432823 -0.723734549
-7.197714831 -33.286541222 19.923333257 -0.174576792 0.385548263 0.695948726 0.580112792 -0.440231952 0.071944134 -0.767746582 -1.456496340 -1.307579182 0.724565388 0.434164812 -0.846463321 -1.061912073 -0.378638407 -0.493389615 1.127457630 1.100286778 -0.590419944 -1.291172746 -0.355668453 0.147730218 -2.614582502 -1.281397458 1.607617399
-4.933515782 -20.998397431 16.101039879 0.800598761 0.253112914 -0.520730696 -0.154321159 0.217840459 0.210117719 0.631359641 0.666215466 0.316894931 0.714550623 0.667584998 -0.509519726 0.630296982 -0.778018752 -0.354943666 1.806141623 -0.471384786 -2.051395654 1.202173383 -1.082599234 -0.842448213 0.745051262 -0.318086105 0.329158116
-14.090597388 -27.326918723 16.798166249 -0.086473633 -0.045153969 0.428782215 0.898125405 -0.348708173 0.087076069 -0.305361782 -1.069660530 1.531117153 0.522991186 -0.102793638 -0.679324508 -2.137831191 -0.785710296 0.002444793 -0.414788383 -0.946532781 -1.997620286 0.618698708 0.544798482 -0.710909295 1.475700347 -0.638068652 2.135325795
0.127472900 -22.031368013 13.006760520 0.763268232 -0.025907423 0.460237597 -0.452693899 0.487495360 -0.338264197 -0.373143246 1.511598053 0.558138059 0.802507496 -0.421186605 0.498579363 -1.065469977 -1.045035587 0.730471281 -0.559133979 -0.408944534 0.733252772 1.454615413 0.455250793 1.173809503 -1.839373526 -0.788485956 0.525173269
-12.979441992 -26.878782472 14.806818930 0.135627370 -0.769849063 -0.039821364 -0.622376008 0.123970771 0.634139438 -1.471518687 0.919821370 -0.093851330 -0.037485224 -0.322703766 0.104957967 0.532202597 0.188703417 -1.561570389 -0.750067975 0.220365657 -0.925168579 -1.150665735 -1.672073416 1.293524766 0.148977302 -0.937209517 1.273333267
-6.837620708 -37.452817023 15.877611204 0.587693401 0.605386502 0.509015959 0.170371369 -0.549800430 -0.717958144 -0.268818905 0.192273680 -0.300701135 -0.658616373 0.499401103 1.119048417 0.504428710 -0.633180052 1.197829147 -1.607689935 0.831893396 -0.624308157 -0.453659611 -1.269323895 0.102720406 0.455539856 0.972997879 -1.106520097
-0.553303354 -25.654432562 11.659639160 0.471572524 0.348874788 0.463476785 0.664149837 0.052340165 -0.449469710 0.693413111 -0.083017144 0.279162967 0.006825222 -0.465564786 1.370268594 0.816099807 0.552534587 -0.721592711 0.493290759 0.270684075 -0.992526927 -1.697360416 0.690072936 -0.426405576 1.951084174 -0.501332881 -0.400708448
0.323805913 -32.730555555 16.148668559 -0.330701092 0.568572702 0.753086420 -0.014923616 0.540548843 -0.438144530 1.059011110 0.940065906 -1.621262522 -1.272750911 -0.461928055 -0.330737855 -0.211820092 0.444714164 -0.836495278 -1.075610118 1.112973788 0.571299125 0.464408243 0.724999627 1.249428927 1.925460415 -1.154706544 -0.624961073
-13.936163559 -30.642483050 17.145399539 0.462640325 0.775864444 -0.373797591 0.210413060 -0.708366597 1.049243934 -0.653661088 0.719524172 0.323843297 -0.176143436 0.458963170 1.086526282 -0.052243875 -1.704117470 1.601771083 -1.480728505 -0.071667648 -1.430805274 -1.132763268 -0.604580244 -0.304702169 1.188044789 1.955096755 -0.350991127
-2.997476161 -22.369502530 16.340213487 -0.609766010 0.511146158 0.576482305 0.185965507 -1.325852217 0.564060630 -0.468489326 -1.128747162 0.909265478 0.751312953 -1.796415273 0.508009096 -0.387764122 0.772973772 -0.178544061 -0.118645303 -0.318681750 0.112457917 -0.441125123 1.784274918 -0.222349324 -0.694702410 1.969683392 0.791213416
-8.347659827 -30.714366389 9.318166218 0.289044652 -0.549099256 -0.783768258 0.025505172 -0.008040271 0.035393926 0.510396731 -0.057120847 0.032346112 -0.605244889 1.923460805 1.970533241 1.139160401 -0.134821429 0.331828698 -0.833907860 -1.670582465 0.741235674 0.864779334 0.904464663 -1.036860055 -0.359219199 0.011429640 0.127580294
-1.015871033 -31.445467369 10.425533381 -0.979174854 0.114353057 -0.049724990 -0.160210517 -0.149715761 -0.420087800 0.176630066 2.395980324 -2.198019255 -0.075544348 0.089091644 -0.315511038 0.083090344 1.470848951 0.155100082 0.163033614 -1.081330790 -0.819285368 -0.753196717 -1.829262441 1.666459429 -0.509826197 0.595431110 -0.995963066
-6.638447409 -25.556430593 23.508396470 -0.652146747 0.754810712 -0.066133992 0.024324971 -0.389884605 1.206587671 -0.638491484 -0.641081729 -2.152172075 0.925636518 0.406356173 -0.624183466 -0.006276605 -1.931626584 -0.972688685 1.105678936 -1.044608253 0.005053513 -0.321851620 1.004424122 0.094854574 -0.806353952 -1.436172975 -0.917337003
-2.380529594 -32.590410291 24.524711605 0.848803199 0.336614207 -0.348432630 0.211704292 0.337414688 0.124290985 1.189486403 -0.303524360 -0.763240094 -0.200194123 -0.354671183 -0.599776736 -0.204794671 -0.049151058 0.367870079 -0.210890585 -0.127688207 -0.058535275 1.039245499 -1.041787274 -0.485869593 1.696739552 -0.294541584 0.687147655
-0.341797557 -35.759076388 19.960521624 0.621359227 -0.165470170 -0.705657465 0.297623714 -0.484139905 0.411365499 -0.607685544 0.147165840 1.503903425 0.777236561 -3.147829295 0.847732664 -0.445863513 -0.426912750 -0.645613052 -0.240026691 -0.253038213 -0.420264142 0.740973390 -0.861636175 -1.975468421 -0.718828008 0.651791154 -0.750139816
3.089200811 -26.762638081 20.506370437 0.007636243 -0.357729296 0.194537588 -0.913305297 0.540130301 0.967526404 -0.709819271 0.121124137 0.151213915 1.949962951 0.276705336 -0.011134909 -0.208650479 0.105262695 1.215913715 -0.596947921 -1.417070827 0.111619302 -1.091611430 0.197250797 -0.506263163 0.546629855 -0.955393481 1.197557563
-4.180922882 -30.343058498 17.669743731 -0.887016626 0.179173080 -0.390863840 0.168297272 -0.698464471 -0.392905299 -1.309534537 -0.524594724 0.631488922 0.445614258 -1.693544946 -0.934591111 1.562203634 -0.613566213 -1.561234245 -0.127978988 0.431724574 -1.827888714 0.817280576 0.096777204 0.942515252 1.257536637 -2.037502798 -1.646637243
-1.201916169 -34.466100105 14.702940387 -0.565985453 0.622574674 -0.309898959 0.442745838 -1.361648025 0.422774034 -0.161069746 -1.488324016 1.666670017 1.819912445 -1.696385350 -1.217442814 0.741224517 -1.102105158 0.727911931 0.540929831 0.429420602 -1.104938084 1.892125363 -0.611999230 -0.784608958 0.360792478 0.913226863 0.252106827
1.376259355 -26.387595990 18.949830037 0.809357049 0.158665593 -0.159114764 -0.542631448 -0.467991590 -1.047998673 -0.338986423 1.114815906 1.648931031 -1.074192578 0.125799135 -0.125594662 1.042271169 0.912632566 2.077855179 0.443546546 0.635611824 0.572661095 -0.537222876 -0.605502576 0.534602751 1.574103132 -0.391050707 0.066107583
1.718642285 -32.650652924 13.731048502 0.404543032 -0.791114566 -0.443942306 -0.115749330 2.640495641 -0.863872786 -0.971005164 -0.551118977 1.198368293 1.765961146 1.185351803 -0.368991161 -0.162391671 0.039870896 -0.006770149 -0.293021973 0.195157513 -1.144670516 0.185973370 1.368701202 -1.202124958 0.179141330 -1.397139622 -1.450363258
-5.054160322 -33.050212799 22.488740192 0.267019700 -0.816615633 -0.451848432 0.240150750 -1.138947257 -2.199571449 1.548221403 0.262807706 -0.423715211 0.278136874 1.745269929 0.186553913 -1.056371514 0.247093574 -1.008476937 -0.554491725 -1.602116834 -1.266620234 1.984393317 -1.851531952 -1.319652629 -0.014851911 -1.120317087 -0.781537976
-1.465938341 -32.937052335 9.486657804 -0.110561607 0.515512092 -0.625766472 0.574838878 -0.522922019 -0.597383409 0.828849315 0.745147469 0.875693498 -2.291554748 0.510026537 -0.406337447 1.330711858 -0.927765998 0.857748895 0.419464940 -0.631199136 0.131978986 0.433120773 0.492777694 1.024695912 0.185417663 0.409922449 -0.907561833
-14.112184312 -25.009071118 16.136106105 0.267216496 -0.430198213 0.251609611 0.824752960 -0.169498361 0.309027549 0.877290647 0.661629648 -0.480362505 0.919836368 0.380231718 -0.087528942 -1.885105814 0.098081932 -1.234080934 -1.666205999 -0.739406620 -0.577207230 -1.498988898 -0.739783556 -1.057875651 0.379712327 0.805168654 0.525494762
-9.995386500 -21.284411739 16.268576186 -0.096383364 -0.459667819 0.328971337 -0.819264062 0.553228772 -0.683891986 -0.574380133 -0.115083775 -0.985157237 -0.436167841 1.943712536 2.853630534 0.794872547 1.682301053 1.308327975 0.564561414 1.165294804 0.444663705 1.700424661 0.344671229 1.343691989 1.435244301 1.128078356 0.038801702
-5.321829257 -32.582322647 20.754379739 -0.467050149 -0.522173936 -0.697396380 -0.151118587 1.543759260 -0.390222789 -0.904011356 -0.002860161 2.415879918 2.339515924 -0.328068211 -0.709096869 -0.073833929 1.816768005 -0.597862550 -0.525985377 0.367905112 1.064014866 0.776096132 -0.165166281 -0.021326712 1.780925827 -0.114171272 0.521216892
-6.090103518 -23.074631420 23.441971037 -0.026142217 0.482611770 0.524610393 0.700846916 0.312827682 0.875292179 -3.626595203 -0.823221637 -1.609198153 0.581050329 0.576471635 0.473458214 -0.690174999 1.116860985 -0.302653120 -0.220429105 0.695555082 -0.580633008 0.311467927 -1.494905088 0.251270258 -0.334472772 -0.472605146 1.369363236
-2.292368174 -29.304750398 11.747704399 -0.519163357 -0.648241974 0.276885718 -0.483307408 0.098043185 -0.615504892 0.355977915 0.120840268 1.618643242 -0.108479648 -1.639859405 -0.647716667 -1.687436976 0.196355631 -1.105823600 -0.984392978 -0.056265172 -0.266290792 -0.983503525 -1.235191933 0.109035315 1.589956668 -1.206173154 0.345122280
-2.117898705 -31.624463231 24.242368920 0.569642091 -0.475781839 -0.624911028 0.242127523 1.461719592 0.467150837 0.883240414 -0.068534835 -0.230251956 -0.874135272 -0.705055532 -1.213792709 -0.880896098 -0.082508341 0.239906605 0.110719915 0.608307595 0.996638856 -1.420075782 -0.266600409 -0.011782870 -0.882127038 0.563602124 0.228548514
-9.740755121 -33.924445854 14.982604424 0.266096609 0.293206588 0.046201348 -0.917108460 -0.110391272 -0.012948415 0.530808788 0.787751250 0.228796592 -1.083202466 -0.883472671 0.636644424 1.101500532 -1.381535273 -1.144156753 -0.131487781 -0.040781655 -0.460239027 0.579338961 0.072735267 -0.376735052 1.330528582 -0.351121260 -0.479885055
-8.125742951 -33.256140298 18.041148615 -0.082094201 -0.269788234 0.337019944 0.898271901 0.157123844 0.914479088 -1.124886429 -0.597649334 -0.651922845 -1.787451491 1.758192537 -1.240099145 1.319476428 0.358502381 0.061788181 -1.232484497 -1.432999756 0.466168422 1.939629228 -0.753869896 0.843138815 -0.082641292 -0.387090914 -1.328035402
-6.092841919 -22.490004683 13.549895368 -0.332637257 0.816146017 -0.093872889 0.463083162 -0.096065566 0.478773356 -1.404907401 -0.986665589 0.318376282 0.329101693 -0.589937899 -2.427527328 -0.340458960 -0.296942062 0.679417985 -1.840984932 -0.513849012 1.387488794 -0.541664506 2.232579743 -1.033768513 -0.122293162 1.402468309 -0.770414770
-6.443293220 -29.357248649 10.062615154 -0.804221204 0.198786077 0.040858043 -0.558608066 -0.458032483 0.310470092 -1.752830889 0.962747650 0.997851894 -0.220634785 0.972079428 -0.430483554 1.065149300 -0.541086139 -0.746436145 -0.885177524 1.307921349 -2.284170206 -1.033173201 1.874416435 0.126096381 -0.690617687 -1.709448397 -0.738274411
-9.325559370 -31.442287143 12.332568697 -0.426938614 -0.355387461 -0.315245778 0.769443482 -0.192376125 0.217004680 1.840222410 -2.162446038 0.849700766 -2.622058534 -0.802516568 -0.509878536 0.370510622 0.165244936 -1.198948742 -0.679004434 -0.563161083 0.188355323 2.092346033 -0.750828988 -0.191915622 -0.391690268 0.685815435 -1.443189760
-5.120292636 -35.625273256 17.087375870 0.372990272 0.777657919 0.355561902 -0.360141850 0.498119932 0.546856579 -1.474306133 1.654131482 1.578808327 0.645819076 -0.586842668 -0.211996088 1.020408170 0.504500238 -0.255127762 0.132033464 -0.398976985 1.455294592 0.524715653 -0.167138012 -2.336815785 1.643453916 0.450504111 0.356002464
-2.448708982 -28.878539702 25.268567002 0.386126480 0.869089713 -0.304729359 0.052243947 -0.019797098 -0.142987221 0.404703117 -0.732108428 -0.053655036 -1.480833497 -1.841869199 -1.613005015 0.478026650 0.925219216 -1.092801689 1.327279845 -2.239848860 -0.313510229 0.243421330 0.120186478 0.106671559 -0.414445166 0.093192010 -2.135792049
-5.303065246 -30.960696485 7.992682545 0.050769547 -0.232286762 0.197062070 -0.951121367 0.025794898 -1.897455910 0.536969449 1.691514893 2.094563450 0.126263751 -0.682960509 -1.137210291 -0.966922940 1.311629202 0.216736888 0.845119101 0.193210988 -0.513722085 0.564047698 1.190489385 -0.036558885 -0.138955056 -0.096629526 0.497944762
-9.063405231 -20.871447956 20.450792763 -0.777195171 0.608115964 0.130704205 -0.095284058 -0.990384093 0.352511806 -0.413017417 -1.436493587 -1.137193150 0.487599050 0.415168233 1.038336098 -1.003105277 0.233094719 0.241471222 -1.500218514 0.324538770 1.306520335 -1.065144284 0.455507010 -1.144165181 -2.145607788 0.122370992 1.450867334
-4.131256264 -35.143585500 15.126851047 0.722716023 0.155436504 0.635163061 0.223805561 -1.036173535 -0.822878207 -0.750536323 -0.308998012 -0.322816352 0.670320366 -0.318076368 0.903462068 -0.331867896 -0.454498962 0.485231875 0.111749605 0.768318762 0.681410771 0.025189500 -1.525730861 -0.570588024 -0.208266048 -0.579851572 -0.688548733
1.876467085 -28.279866296 14.184666706 0.110800875 0.154338056 0.488328175 -0.851726790 -1.130001823 -1.041371154 0.585350232 -1.217904708 2.120612926 -0.969171249 -2.291228474 -1.148002869 -0.085152542 -1.955524843 0.317688210 -0.432468651 -2.142172893 0.046022664 0.723785656 -1.925126387 1.720578655 -0.543829147 -0.273554511 -0.471605422
-1.738975173 -26.364577951 25.796186500 -0.125894680 -0.872213934 -0.386652354 -0.271833294 -0.450576348 0.711126276 -0.357882903 1.939528185 -2.029597704 -0.389851932 2.548718575 -0.691671894 -1.387728825 0.784738547 -0.143211060 -1.339018744 -1.671217859 2.125674785 -1.179826793 -1.263423007 -0.503995435 -0.549342446 -0.624813240 0.408519566
-8.578947718 -29.874410317 24.187429626 0.829031142 -0.244447644 0.211143818 -0.456476728 -0.794190771 0.228332253 0.529569952 0.974064778 0.731794084 -0.031907876 -0.817511895 -1.253858097 0.378047040 0.426590516 0.515616307 0.211573107 -0.303533119 -0.404078581 -1.685131386 -1.419641304 -0.965006061 0.254929998 -0.284599265 0.230216072
-5.480957080 -22.992011077 12.534573311 -0.371524469 -0.056563912 0.552235442 -0.744181503 -0.068257113 0.229063765 0.206191299 0.514380817 -1.101558649 1.088668364 0.923681593 -0.695779622 -1.326086599 0.422769222 -0.248174342 -0.660794713 -0.254479972 -0.628468603 0.582992982 -0.749489102 2.451855602 -0.322539041 0.021710901 -0.326644488
-14.780109982 -29.379635190 19.992138611 0.738309694 -0.373151958 -0.560432934 0.039640115 0.041137120 0.553272120 -0.971487025 -1.379640260 1.048654674 -0.254900086 -0.467633235 1.297699390 0.667331292 0.904620035 -0.366083730 -0.419859568 -0.798121973 -0.508568078 1.452269372 -0.816739025 1.662042313 -0.074610061 -1.026942603 0.346932786
-7.061214063 -31.743137599 12.262688001 -0.363695966 0.756965802 -0.388004256 0.379711359 0.006346525 -0.521732291 -0.286087727 1.302495523 -0.992942401 1.030526646 -0.047763174 0.659649989 -0.251112734 -0.100473248 1.036380646 1.085484868 -0.633515955 1.398164065 0.398255043 1.251666496 1.353504389 -0.601297624 -2.898479325 -1.025125104
-8.028701034 -28.324318164 20.601012342 -0.293662839 -0.195781663 -0.550399026 0.756632401 1.250056184 -0.744922962 0.826280102 -0.090403236 3.129578663 -0.136395612 -2.495283973 -0.332475844 0.769112464 -1.155341048 0.374550250 1.259570513 -0.146792636 1.016645121 -3.113709637 -1.425750307 -1.272685632 0.443272626 0.605325220 -1.963797724
-1.701984605 -28.684159096 8.896810754 0.272746480 0.440514295 0.096410590 0.849859701 -0.030503907 0.490423670 -0.479270044 -0.251202683 1.197302671 0.113006050 -0.896505062 0.529859938 0.798272795 0.328779952 2.719666375 -0.881735613 2.589819221 -0.164400386 -0.436062991 -1.124292061 0.223915640 0.596117158 -0.118142756 -0.051297660
-0.856484267 -20.811584465 17.411414852 -0.414583983 0.520134213 0.551336460 -0.503595699 -0.435791002 -0.323481124 0.023775912 -1.500150680 2.041902570 0.312705538 -0.288827848 -1.121741295 -1.206465548 -0.725145155 0.145385966 -0.015095269 0.614572500 -0.659166175 0.428299693 -1.092996736 -0.255744944 -0.722632005 1.057646895 0.848158876
-1.153077511 -32.421407585 10.150310456 -0.133374864 -0.748902368 0.426744758 -0.489127080 0.538090063 -0.130092599 -1.536918205 -0.255799248 -0.652763495 2.528575069 -0.418709098 -2.259448867 0.532898323 1.242227497 -1.847830380 -0.021909418 2.419384796 0.268853912 -0.472517505 0.710765876 0.242951206 0.170875024 -1.684012677 -0.126568123
-6.513204556 -34.085069448 20.552827304 0.402631209 -0.471922970 0.783791949 0.029103262 -0.164272935 1.113375995 -1.246605444 -1.105134458 0.355668973 -1.232736237 -0.122859550 -0.699706526 0.272832730 0.337681979 0.669057606 1.529963960 -1.094572300 -0.716399400 -0.396302121 -0.270248635 -0.154674947 -2.678818097 -0.989761478 -0.241506079
-7.123694874 -31.039991399 21.291734409 0.221056762 -0.759977266 0.110531125 -0.601125056 -0.104910650 -0.341040096 -2.016496566 -0.125357790 0.770873863 -1.063616535 0.459728459 -0.247331759 -0.828058125 -0.971894467 -0.366287130 -0.169630929 0.028336643 0.802898177 -0.722434286 0.570810361 1.256352402 0.290466235 0.062715767 0.055606379
-5.200398655 -38.323619799 17.780217457 0.810618249 -0.354836951 0.274580886 0.376289953 0.526219278 0.793423413 0.412397894 2.422350455 0.893909815 1.300146241 -0.223248578 0.635406145 0.589296591 -1.424290569 -0.892279368 -0.236591029 0.154334871 1.240544026 -1.518557609 -1.532910273 -0.199575618 -2.547799583 -0.085096587 -0.183227579
-9.886010920 -22.716695493 14.389770402 0.455216499 -0.229532572 0.859124795 0.044691430 -0.452741831 0.006895640 -0.614199592 0.605902195 -1.193981149 1.836161968 0.564204678 -0.268943853 0.699805328 0.861671301 0.793336126 -0.266430030 1.125249862 -0.218112709 1.292788596 1.023858006 -0.491530139 -1.346897859 1.289860230 1.035387282
-0.095896543 -28.563432985 18.050147194 -0.027604462 0.252484105 0.955546004 -0.149738457 -2.327054606 0.258222105 0.103630904 1.612984995 -0.500672439 -0.436064353 0.621515605 -2.167351697 3.479518898 0.089331811 -0.575612473 0.732417836 0.810390015 -1.332695525 0.629448896 1.536160882 0.863494843 0.077538744 0.463375303 1.389069867
-2.056505578 -27.208098689 14.160070920 -0.140831191 -0.790395340 -0.295345600 0.517892613 1.569323857 -0.637138217 -0.088722923 -1.164030832 -0.804496832 -1.009231491 1.398313908 1.299535710 1.994053978 1.595173158 0.573047128 0.817569832 0.087354890 -0.818406091 0.434119492 -0.915754559 0.921172006 0.440527550 -0.101977779 -0.195028798
-5.201127488 -26.829461884 16.720018586 -0.272777160 0.163166969 -0.754358890 0.574379515 0.821622025 -0.936387961 0.450583315 0.833355504 -0.636017938 -1.270496809 0.933440645 -0.318815016 0.382751815 0.149379600 -0.244199077 -1.658972397 0.625455543 0.451065891 -1.337974714 -0.065949915 0.960720802 -1.338009306 0.143672991 -0.539410387
-6.512038294 -35.401946408 24.198403525 -0.253415515 -0.302088170 0.334877152 0.855792386 -1.395768785 -0.961497053 -1.766183786 0.273001651 0.762576906 0.301624456 0.018080642 0.378674956 -0.069517822 -0.811159498 -0.074975967 -0.325585007 0.591122483 1.424662432 0.607157945 -2.395660970 0.871817917 0.480605415 1.061694176 0.937473383
0.946736302 -32.845265853 21.647496034 0.821167415 -0.508229990 -0.082340883 0.246183533 -0.788600627 0.763730726 0.352634363 -1.694291336 -0.543130578 0.075584452 -0.151440957 -0.997865501 0.291228519 -0.283549292 -0.710852373 -0.346122598 -0.238953141 -1.226838778 1.166447247 -1.065366405 0.372264682 0.949734217 0.449092906 0.251296190
-3.628988978 -34.618530005 17.298536956 -0.437254191 0.498840409 0.678560653 0.315471803 1.807035603 -2.025417128 -0.498372111 -0.281719268 -0.576498442 1.276006949 0.204540762 1.116900395 -2.425104299 1.781302139 0.595456457 -1.490307709 0.298882062 1.159767785 -0.666893961 0.764719147 0.493233325 0.123382780 1.323126661 -0.098666621
-9.774281697 -28.037592075 12.287368831 -0.120341464 -0.813126728 0.243413976 0.514871335 -0.210318547 2.090198707 0.778604853 -0.936863075 -1.221947180 -1.463462265 0.345918688 -0.956213656 0.242990900 0.442025229 -1.747147731 0.045129548 0.267176374 -1.231724315 0.476395229 1.042360171 -0.079653299 -0.914238126 0.110635085 2.581091380
-11.524435470 -25.606239698 21.116417983 -0.395105105 -0.352279489 0.281089083 -0.800487379 1.897900685 -0.039795758 0.655908295 -0.674130451 0.387277222 -0.546972079 1.430154054 1.002717102 2.862925613 -0.576632173 0.000005210 -0.588338091 0.423569121 -1.012884740 0.077588107 0.779885703 1.281929850 -0.309399969 -0.677071143 -0.917956894
-10.858508149 -34.478051292 15.097875847 -0.326373965 0.303609151 -0.182339052 -0.876386894 -0.630677805 -0.705501408 -0.852842405 0.504425927 -1.870841200 -0.022877283 0.542973295 1.749159168 1.888727512 0.747282125 -0.006720509 0.979119506 -0.076612160 0.625024624 -0.739296545 0.441961023 -2.236623742 -0.459457643 -1.045877590 0.162933234
-8.555386358 -25.367333685 25.655766300 -0.926864830 -0.318479130 0.102786923 0.170080803 -0.036206936 -1.293512841 -0.084003132 0.181504635 0.177831298 -0.981237706 -1.364265541 -1.484701650 -0.764453187 -1.365213121 -0.008660137 -0.978891026 0.748163466 0.364050129 -0.411297304 -0.263429751 0.500472236 0.748728518 -0.147167125 0.255620232
-2.141853452 -31.946271743 11.130496651 0.824999592 0.280094507 -0.095836977 -0.481391748 0.532499307 1.888964705 -0.676383104 -1.138068304 -2.400325170 1.187608584 0.624871412 -1.222226831 -0.499106659 0.520512262 1.476081746 -1.413655807 0.221381560 0.015392569 0.741344115 2.295486385 0.313069372 -0.551490317 1.870981406 -0.489506904
-5.486567784 -30.010363949 25.111517316 -0.986962977 -0.007763906 -0.067906612 0.145713749 0.044755316 -0.579283124 -2.192250324 -1.453840764 0.783269630 -0.580446742 -0.978977028 0.882331543 -0.001879588 0.400567671 -2.176752987 -1.041704856 0.276774172 0.038329488 -0.556539731 0.981404046 1.235600852 -0.293167379 0.651234653 0.509652741
