24.537710836 -28.110961467 1.815476919 -0.012929676 -0.421339606 -0.888232945 0.182614334 0.317527338 -0.086955894 -0.372460031 -1.002840356 0.204257334 -0.274602216 0.901652051 1.182288059 0.160531110 0.473754610 1.582667543 -0.820724324 -0.188651213 0.783626000 0.379065615 2.311720327 0.138066079 1.423561119 -0.432379841 0.021777781
24.344157248 -22.495379363 7.960234622 0.711302345 -0.187990376 0.658032230 -0.160318984 0.506956936 0.554530100 2.237711847 -1.464714136 0.200110699 -0.711283569 -0.077501229 -0.075047170 0.752657505 0.350443000 -0.529247401 0.165081442 -0.013296344 -0.151339490 1.256970523 -1.189074194 -2.108327904 0.131400451 1.021937747 0.775781202
28.039536365 -33.384513450 2.373387734 -0.158050221 0.961358510 -0.219661437 -0.050584539 1.242212576 0.900764980 0.943379031 0.062991828 -0.363789290 -0.297480669 -1.524682867 0.619696162 -0.527722423 1.657515771 0.363296418 -0.205807283 0.191437600 0.132518101 -0.065752685 -1.187707813 1.602592412 -1.238001780 -1.028631918 -0.425548400
28.033820763 -28.256830127 10.371667134 0.576268977 -0.686455225 0.161706252 -0.412970191 -0.660963868 -0.634388100 -0.915678027 -2.213466378 -0.394758101 0.225874868 1.788479771 -1.666320926 -1.275617817 2.152331493 -0.666693614 -1.367021710 -0.574789688 0.825353643 1.072994699 -3.099800025 0.888207118 0.906055499 -0.708935749 0.396800909
29.242938149 -27.212972556 -2.125624836 0.192733692 0.455211976 -0.627830686 -0.601219104 1.096035161 -0.501287371 -2.505867206 0.314631115 -0.851154020 -0.338209339 -0.173186360 -0.267997252 -1.100530293 -2.421849974 -1.038116225 1.880441363 -0.286528361 -1.435289731 0.324432195 0.406694662 -0.358404034 0.039361859 0.769027508 -2.143659594
28.287134934 -27.420362678 4.649312354 0.460122367 -0.156519483 0.614140105 0.621788541 0.258128787 -0.390957468 0.791902291 1.253312303 -0.558373100 1.154696841 -1.829652225 -0.197687970 -1.525898059 -0.770802146 -0.713071931 0.534630531 0.435871577 0.466365171 2.179907069 -0.720836395 0.480160002 2.652067073 -1.241410883 0.130236709
33.934848957 -18.115641675 0.223297124 -0.305970053 -0.523124721 -0.717975262 0.342395058 0.962566565 -0.404106834 1.132728327 -1.390959684 0.479562020 0.095109205 0.402389316 0.263561147 -0.808767777 1.461510795 -1.977192640 0.002079805 -0.682768683 0.558095661 1.592801011 0.445275239 -0.441188413 -0.886203262 0.703131081 0.552909223
32.975456683 -27.791168481 2.078510038 0.380395625 0.896264809 -0.228046421 0.001841371 0.897300467 1.418979263 -0.390220792 0.604069463 0.630186557 0.362112170 0.008891762 0.320700212 0.032221875 0.281110740 -0.183307308 1.288096666 -0.118600891 -1.208995311 -1.326219650 1.330274010 -0.090130523 0.183741577 -0.408459056 0.952639967
24.129444062 -31.984445197 6.283563845 0.369544497 -0.808897270 0.181142586 -0.419892170 -0.820505335 1.275013999 0.287361199 -0.426759990 -1.539637565 0.365211542 -0.892575114 -0.478972162 0.238915236 -0.734023225 0.027881894 -0.179215320 -0.766945995 1.161487145 -0.658454392 1.471567047 -0.253240788 1.259951368 -0.574947381 -0.071938513
35.396825555 -21.617805755 2.688004232 -0.160843101 -0.882466822 -0.110998750 0.427856382 0.082050763 -0.025811335 1.027500039 -1.256867400 -1.042433483 0.279774231 -0.862272572 0.885454507 -1.109170914 0.921875298 0.288160896 -1.223931217 0.722801422 -0.742390056 -0.324386289 0.169553289 -0.423024168 0.244691129 -0.512731328 -1.065573968
35.852270612 -27.963138219 1.985045886 -0.086784854 -0.214587889 -0.915937188 0.327840654 -1.408111278 -0.204285957 0.691113978 -1.223624921 -2.222619360 -0.231481702 0.335534136 -0.174655948 -0.802043715 0.023710209 -0.137782514 -1.436873725 -1.073772805 0.946439986 -0.807338420 1.843035088 -0.090529291 0.655208163 -0.101767484 -0.117269399
29.545705965 -15.267156914 4.403443600 -0.786354186 0.541527507 0.156275777 -0.252928715 -0.281748830 -0.682195789 -0.455500978 1.449501091 -0.886409766 -0.142516207 0.097083933 0.983158557 1.601696688 -0.355073248 -0.428378351 -0.880587973 0.211844719 1.048346996 0.259519699 -1.536813328 0.011065114 -1.176861203 1.012283312 1.818462795
30.564546665 -27.684835330 -6.119017994 0.354405617 -0.561302597 0.726400338 0.177984837 0.507514068 -0.367179579 0.499250903 0.389226342 1.062895795 0.282286823 0.300554019 0.649243477 0.952986850 0.309181135 -0.966374874 0.265996960 -0.661987364 -1.088637664 0.517630343 0.230076848 -0.190999385 0.426985712 1.070121614 2.322159046
20.750042166 -18.573284497 2.604117391 0.213552089 0.716157284 -0.269214905 -0.607484638 -1.145192978 0.450149394 0.266274574 -1.167187633 0.503806495 -0.106615189 0.832403189 0.474361802 -1.704793321 1.984809487 -0.139845005 1.405515422 0.246799098 0.126333532 -0.182605996 -0.738720684 1.481177994 0.174548456 -0.415019257 -1.221205156
31.662824189 -23.724635753 8.903318491 -0.538573915 0.347347640 0.702638293 -0.309171772 -0.531251538 0.408125010 -0.133505135 -0.007463444 0.480345968 -1.299844204 0.562444169 -1.755510192 -1.116914820 -0.957513157 1.052942658 0.017864912 -0.968849433 -0.911141368 0.528069636 0.171787534 -1.686284228 -1.394145405 0.980784270 -1.203757490
30.998348950 -21.583841428 -4.673305042 0.717858214 -0.502722713 -0.022128934 0.481102659 1.551947516 -0.372359429 0.295739694 0.833039568 -1.600865343 0.746553813 0.247404089 -0.520833771 -1.422090732 1.140612838 -0.591694567 -1.086128850 -1.535344022 -0.210518179 -0.243544000 0.843057362 -1.172074973 0.631925420 -2.278571086 -1.766352650
36.940022792 -24.554193298 -3.425456964 0.468119649 0.199734281 0.355149911 0.784116542 -0.733804962 -1.558967829 -1.332598279 -0.322771945 -0.881738623 0.609836491 0.719652785 0.175714910 -0.565793790 -0.068288931 -1.588891657 0.456320035 1.022210121 -0.814263306 0.283135211 -1.216011411 1.284542718 -0.569313516 -1.891198245 0.742829028
29.391395135 -28.481855536 0.655791416 0.855601717 0.338377801 0.124654720 -0.371358810 0.745651122 0.447518662 0.268343621 -2.284901755 -0.414707833 0.150153672 1.107656443 0.946684337 1.123250200 1.789050959 -0.004631871 1.336667445 1.189432667 0.536200130 0.181869333 1.023249441 0.289922613 -0.416179776 -0.029261176 -0.942325612
24.813994489 -23.571889379 -7.997034624 0.351117905 0.552659715 0.108311095 -0.748032193 0.397943210 0.421707463 -0.009088564 0.347220822 0.847175355 -0.351519204 -0.322842523 1.033185096 -0.408288840 -1.569032929 0.474391968 0.490909109 1.507131735 -0.866586226 1.156951648 -0.985400407 1.486070018 -0.833896131 -0.253709234 0.447618717
33.688407617 -26.620143911 8.564985325 0.306220525 0.133854035 -0.136288970 0.932597128 1.477952428 -1.476589389 0.853209490 0.059086599 -0.107434678 -1.484947509 0.159837549 -0.796179263 1.249625572 1.371067117 1.304286763 2.089911039 1.741985094 1.243575236 -0.469592585 -0.739067792 0.392226695 1.877444582 2.514082192 0.195114239
21.543400917 -26.042175488 0.713819479 -0.301038109 0.653458943 -0.485225023 -0.496914624 -0.760195730 1.482999977 -0.031733656 -0.708766868 -0.780306351 0.941541854 0.943887550 0.765588123 0.009752469 0.285488155 -0.277703797 -0.757773323 0.221181657 -0.841571100 -0.901645493 -1.609689500 -1.158088870 0.595064174 0.701678928 1.129869819
27.353290219 -29.096111478 -2.306600484 -0.406084397 -0.134776615 -0.624836194 -0.653077681 -0.287040726 1.476082855 0.163124295 0.068376933 -1.230871875 -1.503585763 1.074128105 -0.008176517 -1.467486909 0.103597304 -0.046333212 0.583391872 -0.618526186 0.212383144 1.643038834 -1.249179678 2.057114105 0.538996696 0.336638185 1.869427540
26.548243353 -27.712570252 -2.752410386 0.828218528 -0.101247203 0.547262965 0.065622571 1.246770599 0.712625673 -0.312499885 0.021429109 0.828280243 0.474486213 -0.926069037 -0.851296668 -0.220481331 -0.137695275 1.003897944 0.479625882 1.170969214 1.207853877 0.097859970 -1.495720299 0.250662612 -0.118982344 -0.662269516 0.240705572
21.241524378 -27.207705362 7.453531298 0.782940742 -0.190760971 0.580352243 -0.117496041 0.072129696 -1.025890523 1.380391340 0.938743712 -0.353037020 -1.319456116 1.006811738 -0.460224736 0.607575326 -0.739483347 0.395932605 0.473596934 1.106456354 -0.387688809 0.570033666 0.648832718 1.547989088 1.550788430 0.158936763 -1.014753321
24.992842125 -23.740684589 -2.370069587 0.848102055 0.461499714 0.058385882 -0.253637551 1.170594437 -1.164115954 -1.333623237 -2.211228241 0.959539655 0.714910042 -1.222192115 0.308259860 0.113688851 -0.033286529 -0.361506993 0.423007532 -0.053100202 -0.930563225 -0.137245918 0.420515985 0.280021506 -0.967505996 -1.048763511 0.643639324
24.523400602 -20.871843544 4.628026142 0.416778153 -0.647249061 -0.367682186 0.521703397 0.429197182 -0.819857491 -0.006329181 0.020881511 -0.080203896 0.868549016 0.680165451 0.207371934 -0.509938594 0.937530274 -0.473015216 2.825892103 2.046227092 -1.520395297 0.311327935 -0.938275819 -0.654091721 -1.323357285 -0.169862857 -0.029097993
23.271736013 -22.740729135 7.698899181 0.745917673 0.209563591 -0.612626142 -0.156138198 0.576826372 0.651348382 -1.291678378 -0.185321470 -0.811719427 0.358306517 -1.564121248 0.047141928 0.340082919 2.092053609 0.232254501 1.166363561 -0.501592048 -1.158955842 0.612452999 0.230232329 0.620905058 0.844454521 0.535295751 -1.596394742
24.688434147 -17.058224380 5.870158974 0.345090868 -0.027505601 -0.926973905 -0.144482228 -0.518602157 -0.565650939 -1.241322404 -1.576230011 -1.200113721 0.087143960 0.384765742 0.588156549 1.295928862 -1.755528891 0.059758614 -0.705064571 -1.387140610 -0.591519060 -0.319057215 -1.361014322 2.721445766 1.596240866 0.452023063 -0.035785476
29.663183942 -15.357168421 -1.597933848 0.400941468 0.888140845 0.199979678 -0.102273683 -1.640290909 0.205091674 0.460275732 -0.107285490 1.672885168 -0.644697437 -0.156385606 1.993878368 -0.275552043 -0.148921475 0.673462091 1.165182286 -0.518808559 -0.529567121 1.282245876 -1.013757518 1.552716697 1.312744273 0.008341681 -0.579460546
24.350998934 -29.186477590 -6.801809694 0.556897905 -0.587005666 -0.033702567 -0.586645726 0.914507047 -1.330212043 -1.381963355 0.707794535 0.350470219 1.229583204 -0.303469681 1.989791942 0.127281428 0.324973720 -0.680557842 1.055786725 1.194737815 0.982335039 -0.242799444 -0.351655300 -0.271929721 -0.765268326 -0.728360818 -0.367130571
28.060594935 -30.151205590 -2.639059031 0.480717049 0.241628020 0.690157280 -0.483952424 -0.542750706 -0.282584982 -0.084356792 -1.472535817 -0.427285755 -1.611496563 1.206855097 0.951355474 -1.091706298 -0.421136130 0.460108145 0.104600253 0.291371589 -0.742057478 -0.960635048 0.772133725 1.341985288 0.152603943 -0.820642791 -0.948267488
28.896278214 -18.356964116 8.369873686 -0.505025836 0.586781013 -0.627538756 0.082656263 0.502651166 -1.040454180 -1.760574906 -0.456533372 0.183644153 1.902346746 1.150624862 -0.145120010 -1.045484009 -0.631523517 -1.245324709 1.897579270 1.254410908 1.037181302 -0.751321033 0.634231999 -1.985668636 -1.187217687 -2.086410373 -0.399955542
31.693733970 -31.163723045 5.028901126 -0.221448609 -0.147003271 0.528316085 -0.806370056 -0.868762779 -0.028692552 -2.003968120 0.699067266 -1.196743413 -0.570332602 1.352294993 -0.592288382 1.152074975 0.048704469 -0.882744454 0.963266355 -0.235334722 -1.563865765 -0.547974456 0.012212994 1.722780375 -1.980252584 -0.912255518 1.658788440
22.300647034 -17.727544809 -1.247429720 -0.545401233 0.745098364 0.383656565 0.013174328 0.645183238 0.316338476 0.428530480 0.227975793 0.350212334 0.333677688 -0.551573305 0.339939413 0.252013437 -0.684321038 1.682491836 -0.473765365 3.036270002 0.832559184 -0.520595443 2.999786265 2.313442285 -2.532723739 -0.556677414 -2.480514779
33.074340824 -21.303530932 6.878470686 0.277433232 -0.111807868 -0.940692177 0.160087575 -0.914461065 -1.193109588 0.326437860 0.484771634 -0.957778430 -0.625936473 0.666729021 -0.447069064 0.692886419 -0.208734728 0.101973254 -0.749095849 -1.959748646 -0.518261295 -0.237040829 1.128052961 0.738016803 -0.084112425 0.535259833 0.352887659
27.216275253 -22.451482366 -0.873930169 -0.705054280 -0.167463578 -0.116716730 -0.679140352 0.144487018 -0.199385369 -0.092300939 0.152190806 -0.261193542 0.206500283 0.100411082 -0.887660153 -0.442702229 1.325388310 0.047693750 1.702425438 -1.782205346 -1.195575923 0.611330957 -1.182188725 0.486527633 -1.772533819 0.495304562 -1.151814705
35.034229451 -19.125873234 4.165507286 0.105634307 -0.248874047 -0.923933418 -0.270647632 -2.183423995 -0.048183193 0.462463327 0.184949532 0.707416245 -0.051291687 1.368452846 -0.314354670 -0.606109595 0.437323236 0.393454335 -0.753009557 0.973534922 -0.453589556 -1.358542805 0.357576979 -0.096269836 1.164842931 1.316488667 -0.118803236
34.105472626 -24.984160237 5.470856738 0.279466381 0.352928091 -0.530162287 0.718518096 -0.446033398 -0.788014893 -1.123820681 -0.107686091 -2.283238947 -0.631096568 -1.856041026 0.197348373 -0.237952919 0.531479167 1.165104590 1.097315302 -1.225569237 0.323616541 -1.430639177 0.942781954 -0.010446489 -1.200627097 1.015798453 0.779515744
24.728350323 -25.240856940 -1.608999797 0.615417102 0.558227214 -0.453488277 0.322478761 0.143361070 0.997678110 1.137217899 -0.380464982 1.193371450 0.289203301 0.263117877 -0.569971639 0.827940922 -0.597352698 0.344958293 -0.067434516 -1.329363236 -2.755257222 0.126928544 0.701519785 -0.494732989 1.709083627 -2.032728877 -0.147542881
29.670771875 -30.541085841 -2.827848208 -0.361547185 -0.731913766 -0.575416662 -0.049815037 -0.062000439 -0.235707386 -0.990695943 0.406663132 0.409976545 -0.028286784 0.088348787 0.424049212 -0.083599835 -0.162697305 -0.534208173 -0.571736689 0.022381594 2.288140634 0.739150232 0.940970298 0.418087622 1.808243598 -0.726336639 -0.317049560
22.761681172 -32.384335052 2.023855125 0.357000076 0.815458990 0.126950116 -0.437562853 -1.994843264 -1.811078974 0.409752855 -0.261967785 0.515974345 0.654379414 -0.951348251 0.444346081 1.692993577 0.010119377 -1.441934140 -1.432420163 0.573542211 0.803045285 0.222450840 -1.133977994 -3.124927090 -0.175939280 -0.570087975 2.045338686
26.451387399 -30.717648187 -0.166823727 -0.698867809 0.398876279 0.255805973 0.535765623 1.057928767 1.259755635 -1.715988357 0.622514007 2.116910276 -0.455710633 0.269920699 0.563561713 1.697757573 -0.611406845 -1.692834159 -1.027597616 -1.348854595 -1.240454685 -0.225906287 -0.775819807 2.374680661 -0.679816263 -2.008599307 0.587978805
24.183991156 -17.389939914 3.382905250 -0.413494076 0.620994149 0.466535729 0.475114018 -1.408785186 -0.300074350 0.490922054 -1.742163920 -0.728967661 -0.538625063 0.628262457 0.306694790 -0.554650493 -1.722694327 -1.162930667 -0.071023438 -1.009592434 0.262422100 1.097780189 -0.442240743 -0.990238005 -0.271887429 -0.921078812 0.065653880
22.421698439 -31.750269427 -0.554184821 0.484262966 -0.110501307 -0.679150232 0.540401521 -0.328593193 0.185280232 0.906282997 -0.690721032 0.929237621 0.182700651 -0.296755172 -0.014075597 0.808928110 0.175072121 0.643963618 1.788488045 0.214805807 -0.657534398 0.505946433 -0.732113286 0.550430615 0.028069190 1.118552715 -0.176181333
28.200616250 -34.329329063 2.202744180 0.672490516 0.639754529 -0.316558940 0.195604412 0.460926786 1.296918631 0.610778451 -1.925909295 -1.580090313 -0.929030132 -1.453033266 0.506870793 0.392281859 -1.475239861 0.638944889 -0.498724794 0.264179348 1.534433485 0.743693821 -1.189144875 -0.493813765 -0.948945767 0.891672769 1.097606661
23.543101921 -27.742400252 0.032013744 0.177432949 -0.106384780 0.781586969 0.588490983 0.251272648 1.053899553 -0.960732662 -0.671411764 2.452757930 -0.171317727 1.347354523 0.043752258 -0.409826764 1.104698473 -0.591237171 1.243862910 0.139523943 0.778368414 -0.138081867 1.449558432 -2.263134106 0.150997869 0.507087498 0.322730893
27.815270332 -32.989396660 3.523752800 -0.102985166 0.335887348 0.934984120 0.048769265 -0.832106157 0.045005580 -1.229253041 -1.205911457 -0.889407503 1.403419492 -0.316729186 -0.304074833 0.049414448 1.085623248 1.983265757 -0.142075373 -0.625593959 1.333518900 -2.218601723 -0.761206585 0.583013571 -1.127727057 -1.081165975 -0.779701816
21.385687502 -24.005224434 -2.740743476 -0.444323908 -0.586256018 0.668043694 0.112239781 0.418425984 1.164865828 -1.137680576 -0.339715644 0.790298116 -0.688926559 0.310551535 0.584558769 0.032068575 -1.720084369 0.400683210 0.280226492 -0.533382618 1.811568654 -0.214715294 -1.696017728 1.500724808 -0.111958301 -0.676474436 -0.352398028
26.144981189 -20.625101046 7.614040419 0.576046687 0.340627786 0.087569659 0.737885141 -0.235435950 0.075866263 0.708887669 0.218403806 -0.385145969 0.453130528 0.654482437 1.850185504 -1.207084356 -2.916747466 0.806893502 -0.152250010 -0.551392467 0.304319195 0.774889622 -0.467363703 0.851907343 -1.386667076 -0.757320720 -0.106958685
31.358581072 -27.815227446 -5.418979393 -0.719424173 0.284377079 0.551732991 0.311687732 0.451735234 0.904021366 2.787083404 -1.292356829 0.576449672 -0.180529948 -0.563768389 1.197866982 -0.481780882 -0.396992545 0.555754311 -0.014670780 0.840968512 -0.152308491 0.203504511 -0.073254647 -0.676468816 0.059944520 0.837819899 -0.484206952
28.234148507 -33.157600522 4.420816072 -0.877176911 0.219528766 -0.345152897 0.251470207 -0.522442297 0.372683385 1.132125033 0.549589000 1.912296829 -1.506516521 -0.033718566 -2.218587988 0.366808885 -0.125946435 -0.924336030 1.263189800 -0.318528846 0.109725000 1.187718958 -0.344344008 0.207852321 -0.628648981 -0.544925487 -0.143187063
30.038037610 -21.598973331 9.137951426 -0.381253138 -0.353832387 0.142040784 0.842183532 0.613295107 0.430532472 1.493792842 0.567269556 0.533745769 0.041174974 -0.321730429 -0.807048681 -0.141061750 -1.519772753 0.388401714 -1.585149976 1.388105974 -0.454365797 -0.027548842 0.032612626 1.148321081 -0.414100432 -0.468856170 0.014709791
36.832403903 -26.193183744 4.192738533 0.073924618 0.507971603 -0.225269399 0.828102469 -0.983100261 0.485714157 -1.044425364 -0.516217600 1.182961163 0.041863239 0.342572001 0.659590392 0.268532817 1.136013687 0.942907472 0.582223728 -0.179577541 0.102928882 -1.143638361 0.517581134 -2.178854297 -0.412354719 0.951845684 -0.795445468
30.909196214 -31.395789437 0.961055025 0.223982700 0.843935188 -0.214902418 -0.437518112 -1.057875873 0.919506841 0.891034674 -1.211859155 -2.483135030 0.631175083 -0.428767449 -1.426871546 -0.388528463 0.671171287 -1.694545015 -0.242772579 -1.214061627 -0.064524842 -0.306313382 -0.981703977 -0.252414057 0.120671384 0.009273775 -0.617859354
29.760818537 -20.338710553 2.205328074 -0.011142960 -0.366534427 -0.636065892 -0.678931903 0.346000777 0.365739854 -0.369612437 -0.399998585 0.820724077 -0.265604687 -1.179758673 -0.152966927 -1.312151492 0.433582336 -1.846428151 -0.651711772 2.051446730 -0.269845279 0.935424350 0.324269371 0.975560796 1.279275812 -1.090582625 -1.256804728
30.517085477 -16.034271835 -2.668070635 0.902905558 0.243426104 -0.233208809 0.266681338 1.109132321 -0.241536531 -0.192214756 0.065827017 -1.918338965 1.393988526 0.774523654 0.082113309 0.660476838 0.262727944 -0.614275456 -0.610026345 -0.692797512 -0.365815210 -0.849145926 -0.307293719 0.419245574 1.724353121 0.428069587 -0.728581123
30.786506428 -19.396795172 -5.980248121 -0.225196939 -0.814954533 -0.355021717 0.398867181 2.465887102 -0.493708393 -0.479089341 1.348183725 0.572825940 0.001054553 -0.508578341 -0.021362376 -0.741291211 0.377781225 -0.021999239 -1.730273796 0.196289925 -0.195690852 0.709774427 0.982312166 0.439501256 1.353287050 -0.727397839 -0.743442158
26.319117363 -22.673271826 -7.211824424 0.894047693 -0.189860667 0.035077979 -0.404229124 0.631595555 -0.218293339 0.631255453 1.697481008 -1.046443640 -1.489560738 -0.534254624 0.344770173 0.802674095 -0.821531716 0.721749317 -0.038444598 1.588281320 -0.833973815 2.009191040 0.600720195 0.142035358 -0.025761214 0.755209038 -1.182581867
31.658114637 -25.527175030 -6.380739278 -0.641365811 -0.162771677 -0.512713153 -0.547065353 -0.942332434 -0.244001428 0.677697210 -0.224348961 0.234542924 0.938653910 -1.689521487 0.410405144 2.047974846 0.395986722 -0.743255135 1.261560417 -0.737992145 -0.391039508 2.120174451 -0.417973881 -3.276120604 -0.755944633 -0.873337545 0.982680244
23.249561849 -27.140573198 5.750550477 -0.080029234 -0.216198140 0.838293634 -0.494082453 1.218953316 0.488500767 0.874676084 -1.292497765 -0.018656479 -0.083736477 -2.463357281 -1.244872357 -1.552495826 2.096693910 1.265027044 0.179888637 -0.182689419 1.056745614 0.227605492 1.531927606 -0.302876004 1.574277408 0.774993069 -0.263093704
32.720282372 -32.628377310 3.784051572 0.549850330 0.217378341 -0.272819266 -0.758934068 -0.601771847 -0.320277778 -1.268565725 1.937667280 -2.096921168 0.950814831 -0.636636129 -0.218333518 1.446301539 1.044805517 0.364324444 -0.302109229 2.329322165 0.320813298 -0.824991696 0.320250934 0.490965865 0.659160732 0.526272629 0.384087419
25.380155225 -24.157384922 2.703108800 0.077217167 -0.218338894 0.294242033 -0.927247142 -0.100413621 -2.472577084 0.674321947 0.078898971 0.458662898 -0.203810779 -0.852257643 -0.146768276 1.671818007 -0.026603529 1.437947050 0.604366113 -0.963449419 0.773265950 0.664700123 0.959728474 -0.606037778 1.208492809 0.258292563 -1.064601523
33.063297556 -21.439990375 4.355693819 -0.329225273 0.025352709 0.856040304 0.397697067 -0.919671449 0.198072139 1.086511647 0.439548031 0.549311226 -1.397176424 1.826447575 0.927912976 -0.831201028 0.235030303 -0.808444068 0.060447888 -0.162576337 0.350936930 -0.880252668 -1.009556221 0.639053322 0.224365936 -1.029047252 0.729583445
20.846775404 -22.024083849 3.707557884 -0.318062475 0.166646221 -0.642076233 0.677350286 2.951203094 0.269392490 0.215909378 0.795739957 -0.999712924 1.302678660 0.835151090 -0.386908353 1.559543754 0.658306602 -1.106740347 -2.397069736 1.182756177 2.583763188 0.088045375 -1.226098228 1.985768437 0.027715191 1.334869521 -0.608367851
29.939219538 -30.995738610 3.795928880 -0.068812542 0.849785920 -0.076687240 0.516960145 -1.366064340 -0.462052936 0.834366229 0.446394832 -0.341026805 0.153673698 0.765978741 -0.105871721 -0.302882333 0.302915519 -0.276424310 -1.090002850 -0.101615458 0.853848189 -1.322243400 0.519589539 -0.421325468 -0.302621188 1.041602405 1.165884387
23.884934652 -22.064967790 5.950198781 -0.849049913 0.213157015 -0.341144216 0.342489350 0.144770273 -1.319580310 0.926823440 -0.505793150 -0.703597614 0.816569703 0.410948473 0.433153124 0.499544227 -0.301466608 0.153436259 0.279497858 -0.496260293 1.242467795 0.073121835 0.266486075 0.164114856 -0.984477280 -0.205517189 -1.214243842
27.013865071 -23.543971284 0.839654519 0.403675913 0.384864527 -0.818098934 0.140139884 -1.054285180 0.797332048 -0.033653414 0.170482051 0.135326892 0.562853783 -0.842272100 0.871008428 1.886054377 -1.210015866 -1.407635119 -0.287796246 -0.683434967 -1.077667739 -1.371842646 -0.194597265 -1.777059533 0.146078578 -0.261842740 0.406157447
20.228242671 -23.195226421 0.000797659 -0.264318929 0.859942151 -0.362036670 0.244058293 1.496794732 -0.848525618 1.012453265 -0.271094187 -0.570530475 0.347456379 -0.288969453 -0.804155750 -0.614892781 0.604037368 0.414920959 0.203187967 -0.191086506 -0.820429412 -0.849979181 -0.285596673 -0.666245048 -1.319705896 -0.463118201 -0.542846980
22.411062060 -24.590611514 6.156617271 -0.603932992 -0.622401417 0.261683519 -0.423560095 0.101374206 -0.158399968 -0.184285663 0.327681116 0.450818741 -0.040346969 1.546698576 -1.023958374 -1.233514472 0.810964237 -1.780531067 0.258380987 -0.381012993 -1.238726032 -0.397949314 -0.522051903 1.258601317 -0.834603829 -0.413541386 -0.564468205
27.320910622 -24.974393535 -7.200223257 -0.613377160 -0.743502315 -0.210733016 0.162985774 1.014443691 -1.113868346 0.164004457 -0.134020660 -1.385839036 0.130645998 0.669974322 -1.400806087 1.486425263 -0.107292985 0.176691432 0.796820613 0.483976288 0.866918242 -0.174807861 -0.210507283 2.828204127 -0.449694894 -0.365821962 0.220844086
24.328775651 -25.388583667 5.387690171 0.479781589 -0.332487378 -0.803865126 -0.114291865 -0.134522923 -2.215055311 1.142734394 -0.637740148 1.038845408 1.044515186 0.862561595 0.810752009 -0.437016925 1.342131491 -0.112488482 -0.790565312 0.279431266 0.193124149 0.736666722 1.135276495 -0.027614587 -0.604965408 -0.836715777 1.689166929
26.774064519 -30.198274173 -1.926899154 -0.535175901 -0.762970177 0.258772309 -0.253968809 -0.758397795 0.303032367 0.531921320 0.280232797 0.463178145 0.838612095 0.063597685 1.279927078 -0.118973044 0.011813806 -0.110472769 -0.081459868 -0.016534460 0.831182404 1.941687554 0.128539655 -1.095881973 0.448818037 -0.483725453 0.155603192
25.210182899 -26.063409781 -2.392452072 0.407760381 0.344077100 -0.051451921 0.844212722 -0.868165308 -0.845286136 -0.289626233 0.475400264 -1.511630227 -2.551688992 -0.033285979 0.973398448 0.034685490 -0.313348074 0.352945849 -1.800942968 -1.912406301 -0.064257333 -1.193758773 -0.582261625 0.143202120 0.257936790 0.647946155 -0.266245395
30.158619452 -14.942647618 2.073083279 0.000069420 -0.123611913 -0.719024932 0.683902944 1.461964158 -0.997775555 0.547061779 2.336734896 0.556462829 -0.399219909 0.047814117 -0.827867869 -0.558955493 -0.727471895 0.854908977 1.416561941 -0.559188285 -0.426923010 1.236794398 0.246183411 0.328784324 0.591249779 -0.985323128 -0.431199614
26.124664550 -18.834232349 7.466027296 0.162971265 0.121743253 0.745192510 -0.635064619 0.502238533 0.930627958 0.780126499 -1.135807066 1.574653228 0.061932032 -1.076376588 -0.079271776 0.498054154 1.431620130 -0.141192738 0.246574384 -0.008952052 1.021354155 -0.086153919 -0.223506763 -0.065340355 -0.352208809 -0.502850048 1.165556920
26.209385022 -24.605276722 3.244615958 0.258242530 0.218175163 0.762611539 0.551483485 -1.055953591 -1.399962314 -0.424153195 -0.609451697 0.209742724 0.161063213 0.253760477 0.020685419 0.174022038 -0.344592581 -1.214682498 0.443035412 0.296462276 -0.201732582 0.309235053 1.596848908 -1.105793225 -1.731890688 -0.300773674 0.040022246
30.943704796 -20.667801537 -4.872149998 -0.319738807 0.245930268 -0.312596860 0.859981745 1.055106403 -0.530231618 1.169720217 1.249955027 -0.158248912 -0.798397101 -2.083451840 -0.590358048 0.205764103 -1.643437538 0.691887849 -0.837870212 -0.583702493 0.773236742 0.628208391 -0.846308063 -1.969218731 -2.517848076 -1.707798549 1.534273474
24.815835424 -21.140252185 5.978972411 0.070220452 -0.891974687 0.370935718 0.248710553 0.938822828 -0.781385511 0.297118878 -0.502369824 0.465887624 -1.194763912 -0.722163224 1.528283904 -0.312136459 0.023973031 0.793093860 0.184420862 -0.115175988 -0.810418166 -0.024237095 -0.560251953 1.037114375 0.020224387 0.146917225 0.893803531
18.761767745 -22.677384598 3.032315492 -0.898036576 0.219161859 -0.261847396 -0.277370381 1.810301787 1.631062516 0.238644594 -0.167590870 0.033161762 0.230732191 -0.377001470 0.120470664 1.357050778 1.667029863 -0.104498713 0.017167812 0.167722075 0.808795067 -1.282186730 -0.486670971 0.026088620 -0.097095958 1.230934086 0.918919747
33.821734556 -25.500013728 -1.667131314 0.408227682 0.177314071 0.857768832 0.257181862 0.211946825 1.830938850 0.531907176 0.614496222 -0.822280195 -0.390310582 -1.096069161 -1.270049002 -0.913904001 0.340232921 0.233204572 0.553369370 -0.010978277 -0.068946514 -1.377594457 0.577092687 -1.168657918 -0.453677717 -0.072648854 1.401210001
28.827693074 -30.728382905 -5.635475426 -0.543266845 0.566436002 -0.355059324 0.507882140 -1.133247202 2.092836545 0.166790705 -1.155076571 0.694981183 0.409711962 0.196140488 0.030091130 -1.104453979 1.357860419 1.242308614 -0.507540251 0.836554000 0.828348941 -0.080747812 0.710447960 -0.832877920 -2.546032074 0.748354893 0.316519896
28.846453183 -25.052168017 -4.517332470 -0.017720933 -0.606934593 -0.657190071 0.446561955 -0.259106717 0.533246180 0.905174224 -0.884869596 -0.376141814 -2.096943678 1.239512871 -0.791733208 -0.432256107 1.528294841 -0.259794774 1.078017363 1.355446171 0.216511867 0.063507264 1.360794043 2.191005214 -1.347664249 -0.152997150 -1.149487543
26.712998225 -27.936855567 -0.204382223 -0.739628619 -0.055724956 0.670704219 -0.000291784 -1.702437091 -0.688419097 0.440905919 -1.298339652 0.352093770 -0.617080897 0.320106271 -1.494984337 -0.581639261 -1.485828587 -0.024495467 0.957871814 -0.536847793 0.815635678 -0.130064172 0.578158171 -0.314912648 -0.114398582 -0.861150519 -0.455532525
25.947412383 -17.825957263 6.884825865 0.582806360 -0.023520088 -0.473635744 0.659888425 -0.242687794 0.365617000 0.433512596 -0.487213868 -0.082718652 -0.944137573 -0.255592414 -0.704352259 0.860267579 1.046972177 0.966277112 -2.482107895 2.300333945 2.306574315 0.448023262 0.129965162 0.470400931 1.871941938 -1.183346975 -0.598601181
20.142279410 -20.445655900 2.518161199 0.132899147 -0.757050703 -0.527324418 -0.362133963 0.249627396 0.179421901 1.287531762 1.308625219 -0.200352356 -1.517561252 0.504074283 0.148546496 1.945997988 0.577459348 0.838431796 1.045260523 -0.430994077 -0.959643356 -0.553103451 0.613462578 0.419623440 -0.882568235 1.106274532 -0.336454740
23.673535624 -27.060816844 -7.285927669 0.190730325 0.334173990 -0.692292745 -0.610475587 -0.454735026 -1.591116856 0.573926438 -0.130073511 0.061607417 0.375880121 0.425833795 0.178341276 0.105724223 -0.329762530 -0.290609452 -1.146618700 -1.117221292 0.340971065 0.760397841 1.228729658 -0.013344535 2.217862638 0.131172133 -1.001058608
21.985437757 -19.791214422 -0.884329066 0.071398483 0.526576576 0.773855032 -0.344626980 -0.960598610 2.023984845 1.103996987 0.037532893 1.506071122 0.836079177 0.267810432 0.523710468 -0.262408777 -0.163472141 0.694654321 -0.315500786 1.306420954 -0.151434712 -1.693852655 2.019856067 1.611225105 -0.427176003 0.055547022 -1.379335129
23.765466790 -23.745261463 8.049047410 0.317677019 0.711973194 -0.388390828 -0.491251510 0.574899932 1.240922329 -0.641423919 0.807528365 0.277813406 0.575891041 -0.058522142 -0.376354315 0.755170440 -1.033437956 -0.285715718 -1.561117619 -0.093530373 0.060308062 1.129056089 -1.153789202 -1.577178261 -0.377302683 -2.764164961 -2.281997925
33.348436058 -25.880430457 2.025430887 -0.295061982 -0.419656478 -0.760945109 -0.397227149 0.766109358 0.243662777 0.093338259 0.689965076 -0.529677611 -0.288162858 -1.266243925 2.860638553 0.349915075 -1.356625473 1.014003719 -0.288008585 0.774626042 0.315599255 0.154135408 -1.135677307 -1.701829764 -0.570890153 1.335384965 -0.833820493
30.553111312 -28.563817801 2.452056844 -0.127226697 0.652213012 0.298919714 0.684893101 -0.545476416 0.089511141 0.920548022 0.719514114 -1.837522995 -1.459606043 0.820020797 0.869689909 1.157223231 -1.593343120 0.443039140 0.568393938 -0.510425557 0.699946952 -0.808474136 -0.033048075 -2.516038409 0.650309757 -0.000912165 -1.221059266
22.377635079 -16.856492549 0.315197937 0.905309133 0.057345685 0.346307203 0.239161382 0.552716474 0.192554964 -1.102024853 -0.798010936 0.191041187 -0.886136798 0.099848595 0.648869515 -1.394553311 -0.233769363 1.249506552 0.325108206 -0.882004549 -0.519952614 0.626519104 0.283879758 0.225043058 0.418070400 -1.439476530 0.039400350
31.228818946 -17.866089922 -2.968011987 -0.300592915 -0.834920169 -0.360468499 -0.287427681 0.098056909 0.098679369 -0.269892439 1.011322333 0.298435628 -1.855660888 -0.633308398 -1.149353604 0.530405309 -0.256884312 1.136519683 -0.165607117 0.442263115 -0.359321149 0.112908102 0.934210649 -0.184916605 -0.943879035 0.963615666 -0.456175268
23.750286183 -20.424064446 -4.066264507 0.564802644 -0.100433379 -0.073334804 -0.815802131 -0.926702929 -1.677153810 -1.724677677 0.560256202 0.250257589 0.501276274 0.537388720 0.287904824 0.007101555 0.122812271 -0.358309612 -0.223559426 -0.483548457 0.351809265 -0.928375979 -0.912048952 -1.644298605 1.001960882 -0.916618944 -1.836219644
30.044950440 -21.213860608 -2.725311736 0.776304942 0.043461223 -0.520409280 -0.353038157 0.724357784 -1.171303149 1.289535703 0.092360237 0.491152222 1.073442982 1.334903536 -1.034775225 0.220092887 -0.667750881 -1.026460196 3.118191707 -0.831479503 -0.607436738 -1.231857955 0.715611781 0.668217924 1.452075475 -0.077643198 0.848390281
27.368491244 -19.730880412 3.238750948 -0.284749585 -0.239265765 -0.238800871 0.897019348 0.814779250 -1.396826501 0.357550619 0.902481631 0.049814775 0.869188830 0.751424527 -0.484952009 -0.375538589 1.020920313 2.015094311 -0.637019030 1.185904266 -0.549966657 -2.725710832 2.213178813 1.566850595 -0.140995183 -0.079748359 -1.315269835
29.963923524 -30.206518207 3.377632458 0.295374793 -0.026174410 -0.952829785 -0.064684092 -0.362985726 1.369419401 -0.206203238 -1.293651874 0.345567752 -0.114943767 -0.799914544 -0.582318963 -0.083376803 0.118974152 0.839744523 1.752790685 0.287950338 -0.074687375 0.176834837 -0.217943289 -0.566385007 0.598727722 -1.377775208 -0.666736855
26.423556652 -23.591869340 -5.010266121 -0.314325694 0.283401456 0.020097739 -0.905802988 -0.080225320 -1.356560218 0.118597741 1.088690081 -1.157596636 1.609502951 0.301767291 2.236100218 -0.853227243 -0.863601716 -0.778636083 1.512818020 1.627442585 1.082831773 0.633128343 -0.111002697 0.063180616 -0.557225673 0.945797174 -0.733181415
23.208435206 -20.448793091 3.551821363 0.352271684 -0.394548616 -0.799739144 -0.283995337 0.042528384 0.195773240 -0.446127028 -0.655092482 0.516437515 1.051390827 0.455788114 -0.081726489 0.341042591 -1.162739301 -1.507665234 0.037656548 0.456311636 -1.745811818 1.582611038 0.855076600 -0.505665780 -0.275037978 1.064168706 0.027164744
30.626882145 -15.002025524 1.397859102 0.845003901 0.338862477 0.077147812 -0.406434304 1.000036212 -1.210051535 -0.826907156 0.977528771 -0.624287830 1.931239386 0.277918720 -0.317562527 -0.827866724 1.298617189 -0.359543409 -0.720420486 0.428871987 1.221853858 0.129493944 -0.555315378 0.459994174 1.284766988 1.390973454 -0.212328078
27.560824950 -28.860471806 -5.758962139 -0.213022197 0.128133372 -0.478725678 -0.842036286 -1.753321818 -1.640363690 -0.756022334 -0.247019816 -0.831128205 -0.218142443 1.738706184 -0.604557763 -1.167617600 -1.733445928 0.030708320 -2.624922091 0.894805288 -0.873100567 2.107221975 0.603538912 -0.492448778 1.061719615 -1.076530869 -0.416311291
22.766202322 -25.986245125 -3.541054920 -0.722507923 0.503936179 0.446886121 0.155959687 1.189419703 1.031409428 -0.005455452 1.063252589 0.973138912 -0.083853944 0.826238778 -0.544254262 -1.167340763 -1.380328841 -0.240870663 -2.463024500 1.096830618 -0.118832974 -0.723098826 0.651976183 0.194745219 -0.694295697 -1.199896318 0.184596850
28.524906410 -29.277172460 5.447657360 -0.190986527 0.788600410 0.554600072 -0.184532654 -0.375327381 -0.767207351 0.963706745 0.716976612 -0.044122444 -0.188635276 -1.120845423 0.379453700 0.050650242 -1.680140142 -0.593521654 0.496580031 -0.917702950 0.537588020 -0.826118003 0.925450515 0.284029765 -0.129028548 -0.087078955 -0.886391007
21.576798064 -22.873639927 0.935045574 0.359264233 -0.132626907 -0.104738921 -0.917806664 1.433290777 -0.250247903 1.452419312 0.763510184 1.426974363 0.138164745 0.618667575 -0.733465803 -0.777563877 -0.632072843 -0.225542754 -0.767529333 1.526911600 -0.464845542 1.705533304 0.298348615 -0.925480970 -0.110012758 0.252423567 -0.326231086
27.412562427 -16.447713983 3.331792865 0.694702124 -0.483152980 -0.522982823 -0.102181814 -0.846874347 -1.690259612 -0.448239345 0.872482982 -0.253411832 0.281125570 -1.003450941 -1.172947538 -1.207037884 2.919696358 1.114819751 -0.075062045 0.985260061 -0.843507891 -0.051005369 0.030031911 -0.285874191 -0.088398480 -0.134227313 -0.757193403
31.828557589 -31.899830835 6.049815275 0.129665292 0.986953110 -0.006521937 0.095225706 -0.076089361 -0.185044548 0.134685255 -0.894964019 -0.817679546 0.685790501 0.651097664 0.419409525 1.127839980 0.065811470 0.285095236 0.268456153 0.827160296 -0.729709257 -1.446029337 -1.246520708 -0.612494113 1.313453802 -0.126410945 0.433403473
23.617434138 -21.192286926 0.885422173 0.855583073 0.011396121 0.084689076 0.510563899 0.417152285 -0.616018893 -0.234392241 -0.507838047 -0.351227760 -1.096354159 -0.682953450 1.004001406 0.528587899 -1.317918779 -0.033749744 -0.731502674 -0.131981326 -0.166134208 -1.223014552 0.901063257 1.670168632 0.128287390 -0.024475726 1.110182228
36.188639453 -23.475630141 -4.080642219 -0.555301507 0.080153704 -0.374267932 -0.738335381 2.194137889 -0.542319366 -1.490860678 -0.537836921 0.060309322 -0.004217264 -1.191680194 1.434861957 -0.060127072 -2.825935219 -0.012828264 -1.584786053 0.275911604 0.648600517 -0.203191775 -2.552896470 0.915009188 0.111528507 -0.852619751 -0.384048805
27.600125882 -20.800096435 -6.111743347 -0.716815746 0.596776523 -0.197628306 -0.301622314 0.522120111 0.112226964 0.632741181 0.435986345 0.629089509 -0.792097143 0.562791898 0.649603565 -0.291297982 -0.434550555 0.684545820 0.175221891 0.257317752 0.822392442 -1.710915815 -2.423673885 -0.668661469 1.395808475 0.605317575 0.028718284
35.763830324 -25.073062043 3.423470299 0.347867688 -0.028505862 -0.926405371 -0.141239425 -1.539730761 0.436905033 1.428285544 -0.875071682 -0.525771079 0.653671236 -1.601554630 1.772724642 -0.869851321 -0.061059711 -1.689999531 0.048320459 -0.656670978 -1.428749285 0.627112484 0.137962300 -0.900389366 -1.577629802 -0.586861770 -0.180037563
30.742199844 -22.437641456 -2.802326282 0.103907591 -0.793459220 0.133784447 -0.584574546 1.311177218 -0.182867337 -0.877850439 0.551941001 0.268182812 -1.224372305 -1.242786553 0.794543986 -1.236658416 -0.068432292 0.340275107 0.362943601 -0.097276673 1.460381432 0.774838586 -0.900690989 1.035629985 1.276353793 0.530928125 0.651460557
29.394071428 -20.066889970 -5.184968354 -0.935636030 -0.292250294 0.179954809 0.082409052 0.209654154 -0.548902935 -0.629080720 -1.032210345 1.418193558 -0.723439966 -0.176596689 -0.401418839 0.600354476 -0.089319261 0.369669814 0.615792068 -0.103510173 -0.529795692 1.743989783 -1.481104822 -1.232703135 -1.111415162 -0.160798358 -0.094541676
25.133782249 -24.063147535 6.411497672 -0.548180016 0.649894669 0.443378864 0.283814680 0.708798721 0.264193511 0.722049826 -0.441069646 -1.659478329 0.003440855 0.846922125 -0.022268868 -1.018542416 0.744846192 1.100134008 -0.253724722 -0.081159811 0.373265508 -0.320766011 1.364737192 0.408900851 -0.861202531 0.435385710 -0.342260528
23.121824580 -24.751843213 -7.413047538 -0.746396551 0.355455395 0.156618990 0.540383330 -0.330786249 0.212193011 -1.159763032 1.350156051 -0.145781628 -0.888020515 0.964992559 0.287274146 1.652236225 0.020495324 -2.038621855 -0.462928421 -0.678069632 -1.248341059 -1.000267497 0.717480503 0.515259070 -0.489199812 0.924686144 0.775797244
29.642872324 -17.068057101 1.737910148 -0.836391311 -0.251703040 -0.158929601 -0.460257034 2.362966234 -0.736874371 -0.881133513 -0.534475373 1.813946487 0.166145529 -1.844396164 -1.565810507 -0.222210230 -0.554849864 1.107924760 0.547301808 -1.337822682 0.830160525 -1.242969907 -0.232841726 -1.286023350 0.020289746 0.340738500 -0.046723486
31.895149885 -18.591980659 3.458319785 -0.316658510 -0.171296389 -0.238010665 0.902073089 0.484104639 -0.188352626 -0.580927963 -0.224054736 1.232348256 0.438911301 -0.769891759 0.850490422 0.190915787 0.243241670 1.155261568 -0.172885658 1.057091605 0.454859976 -1.321299803 1.484097274 -1.600996146 -2.329032262 0.428511329 0.456363503
25.967563264 -18.737511046 -5.515788429 0.884095422 -0.163140068 0.125394626 0.419567385 1.587801997 -0.623459843 1.159998191 -0.753024288 0.035678391 -1.229208714 -1.394517156 0.828387956 0.851635169 -0.865136137 0.173557768 -1.073190812 0.900916105 -0.529178034 -0.266189830 -0.316342607 -0.306990083 0.146955255 0.809974098 -1.057646311
33.438595838 -25.986636720 2.009101335 0.516292364 -0.535529149 0.420223662 -0.519675667 0.646240234 -0.466153008 0.013325396 -2.911613444 1.200064955 1.148202435 -0.347285849 0.184120998 0.200310385 1.110163115 0.374850138 -0.039884114 -2.126955802 -0.508776915 0.424179301 -2.813142918 0.400196413 -0.649888505 -1.170940659 -0.075291101
28.216191890 -25.967798733 9.361757831 -0.062550806 0.087039836 -0.985400807 -0.132275144 -0.907482601 -0.116644514 0.010394854 -0.959836206 -1.538813665 -0.574452811 -0.510118508 0.092187996 -0.795339837 0.087919564 0.698105816 1.293940065 1.493452155 1.234139078 -1.220479760 0.747245106 1.644795150 -0.158412701 -0.635825738 1.158566926
35.244598429 -22.047505085 3.421544593 0.929679873 -0.226427167 -0.290412871 -0.009297165 0.089585476 -0.508184264 0.571058134 1.719191658 0.469419643 -0.513650693 0.360394270 -0.967987586 0.926912006 0.119761105 0.713692979 1.202881626 -0.667461948 -0.576018925 -1.322152854 1.169773266 -0.146946997 -0.574272102 -0.067912478 -0.504221945
24.664517001 -29.492113408 8.909669818 -0.203578060 0.949072923 0.237354533 0.038462789 0.946702733 -0.945774796 0.062355188 -0.269431078 0.182001826 -0.036297495 0.265041696 1.576356793 0.388735717 2.172593447 -0.975281929 -0.685505995 -1.458172363 -0.709078269 -0.023497037 -1.710048738 -1.142814957 0.590297382 1.192685577 0.708238026
26.051238989 -21.540085750 6.412438025 0.074083503 0.943122546 -0.064943795 0.317511891 0.951266964 2.330190447 1.495445539 0.092275870 -0.543994098 -2.255121554 0.399947431 -0.356495949 -1.631177318 -0.377083688 -1.006491871 -1.140112325 -0.891870917 -2.347857479 -1.165094476 0.461527148 -1.673516851 0.352186351 0.341266086 0.959494671
27.113180702 -24.926997367 2.432440838 0.296239382 -0.770042446 0.522086394 0.216107974 -0.109325219 -1.420442901 -0.456180359 -0.010030447 0.400735604 -1.076234908 -1.295894971 -2.082912999 0.367042642 0.791757197 -0.684348898 -0.706560576 -1.738426783 0.093323913 0.719042918 0.484053533 -1.274981519 2.147215047 0.973158457 -2.259122364
24.896042183 -33.121296748 2.761761961 -0.200871129 0.221489227 -0.011388768 0.954182167 1.577726883 -0.205137371 -2.139804534 -0.112976620 -1.926330652 -0.876113368 1.121138093 -0.403627613 -0.363808869 -0.465752926 -1.573814112 1.280650470 -0.072584710 -0.750392768 1.973749084 -0.200328621 -1.528411860 -0.714003786 1.198001196 0.664494419
24.404165246 -32.004256946 -2.217245868 -0.433688056 0.090012929 0.819178309 -0.364361415 0.461771853 0.966986916 -2.031103817 -0.379321350 0.032780279 -0.160039225 0.671261794 -0.365900740 0.619627703 0.794880240 -0.255079055 0.715021390 -0.874133509 1.456706008 0.596017014 0.053677789 -0.209531397 -0.541402097 1.960726680 -0.073624126
31.255115361 -17.204052876 1.420207709 -0.191920426 -0.599435924 -0.765747582 0.132188370 -0.347123203 1.109134337 -0.403748692 -0.475136880 -0.072203346 -1.556228768 0.139373790 -1.973969385 -1.596108306 0.625600951 -0.777004906 0.219517484 0.351706172 -0.455111189 -0.558659336 0.736021319 0.319905113 0.144777380 -1.149561938 0.265815367
30.805511148 -21.014161125 2.328269503 0.482679570 -0.558306561 -0.377511649 0.559284517 -0.864789226 -0.995579123 0.216300594 -1.215659679 0.825011476 0.765336861 -0.179048659 1.940469267 -1.237077301 -1.120455725 -1.448170793 0.637247743 0.211035185 0.470095358 0.431821224 -0.698585289 1.667142574 -1.570841353 -1.363833687 -0.121108902
26.450346851 -24.649048251 0.838620189 0.054563413 0.441266308 -0.185442076 -0.876309372 -1.589829946 -0.536209743 0.286865453 -0.714703209 0.917494013 -0.618940992 -0.596653389 0.779838065 -0.795454387 -1.643380430 0.391927277 0.314605941 -0.068451892 0.970389244 -0.169514616 -0.194474065 -0.143197252 0.631692990 -1.095292610 0.199972513
30.188959819 -20.730359650 -6.590661948 0.607794902 0.715584674 -0.100616089 -0.329242060 0.069513305 0.140449621 1.354347540 -0.370438551 0.015216951 -0.126939658 0.072179051 0.051014146 -0.473381680 -0.879307520 -0.180727156 -0.009410029 1.313430500 0.688504289 1.663774448 0.449961713 0.282763370 1.266707120 0.734120045 0.010103010
28.266650876 -18.054554744 -0.822802766 -0.901842898 -0.105755516 0.144262211 -0.393298324 1.082673557 -0.145946990 0.975555016 0.623404790 -0.516275054 -0.653620116 -0.292827824 -1.210978030 0.528289478 0.455071023 0.883528753 1.760146990 -0.100937924 -0.035064587 0.568134377 -0.552816523 0.729840925 1.998484828 0.015995732 0.005849437
30.279087609 -30.914365014 5.849747792 0.559038320 0.367944693 -0.468631577 0.576608450 0.467934247 -0.376075856 0.787893542 2.212568276 -1.091407906 -0.494384740 -0.045968588 -1.253128859 -1.737617394 -1.557624703 -1.507478924 -1.502674917 0.725174832 1.507229936 0.550925691 -0.372964334 1.143805452 0.231486830 -0.967081200 -0.833934343
22.144621149 -28.579362931 6.826775153 0.280529214 -0.539233781 0.666500383 -0.431633559 2.375842397 -0.759998580 -0.752884273 -0.039822294 -0.340959886 0.729395908 -1.221262794 2.426474763 -0.544362680 0.707666675 0.099888589 -1.436315085 -1.443380293 2.225617145 0.374916402 1.231329393 -0.658959578 -0.986724007 0.849168267 1.328142854
24.204512404 -20.741205386 5.284948773 -0.236550216 -0.925179050 0.110062869 0.275633609 -0.634003048 -0.054527669 -0.512645666 0.884859809 0.860144294 0.217671056 1.069452836 0.381249178 2.718826412 -2.008168246 -1.227181773 0.970193135 1.017113292 -0.258215405 0.815592915 -1.090782434 -0.264194285 -0.948763396 -0.401092163 1.146599813
35.204944645 -23.330735998 8.053577093 -0.445707537 0.091023642 0.274518256 -0.847171302 -0.172974251 1.825344165 -2.346324489 -0.831793139 1.200987488 -0.409120305 -0.846305352 0.535624147 0.666994149 0.671941718 -0.154797129 1.616778906 -0.901897565 -0.180027473 -1.124030973 1.186042545 -0.477399478 0.381138937 0.578255803 0.257620776
30.685066629 -21.650455876 8.205573044 0.134617563 -0.110039348 0.980035483 0.096436023 -0.798448072 -0.682097472 1.035867424 0.145795147 0.051892579 1.239865185 0.345642010 0.511213605 1.093581356 -0.930698285 -0.158977107 -1.372151793 0.515516217 0.716206699 -1.736919927 -1.063631675 -1.002475832 -1.112624675 0.660105322 0.990724877
27.715307560 -23.444318785 1.708563894 0.318343761 0.606765922 0.537124973 0.491923906 0.541801444 -1.160214450 -0.583445984 0.568481993 0.589530498 -0.828457909 -0.445887729 0.935062416 -0.336989356 1.239882288 1.716429083 0.925977769 1.768229495 0.443992584 -0.959436348 -0.700934011 0.412881116 -0.045610435 -2.444713569 1.202632693
25.068483414 -22.806118638 8.260558724 -0.527977975 -0.036770406 0.848279535 -0.017579133 1.399616338 2.332440086 0.514438836 -0.278383743 0.108443516 1.211155600 -1.672570577 1.384772901 0.060016876 -0.605968478 -1.700411875 -0.895899281 -0.736538593 0.370662502 0.908221387 -0.603462122 -0.060522647 0.039393241 0.233462982 -1.712887165
27.738997159 -23.667907231 -4.418720205 -0.526794347 -0.790872522 -0.293850401 0.103248784 -0.942452894 -0.120755662 0.739025508 0.870347252 -1.852188337 -0.546190736 -0.816713378 0.461738002 -0.420001787 0.531479490 2.238400311 0.343845153 0.580683274 1.200858274 0.376643182 2.411942157 -1.570959493 1.287590389 0.766772824 1.138523978
27.067553257 -27.907365369 8.710771024 0.062835459 -0.615316573 -0.663627120 -0.420756776 1.395965635 -0.141743814 0.254789222 -0.564119016 -0.309119255 0.179820813 -0.455453982 0.870007964 1.025199206 0.735245199 -1.858286865 0.677948986 1.449879781 -1.387150397 -0.585386714 1.284079046 0.626708536 -1.482463318 -1.248316917 0.400950309
29.323726578 -18.407636450 -2.078672417 0.288331451 0.026686675 -0.689447453 -0.663939007 1.025449775 0.943615942 -0.496428143 -0.483066580 1.154997660 -0.439746254 2.306335318 0.401541342 0.331310812 -0.882287840 0.905552842 -1.738335117 1.489358397 -3.248672356 -0.598728974 0.843941180 0.773911738 -1.355280411 1.081207768 -1.214401071
22.948836607 -17.745681929 6.179873808 -0.809613454 -0.522449786 -0.066642301 -0.259096662 -1.006137711 0.031458611 -0.558021513 -0.949616145 -0.940933836 0.264198370 1.613670822 -0.638422542 0.955047093 2.639673103 -0.448407433 -0.047113787 -1.837442777 1.242173071 -1.086516898 0.338699655 0.315228623 0.605422023 -0.025008810 -0.213976044
26.837829640 -21.144370948 -3.912354346 -0.600778002 -0.167581683 -0.168928147 -0.763181140 0.219126778 0.190898807 -0.286316729 -0.152869593 1.273129054 -2.429585442 0.713154058 0.497138487 -1.182564758 -0.436044661 0.388140150 -0.451379986 -0.076015629 0.161204163 1.513809186 1.009949545 0.569980375 0.301779158 0.983537550 -1.222879182
22.542793053 -19.109722574 4.771839641 -0.485347013 0.511567692 0.149766345 0.693041713 -0.463055128 -0.386033444 1.082349389 -0.506782964 0.500789601 -0.423128303 -0.357153243 -0.279550066 0.032039546 0.363034561 0.075988051 -0.023022408 0.789112964 -0.657302508 1.451445190 1.393517324 -0.878566844 0.182371285 0.629844999 0.506490331
18.835779338 -22.112960176 1.385249642 -0.580595649 0.137391731 -0.723430608 0.347390788 0.189291791 2.179962539 -1.223589490 0.923740832 0.545594007 0.046839070 0.489042230 -0.716879765 -2.530730686 1.311309659 -0.475675386 3.126795971 -0.934676286 -0.745138518 0.358611341 -1.215215020 0.387647204 -1.888468458 -0.108086936 0.614345673
33.601723797 -20.867860153 2.982195704 0.021375383 -0.794316839 0.083803901 0.601315856 -0.774755785 -0.005709252 -1.844545089 0.775505973 -0.983387813 0.057436080 0.815598100 -1.772362192 0.717790960 0.391362831 -0.514490530 -1.182463696 0.529954190 1.045069336 -0.505147892 -1.240172075 -0.941587269 0.244097291 0.238391929 0.083508165
32.870025953 -27.150370714 -0.086368327 0.276960244 -0.428037703 -0.434974415 0.742208870 1.625477075 -0.840692270 0.282299128 0.158374276 -0.599935697 -1.656297320 0.717429169 0.448250672 -1.393856387 -0.547935680 0.235211720 0.247545553 0.574265259 0.728974663 -0.145313006 0.409529344 -0.861771898 -0.952431313 0.451109257 1.165475101
19.422030153 -22.410102936 0.052283198 0.158424714 0.862740905 0.320331730 0.357725205 -0.128379871 -1.141558978 0.286389329 1.676252186 0.279154016 0.913100881 0.937866450 -2.441744189 0.813277110 0.122448115 0.064934680 0.548362887 -0.842243212 -1.144582145 -0.630108845 0.517628582 0.138752838 -0.405039824 -1.225457502 -1.113735982
32.043927137 -24.144881041 7.053995713 0.408295631 -0.023561822 0.452445817 0.792484890 0.322974253 0.148521090 0.580953728 1.444736437 0.415796469 1.531295802 -2.121496196 -0.315615260 -0.857481007 0.939633195 -0.398616039 -1.469033317 0.028317571 0.382221336 1.722117242 -0.028137073 -0.343256733 0.141111901 -0.358663773 -0.018513162
31.345770896 -28.594448711 -3.095187910 -0.435955245 -0.840030726 0.128466249 0.296290105 0.525129776 -1.694850395 -1.611184835 -0.883201112 -0.186474236 -0.808125984 -0.402193700 0.165102068 -1.362502078 1.071612117 -0.993425671 -0.590982361 -1.337342625 0.870763682 0.207300384 1.218155478 -0.174657391 -0.159837286 -0.368663339 -1.360079068
25.033602110 -15.845222242 -1.388038402 -0.202406494 0.242754154 -0.708151248 -0.631366646 -0.662998665 -0.044650111 0.762438823 -0.314655728 1.224870623 1.551263183 1.309359126 0.526783649 -0.795616303 -0.836450609 0.320306807 0.791665381 -1.237560199 0.456940696 0.588468051 0.864736679 0.315071097 -1.755296090 -0.150797129 -0.038663469
30.123526916 -20.936963295 4.575076357 -0.349424159 0.739282536 -0.005894642 -0.575612145 0.134049163 -2.068668752 -0.334699246 0.395707704 1.097877951 -0.845254404 0.350132879 2.229307542 0.502953090 0.793935735 0.163243531 1.028035756 0.718536234 1.508805624 1.268188575 -1.202690713 -0.803161208 -1.158217006 -0.106952358 0.810074868
23.399905721 -27.222004808 9.192342439 -0.294196590 0.277681759 -0.024245954 -0.914195461 -0.330760605 0.409950984 0.452685320 0.160214398 0.013925789 -0.209682977 0.250337062 -1.099996991 -1.609207012 2.729594677 0.864376871 0.231962958 -0.110073886 0.163212436 -2.281165801 1.335019418 -1.254086968 -1.806135946 -0.743885692 0.203967726
27.750364604 -19.655821053 3.167477901 0.347477238 -0.787555967 0.264791077 0.434627258 0.407195233 -0.099899774 -0.080184987 0.238121411 -0.330483133 0.019643334 0.563954477 -1.737053241 -1.592178345 -0.933227230 0.462113113 -0.221057282 0.793960822 -0.740270584 -0.364062875 0.043359022 -0.138828413 0.058882875 -1.027678008 0.818300131
20.339182128 -23.849482609 -0.684852152 -0.406326466 -0.108548047 0.835723755 -0.353103284 1.588969645 -0.044017284 0.429261626 -0.943070146 0.773174491 -1.258544776 0.029369463 -0.760254615 -1.239437217 0.375986050 0.437226351 0.621800194 -0.466910156 -1.407140816 -0.290874189 0.819930177 -1.592563355 0.639512205 1.003801254 2.306178719
26.274014015 -31.764247620 -4.571828079 0.180364843 -0.671299027 -0.297854442 0.654300292 -0.569049239 2.041855372 -0.185165478 -1.626774844 -0.977035653 -0.166001558 0.686131160 0.741598593 -1.282753456 0.614591026 0.747106712 0.738186308 -0.565483190 -1.443607942 -0.060764957 -1.909959492 -0.583354402 0.581527044 -0.979248172 -0.436506040
29.223724856 -19.911807412 -7.130763491 -0.222699093 -0.189666979 0.849816429 -0.438455913 1.139416273 -1.172823276 -0.745701164 -2.180689648 0.084153361 0.085352065 -0.944256594 0.324527268 -0.359002605 -2.444501562 0.059646642 -0.295706790 -0.224345979 1.772484301 -1.099579063 -1.791895138 2.196250786 -0.703744884 0.243096917 -1.633544812
32.815186260 -30.385486626 0.556071202 -0.381894536 0.387363767 -0.292037156 -0.786651241 0.012193187 -0.511828182 0.775579533 2.114507299 0.493232271 1.011601311 -1.091599121 0.221214755 -0.873476849 1.291219062 -2.003026677 1.488098380 -0.830728375 0.442865561 0.046301289 -0.581429430 0.251889835 -1.233031856 1.083034348 -1.295545334
31.460724819 -25.843612288 4.825054663 -0.842333712 0.502748770 0.191922607 0.029720438 -1.115346714 1.106161499 1.136322753 0.777137346 -1.765236390 -1.862155899 0.835382867 0.690833465 -1.241046323 -0.884568975 -1.585171702 1.358555011 -1.185954292 0.621190279 0.966312298 1.537507145 0.121401118 0.377332474 -0.494532014 -1.142081425
27.706176121 -17.170031195 -2.684874393 0.727496383 -0.367545736 0.219463215 -0.536185642 0.880929626 -0.522746566 0.883478408 0.251077664 -0.103700482 -1.004750743 1.665052639 0.347107999 0.104564564 0.319345208 -0.053554420 1.109283030 0.374712936 -0.464315671 0.301550463 0.716908427 0.779595623 0.653721438 -0.335478628 -1.075354065
33.604470144 -19.181861971 1.120406469 0.422113996 0.723143384 0.282399240 -0.468117602 0.928471807 -1.448375208 0.959298073 -0.738288735 -0.722683349 0.111437912 3.513299393 -1.610897496 -0.482921986 -0.049946082 1.146194822 0.167101029 1.860184318 0.316394951 -1.263379334 -1.263567827 -0.447240965 0.025074883 -0.936951399 1.540294742
35.630312914 -26.641012196 -0.556322337 0.198524971 -0.819771893 -0.246373121 0.477349102 -0.069684726 0.464678080 0.703415257 -0.960868060 0.971442830 -1.004741732 1.680662477 -0.668934375 -0.094202020 -0.947861973 -0.786782533 -0.208996258 0.215467482 -0.264509637 -0.077980067 0.562413432 -0.668175953 0.242173474 0.107699386 -0.424254361
29.025336090 -23.575550814 -1.259287127 0.734589257 -0.064990729 0.521604333 -0.429049820 0.928251056 -0.368167873 -0.341477340 0.712863320 1.540901853 -1.133878612 -1.215305011 0.786327244 -1.290961960 1.005665381 1.265142639 -2.357102170 -0.713216047 0.098893894 -1.144769090 -1.853491446 1.287972094 2.007335968 0.235479796 0.216190563
24.103331249 -19.593615060 -5.318230171 0.195421340 -0.223145734 0.362522305 0.883512342 -2.452002889 -0.321595984 -0.794262406 0.831099290 -0.777137096 0.723340926 0.035450013 0.364902274 0.778284731 0.103901868 -1.428269061 -0.570740089 -0.179871238 -1.107245076 0.350386640 2.188629916 0.411465033 -0.104471778 1.837030931 0.080113670
29.544748671 -27.541014614 -2.489333880 -0.635874195 -0.744970810 -0.112438267 0.167451895 1.276319601 -0.286156094 0.392619069 0.023585837 0.075067598 0.423993274 -0.093364106 0.174068258 -2.690583962 -1.410384165 1.119467968 -1.201585427 2.122165863 -1.172450465 -0.357368404 0.710029643 0.427426232 1.854101249 0.813230284 -1.926031862
29.338007205 -27.957065725 2.538211342 -0.349989168 0.294196002 0.559588565 0.691243034 0.342576116 -0.534733775 0.314816350 0.561476861 1.927893680 0.142005631 -0.007225864 1.336349060 1.543168572 -1.205009983 1.700069314 -0.746406399 -1.355893037 -0.313544123 -1.907857520 1.374566929 0.396510840 -1.058758820 0.123214178 -0.703547605
35.970894773 -29.113905843 4.060242214 -0.344239716 0.117342518 0.207163213 -0.908192245 0.579090713 1.518413217 0.662354083 0.758659735 -1.298785677 0.099605586 -0.634331508 -0.161924290 -1.175908530 1.013351248 -0.239562439 -0.568167371 -0.400327750 -0.138409923 0.857703069 -1.504810896 0.847436301 -0.024289504 -0.918870988 -0.687554168
26.723948243 -26.812431239 -8.061919100 -0.798712045 -0.452674280 0.341602821 -0.201128260 0.588837338 0.554285280 -0.272560877 0.118293641 0.795397105 0.656578687 -1.487878061 -1.722990329 -0.346991150 0.036652145 -0.455069725 0.057764242 0.435072848 0.613231337 -0.175940723 0.055160301 0.893826212 1.825732805 0.023102961 -0.165167310
30.487340247 -20.782886491 0.261112915 -0.011237861 0.808807386 -0.278065386 0.518057876 -0.669229592 -0.186390404 0.296749971 0.888486604 0.914618482 -1.033968327 1.216456215 1.439676933 -0.639370092 0.246435776 0.032248978 -0.592100181 0.080114464 1.451652021 0.024480468 -1.987780547 0.455616474 -0.103225728 1.618267944 0.434480402
35.667216520 -18.761341424 0.076153249 0.750890611 -0.043655905 0.640720028 -0.154062641 0.325334186 0.758140627 -1.404111166 -0.058855666 -0.838148298 -1.177934680 -1.165717093 -0.439432936 -0.904638999 -1.449327640 -1.884913043 -0.810339813 0.233220534 0.612052552 -0.712279417 -0.607384938 0.319935184 0.818320717 2.801012470 -0.448557355
32.063986472 -22.632962220 -5.456000682 0.515048351 0.030492994 0.558900965 -0.649172616 0.637422517 -0.304486294 1.128498972 -0.790298283 0.499410266 -0.475775487 -1.904303496 -0.081986825 -0.234232883 0.111175978 -0.447635706 0.413569071 0.361111899 0.373832880 0.138770610 -1.453007124 0.324553023 0.757951745 -1.512262719 -0.694391593
30.548655036 -18.537767516 -0.551911871 0.666216376 0.247819628 -0.280414119 0.645065186 1.599176345 -0.067649292 0.868493370 -0.299532939 -1.169581800 1.206927142 -0.661659091 1.328241558 -0.156291967 1.186651235 0.194588935 -0.137564864 -0.007781138 0.304284082 0.040101272 -1.104251284 -0.094638419 0.662760721 0.819553918 -1.614381723
29.305459295 -22.930898389 -3.309762951 0.193755789 0.127157778 0.504094712 0.831972425 -0.343397546 0.183154036 0.649754007 -0.036906473 -0.666884778 1.662046451 0.753858238 0.207662531 1.025693120 0.079536214 1.307443910 1.447884645 0.423023785 0.416964591 0.875665161 -0.528230390 -0.349236920 -0.179447959 1.076089720 -0.565327606
25.458255788 -33.745709716 2.442727066 -0.810201269 0.185369479 -0.035716702 0.554920154 1.578889322 -1.111505452 0.106575379 -0.311797334 0.691098036 0.187883853 0.149931939 0.980576622 0.204432326 -0.088239310 -1.144035877 -0.796518012 0.521817373 -0.688035631 -0.701545548 -0.201410014 -1.092050731 1.027996757 -0.913450956 -0.805896131
35.932353732 -26.245652513 4.212533533 -0.440140648 0.402181986 0.468251826 0.652124288 0.008594532 -0.424040515 1.194431422 -0.630649723 0.794663532 0.746252830 -0.055173700 -0.933402560 0.865216400 0.992242067 -0.192712575 0.200439063 0.743904844 -1.438324546 1.063468689 0.273488091 -0.050194768 -0.323462160 -0.589662616 1.207840281
32.561816794 -32.527942771 -0.256127065 -0.642939097 0.375906039 0.666079429 0.040769618 0.576616669 1.475365639 -0.253933538 -0.264761136 0.946925523 0.058452841 0.149385456 1.158146537 0.742939345 -0.989622348 0.084741706 0.399819431 -0.361882105 0.087946474 -0.699734245 -0.558479454 -0.011663014 -1.805144835 -0.319463531 -0.044819436
23.250254748 -18.115174218 2.287218156 -0.006438555 -0.764131729 -0.045726343 0.643405275 1.110371470 0.768169710 -0.847394542 -0.261036900 -0.136676302 -0.430459506 0.991234462 0.258964328 0.028079217 0.044796018 -1.586133456 -0.798499200 -1.339932664 -1.129408358 0.400097777 -1.003874804 -0.899724927 -1.251919468 0.482740284 -0.023716141
25.077709868 -22.123165683 7.590990166 0.275680089 -0.325116778 0.878660091 0.215072113 -1.442974061 1.920024475 0.480301774 0.207343940 -0.410523049 0.343408283 0.832840207 -0.552456910 -1.181607881 -0.495982203 -1.160005569 -1.378480278 0.465956152 -0.974717026 -0.863255836 0.703876593 0.686615952 -0.286066208 -0.502443100 0.282068006
33.635020170 -28.437615282 -2.871939381 0.442954903 0.864251336 0.179032228 0.157505692 0.775429429 1.373945696 0.684966067 0.747296050 1.028779516 0.597838533 -0.788063182 0.891274083 0.104316064 0.835598782 0.600348716 -0.498469378 -0.009957987 0.885326502 0.431663979 1.224550544 1.455570224 0.556554550 0.367058330 0.427848582
27.811546196 -27.459731445 4.564031422 0.370053449 -0.879779881 0.164804661 -0.248771440 -0.492427398 1.019046578 -1.664515374 -0.870695067 -0.187001888 1.387622577 1.353271866 -0.840413505 -1.621085073 -1.257737674 0.047532009 0.001154730 0.277585912 0.312518839 -0.479456833 -1.626694310 -0.250667229 0.522666166 0.776967743 0.695715230
33.543476865 -18.669214049 -3.927818583 0.286732382 -0.409863932 0.838467984 -0.216258033 1.606657221 -0.318331920 -2.034186051 0.762859110 0.390935534 -0.210447823 -0.092874087 -0.060763383 -0.304860249 0.622378257 -0.525839149 0.366619013 2.847921189 1.098924188 1.093003163 -0.143939353 -0.168290001 1.358182602 1.649283464 -0.528020135
24.806338557 -25.823331166 10.264323579 -0.541005243 0.149088030 -0.827689988 0.003920455 -0.429191857 -1.391746004 0.751599218 0.435555069 -0.008111309 -0.410573857 0.489921814 -0.040804698 -0.594801716 -0.196028027 -0.024234426 1.461350188 -0.431449071 -1.195241305 -1.200672978 1.491113048 -0.380958896 0.439385668 1.166402828 0.735451525
25.095867933 -28.324800416 4.747839920 0.066004501 0.354356974 0.791229005 0.493995144 -0.366955548 0.393199949 0.880622703 0.601332636 -1.738079076 -0.906283677 0.092104755 -1.050508146 0.822477853 -0.780991919 0.655948443 -1.271218012 -1.037197492 -1.895792999 1.112578970 -0.836437544 -0.163932763 -0.430483258 -1.322105601 -0.876575908
23.857055692 -21.272152964 -2.441695899 0.510373158 0.215452861 -0.813098337 0.178802684 -2.178789265 0.178787990 -0.282761681 -0.214966219 1.420820969 0.374538760 0.077774800 0.721814361 -0.340524985 1.163150728 -0.327928847 0.560874764 1.224346072 0.555015062 0.808939921 -0.498884356 0.450645040 0.371842325 1.314611173 -1.895615856
33.140052466 -20.157216994 5.659602877 0.093111456 0.233876359 -0.167946125 -0.953113951 -0.212093943 -0.977260473 1.233734982 -0.537463415 -0.840394359 -1.038861536 -0.651611662 0.154480760 0.980493770 -1.684092936 0.396007722 -0.370958222 -0.737983110 1.084673376 -0.325860181 1.921687730 0.361621864 1.387548056 0.649242869 0.135601448
30.899389466 -15.988858566 3.339872303 0.029795307 0.696586372 -0.430036048 -0.573540464 -0.379511425 -0.924862202 0.203554816 -0.513013993 0.605563090 -0.136719173 -1.908029537 -1.397031951 1.342991432 0.934536632 -1.280640725 1.298646197 0.187276856 0.243848677 -1.285503335 1.330154404 0.151401194 -1.119220681 0.078941659 0.865693890
35.755387674 -23.058705498 1.727870307 0.494052645 0.811162588 -0.120613429 -0.288755330 -0.733802050 -0.998687837 -2.252229165 -0.834397841 -0.068367295 0.743104775 1.907085598 1.631068608 -1.060987091 0.627579615 1.093743453 0.413620821 -1.297890261 -0.623297571 -0.015321706 -0.436088365 0.733668588 0.204198972 -0.572028352 -0.099472927
22.290630034 -21.130124531 -1.225156964 -0.089174937 0.802402537 -0.309624254 -0.502325413 -1.847390941 -0.106318910 1.075932994 -0.135612398 0.226797607 0.202296743 -1.006606325 -0.522995270 -0.343840131 -1.241368875 0.244121709 -0.447151863 -0.254301369 -2.005567227 0.361425557 -1.654796157 0.277915064 1.031925028 0.863135034 -1.194342590
30.426230939 -23.786277109 -1.155511494 -0.132622943 0.067681499 -0.358964159 0.921398449 0.188711549 0.306010272 0.894371981 -0.571662668 0.601733787 1.474295634 0.010617455 -0.594104211 0.837314986 1.077362945 0.529819194 -1.934455802 1.199613536 0.649100920 -0.653251088 0.164885529 0.111706784 -0.120795042 -0.709720339 -1.216881227
22.595904546 -22.531342397 5.751178987 0.349904570 0.375501684 0.030544257 0.857690110 -0.730158408 1.347305050 -0.342885353 -0.658701320 -0.291204542 -1.027128339 0.831467962 -2.321281215 0.893779976 -0.436534416 -1.812250648 -0.138575677 0.858223108 0.587881243 -0.465028072 -0.063065282 -0.801049596 0.462784427 0.020557004 -1.265298069
30.875679039 -32.113927193 -4.024964315 -0.692157877 0.164719744 0.396270847 -0.580305347 -0.704418035 -0.918587915 0.998760060 0.689955481 0.101979204 0.620234446 0.251530901 -1.320522062 -0.204432374 0.806920458 2.006822649 -0.326382834 0.509560929 -0.020914468 -0.211143666 0.127960777 -1.319857426 -0.079027468 0.129194658 0.571036858
30.899686985 -20.122167174 8.449123673 -0.644319850 0.376919896 -0.145424568 0.649334288 1.612251099 0.477642599 -0.440860745 1.472126876 -1.134088211 1.747114032 0.915107644 -0.288624820 -1.176971093 -1.423112795 0.392720517 1.013953509 0.842081522 0.095868781 0.075135464 -0.715384063 0.674697818 0.027552604 -1.236735024 -0.529002902
24.979557188 -30.147645243 3.023891037 0.805474508 0.376800257 -0.366715589 -0.273408230 0.450300944 0.158812815 -1.865070294 0.329021575 0.848780448 0.487262875 0.592181646 0.178486232 -0.333697579 0.359663892 0.429264329 -1.243086773 0.483700933 -0.960926254 1.477172143 -1.460337772 0.964147707 -0.725585508 0.864303622 -0.559923733
25.626264487 -28.620399114 5.640185845 -0.653378522 -0.528628674 0.373448760 -0.392663030 -1.092201662 -0.214500289 -0.726323586 0.068991569 -1.309419125 -0.425516716 -0.347257286 -0.275292857 -0.186875807 1.722446390 -0.834560840 -0.383431450 -0.078026105 0.116990224 1.104266153 0.377833990 0.442793465 -0.565240889 -0.261414789 0.771928851
30.142328377 -26.638043365 -0.266983165 0.669374656 -0.160200512 0.665211397 -0.289425574 0.633680713 -2.307728928 -0.872095299 -0.560163449 -1.006385550 0.831496567 0.812187271 -1.944362599 1.142195072 -0.105228375 -1.601104857 -0.890336296 1.636548995 1.422397588 0.340587423 -1.240201915 1.719997756 0.141713682 0.506441683 0.185279084
32.810403489 -21.058635775 -4.054081247 0.238453648 -0.206550535 0.029273896 0.948482880 0.188270260 -0.040447181 0.379729574 -1.732133028 0.604134850 0.685162538 -1.063036549 -0.321082525 1.585629918 -0.975610617 1.408879142 0.399611522 1.028389944 0.000302644 -1.581899717 1.273473175 -0.104966291 -1.153645072 -1.126576767 -0.627492365
28.586135353 -26.444752788 -0.500189160 0.509592383 -0.257241107 0.398663388 -0.717781387 0.881471681 -0.818965372 -0.145357601 -0.173152244 -0.879034346 0.719311050 -0.193224601 -1.718934894 0.614565211 0.741084813 0.466754867 0.438609100 -0.613380419 0.384793248 -1.285891697 -1.449627485 0.941083595 0.601621778 -0.394194456 0.560118347
30.273442869 -22.120068121 -7.502863874 0.393457260 0.416649725 -0.784084931 0.238338439 -0.670374396 0.170478842 -0.811879128 1.227197617 0.886628719 -1.107390859 0.662058743 -0.230726025 0.138972067 -0.012198492 0.740963539 -0.533126200 -0.430759153 1.344057727 -1.057325605 1.158492116 -1.415068300 -0.626768145 0.549051530 -1.372561265
23.152120162 -29.348300287 0.694993079 0.366703999 0.572013137 -0.672601429 0.293149222 0.344613700 -0.813344390 -0.789081592 -1.650889769 0.417648187 -1.113087685 0.092712740 0.343900589 1.029260631 -2.124121998 -0.011195244 -1.389534092 1.607858508 0.948212567 -0.427640119 1.379796708 0.683679522 0.094280507 0.380695761 -1.520023650
27.798195938 -32.039924487 7.088725932 -0.301408641 0.759006073 -0.353640908 0.456070961 0.455897392 -0.612738610 0.200071946 -1.961764962 -0.411503302 3.218075095 0.477824617 1.263564969 0.822555100 -0.615025143 -1.947144896 -0.368260819 -0.136745249 0.066462260 -1.962467543 1.392330319 1.263834584 -0.845802090 -0.666689971 -0.036508193
22.211167897 -26.280945537 1.431267054 -0.355803102 0.131785747 -0.773173796 -0.508172166 0.527588804 1.451094324 -0.088581909 0.629079579 -1.126364082 0.301885027 -0.582189733 -1.281628271 -0.153219367 -0.632514732 -0.314662095 -0.537983701 0.883720660 -0.306585320 0.789441326 0.655490882 -1.181526405 1.348301814 -0.264994667 2.025699730
29.905626230 -33.700111796 2.861239487 -0.151730518 0.832644060 0.097488424 -0.523619830 1.099624345 -0.640949363 -0.863475631 1.474939280 1.040600028 0.534531298 -1.558140058 0.575812517 -1.973461110 -0.184074395 -0.300027662 -1.801078991 -0.461775747 0.319201300 -1.439171443 -0.641115957 -0.152367886 0.734342101 0.961638607 1.585482360
26.807478038 -20.388755775 -7.307613226 0.247181408 0.536684218 -0.660354055 0.463469443 -0.852431112 0.248382117 -1.003938480 0.454686244 -0.783167152 1.028890898 2.050798784 0.724465349 1.785195736 -1.112410107 -0.181833630 0.104682540 -0.168818763 0.465274371 0.303604427 0.968744198 0.643691433 -0.037279895 -1.221006041 -0.288644969
28.725867264 -28.312712878 8.347525228 0.867042783 -0.435663899 -0.139267826 -0.197581001 1.921577582 -1.393414542 -0.133603293 0.002520012 -0.927016150 0.243694173 -0.009042652 0.458232988 0.463071903 -0.285756580 1.276072851 0.312648865 -0.862874689 -1.305124763 -0.974729047 -0.285202170 0.445503218 2.139590701 0.886318216 -0.119322974
24.034917889 -31.522358023 2.686104583 0.745282781 -0.482475527 -0.007189470 0.460129605 0.527971242 -1.649601316 0.551508212 -0.249497743 0.245669931 -0.930048378 0.602187648 -0.619228186 -0.346529552 -0.225927893 -0.798994809 -2.238045851 0.527463319 0.244369979 1.347245589 2.013005029 -0.036144037 -0.548759005 -2.172136581 -1.344936446
34.935313504 -22.296197017 -5.684467053 0.394612002 -0.297154657 0.374756046 0.784562543 -0.341838480 0.368675640 -0.742497846 -0.417883666 0.028832959 -0.263953846 -0.319226979 -0.534995166 1.015406362 1.500791953 0.641020156 0.298051475 0.461409094 0.477148946 0.037026131 0.505305626 0.470899700 -0.008197825 -0.902554582 0.278762623
28.212213386 -21.160627002 7.088931342 0.669289612 0.487716409 -0.153844732 0.538995286 1.269327879 1.224677634 1.376730261 0.271430970 1.017117133 -3.514592131 -0.196617455 0.400342425 0.911319239 -1.186586263 -0.273027566 -0.501779578 0.490137925 0.251822566 0.507913513 -0.700905735 0.998402151 -0.399829234 -0.498599336 -0.156704100
35.019405506 -23.216016373 5.064488576 0.121250283 0.785689761 0.434025732 -0.423806126 -0.320379784 -0.142016813 0.138294371 0.438059366 0.834434301 0.694467713 0.188586452 1.082774261 0.563870358 -0.207319457 1.009551827 -1.173140709 0.534677956 -0.281553381 -0.044602464 0.517314773 2.171177288 -2.583775876 0.071136306 0.595286585
25.987606307 -22.548465336 -6.122295779 0.028003401 -0.631863466 -0.771519015 -0.068722486 -0.133965054 0.880032303 -1.117340987 -0.116812595 -0.115893421 0.768205145 0.535291183 0.792354118 -2.217253497 0.655616993 -0.700145442 0.107183386 -1.431230644 -0.017916226 -0.899886589 -0.290160217 0.654810380 -1.022148055 -0.573398605 -0.787844176
22.539943387 -17.967361866 2.231494122 0.813092737 0.160372758 -0.436170455 0.350593945 -0.069966694 -0.060667627 0.214282659 -0.874414843 1.125401173 -0.322592132 -0.826485457 0.116545402 2.954974564 1.309022634 -0.405841258 0.314779605 -0.552372017 0.125286693 0.569731673 0.204113919 1.345268546 0.784721400 0.295511243 -1.166608541
29.645790495 -18.653512157 0.301563159 0.311154820 -0.569837230 0.300873284 -0.698529510 0.332195913 -1.189349675 0.164663444 -1.100479848 -1.342709551 0.033606867 0.571237998 0.682168176 0.396470749 -0.802089623 1.578435879 -1.724105850 0.969513257 -0.487310752 -0.011677297 -0.062677963 0.165006259 0.272295894 1.976860551 -0.308112564
28.379559033 -25.615504050 -7.689936622 -0.319830859 0.232728711 0.690377624 0.605742772 1.270306230 0.707379013 0.691058583 0.438743516 1.634352338 2.717095770 -1.229220778 1.328549518 -1.728257302 0.309594823 -1.202917977 0.561059060 -1.998964833 -1.973897202 -1.198175418 0.557704889 0.378212877 0.510646729 0.429686672 0.571165404
26.099181506 -26.512011982 -3.315153699 -0.255942860 -0.813389669 0.255258093 -0.455778240 -0.366667591 -0.156053047 -0.310380599 0.374480005 -2.313062426 -0.161782260 0.209728849 1.729634889 -1.241347266 0.542510026 1.754928276 -1.313319365 2.032713830 -0.738849455 0.953091632 0.210626483 1.355159109 -0.004760785 0.030239489 -0.218407336
30.217215952 -23.997496371 -4.166789095 -0.504238027 -0.489424540 -0.363833730 0.611418555 0.270249412 -0.059028391 1.048954747 0.202706422 0.409243754 -1.621195979 0.222972197 0.402929506 0.366968538 -1.695924473 -0.549526901 -0.409998274 -1.927767268 -1.495085173 0.158204901 -0.106320830 0.845654285 0.488906793 -0.103781582 0.786262251
36.743929624 -27.350624358 -2.528719669 0.438087731 0.809354392 0.366195794 -0.137569065 1.553235085 1.415840771 -2.286664850 -0.983735386 0.112943369 -0.661536835 -0.865775970 1.067399370 0.560760916 0.937751911 -1.134691596 0.934926765 0.542850678 -0.387455004 -0.502096448 1.871180517 -0.600440584 0.060204636 -0.280578882 -1.018099139
35.600174802 -23.341444549 -1.427130683 0.238411428 0.257286053 0.907367526 0.231620486 -0.717231703 -0.794361455 0.920021484 0.551765297 -0.869465584 1.097849625 -0.413210606 -0.516431430 0.497695190 0.566288917 0.390767855 -0.080171922 0.240085527 -1.677368045 -1.331698921 0.105681096 1.052438483 -0.297310418 -0.162954070 -1.466440188
36.149673231 -26.330769657 3.783229158 -0.135019329 -0.963705983 -0.125173034 0.193319091 0.451389111 -1.252927403 -1.012966543 0.650967311 0.841859268 0.598473959 -0.688894282 -0.212474279 0.153761874 -1.768828152 1.712325934 0.888324623 0.446609498 -0.228954181 0.928324378 0.175100906 0.860520999 -0.642188390 1.017108072 2.139003236
30.650246174 -20.109227035 5.606603911 -0.011818925 -0.960072673 -0.085968743 -0.265951408 0.675615488 0.434899888 -0.312954918 1.123817948 0.485505581 0.375858248 0.995754924 0.559391139 -0.139455294 -1.047725105 -0.415947338 -0.427387367 1.048296897 -1.696564414 -0.735838415 0.064281288 -0.587478626 -0.688701787 0.591521721 -0.370798456
27.179909580 -17.559935914 5.242712984 0.983220020 -0.039182168 0.020265512 -0.177009774 -0.762297825 1.437825461 -0.109348450 -0.749677275 0.531153619 -0.794655391 0.277750856 0.682234513 -0.163484948 0.125576444 -0.233399173 -0.861822336 0.352628824 0.260676753 0.840610299 -0.498565742 0.952411210 -1.134563165 1.141480824 -1.737872832
19.996251176 -21.317168942 0.770870309 0.848657808 -0.380914804 -0.121210900 -0.346398261 0.329872768 -0.487833136 0.193993181 -0.224264102 -0.971690603 1.001183901 -1.311496128 0.462826593 0.732832710 0.539517253 0.066086332 -0.843606111 1.393417351 0.163619144 -1.726101651 -0.332025978 0.672489976 1.363412359 0.989186267 0.584818113
29.542167731 -29.773010608 6.227959816 -0.716922289 0.105122510 -0.384071641 -0.572241789 -0.444263144 1.931477848 0.503366038 -0.269693722 1.077880106 -0.699645195 -1.680822069 0.377168035 0.309151189 1.441980445 -0.542710237 0.378103496 0.016135091 0.973818918 -0.690537486 -0.775962671 1.038185146 0.935968106 0.284150662 -2.124133227
20.971395720 -25.973788291 7.079426421 -0.312148197 -0.072431689 -0.020389226 -0.947048802 1.132938307 0.048182866 0.655268978 -0.186520967 0.733998403 -0.133326639 -0.279833230 0.571342848 -0.329958796 -0.129194711 -1.922545571 0.743090154 -1.158940138 -0.120782786 -0.038341682 -0.236263117 -0.324555254 0.678891212 -0.588021265 0.256402757
34.157167957 -24.754949440 6.173542665 -0.607305746 0.659266268 0.325231644 -0.301284078 0.639858510 -0.727727573 0.381332708 -1.599158181 -0.985812991 -1.135767062 -1.166118037 0.909556476 1.019405272 -0.058757881 0.585728562 -0.026932960 0.286103563 -0.322845178 2.384059410 0.337008669 -1.751161501 0.122718990 2.399343227 -1.187260527
37.615251842 -24.505872484 2.383881762 0.073291779 -0.071205052 -0.028020464 0.994370660 -2.785642317 0.788325595 0.111008872 0.116637007 1.139993399 0.598191332 -2.278726183 1.735977342 0.208023870 -0.356153173 -0.254600718 0.792126422 0.567927445 0.123775142 0.537874490 -0.014810706 0.467259341 -0.601341603 -1.409833478 -0.644611040
27.075693630 -16.443263277 6.587393868 -0.262169075 0.501846882 0.748260358 -0.345721737 -0.575182796 -0.886860876 -1.703809234 0.210966675 -1.570224291 0.314145550 0.498938311 1.180515704 -0.025634545 1.976610261 0.973128365 -0.123861936 1.605791992 -0.708142538 -0.020052990 -0.892036850 0.146119558 -0.762151744 -1.315929956 1.198625169
23.766299020 -16.947930299 -1.314364795 0.065469939 0.344520732 -0.917153999 0.189334875 -0.419026095 0.478199301 -0.871723843 -0.145594573 -0.897678669 -2.547523881 -0.044515668 -0.030063109 0.367602330 -0.276223322 0.344021168 -0.886845498 -0.936415520 0.038270766 -1.510909594 -0.859805201 1.347231902 0.732579540 -0.082728363 -1.353616216
27.472981879 -33.390974562 2.829321798 -0.231230801 -0.759355387 -0.083820892 -0.602400009 -0.741457627 0.717847848 0.471259666 -0.930100711 0.179063926 -0.985155922 1.680229121 0.655589677 1.868979931 -0.314398633 0.611156193 -1.632464783 0.023035890 -1.552119022 0.062887969 -0.822587793 0.317587516 -0.367727252 0.521943242 -0.910773573
23.754361850 -27.104380248 2.451050916 -0.154958706 -0.666451055 0.390292561 -0.616037748 1.404357138 -0.778291526 1.011249580 0.059231232 -0.979769779 -0.604517323 -0.138688378 -0.368566932 1.724514116 -0.028318865 0.959575092 0.068257309 1.627790863 -1.008930512 1.446416200 0.190538325 -0.173807207 1.001854936 1.019217536 -0.901286802
32.084885138 -25.938523956 -5.619351012 0.879839179 0.014301250 -0.343080828 -0.328594033 -0.241240621 -0.657606680 -0.505210708 2.104275518 0.226738380 -0.770144289 1.419634637 2.069928029 0.210711626 2.369341178 1.152840223 -0.308995696 -1.020964343 1.720980545 -0.058712190 1.022004875 0.311145634 1.432252878 -0.328056177 -0.205115148
22.286731246 -18.760160388 1.787485787 0.158211669 -0.605284859 0.725351924 0.287165273 1.336811378 0.974119690 -0.582465342 0.826614497 0.731331639 -0.360063911 -0.245032780 0.028294289 0.452966620 -0.714871112 -0.586550424 0.118684628 -1.788444294 -0.478919348 0.353279169 -1.259193052 0.401343429 0.023935884 2.141654657 -0.682497306
24.409673778 -30.353445748 1.366554838 0.492942035 0.241967899 -0.599021523 0.582780320 1.194849075 0.064723642 0.670903748 -0.697784900 -0.957031638 0.322586315 -0.342471676 0.501030904 0.079681805 2.016236633 -1.114938060 0.223170163 -1.437882327 1.424230867 1.469097616 -0.618608836 0.043580054 0.714385875 -0.811357970 1.693072581
32.136023909 -23.024532531 8.031717361 0.745994525 -0.547230651 0.036120302 0.377791090 1.159853986 -0.750867649 -1.891027353 -0.359997309 -1.835765527 -1.963522254 -0.228055385 0.808975963 1.094408491 -1.425963226 -1.135608151 0.936036348 -0.385933169 -0.457394483 1.549167661 -1.421722491 0.079558639 -0.129215771 1.198803724 1.252038539
26.709591459 -29.555446924 -5.449310462 -0.851787868 -0.282299838 0.430970803 -0.095017878 0.548298482 0.381733549 -0.627026419 -0.469337078 -1.244536417 0.349201588 -1.514430737 -0.500718881 -0.256293958 -0.099182178 -0.235237344 -0.870308322 -0.589021088 -0.121287015 -1.158002839 -0.942075334 0.013141256 0.993224321 -0.707427090 0.262697163
19.126239943 -24.559860871 2.295616843 0.070686911 -0.177520383 0.100597400 -0.976406697 -0.879895894 -0.320854201 0.175940512 -0.196396618 -0.901528232 0.620559804 0.587007303 -1.042361734 -0.727672821 1.564038803 0.686861984 -0.656386002 0.213330077 -0.059083608 -0.844387056 -0.749560143 -0.423112688 -0.798486278 0.470341431 0.504518461
26.866177732 -20.318277900 -2.569328398 0.594088757 0.300143686 0.718731848 0.200989671 0.266191971 0.172266931 1.261223818 1.636039568 0.993514301 0.335693817 1.233630590 0.809251514 -0.910745510 -0.829546454 0.918311164 -0.698379457 0.208094271 1.568734704 -0.138137861 -1.837671087 -1.194898942 0.123386881 -1.264477533 0.634008705
19.210818703 -22.897406475 1.532967201 -0.247504474 0.047926136 0.083036572 -0.964131500 -1.001385948 0.792775661 -0.627792429 -0.158569908 1.359804379 -0.120990361 -0.701925769 -0.058545312 -0.310796452 -1.896974627 0.871473298 1.387707497 -0.294899512 0.374865914 -2.993082840 1.201985134 0.395997127 0.782453887 0.399656484 -0.992966364
34.570166201 -22.473340458 6.658008767 -0.160022010 0.464172614 0.393531560 0.777219179 0.867954389 1.633123284 -1.487831045 1.624462027 0.187633633 0.041260485 1.026305610 0.234923152 0.691698484 1.034478836 1.397470211 -0.776477739 -1.830491421 -0.080546219 -1.171028216 1.154082700 1.558166401 1.068970560 1.527007944 -0.109760129
23.419283343 -21.583283428 -1.736601043 -0.576347572 -0.380011171 0.223088515 -0.688219805 -1.390195593 1.085733968 0.326172749 -1.127606391 -0.961979950 -0.451576743 -0.041743451 1.201828334 0.116718661 0.922989358 0.842421771 -0.304230137 -0.044035251 -1.726214981 2.104700543 0.117824482 -1.474397422 1.110035212 -1.365661389 1.138557840
31.858281476 -32.049979672 5.720618723 0.120092490 0.551909818 0.812529562 0.144114738 0.144431819 1.512980077 0.895231753 -1.698445032 -0.011845560 0.909164605 -2.038542246 0.903525858 -0.430283706 1.397194413 2.010625325 -0.480604994 0.524088962 1.361946293 -2.837967357 -1.130963517 1.651450436 -0.409174089 -1.098240136 1.094387758
31.240390218 -24.088030271 10.240368073 0.185348167 0.472006168 -0.814511139 -0.281829449 -0.953945996 -1.000877453 0.559496123 -0.030427371 0.159945260 -0.775764342 2.105000775 -0.202020357 1.771133378 0.048333544 0.582998854 -1.802664983 -1.865146833 0.475154544 1.285587570 0.842137671 0.747312577 -1.455812538 -0.452425394 1.312607948
28.129104301 -24.481261425 4.035682318 0.821848949 -0.255077259 0.461078709 -0.216578673 0.707526734 -1.056604540 -0.475943356 -0.133605003 -0.510622509 -0.204606170 0.815641634 -0.861368528 0.270420595 -0.620747456 -0.202898904 -1.636482426 -1.267261187 -1.461413181 -0.317134460 -0.515452821 0.703429587 1.213487658 1.912912692 1.072050312
22.286549831 -21.949122815 -1.707321026 0.313247156 0.024485169 0.631752781 0.708636099 0.003969634 -0.041303297 -0.164608319 -0.858442061 0.405014706 -0.110034393 1.513409291 0.518473593 -0.408950557 -1.152760386 2.118833632 -0.575960032 -0.382350913 1.008285067 -0.206557648 0.170189032 0.700141490 -0.108432761 -0.546427233 -0.493950154
28.747105962 -29.941703326 -2.914231978 -0.687263128 -0.167816603 0.551085414 0.442506324 -0.085196789 -0.239621539 -0.281549916 0.149834791 2.379394181 1.162254290 0.804440785 0.091252979 0.179059767 0.226473838 -0.391945749 -0.354501807 0.517837079 0.401548685 0.334940661 -0.580273214 -0.087726129 0.303319517 0.670130710 0.378134651
28.335408584 -22.687442324 -0.299178284 -0.279100304 -0.257654943 0.813271799 -0.440801465 -0.331768078 0.583943719 1.304261246 -0.148662847 1.023025259 -0.507058269 2.531222773 -1.791972405 0.691868700 0.014733058 -0.830617060 -0.717978970 -0.055893448 -1.036584149 -2.399754893 -0.421564182 -0.662578659 0.887091919 -0.340835075 -2.101813388
26.925660734 -24.223540087 -2.731731566 0.347643065 -0.830235567 -0.033726459 0.434414236 -0.106898376 -0.488594558 -1.126648772 0.274998949 0.603604412 1.221356119 -0.044362442 0.334736325 0.526549252 1.044062938 -0.279711919 -0.230479447 -0.885727808 0.604214820 2.188927194 1.486519399 -0.897850102 0.563158944 0.713182241 -1.181483912
36.122562269 -21.252273380 -3.175777556 -0.533356534 -0.684660502 -0.157419184 0.471158153 0.951314305 0.258028672 0.705991322 0.231362135 1.428661106 -0.134046003 -0.454433684 -0.457883618 -0.435137811 -0.282575407 0.066849989 1.740347618 -0.481555833 0.561208179 -0.921718871 -0.430159222 0.750151254 -0.578456715 0.917848059 0.021089399
32.996899533 -25.018556146 5.157970366 -0.773972135 0.622175720 0.112760567 0.033905202 0.168421760 -0.590729937 0.432034351 0.535366425 -2.651935530 1.069153570 0.737984060 0.771928429 -0.624556600 0.264289129 1.135053967 -0.203950380 0.581569236 -1.168791484 1.348289831 0.721659349 -0.001652708 -0.159862243 -0.807392332 0.331297740
22.329950890 -25.534487459 -3.569404299 -0.226356407 -0.627615900 0.705142043 -0.240074485 0.288320791 0.870791690 1.645408637 0.083123707 0.326145827 0.474918413 -0.615483834 0.697495091 -2.664814686 0.497109276 -2.321214253 0.562708905 0.453870687 0.288077815 -0.871399761 -0.859697148 -1.245662042 -0.064329798 -1.594441824 -0.936158976
25.521700269 -22.962520164 -2.987384113 0.286433200 0.453383610 0.560245134 0.631288138 -1.135381377 0.674166827 0.316296840 1.149658937 2.424104155 1.493181875 1.800966729 -0.107452894 0.328119305 -0.462800937 -1.305499639 1.306768048 -0.006265080 0.026752132 -0.837002639 0.006931908 0.298509054 -1.662881662 1.179487548 -1.860522768
30.536043051 -20.987775250 -7.446897794 -0.688478246 0.222602430 0.591791389 -0.355286947 0.411923029 -1.686381948 0.113861269 0.829937753 0.711430017 1.095510541 1.331648611 -0.482831127 -0.898683095 -0.916814544 2.302750252 0.512937827 0.261277559 0.517158241 0.782598618 -2.466842578 -1.751014598 1.643103992 -1.760767452 -0.747870616
28.332402117 -17.293704576 -1.017944434 0.136452258 -0.706513570 -0.169328051 -0.673459255 -1.005491224 -0.661828630 -0.145859618 0.328271387 -0.073638184 1.242146896 -0.749313433 -0.611253908 -0.429797335 1.128058342 -1.214610041 -1.161624900 0.315441267 -0.281171345 0.049933106 -0.919805877 -1.035361946 -0.019338523 -0.219070677 -0.756754335
27.442796905 -26.019565107 3.045115863 -0.119112245 -0.464415461 -0.863775876 0.154989638 0.253745777 0.503349610 -1.868594710 -0.455066384 0.725459825 0.355711507 -2.033118317 1.657711573 0.634388026 0.416335524 0.516979843 0.612104095 0.429449525 0.827641776 0.140715882 0.157496017 1.179352213 0.465162673 -1.317935068 0.863059947
26.972321628 -27.073598795 -8.441315909 -0.235040705 -0.013793160 -0.919372640 -0.315150066 -2.082436063 -0.068773428 -0.417180890 1.203904741 -1.075513953 -0.185014704 0.712434290 -0.444794362 2.006355020 -0.581874260 0.190499652 -0.024808379 0.011808508 -1.123909758 -0.733137847 -2.082084038 1.640133991 -2.149553990 -1.219787839 0.411488870
21.559313278 -27.133718684 1.045882709 0.379852429 0.731726443 -0.391147308 0.409013849 0.121422276 1.133368822 0.289938392 1.961617848 -1.514319090 -0.578783658 0.462761502 0.148474637 0.003634564 0.714590494 0.407964078 0.779573992 -0.423598743 0.374643434 2.968309946 0.132488500 -0.099582255 -0.987485213 0.673355114 0.374042403
21.210987898 -19.885362807 6.250986298 -0.449098362 -0.600443108 -0.535942924 -0.387999894 2.065857396 1.174164243 -1.694778334 -1.845175900 -0.527303592 -0.372897907 0.909286329 -0.380496890 0.250801959 0.405860098 1.307197799 0.415979130 1.176019924 -1.600324411 0.551585484 1.552746559 -1.123878931 0.423387304 -0.445783950 0.582173959
32.290767923 -22.701053211 -5.055091702 -0.248555417 -0.000272540 -0.968605933 0.004761985 0.396369351 -2.418762827 0.997486262 0.014006810 0.512434433 1.215025860 1.621674075 1.107631055 -2.489123694 1.085224641 -0.197397436 -0.571731286 -0.888058932 -1.086577861 0.027036617 2.023159000 -0.806594378 0.311964350 -2.760454863 -0.537335378
32.511869266 -24.152643286 -2.450664275 -0.183009879 0.499877446 -0.815366182 0.227613513 0.901766360 0.200423039 -1.666090834 -0.765721294 1.019899780 -0.056177059 2.264095336 0.046128337 1.015591663 0.131745929 0.107067975 -0.368736323 0.556944015 2.364923851 -1.964155601 0.864158696 -0.728079183 0.911740802 0.901643431 0.154657309
31.316440814 -30.942110103 5.568179199 0.027932831 0.124364224 -0.888613557 0.440589654 -0.012904063 0.483989525 -0.865233689 0.830198514 -0.706456105 0.873210620 -0.149010368 -1.601231541 -1.401814966 -0.085127927 1.855986828 0.091881789 1.955184943 0.609376271 0.874989260 0.099249481 -0.174777128 -0.037629077 0.477929467 -0.923315416
