-2.590705270 -39.793335899 -0.141820256 0.023709245 0.386446905 0.795620921 0.465922753 -2.484912796 2.572473309 -0.677973721 -1.102472572 0.970378733 0.398708676 -0.060686005 2.217249849 0.185283765 0.362695185 0.438069006 -1.344241339 1.290922942 0.680108131 -0.836907124 0.208304467 0.785269368 -0.648328151 1.407360989 1.455890607
-2.718874706 -37.374466190 4.550538366 0.463241943 0.381816492 0.552424430 0.578316797 0.314874157 0.066640660 1.026383708 -0.312858688 -1.954108550 -2.682007440 0.024392689 -0.071004932 -1.139554494 -1.296677071 0.200992464 -0.111872909 0.092030784 0.164317414 1.063971065 -0.444235159 -2.547004336 -0.520268178 -1.382518727 -0.759144880
-9.180436434 -26.665064626 8.242111631 0.019539124 -0.410599120 -0.902802086 -0.126392165 -0.959462053 -0.104063386 0.396508288 -0.329393448 0.122165138 -1.159828452 0.844288413 -0.355459092 -0.541382650 -1.858795140 -1.229839360 0.373488159 -0.102024941 0.297166988 0.601699260 -0.496585984 -0.388265487 -1.252875266 0.417682989 -0.962566029
-3.788571049 -32.577748456 -5.209016174 0.376458878 -0.840372191 0.238150358 -0.308768037 -1.140246047 -1.513265978 -1.656830872 1.705641663 -0.898979829 2.350597980 1.033481333 0.413600496 -0.179509587 -0.704113766 0.616163077 0.960355446 0.179518783 1.166591970 0.742742232 -1.162985789 1.593303082 -0.646098750 1.115633256 0.256771370
-2.766968157 -33.093182377 9.816246300 -0.251475419 0.503946863 0.625862756 -0.539530800 0.244058303 -1.592249020 1.617940445 -0.501729021 1.687701380 -0.316384758 0.181671884 1.627159413 -0.171339735 0.771305999 2.837459514 -0.627555498 1.832495565 0.130556322 0.246504367 -1.908082462 1.274591561 1.378173629 1.957204761 0.408835825
-0.871336498 -35.331569458 7.758544052 -0.355641122 -0.054956003 0.833698523 -0.418862749 -0.748797796 -1.070655480 0.598435877 -0.986078228 0.001938791 1.913100778 1.223371989 -0.986124673 0.870807216 -1.569416973 0.072136886 -0.137601574 -0.802970499 0.169185376 1.770049474 -0.157419752 -0.211995374 -0.247856385 -1.004862798 0.325418724
-1.894310434 -31.620157387 11.957031840 0.527551081 0.120636605 0.148947517 0.827617849 0.047355757 -1.187141280 -0.514811061 -0.015310331 2.148533204 -1.313606228 -0.716828043 -1.066992581 0.952697840 0.390490171 0.301201414 1.482920302 -1.601031023 0.214829698 0.013877360 0.425228390 0.289765763 0.147674177 -1.104000680 -0.287744598
-9.159703598 -36.305577513 9.736505094 0.175009114 -0.743389518 0.089958533 -0.639258395 -1.821406818 -0.599858230 1.064886434 0.858154497 1.958444101 0.157253181 1.508652670 -0.627968536 0.237885431 -0.539214456 0.061348866 2.147062345 0.170121792 -1.101469338 0.732358124 -0.743037305 -1.283884573 0.517872172 1.392848433 -0.459078833
-5.434108019 -34.243818279 5.353581381 -0.147893644 -0.783065747 -0.597359575 -0.089983570 -0.083440929 0.929147675 0.931856648 -1.903295794 0.411028607 -0.005064722 1.347892861 -1.594423805 0.704805676 0.233164361 0.400114466 0.181244363 1.194560207 -0.658530583 -0.731005438 -0.884066851 0.433532096 2.522139272 -0.230561828 -1.498708520
-8.872996604 -33.165771187 8.448698753 0.226133082 -0.651912919 -0.321581450 0.648427903 1.307710442 1.104692675 0.907408229 -0.158009639 -1.250122727 0.065467275 -0.709846363 0.153919519 -0.731731189 2.014438396 1.845911241 0.608224416 -0.275936123 0.520593973 1.545260566 0.363037805 -0.275369823 1.065177444 -1.098663339 -1.724812480
5.502129397 -34.934915086 2.496358017 0.812885047 -0.193593345 -0.218472344 -0.503993405 -1.957883164 -0.754242056 -0.648255970 1.446205651 -2.869704897 -0.233007153 -0.257835424 -0.291464773 1.012494852 -1.192355632 0.308124369 -1.344934300 0.540327882 0.427487073 -1.785148119 1.005074645 -1.459389126 0.578501261 0.966493176 -0.233614361
-6.176609193 -27.678851553 1.116632211 -0.695948879 -0.684336254 -0.155473616 0.152207110 0.015151981 0.052073520 0.082279367 -0.625433982 -0.238046703 -0.974786973 -0.016513158 1.993082557 -0.692888654 0.767686115 -0.023787985 -1.513049476 -1.147986996 -0.240975924 0.289383523 0.977050993 0.379739842 0.053272937 -0.557174469 -0.510323078
3.680766250 -34.582547308 6.984364808 -0.751003872 0.130042650 -0.494579613 0.417699771 0.997544687 -0.030705258 -0.534100105 -0.042483717 0.628454761 -1.152167211 -0.236301047 -2.675718933 0.832578637 1.078023707 -0.718909711 -1.389865694 2.066247512 -0.569896109 -0.240643201 -0.369382334 1.508352331 -1.014437508 0.366474445 -0.221530905
-2.548236980 -30.017060542 11.146371491 -0.345438612 0.048752994 -0.937146120 -0.007243041 -0.206318552 0.736125889 0.313331994 1.695004055 0.318993826 -1.121693423 0.963939041 1.635575258 0.223854050 0.382798883 -1.634199749 -0.834273245 0.879149598 -0.721566935 -0.247791578 1.376603101 -0.866068773 -1.915418779 -0.440730279 0.309407416
-8.919258680 -39.712314956 7.636378256 -0.219493514 0.025625558 0.887963657 0.403344110 -0.875261325 -1.056133019 0.414673261 -0.294184504 0.517655106 -0.099429095 0.546650096 -1.764164231 0.340929281 -1.028507380 0.656082322 1.054996996 0.309696225 -2.171354064 0.313143328 0.296797839 1.003200260 1.077153419 -0.678092512 -1.465467142
-2.182309399 -37.499721042 -1.209189508 -0.248237184 -0.780949555 0.458239355 -0.344256860 -0.428678738 0.210830568 0.374678184 0.554054967 0.843127964 -1.382092682 1.899097119 1.904657112 0.842319522 0.774908443 -1.135200975 0.622991682 -0.175646091 -0.649943148 -1.083209560 1.505094523 -1.044125183 -0.479890507 0.789951029 1.126848119
-10.420288204 -36.771666000 6.588034846 0.520724298 -0.145606727 -0.657515440 0.524707854 -0.708488870 -0.687135211 0.298822605 1.126608636 -0.692883473 2.063257715 -1.827073285 0.008810709 1.344034097 -1.297076250 0.025574001 0.943458714 -0.558924421 -0.124166761 -1.256842862 0.109589252 1.015151315 -0.696316092 0.988625620 0.293701931
-3.170420978 -29.860849691 2.192053296 0.438587177 -0.519075203 0.235552123 -0.694778684 1.008144395 -1.039254117 1.902224032 0.710927302 -0.221760495 0.046323121 0.351027947 -1.155208389 -0.408753623 0.471847263 0.724122450 0.575096398 0.947469535 0.142116939 -1.093580592 -1.343605256 -1.513412470 -0.304324852 0.805367392 -1.284056163
3.305623505 -34.275434313 11.284798605 0.039546599 0.929443946 0.106680281 -0.350983384 1.267352014 0.274365422 0.924253992 1.557139575 -0.371734583 1.497756163 1.617731213 1.893705325 -0.438347153 0.380438930 0.272045336 -0.700729559 0.913473107 0.806399850 -1.538929698 0.071444812 0.088641489 0.349120484 0.123191965 -0.287560318
-4.157281486 -37.402750298 -1.382062431 0.969705903 -0.232991430 -0.073238039 0.004652506 0.606235589 -0.108546476 0.561811745 0.653320423 1.031011878 0.367022024 -0.457603560 1.299756950 0.535899153 0.747526893 -1.147261932 1.035410156 -0.562679763 -1.266595081 1.072223887 1.655625333 0.618468826 1.325229861 -0.711316799 1.872079370
-11.669838825 -32.881300952 10.045905617 0.421243058 -0.254560857 0.397060004 0.774658899 -1.206825212 -0.005158305 -0.259029858 0.097782221 -0.556554543 0.082001282 0.486495725 -0.698303084 -0.378101986 -2.180229027 -1.455197193 0.150584095 0.589387993 0.374550296 -0.190793178 0.096397962 0.376127096 1.429640485 1.215174094 0.870879655
-5.677839099 -34.664452346 13.019330009 0.795494828 0.444232062 -0.297701342 -0.284990813 -0.613703288 0.005356879 1.079377899 0.853755582 -0.263801409 1.717740114 0.361408443 0.462254045 0.095353020 -1.319948698 -1.623819756 0.461508945 -0.332694205 1.581739722 0.849637022 0.077299926 -0.508625211 1.510697127 -0.361890419 -0.426534470
-4.094919202 -39.789761912 -2.402964450 -0.839427959 0.441852884 -0.306672947 -0.077964312 0.036932882 0.273470953 -0.765263113 0.835252325 -0.829364471 0.707839790 0.188521215 -0.082426521 0.733815524 0.210153834 0.413609109 1.009408526 0.671577918 0.859258206 -1.798301618 1.374753374 -1.211771229 0.855983528 0.080065993 -2.012602566
-8.228539258 -35.134653794 8.514995440 0.881043677 -0.185291304 0.396208055 0.180134253 -1.984178431 0.893488280 0.896974070 -1.394587940 -0.762271418 -1.034763570 -0.788733578 -0.923704604 -0.510895925 -0.817938885 0.533654717 1.027261998 -0.339100027 0.074567628 0.425290064 2.260415228 0.101276454 -0.808870527 -0.358253863 -1.015969111
-5.313732593 -40.597687079 6.268060843 -0.171518545 -0.786805498 -0.232753446 0.545292885 0.507904864 -0.893137721 0.699409457 -1.835200937 -1.116622005 -0.448604816 -0.167535199 0.227199237 2.238115888 -0.655902183 0.310369852 0.418972346 0.821303070 -1.118321272 0.721453592 0.681755262 -0.578239342 0.947192284 -0.923889473 1.054643242
-6.186261771 -36.256637585 8.682394667 -0.024403834 0.446931414 0.339270841 0.827376613 0.405427304 -1.116974852 1.290139155 -1.150258918 0.055069576 -0.758388698 -0.194176467 -1.013716962 -0.747316550 1.053183073 0.240753344 -0.591547279 -1.420099890 -0.194052823 0.284437878 0.040966785 0.484775768 0.903602978 -0.583374934 0.469632282
-9.642867902 -36.556140257 8.465074557 -0.500992566 -0.300460287 0.760381074 -0.283814529 0.036319743 -0.527571791 -0.546821051 -0.156324503 0.993338443 0.021342583 0.051477982 -1.184431586 -0.284354657 0.764889145 0.980451879 1.173198781 -2.154718089 -1.144472233 -0.363577919 -0.327163633 0.951051749 -3.061046268 1.073850103 2.461986640
-11.292778818 -37.012055416 6.370538203 0.032065277 0.112769356 0.383343352 -0.916134687 -0.793887968 -1.034635528 1.251809897 -0.191976468 1.727443860 0.333271630 -1.072099164 1.386538336 -0.903534605 0.576207755 -0.621501708 0.023293516 -1.285167884 0.191603175 -0.098713127 -1.229051134 -0.494678631 -1.672965310 -1.128245652 0.487684726
-6.011902836 -27.843088414 4.775783325 -0.002369637 -0.610054663 0.489467200 -0.623096744 -1.001237931 1.774859768 -1.516650546 0.663088854 -0.033229960 0.464775858 -0.745841149 -1.104787212 -0.711974392 -0.980237870 -0.393028020 0.656913175 1.806197449 -0.994991066 -1.545770405 -0.581254277 -0.405425339 -0.515532301 -1.059357551 0.387039877
-4.424587690 -29.624817239 0.612928309 0.158044662 0.229312193 0.895470659 0.347232058 0.830768924 0.739208828 -0.452403789 2.107806353 0.711173755 -0.636718434 0.851671998 -0.259209774 -0.282207179 -0.257822795 -0.338572844 0.286313879 1.141777402 0.110071646 -0.307447331 -1.444894457 -0.691876977 0.280548246 0.345718670 0.249720416
1.068914696 -24.952116438 3.242770743 -0.197238885 0.590148688 0.153402017 -0.767651724 0.579302429 1.537734582 1.230085702 -0.080345174 -1.077511074 0.866057531 -0.502498510 -1.126732014 0.083927731 -0.555332443 0.425543708 -1.693465331 0.181845144 2.167298977 -1.129304952 0.428546027 -0.141217249 0.597777149 -0.484161860 -0.114261019
-10.597016707 -26.440848166 3.749392510 0.219557456 0.738789924 -0.452530816 0.448553044 0.001391186 0.269062874 -0.235134028 -0.807324650 0.422718616 0.145160233 1.726110655 0.436555643 1.239130202 -1.412831366 -0.792692382 0.277483393 0.495672213 -0.432253027 -0.140139379 0.621312239 0.705785600 0.406205405 -0.665377850 -1.968995648
-5.916771471 -34.715252868 6.360728449 0.125795208 -0.928625604 0.132963587 -0.322723934 0.348912428 0.229772497 1.211662233 -0.640754938 -0.711722865 1.602597033 -0.368244501 1.086908586 -0.928602142 -0.122603986 0.104829360 2.200590777 0.868075167 1.051352417 -0.660218409 -0.088406869 -2.006428640 -0.396931600 0.233962187 -0.148653205
-7.778225245 -38.370065491 2.127107413 -0.485697138 -0.535346098 -0.571938559 0.387800374 0.193769618 -0.918151437 -1.331095371 -0.046198800 -0.205232002 0.214890442 -0.431004909 0.603994925 1.101643047 -1.472168144 0.375388860 -0.377058712 1.091896097 -0.189667500 2.657900905 -0.772759845 0.419538471 1.296002005 1.404886146 0.168252139
-3.407222974 -28.069674136 1.684112751 -0.625094465 -0.241617749 -0.742034977 -0.016182289 1.012473058 -1.450424706 0.175699121 -0.454330193 0.296584668 0.252156247 -1.134900588 0.391841459 -1.210789697 -0.721922375 0.926887755 -0.569203348 1.079381018 0.220202309 -0.136860235 1.144027942 0.502440198 0.654337115 -0.122897258 -0.852335052
1.291441372 -33.602008329 -3.345040625 0.481346768 -0.587794255 -0.635009849 -0.139877427 -0.271232317 -0.980243766 0.060167630 0.389211067 0.392312246 -1.878342311 -0.193096430 -0.238586425 0.993436288 0.121036432 -1.449082044 -0.710518134 -0.461503051 -0.599701143 -1.082934624 -1.310235461 1.717028172 -0.206117848 -0.103261711 -2.073567206
-2.450544579 -31.227666648 6.863579583 0.880157818 0.032048232 0.161851578 -0.445083354 0.194403310 0.820101981 1.440445703 -0.517207201 -0.468392305 -1.219516173 0.544951509 -0.709644341 0.289753381 1.421413292 -0.037727452 -1.771018379 -0.136609490 -0.777452733 -1.805733272 -0.724008648 0.118670442 -0.773956225 -0.355162794 -1.035180384
-7.438937232 -40.343461525 0.603064784 0.095844005 0.404416240 0.831322936 -0.369003533 -0.695177882 0.805047667 0.605016293 0.437561559 -0.644726946 2.136262463 -1.421087711 -0.043349964 0.273081335 -0.470077583 0.214420008 -1.376751031 1.446386285 0.498100963 0.929722329 0.036443311 0.827287609 -0.129176772 1.538123737 -2.309939459
-10.466234020 -36.836119175 7.638898091 0.578487060 0.285239468 0.685319230 -0.338125303 0.776525788 1.414558301 0.182214375 1.300693587 0.298167966 -0.331355037 0.903692215 -0.237360903 -0.523521046 1.274140612 -1.540486209 -0.782706791 0.552114284 -1.591693426 -1.153328608 0.938203054 -0.123404361 1.245729182 0.715364582 -1.029376003
-5.422483859 -26.754493747 -2.292954190 0.548798704 -0.744626837 0.300188184 -0.232890339 0.544074297 1.527908548 -0.273033813 0.017750702 1.147361081 0.293553579 1.792523086 -1.448552951 -1.494201037 1.125726054 0.869781017 0.865588779 1.088114031 -0.163955475 -0.291046754 1.565149264 0.151347484 -1.008196809 0.175675028 0.940065912
-11.292454291 -36.751985813 0.905877366 -0.049230046 -0.724087224 -0.547747539 0.416229178 -0.884743274 -0.114979679 -0.899621450 -1.072760057 -1.886064829 1.338894174 -0.640037527 0.881235856 -0.740437724 0.299812381 -2.538742238 -1.475128524 0.076202554 -1.113191769 -1.476399863 1.839566891 1.178179890 0.854488413 -1.439119639 -0.476477728
4.246722154 -34.047269536 4.506159213 -0.018317596 -0.445990336 0.460375170 -0.767340725 -0.680739083 1.121717742 -2.313405934 1.066947884 1.316968558 0.895314760 0.190408893 0.716308080 -1.486883907 -1.317352457 0.151535521 1.372585296 -0.733482189 3.098367152 -0.604232488 0.762921463 -1.723307513 0.640014165 0.160297820 1.066785069
-2.616746341 -24.961311502 4.483558758 -0.014966196 0.845283771 0.457222497 -0.276077794 0.165559496 0.034011828 1.077723613 -1.497330450 0.091142228 -0.438093338 -0.049961563 -0.788438950 -0.943938604 -1.011765694 0.454688132 -0.323775457 0.570231554 1.071494221 -1.258778924 -0.611721048 0.786382209 -0.822699769 -0.648981612 0.802073581
-6.584578767 -33.788797157 1.199536519 -0.410425834 -0.063392129 0.769411860 -0.485322019 -0.757288398 -1.637255720 -0.917964323 -0.685589656 0.050092066 -0.289796781 0.433368489 -3.226277711 -0.675436041 1.043912957 -0.355580193 -1.280719695 -0.995487292 -0.252375501 1.541941331 -0.458576923 0.836848001 0.185415150 -0.061454522 -1.173378540
-5.725802535 -38.370996434 -3.298386099 -0.286379659 0.669713943 0.483845157 -0.485143061 -0.316627049 0.988782398 -0.196791925 -0.591307980 1.226959619 0.969827987 0.636517047 -0.256944777 -0.060997932 -1.284817318 0.822914027 -0.755299551 0.382134988 -1.527940369 0.168225571 0.036463338 -0.686698028 1.731317880 -0.275852976 -0.184964759
-4.597893386 -25.355058086 0.927077104 0.765292898 0.413022847 0.346462144 -0.351714217 1.058586815 -1.057630868 -1.016347184 0.867325172 -0.183141213 0.916528717 -1.256958462 -0.158832067 -0.121154726 -0.787283589 1.274053907 0.096402976 -0.355178901 1.089604580 -0.327204162 0.454342508 -0.354765077 0.990108777 -1.104946990 1.006644569
-10.729256505 -27.269630651 1.146989027 0.442346419 0.025163776 0.767472769 -0.463337867 -1.479139781 0.433264083 0.823174507 -0.791685263 0.916241816 -0.420936744 0.120623269 1.198326291 -0.183022097 -0.028565760 1.246325615 1.068784638 -0.125916213 -0.203732622 1.138916253 0.870873677 -0.610119446 -1.485458221 0.246929637 -0.951460800
-3.248273157 -29.458311867 13.047130769 0.499489345 0.478315263 0.053490368 -0.720321931 0.164232597 -0.411737428 0.679302297 0.129472697 0.448965107 0.259734034 -0.336441076 -0.331525684 0.811089573 -0.875379189 0.391327087 -0.283287153 -0.611069052 0.660168386 2.311888143 0.692082436 1.623003499 0.584691279 0.911925441 -0.074279676
-1.684894777 -30.768051614 13.170877982 -0.431683805 0.781898365 0.377219035 0.244928232 -0.024372218 -0.995707536 1.636907216 1.025374117 -2.081840377 -1.229660950 -1.340004297 -0.498240320 -0.068418477 1.326551164 0.979194797 1.362653872 -2.149757915 0.125961223 -0.694475242 -0.388154528 -0.507063053 -1.625590345 0.680936243 0.015039070
-2.494044836 -36.749379119 2.628845229 -0.609036728 -0.306554696 -0.648859274 -0.337757495 -0.777153518 -0.480151505 -1.924836712 0.226638717 -0.499004594 0.137192339 -0.381719407 -0.312304048 2.308108207 0.455984044 -0.457182939 0.709407404 -0.565923107 -0.968607982 -0.527046728 1.749009827 0.755584249 -0.625733439 0.134924332 0.906544344
-2.505661662 -41.331594255 1.947269345 -0.753145103 0.370054912 0.528815660 -0.127223480 -1.215689841 0.604072311 -0.278866259 -1.353867598 1.824186279 -1.112140417 1.259275497 -2.444873210 0.695082683 0.596465526 0.276181714 1.902301644 1.457635736 -0.352671585 -1.725657231 0.032967176 -0.690131622 -0.047888308 0.253275845 -1.253611892
-6.849726512 -34.791046372 -1.878432193 -0.329695493 -0.063002480 -0.713912903 0.614540427 2.414454384 0.041490942 -0.190552253 -0.162520552 -0.796402564 -1.158478083 -1.400398771 -0.100215538 0.730938733 -0.361455482 0.078501260 0.454500158 -0.934174078 -0.147518463 0.127895192 -0.077356298 -0.196393947 0.417204371 -1.545436228 1.038251220
3.570680339 -39.452586037 3.936819903 -0.647469023 0.758206539 -0.071150582 0.029056884 1.267467113 1.183462787 0.159231423 1.842728031 -1.334815904 0.850896167 1.113303698 -0.032541426 1.408006751 -0.355139083 1.044213102 0.995889761 2.098269829 -0.995932006 2.456695844 0.670582307 -1.404028961 0.206323779 -1.639266472 0.230335302
3.181278565 -31.591046532 2.428892545 0.178114020 0.238387615 0.244859478 -0.922762471 1.412159205 0.762600440 0.213020222 -1.527210485 0.722299202 -0.551224302 0.316947059 -0.258757505 -0.139022904 0.785092066 -1.010259910 -1.236404096 -1.923214537 1.733353795 1.037283052 -1.585489570 -0.959377700 0.636949021 -0.258041249 -0.792328393
-10.235030287 -30.148691598 2.943922324 0.014107230 -0.996607771 0.073813312 0.033548942 -1.883295127 -0.209175018 0.660352762 0.780680009 -0.748969472 -0.280209774 1.389412701 -0.558387091 0.726225258 -0.181804820 0.734241402 0.888063070 -0.583072648 0.271343274 -1.833264373 0.885712178 0.333532274 -1.087055649 -0.031375391 0.096558595
-1.351954579 -29.360605727 6.501483178 0.131838865 -0.906799896 -0.341433752 -0.209178045 1.706852706 1.161231233 1.981936288 1.040903110 0.742017277 -1.673691266 -0.768521245 0.005529386 0.907792295 0.945925596 -1.352050894 0.950811443 0.252034678 3.364275185 -1.428440642 -0.118435789 1.552569922 -0.432942221 0.598219165 -1.688498562
0.427286976 -36.710904495 10.731787291 0.572312086 -0.369586358 -0.262977677 0.683159968 -0.287757514 -1.553527062 0.104289962 -0.681367400 -0.170696976 -0.603135768 -0.940975000 -3.108569550 -0.181333132 0.284618347 0.562628113 1.293540887 0.125379066 -0.625360389 1.144221553 1.435083858 -2.066982517 -0.851706891 1.948874051 1.680861510
-9.293482666 -35.690141024 3.285337047 -0.366992924 -0.340932187 0.614347140 -0.609638441 0.247045592 1.174387847 0.593600148 0.849474549 0.380368683 -0.625165811 -0.625498707 1.616770544 -1.975251934 -1.099608765 -2.255391461 -0.739963364 0.387150661 -0.373274171 -0.460099471 -2.635789610 1.639990573 -1.116853509 -0.631814352 1.082651906
0.673836854 -31.655555874 9.228855548 -0.532568906 0.014566096 0.658649383 0.531355982 0.393985740 0.471643124 -0.021579922 -0.607570537 0.020943177 -1.076634860 0.117004182 0.456072873 -0.757356543 0.014933813 0.487949482 -2.024700455 -0.254069067 0.930308458 0.557091593 -0.917450273 0.175603038 0.342122079 1.907983955 -1.530674029
-2.375184406 -34.266196335 1.595155012 0.734176559 -0.111642178 -0.407234840 -0.531677147 -0.146422421 -0.776893064 -0.827005936 -1.069311486 -0.509199728 -1.227647359 0.219300709 2.612812346 0.943380840 -0.910938722 -0.876314425 1.044606644 0.497521679 0.545759081 -0.191365775 0.612596193 0.015903114 -0.422435909 -2.187147244 0.787058468
2.146207926 -27.830469044 7.363045273 -0.877269246 0.206519847 0.424483427 0.086960007 1.323776433 -0.309470455 -1.103705732 0.888947556 1.460493486 -0.565925222 0.336310156 0.173286688 0.478278561 1.701650036 0.096590577 -0.002927069 -1.049965085 0.179993699 -0.526738475 -1.862298902 1.764891343 -0.557977156 -0.122502244 -0.948410652
-3.966080790 -38.574273366 -2.242672839 0.858656664 0.152350188 -0.488656557 -0.026700614 0.298712858 0.385567256 -0.640561693 0.887185492 0.195861153 -1.004038095 -0.593626582 -0.237542424 -1.319454619 1.138002413 0.508861082 0.005964045 -0.017095236 1.046649433 1.175161451 0.061604904 -1.336649036 0.047771165 0.880046885 -0.098682909
-1.997711905 -28.588752594 -0.015161526 -0.623442412 -0.769967307 0.063255565 0.120285658 0.561012948 -0.268295448 -0.345255098 1.701522900 -2.300533893 -1.598196388 -0.278633768 0.926404677 -0.125265701 1.269361803 1.854066548 0.589441171 1.127633398 -0.243293585 -0.862431112 -0.003857432 -0.528210191 -2.137767324 -0.695364042 0.713094034
3.068421840 -39.993840529 3.886817943 0.398435051 -0.287740647 -0.552201290 -0.673445295 -1.121624179 2.041963417 -0.879412939 -0.607513243 0.338460085 1.881669698 1.176893017 0.015880724 0.013166547 -0.303789029 0.335716519 -1.352825432 -0.673172373 -0.612870960 -1.036500848 -0.789911352 -0.220642700 0.681483729 0.307721085 -1.352891701
-4.398288549 -28.775420717 12.670238728 -0.200193549 0.269872324 0.837507105 0.430898272 0.623558545 -1.329050087 0.398589783 0.207408838 -1.002886085 -0.415820800 -0.578859346 -0.106351088 0.212744040 -0.144383579 -0.939992997 -1.706124829 0.054414367 0.552136209 1.007544537 -0.979508658 0.133948087 0.371838648 -0.776085864 0.396548402
-7.013063009 -41.672449587 7.236771256 0.559413588 -0.637712331 -0.071494087 -0.524659906 0.442077326 2.035073142 0.610380454 -0.241604234 -0.562625002 -0.131195760 -1.075845234 -2.465647008 0.638967138 0.843602249 -0.733104188 0.700187259 0.035823054 0.394209950 0.074449469 0.136309870 0.387533086 -0.466665841 2.536373449 -0.940006574
0.881092474 -29.032192901 4.762985538 -0.147873979 -0.475268199 -0.337582205 -0.798931587 0.272604098 0.494881619 0.577905394 0.718775652 0.320518539 -0.170193453 -1.085892755 -0.320152937 -0.677365022 0.046765039 -0.194059777 0.062423592 -0.801948827 -0.045652271 0.811897364 0.904337353 -0.373473403 -1.127411275 -0.621278256 -1.027464017
-1.089085546 -37.185021178 7.751160286 -0.125115062 0.072209687 0.987947794 0.055598010 -0.427368907 0.375302107 0.979472691 1.806907606 2.023097611 1.270822723 0.039446109 -0.602346616 1.168120180 -1.997843552 1.192271663 0.325280302 -0.051279264 -0.218999913 -1.439745986 -0.600039752 -0.420398850 1.676005437 0.265743741 0.151291511
0.515909661 -39.073208454 2.070544523 0.062392694 0.967047491 -0.236064127 0.072111227 0.304994344 -1.669737228 -1.745453259 0.809593248 0.133752921 0.751719507 -0.590994225 0.215308178 1.023328925 0.651478689 0.145465907 -0.244806202 -1.039891988 0.621507897 -0.369118993 0.490125739 1.567105896 0.403735072 0.441535121 0.886493631
4.819566742 -29.217145627 5.182728673 0.241611450 -0.477085418 -0.577608158 0.616751349 -0.523750134 0.704049671 1.581994483 -0.510852308 0.425921251 -1.547434991 0.786811603 0.345644983 1.190891829 0.334574186 -0.349875271 -0.201563080 1.453079187 1.804922452 -0.183009510 1.103017097 -1.383592264 -0.310470474 1.673708411 -0.954599826
2.601930587 -34.023631723 -0.328412767 -0.361649583 0.770138742 -0.441897067 0.284293650 -0.795933500 0.102131497 0.216127567 -0.706316797 0.218018383 0.995337900 -0.934667897 0.271319846 -0.275412403 -0.352728117 0.303027308 -0.255742705 -0.820033177 0.273423790 -0.230136656 0.005271973 0.577768770 0.431873595 0.494608898 -0.070167173
-5.993992150 -33.326077852 13.484439394 -0.274631162 -0.381399222 -0.272585837 -0.839529225 0.564904074 -0.118450692 -0.815237536 -2.113328996 0.221326083 -0.851137535 -0.212992468 -1.848077062 1.934826701 0.151502125 1.441653963 -0.347294278 0.098075651 -0.006142223 0.202600923 1.474925235 -1.043561878 -0.422922892 0.592287111 -0.361442658
0.643413576 -32.950736749 8.081254112 0.452161654 -0.220705724 0.353011586 -0.788810270 1.356604266 0.846392946 -1.598602857 -0.671281765 0.881972707 -1.277400295 -0.315750177 -0.388489506 -0.665768303 1.244875685 0.059089314 0.916429416 -1.825314295 -0.607663505 -1.778116341 0.608001374 -2.788064290 -0.545154183 0.981852782 0.193905573
0.220494622 -41.127298997 1.372315972 0.868062452 -0.464501043 -0.037314352 -0.171213317 0.713911471 -0.742475842 -0.221949620 1.071026497 0.116039054 -0.890335356 1.107319682 -0.783929098 -0.819447084 1.592145980 0.301290673 -0.373516952 -0.287865554 0.981490310 0.971779347 0.735603617 -0.046710077 -0.648852855 -0.526897303 0.244752515
-6.631169067 -33.399771121 -1.600764721 0.743620671 -0.651063622 -0.052693393 -0.142716028 0.127294467 0.643879691 -0.147312729 0.223441060 1.170170731 -0.321091780 -0.882294356 -0.286689251 -0.349245711 0.014197400 2.434381764 0.603404563 -0.284455016 0.778049995 -0.091452866 -0.214038594 1.779466085 -1.725818626 0.081342040 -0.078968515
-2.031048001 -38.226448783 5.627149346 -0.734615461 -0.452504172 0.270910874 0.426834157 -1.412342447 0.444479654 -1.289078235 0.648182476 0.081984943 0.521530984 -2.236199887 -0.770568301 -0.777485624 -0.166751101 -0.455839396 0.244119199 0.671697931 0.847488001 -1.109344637 -0.193774490 -0.172298091 -1.451670407 -0.116717231 -0.330431131
-8.422417729 -39.450975424 2.712443920 0.227413321 -0.886372796 0.333185692 -0.227186580 1.413475807 0.039448066 0.829072831 -1.727612876 -0.835130646 2.343330236 -0.078337590 0.550951559 0.658362480 -0.793245246 -1.022741164 -1.321424261 -0.420649991 -0.457058601 -0.760733741 1.962621192 1.036071324 0.745723101 -0.182303636 -0.474485147
-0.053221316 -33.789556889 4.434858724 0.613059129 -0.733070204 -0.194968749 -0.220802551 -1.338727100 0.715828886 1.402034358 -1.173665008 -1.062315239 -0.584398507 -0.037216729 -0.308730107 0.353224984 0.025467077 -0.237956782 1.093883183 1.605950751 -1.971323393 0.473045481 0.152366368 -0.108949819 0.442421462 -2.380046319 -0.486219191
-8.954194593 -33.081640221 8.518268768 0.216794130 -0.459243742 0.736398247 -0.447004600 -0.413544126 -1.299050954 0.867254958 -1.225901211 0.391736705 1.590389585 -0.414520005 0.574958234 -0.530356443 -1.240725403 0.055153609 0.735694126 1.325910360 1.607872614 -0.585460555 -0.412321937 -1.110391493 -0.277187506 -1.805787056 0.531685240
4.474476459 -31.552177879 9.016203807 0.628994503 -0.704943756 0.140321320 0.296192745 0.523158364 0.943523541 -0.719865242 -1.498717126 -0.440979160 0.166975031 -0.881167889 -0.693822442 0.226953406 -0.434531020 0.276127776 0.651112460 0.100571701 0.301958708 0.195145142 1.703483710 0.525936328 -1.387414186 0.943112027 -1.438992868
-3.917975766 -34.180336650 11.206299683 -0.206498417 -0.151976603 0.948819674 0.184398326 1.190809223 -1.731321632 1.968406937 -1.098614040 0.205924927 -0.657713155 -0.102640671 -0.290677390 -1.015070249 -0.579517823 0.721657136 -0.773745847 -0.279744996 0.310817903 -0.967040679 -0.800225520 0.518674064 0.781240577 -1.182018087 -0.835324757
-3.554029800 -25.325405446 8.196105900 -0.116981240 0.054153638 -0.684230339 0.717782430 0.134093943 0.458840782 0.109834000 1.782717310 1.879834628 0.083216681 -0.319014623 0.389932999 -0.143641357 0.391423325 0.162468856 -0.145043694 0.170330139 0.326402270 -0.673286229 0.096668780 0.594013386 -1.165482719 0.074754486 0.000601839
-2.715251071 -29.660289828 0.245851315 0.745969354 -0.074290343 -0.167922554 -0.640166137 0.407229962 -0.311416070 0.249409427 1.095033147 -0.414856734 -0.741251479 -1.125522027 0.458523540 0.453909305 -1.073396806 0.082833698 -0.362948935 0.165460617 0.466770054 1.130777504 -1.420914944 -0.101801421 0.995708799 -0.272331258 0.930442000
3.263614775 -27.810650094 3.039167763 -0.232746243 0.541611999 0.650600119 0.478753709 -0.251410148 1.716314389 -0.576806391 -1.167400424 -1.653785028 -0.590850332 0.063524704 -0.092996639 -1.378114291 1.905902116 0.286568378 1.432909387 0.294738808 -0.038636806 0.847460986 -0.474183113 -2.173912870 -0.783714238 0.294470128 -2.229148635
-8.276981738 -31.786515613 8.141776300 0.914226895 -0.291096550 -0.103489667 0.262186711 1.442234979 0.677268745 0.837060988 -0.965419422 0.537701351 -0.411664864 -0.832129598 0.128508313 0.248567759 -0.144408359 0.449576721 0.591589146 0.204034058 1.752862182 0.509392732 0.615462497 -0.306401931 0.453584120 -1.112449370 0.149969208
1.855674526 -36.861426407 2.283793115 -0.035007056 -0.190106071 0.873884350 0.446049695 0.047960544 -1.287905661 0.375594383 -0.649640995 0.387596611 0.416030454 -0.901000119 -0.784090388 1.046812777 0.576625997 -0.471690236 0.111166611 -0.430449202 1.300291329 -0.628250705 1.093175202 -0.519507674 -0.262369100 0.589454517 -0.196008605
4.294346030 -34.987706622 1.998974436 -0.796885730 -0.340967127 0.309057743 0.391404987 0.857528740 1.242041301 -0.469459275 0.223550636 1.100942512 1.289841179 -1.830191168 1.130161006 0.708552709 0.139266788 0.179011075 0.449055962 0.986316315 -0.978184370 0.467921349 1.618288032 0.464875098 -0.409708117 -1.853946133 0.707352377
-0.803899436 -34.581660492 1.601001704 0.149841460 -0.027013785 0.984767327 0.083970847 -0.502774959 -1.254694006 -0.785958330 0.745384564 0.508587545 -1.189730363 0.754765000 0.544090313 0.351374788 -1.329047032 0.698495852 -0.411666557 0.682191038 -0.549449797 -0.722306418 0.881173748 -0.177026789 -0.067957636 1.007965071 0.664845456
-8.474968762 -35.948283578 -1.316395807 -0.128433303 0.309420772 0.456655578 0.824153721 -0.048080470 -0.200246252 -2.312957268 -0.210967576 -0.051476017 0.239289720 -0.083466342 0.320188569 -1.332037303 0.431172190 -0.342426709 -1.161048138 0.209315132 0.000974915 1.170419338 0.497869449 0.172980255 -1.473523275 1.107605246 1.082426874
3.756018078 -33.428509565 1.722311968 -0.000743658 0.868542322 0.411219016 -0.276645266 -1.240763407 -0.757876918 0.456475465 0.482677483 -0.384145519 -1.881408508 -2.733652037 -0.431458512 -1.317968320 1.277944857 0.707437981 1.237861815 -0.802221832 -0.749789401 0.974681346 1.133019455 -0.133910936 -0.365087020 0.290445741 0.357396104
0.990284659 -40.176277024 6.003382925 -0.382547801 -0.136812375 -0.550411273 0.729374378 0.230660279 -0.638056002 0.584649116 1.305740326 0.434285755 -0.768053486 -0.753331144 1.029919307 0.280016806 0.292149700 -0.249750412 0.882824802 0.100753298 1.391678315 0.456099007 0.437505692 -1.395242372 -1.657524472 -0.442189789 -0.364817304
-3.876063195 -30.917899847 5.193278146 0.733390551 -0.331249067 0.175547864 -0.567093734 0.305747287 -0.311050094 -0.248058969 0.003214941 0.159115542 -1.701011644 0.771395317 1.294737366 0.453786728 -0.033231454 1.935685177 0.390079206 1.142458538 -1.555484251 1.618512276 -1.114061095 0.001055491 -1.437147180 0.379918970 -2.687269207
-2.855367103 -36.869994276 13.448357913 -0.509798015 -0.501026030 -0.155859465 0.681752689 0.263644935 0.491984925 -0.310108180 0.310030137 0.272598825 0.411962581 0.496737791 -0.863332841 -1.803473403 -1.055299158 -0.211425830 -1.166216406 0.683496271 -0.408584286 -0.082132105 0.810358977 0.460237395 -0.078264850 -1.353235992 -0.445772362
1.704990648 -30.110027935 5.177643773 -0.629270328 -0.081699107 -0.683152312 -0.361451282 1.791293554 -0.710202421 -0.607284750 -1.522121466 0.887538044 0.371294091 0.612248054 -0.033815177 0.383662045 0.107734708 1.316106183 -1.042313075 -1.113222710 0.952442222 -1.746247753 0.148826733 -0.852370938 1.054781451 0.525949684 -0.825234619
-12.258490235 -37.292126129 1.735590844 -0.863132912 0.188740052 -0.187095372 -0.429388042 -0.458101754 0.217245577 -2.713840685 1.255876531 0.369776057 2.293368188 2.522223323 -1.138245362 -2.418513965 1.478155245 0.549005216 -0.147914876 1.794219887 1.092779949 0.466654634 -2.055367057 -1.026421030 -1.314623481 1.415672444 1.637975407
-6.605789016 -40.149176274 0.149479846 -0.235307135 0.072531613 -0.775280670 0.581643877 1.399099377 0.349601611 -1.406052327 -1.704067507 0.210798451 -0.084091285 0.439662724 0.338222980 -0.053610953 -1.402702218 -0.016226480 1.033663922 -0.040893799 -0.032247023 0.027593806 -0.603185628 -0.843607163 -1.183741292 0.837714646 -1.008602138
1.981228221 -38.554254692 6.997791196 -0.506231376 -0.503329020 0.616987204 0.331234782 -2.687183061 -0.392472696 0.907290837 0.837833350 -0.240699721 -1.382480791 -1.201734882 -1.525197107 0.186065134 1.216842634 -0.797551998 -0.219270790 -0.829848409 1.138291105 -0.114465925 0.459648934 0.632653113 -0.240921870 2.849022007 -1.238897337
5.364782297 -33.406528032 8.283780436 0.045984272 -0.644220939 -0.650504688 -0.399635433 -0.781719647 0.681931626 0.633297932 0.910375791 0.873876563 -1.066271401 1.307355252 0.437651468 -0.227435747 -1.097894621 0.257858134 1.758597800 0.093459799 0.435895345 0.241182518 -0.931188686 -0.926632258 0.427531736 2.136363070 0.606178940
4.601637909 -30.040778921 3.277951125 0.704980396 -0.113028721 0.313931607 0.625838714 0.081017891 -0.625151618 1.451846641 -0.156453986 -0.145074503 0.419634442 1.144746802 1.305679779 0.041486297 -1.523792067 -2.131507068 0.519701611 0.544747218 0.126707886 -0.686024570 0.355942593 0.481264617 0.981966763 -0.862358022 1.324910098
-4.928691803 -39.047954477 -0.106553166 -0.773829829 -0.222746718 0.126806449 0.579216211 -0.009535312 1.649681398 -0.310670343 0.367487911 0.886621118 -1.029346723 0.209673376 -0.274217282 -0.005091120 0.165009843 -0.564760381 0.048673753 -0.273771940 0.528256635 -0.774263619 0.514224463 0.330147027 0.182488559 0.899563716 -0.914801426
-1.921533476 -33.730165192 2.256606447 -0.247472594 -0.614197565 -0.329332807 -0.673096255 -1.826333640 -0.127303300 -1.559563599 0.264783424 -0.680342359 0.474563442 1.020889616 1.180387051 -0.310462085 -0.749360141 0.780932555 1.261761571 1.336761152 0.658569632 -1.029119336 0.821671822 -0.736968295 1.544260845 0.595844921 -0.056111976
-1.425982754 -34.496576013 13.988925336 -0.409631855 0.110553910 0.606456407 -0.672450893 -0.357271656 1.326712340 0.085395545 1.814600636 2.143450768 2.417720173 -1.594281344 -0.974668833 -0.290524788 0.031123338 1.484843789 1.588546256 2.625696235 -0.511580024 0.879751573 -0.274098981 -0.029864088 -0.840334613 -1.414609430 0.964371095
-2.483913575 -40.303939674 4.282085270 0.330499431 0.532009215 0.676081060 0.388137503 -0.383911938 -0.701856590 -0.742850841 0.261923081 1.191952037 0.812189677 1.138060549 0.207223661 -1.704798758 0.665480060 -1.378387520 -0.816947803 0.786713195 -0.434989495 0.188204786 1.981346237 -0.179573956 0.861260225 0.698732827 -0.087891025
-3.914312766 -38.135256054 9.971153128 -0.176225158 -0.547785747 -0.450154477 -0.682815067 -0.738486656 -0.951500738 0.509044446 -1.353000843 1.245686031 0.733826642 -0.228930781 -0.352952207 0.618795739 1.912735099 1.012869971 -0.313905453 1.675628408 0.381862123 -0.123372935 -0.619228440 0.807359396 -0.632550062 -0.264737262 -1.578608465
-7.565670449 -30.746704124 4.925841370 -0.812897736 0.112614719 0.358422578 0.445026349 1.910427521 -0.253174812 -1.199141843 1.546220721 1.568692616 1.670696443 0.953112442 -0.962733644 -0.563992125 -2.256227056 0.377516704 0.497510683 -1.276588384 -0.778193380 -1.096217419 1.725840088 -1.996194201 0.671394475 -0.560386041 -0.284790575
0.843689686 -31.697804290 10.004206154 0.347925930 0.565862501 0.639153226 -0.387595577 -1.146906225 0.920407260 1.297251284 0.620725562 0.482961464 -1.251498885 0.907699729 -0.596740435 -0.866148823 0.613188387 -1.297639210 0.080976835 0.330864096 -1.050908383 -0.259859130 0.429889346 -0.123926632 0.226054344 -0.531408739 -0.620481128
5.081725779 -35.902804278 6.313135588 -0.736122842 -0.424117750 0.527082413 -0.020770785 0.623213281 -1.140092260 0.950183682 -0.625541588 2.109813871 1.613501839 -0.337091016 0.970659940 2.348358003 -0.398803810 -0.114744351 -0.244584250 -0.302244857 1.678495544 -0.843047923 -0.159592743 -0.015990704 -0.564782412 -0.409387896 -1.326897398
-3.124031271 -34.208427554 10.729230088 -0.648093710 -0.493546007 -0.579839473 -0.013155558 -0.818425970 0.093050203 -1.374391828 -0.426005339 -0.649591356 0.268140784 0.246899736 0.389708751 0.681713247 -0.065014582 -0.574694257 1.729494066 1.602535955 -0.590119594 -1.671242597 0.099689461 -0.271403873 -0.098658998 0.556765144 -0.217916495
-2.134820957 -27.436543770 -1.317270883 0.632768603 0.160312913 0.657135899 -0.376929802 -0.259679687 -0.166506197 -1.214854079 0.551193963 -0.338726201 -0.094014263 0.862026925 -1.123088236 0.741793957 -0.215131501 0.235198180 0.004150410 0.547640844 2.387091939 -0.646874643 0.395295302 0.232473922 0.270533346 0.014487167 0.930232425
-11.856302682 -30.529695101 9.307057615 -0.249983362 -0.414441718 0.507280380 0.713030853 -0.013011753 0.437419365 -1.046937330 -1.521800843 -2.130970841 -0.558865892 0.291979355 0.031258141 -0.212589973 1.279160896 0.602655405 -0.802124380 -1.120293317 0.344091871 0.441336222 0.892978175 -0.024221551 0.915090058 -1.216307576 0.013040907
-0.538409080 -42.053976900 6.602014151 0.462020265 -0.882815446 0.080751138 0.025562027 -1.617115788 0.344891255 0.843610933 1.429318851 -0.300354866 -2.463997109 -1.562051025 -0.355690713 -0.118413400 0.504613895 -0.860918874 1.445046275 0.578850935 -1.401984596 1.651390615 0.176408194 -0.428090670 1.587349007 -0.198359046 -0.250105706
3.144087181 -28.783407866 10.246547050 0.272713153 0.382644912 0.091946917 0.877927202 -0.190090233 1.022347434 0.911690129 0.752373240 -0.895436331 0.903459908 1.018037973 1.633496905 -0.587010283 0.283633245 0.247604731 0.379651537 -0.856107527 -0.000413178 -0.170708438 0.597795656 -1.024027998 -1.089744967 -0.947169015 0.963715097
-4.118761214 -38.703589168 7.788074248 -0.410932572 0.299857946 -0.805428879 -0.304144627 -1.948921530 -1.859276628 0.430628706 -0.042849431 0.951711972 -0.040417887 -1.101149761 0.021925147 -0.347751651 1.084936701 -0.202827654 1.678535364 0.716291334 -0.377074302 -0.707248040 -0.116268730 0.553355651 0.912978973 1.188268778 0.026719015
-0.884620028 -24.220749745 7.289617047 0.464363670 -0.363820489 -0.562984567 0.578834528 -0.910334643 0.718619996 0.867432402 2.194092441 -0.922558912 -1.584820744 -1.599658889 2.462326016 -0.316315567 0.621452393 -0.268911085 -0.435833198 0.655931260 -0.273127642 -0.413828016 0.608267415 -0.523841345 0.086556026 0.280844577 2.218861881
-3.003870231 -32.801309931 5.352841909 -0.730459867 -0.455429484 -0.155985414 0.484438767 -0.298879137 -0.004688388 0.888474638 -0.257483595 0.581808840 0.462169025 0.254831530 -1.484686810 0.082006594 -1.005975463 0.882823192 -0.326553493 -0.679248966 -0.565734877 1.305315369 1.000118883 1.027289673 -0.345130604 0.647617613 0.031302373
-9.449560177 -40.046357953 2.873535900 -0.685786755 -0.598799911 0.305819247 0.278585321 0.246524635 -0.548342930 1.178250496 0.134331929 0.416392892 0.298511026 -0.360923749 0.712928467 1.888225238 0.242446208 -1.652798199 -0.969869728 -0.252111747 0.836085189 -0.178908218 1.103047766 -1.389769401 -0.257896088 1.179405503 0.364913450
-10.868405025 -36.258483972 0.093966482 0.864129476 0.023407190 -0.048702275 0.500360311 0.271194261 0.872260774 -0.384377637 0.209158999 -2.120500408 0.154275563 0.627476203 0.734330533 -0.836337153 -0.173464598 2.125707811 -0.645740534 0.206245693 1.037211927 1.542429971 -0.770877226 0.392839626 -0.297748780 0.172337368 -0.157374442
-2.374966028 -32.252976124 8.180568022 0.032645054 -0.849198659 -0.160691600 0.501970266 -0.612755584 -0.070659512 -2.368278984 -0.884732837 -0.385218054 0.990691134 0.707204679 0.379697315 0.984043271 -0.750384004 -2.023849356 0.182505405 -0.030535140 0.183317343 0.230394315 -1.665987194 0.455777583 -1.435478304 1.255444999 0.631253408
-4.274501775 -34.321186313 12.569126231 0.638493156 0.291057171 -0.120229703 0.702251402 -0.068579656 0.423140261 -0.069619874 0.288175768 0.861955258 1.019541290 0.485374089 -1.914748540 0.409080328 -0.248917725 0.709209866 2.381838822 0.633737805 0.263409769 1.078341860 0.329199456 0.874514530 -1.277025805 -0.292827182 1.041833845
-4.181395825 -29.348059966 8.004360893 0.427105879 -0.874379684 -0.222154348 0.060730409 0.731574701 -0.700546551 0.327065510 0.625572946 -0.002905316 0.643961411 1.294519131 1.401053564 -0.183555328 -0.491695889 0.691944596 -1.207523908 1.538642858 2.750795207 -1.810452292 -0.046063947 1.214104050 0.299098792 1.223969543 1.383797301
-1.701099056 -35.056048036 -0.868028609 0.534258700 -0.462761346 0.064383350 -0.704467431 -1.966975616 -0.439265058 -1.580440604 -1.056638515 -0.684031713 1.241598475 0.628204901 0.672018625 0.579077036 0.892944517 -0.191454703 0.278139550 -1.640369440 0.956257348 -0.837528091 -2.196193643 -0.873329817 3.409948185 -0.014361711 1.478000211
-6.023064741 -30.766258081 7.349707798 -0.235864349 0.161104688 -0.656818419 0.697855897 -0.506505089 -0.278229468 -0.554178499 1.486111670 0.404366843 -0.165532257 0.118734662 -0.937685421 0.106189579 -1.521389265 -0.758480968 -1.860682936 1.238435850 0.015264497 -0.069252723 0.994029148 -0.296558097 0.070152701 -0.201808243 2.016359803
-0.059724111 -27.864752333 7.083965327 0.047121357 0.733421494 -0.300554144 -0.607897768 -1.448470625 1.481814966 0.227277767 1.559441225 -0.508801222 0.870768607 0.365432632 -0.332761472 -1.550596052 0.396181875 1.920839366 -0.423550776 -0.080594933 -0.749198155 -0.382153098 0.860196651 2.114218279 -1.319520424 0.141401162 -0.128847637
1.065932350 -30.419846356 3.110710447 0.571249479 0.056197775 -0.763965097 0.294742555 1.088592234 -1.240945299 0.183075525 0.581859647 1.370470429 0.561879694 -0.695379671 -0.676608309 1.650483026 1.172667579 0.176491196 1.253686454 1.037471055 0.545455441 -0.189347608 -0.265944621 -1.409114302 0.429188405 -1.079983249 1.077990726
-2.509924026 -27.879589475 10.842024034 -0.417177424 0.622805200 -0.286402604 -0.596699445 -0.693368042 -0.920367302 -0.341243827 -0.998568943 0.701368724 -1.086293034 0.390240272 0.602788100 -1.722939909 -1.051499412 -1.112278079 -0.804528416 0.319725126 -0.668199212 -0.653557658 -0.863074883 0.422196801 -0.758657567 -2.338579550 0.713342837
-6.056161580 -33.259202272 9.409471985 0.448664397 0.181816722 0.850860009 -0.204157252 -0.022242276 0.626492921 -1.011856335 -0.613442755 -0.156144505 0.148574069 -0.253504607 0.119522852 0.477376728 -0.715470392 0.742048367 -0.088716735 -0.286597238 -0.009074824 -0.699843371 0.825438334 0.529197379 -1.068931007 -0.851686661 0.173048049
0.898356826 -35.705576640 -3.219135534 -0.004797792 0.726846364 0.274152304 0.629691875 0.021282304 0.014968246 -1.060302430 0.551522964 0.110345464 -1.060724464 -3.083215691 0.372517571 0.623521349 0.478770907 0.777248458 1.129414540 -0.723599102 -0.237054364 0.914293807 -0.069149617 0.738557909 -1.349194469 -0.872425508 1.898310173
2.166710153 -31.453584849 2.442502927 -0.305440772 -0.391319646 -0.717921881 0.488019511 1.283126605 -0.696179306 -1.625360361 1.565534141 -1.283550937 -1.658575486 1.528464420 -0.775643677 -0.969523532 -0.837461857 0.501119099 1.293581417 0.639951063 -1.447742310 0.733752999 0.160504518 1.276743662 0.198237912 -0.150107437 -0.147767194
-0.645467153 -24.443154314 3.035652999 -0.006299431 -0.945016799 0.113649630 -0.306573530 -0.879153718 0.846513022 0.280610824 -0.344814424 -0.594288132 -0.415239620 -0.704680821 0.465607411 -0.262421862 0.209761404 0.364788402 0.438850175 0.564744979 1.465438933 0.278195835 0.193655455 0.639695191 -0.747825184 -0.547650219 -0.211833671
-0.961583462 -38.144796323 -0.737610611 0.718047392 0.314695700 -0.430844043 0.446931729 -0.744262523 -0.146842405 0.261288636 -1.875657588 -0.701838107 0.522756186 -0.250897844 0.754430291 1.224025325 -0.280453363 0.425632119 1.338108722 -0.664098644 -1.288416599 -0.105172484 0.456886491 -1.165429546 0.981124311 0.834102668 -0.351587959
-2.165572402 -35.210759335 -2.854677598 -0.901432631 0.369343631 0.114599537 -0.194605860 0.453726139 0.001935042 -0.014977785 -0.355250746 -0.267427177 -0.873740583 0.502028541 -0.659670683 1.059942399 0.300717838 0.641594970 -0.610631734 -1.039238077 -2.114906916 -0.567449607 -0.010006255 0.648602791 0.867451211 1.022543554 0.090337987
-4.600227118 -38.968162585 10.530367027 0.255523520 0.194104938 0.912926707 0.252182139 0.370413745 0.001788110 -0.860750551 1.979356823 0.329132571 0.605505272 0.305845737 -1.839269546 -0.853813697 -1.589582003 -1.448791433 1.689811030 -0.231133996 0.309241063 0.868389229 0.909097686 0.428731227 -0.086682895 -0.911675480 -0.810391732
-8.724606020 -34.493213342 1.026880028 -0.709940741 0.051207381 0.175704120 0.680066182 -0.379658322 -0.793634582 -0.062221649 0.579176859 -0.177816650 -0.073971297 0.412540140 -0.270928655 0.477220811 0.655180126 0.283890282 1.723614147 0.136695839 -0.060126510 1.386056724 -0.666111579 0.186881136 0.291316974 -1.121286389 -1.763018032
5.857343504 -34.025351929 5.768478160 0.012103482 0.147673532 0.988954930 0.003765585 -0.382767120 1.281822055 -0.150486127 0.195886252 0.096827728 -1.126276335 1.100746144 -1.310585970 0.019720880 0.671607119 -0.581279417 1.484292788 -1.435845431 -0.007569834 0.802642454 0.179048496 -1.109485578 -1.296518018 -0.041282231 -0.889119902
-6.022618522 -41.923400718 7.872869945 -0.536676723 -0.493446561 -0.611137694 -0.308219572 -0.847392086 0.825574608 -0.854308044 -0.098273968 1.447293628 -0.675736597 -0.638519267 -0.227392195 -1.874667783 0.774222682 1.419445124 2.117821474 1.306257996 0.644673279 -0.482322448 0.240474286 -0.136480019 1.614314759 -0.365109907 -0.011083796
-2.682843156 -23.891407816 2.127372054 0.173234876 -0.759996317 0.614215893 0.123020783 0.922921536 -0.596885806 -0.358151570 1.300652589 -0.720348005 0.575685941 -1.135275807 0.293972096 -1.839770968 0.116838055 0.613396023 -1.892577210 -0.855858443 -1.254359695 0.460925247 1.287644999 -0.853244401 -0.142757379 -0.472022073 -0.194260136
2.325147702 -32.770891274 5.307437894 0.266322669 -0.175182682 -0.901824566 -0.291711701 -1.316432745 0.708016162 1.448264917 0.125521168 0.149860940 2.060681370 -0.124478852 0.493201873 1.222227133 -0.496845883 -0.140358228 0.226181403 -0.272368657 -0.352359089 -0.587031307 1.979947064 0.126472240 -1.099207319 -0.365377297 -1.854189927
0.001301027 -37.811391038 3.889233820 0.516744345 0.467225065 0.395953911 -0.598244532 1.221627349 0.939167629 0.538359028 -0.751973261 0.324345649 0.546862574 -0.973398960 1.013154980 1.203417045 -0.957857795 -1.314546882 1.915579377 1.396427830 0.673345485 -0.558912779 0.495788265 0.023792721 -0.275600932 0.657939403 -0.698331719
-10.282228473 -31.331938903 7.747716664 0.471002760 0.604540488 0.585405021 0.264552754 0.148570579 -0.259377298 -0.830492289 0.849752592 0.155395759 -0.170290808 -0.719676606 -0.767262687 -1.406458945 0.623992470 -0.084878133 0.345415081 -1.507505278 -0.271432754 0.259675100 1.402995904 0.490212186 -2.156250190 0.587433371 0.488946901
-2.716658838 -33.329079747 13.825532108 0.325563749 -0.424308224 -0.469699851 0.702390793 1.059811970 -0.272606625 -0.012132021 0.340156394 0.134860620 0.686200687 0.842355821 1.447008888 0.051838031 0.051130089 0.438988705 0.644358218 -1.587518794 0.384054508 -2.284106327 0.439479668 -0.656300732 -0.107839058 0.388576919 0.503346259
0.046517317 -30.282770346 11.294968551 -0.615638222 0.202425814 0.202976905 -0.734039335 -0.134085262 -1.324585966 0.897580296 -0.001809934 1.151762479 0.225247561 -1.863147065 0.602082299 0.747911803 -0.397602523 -0.875499064 0.878006731 1.009011217 0.107530121 0.659116346 0.332578536 -0.902361152 0.857258192 -0.868212126 2.527390714
1.608370590 -28.693990001 9.650233519 -0.285312118 0.320577408 0.590610255 0.683378847 0.700552854 0.390780476 -1.503360354 -0.680343283 -1.684351532 0.706853019 0.428521646 -0.275913959 0.319624187 0.037465645 -0.060568500 -0.341993233 -0.658303376 0.341710015 -0.434013867 0.375717033 0.650499079 -1.763090462 -1.188517601 -1.070457324
0.100527161 -37.316309192 -2.048365064 0.145952855 -0.041340675 0.680918489 0.716476604 -0.073815412 -0.529405733 0.226272637 0.187412952 0.390481158 0.372931150 0.820192457 -0.415002273 -2.180243627 0.115432322 -0.145034297 -0.073400413 -0.098820423 0.408082192 -0.241645758 -0.909943256 0.140230349 0.199095123 -0.584274041 1.170953285
-11.533880717 -28.599723906 3.061127510 0.290719096 0.554060819 -0.042838210 0.778886322 -0.879721543 -1.757648534 -1.150478611 0.459697946 0.282324466 1.962812018 -0.060487025 0.567830845 -0.003439307 0.294399985 -1.561207298 0.317638408 -2.042531271 0.760062507 0.586693006 0.114464881 -1.037088354 0.457339798 -0.406605690 -0.260412375
2.214072927 -38.994477727 2.102162543 0.476637376 0.616609817 -0.609385004 -0.145804875 -0.429051423 0.917051596 0.219991679 -0.910771070 0.051047848 0.495294454 1.259495985 0.621424755 0.738202012 0.626903305 2.872503010 -0.982320511 -1.424246683 1.735846969 2.241555325 1.245457469 0.015416376 0.181086304 -2.054955955 -1.087055840
-1.001773153 -39.542983381 9.434286698 0.385416636 -0.208419671 -0.536898469 -0.720940560 -0.419907969 0.686899547 1.009248038 -2.169582689 -1.825734533 -0.035144740 -0.025077246 -0.556930651 0.296708177 -0.762127826 0.085500857 0.826021319 0.928797837 -2.525885454 -0.702450571 -0.607629425 -0.740746161 0.532156876 0.379045432 -0.838452016
-9.838164314 -35.405865645 6.527685007 0.719184345 0.621992762 -0.264635548 0.160831927 1.561478384 -0.227139240 -0.330427731 1.570710866 -0.380757453 -2.059488706 -0.651384672 0.220997204 0.911319222 -0.513677956 -1.075822945 -0.343799656 0.640299851 -0.266816921 0.989700040 0.419047410 0.727154889 1.464744588 0.771439378 -0.610671949
-9.387122744 -36.803265762 2.635607097 -0.074521174 0.022484027 0.856001425 0.511079860 -0.088176344 -0.216749350 -2.260590736 -0.063495029 -1.233690077 0.023006896 -0.239013961 -1.821819748 -0.873465605 0.550652061 -0.613479477 -0.937679412 1.024132119 -0.757339232 -0.241723217 2.036422839 -0.308828083 -0.841898684 0.776411619 0.757020321
-7.181205205 -30.630339479 6.571287072 0.262347365 0.859279022 -0.437397218 0.038692330 -0.322109778 1.236638099 1.408952649 1.283761528 -0.319967843 1.030152800 0.783401434 1.211924204 -0.808061029 -0.922854591 0.560212511 0.568710266 2.317348759 -0.403912085 0.619351990 0.308564644 -0.423536463 -1.435038695 1.013431217 -0.174181110
-3.774377624 -32.077187349 10.934575744 0.469945623 0.744162013 -0.321447348 0.349350273 -0.123480983 -0.177879310 -0.862765306 0.282487445 0.740409131 -1.107620214 0.172012888 0.330289392 1.713424864 -0.199915477 -0.635337326 0.374850861 0.695505185 0.724191245 0.047105054 0.336084253 -0.240777624 1.428406420 -0.152073930 -0.951075405
-6.115288574 -38.914504853 6.847402624 0.130148863 -0.955181870 -0.265335935 0.016902954 -0.057457469 0.890873519 -1.147230721 0.917967967 -0.062369082 0.227838710 1.235660808 1.034277880 -2.313362031 1.267312751 -0.747242474 -0.431977062 -1.091933107 -0.640271007 1.177791249 1.615803057 0.024895961 -1.238524809 0.218092795 0.648120834
-3.623020661 -27.010365271 7.834311747 0.483516518 -0.776929395 0.382206809 0.128492984 0.798127962 -1.393495927 1.248576783 1.392425908 0.526619560 0.022850925 1.033755729 0.662378510 0.597097378 0.756633578 -1.642759009 1.109851287 -2.448417094 -1.000157374 0.155025054 0.705284685 1.496385100 -0.554219576 0.526954586 -2.299998288
-7.245337874 -25.622326005 6.171361956 -0.300151430 -0.610801659 -0.640313560 0.356130589 -0.333827405 -0.700028390 -0.867172887 1.782521761 -0.482363951 -0.104387013 -1.750539137 -2.165806288 -0.716259977 -0.412426957 0.073808185 0.167033322 -0.904857348 -1.939759409 -0.806183838 -0.046053104 0.346835942 -0.777295315 -0.063729978 -0.814863839
-3.933226451 -33.706371910 13.352294068 0.611324447 0.735073048 -0.202164194 0.212319742 1.010157161 0.883323300 -0.219586235 -0.389332575 -0.402408123 0.291876992 -1.094917888 -0.439291673 -0.347809817 1.488320310 -0.529686574 -0.494142239 -0.488583490 -0.261021836 -0.649052125 -0.620303314 0.759977637 -1.425094229 -0.793497540 0.234193498
-10.184188213 -31.402730777 1.829439435 0.290683176 -0.806335375 -0.267450489 0.440223569 0.511535538 0.616079224 -0.082981196 -0.714554985 -0.058620243 1.206542123 0.258567479 0.175395191 0.517193985 -0.003715105 -0.337190728 -0.688658388 0.051845859 -0.458114579 -0.041489117 0.467743927 -0.321855028 0.083260135 -0.216643059 0.550317879
0.408590147 -32.343455119 7.977574010 -0.292780035 0.844222598 0.035997407 0.447517869 0.526291900 2.129552495 0.336152612 -0.148974222 -0.686880804 -0.035868528 0.436665371 -0.329358368 -0.141877176 0.133505313 -0.595189314 0.844031613 -2.456178741 -0.943717970 1.852496389 -0.457621846 1.575709087 -0.565413940 -0.881919078 -0.154803278
1.978635846 -38.976593792 10.104201373 -0.221388205 -0.190004586 0.795421889 0.531215153 1.792361673 0.839968693 -0.691276367 1.394103616 -0.366264491 0.662457815 -0.324845893 -0.825352072 0.290310840 0.991684269 -1.105350803 -0.990622271 0.356719613 0.719443743 0.633040344 0.057876146 -0.593284242 -0.256909108 0.524002895 -0.073003573
-4.397401577 -24.413162670 1.724284006 0.676154050 -0.312042199 0.619998019 0.247078575 1.291877679 -0.942123469 -0.339434235 -1.048030669 0.077410277 2.017812204 0.323818198 -0.609261379 -1.965191066 0.836674723 -0.430092993 -0.792177201 0.976254449 -0.668694111 1.627183563 0.234353002 1.107635251 -0.452508930 -0.345023234 0.016801643
1.445478598 -26.365537242 6.282480530 0.865087505 0.236963397 0.319090635 0.306027980 0.372871010 -2.464225148 0.679222394 1.654161791 0.352320649 0.174300214 0.171803050 -0.080060490 1.449436580 0.804133735 -0.981315835 0.795141968 0.699843647 -2.226082792 -0.316435846 1.745012623 -1.229587578 -0.895305980 -1.350618293 -1.687809334
-1.462536894 -37.357227608 5.633416467 0.365868006 -0.431702015 0.651439387 -0.505371841 0.691940462 -0.679579910 0.768939633 -1.081212893 -1.086170390 -0.231266716 -0.297416681 -0.515385107 0.427260837 0.976577911 -0.754163543 1.807195250 1.466474449 0.639618880 0.764321410 -0.828364733 0.643554216 0.740819516 0.738337831 1.208298355
-5.285578596 -26.826607532 5.345763213 -0.535982325 0.519239751 0.569503017 0.344643791 -0.041535198 -0.762353558 -0.944032777 -1.816904653 0.622349470 0.270825673 -0.379672321 -0.085910740 0.876800034 -0.168961232 -0.734221696 1.196967554 -1.399432165 -1.991714812 -0.200816342 -0.911005848 0.375560784 -0.075401256 0.501680285 0.573657214
-4.742830259 -31.854907169 9.431729435 -0.933475793 0.196200669 0.260462376 0.149290295 -1.632637636 1.147119071 0.295868528 -1.373843977 -1.364863034 0.193695666 -1.024582185 0.151740476 -0.126333376 1.043743151 1.188357055 -0.071378145 0.201446883 -1.048249421 -1.145873510 -1.641909509 1.314812300 -1.286834600 -0.200783093 0.614423438
-7.807629824 -27.972869085 6.707162512 0.253337183 -0.739149090 -0.399776103 -0.479226420 1.033129428 -0.986658920 0.249865469 -0.148098967 0.400761724 0.835695560 0.658379409 0.870179154 -0.717314244 2.615746970 1.014647008 -0.872505671 1.015432348 -0.871185251 -1.869060033 0.539970375 1.344596964 -0.173020065 -0.397404027 -0.206750619
0.389788671 -25.750398016 5.062999960 0.153353070 -0.585224293 0.713046784 -0.354343967 0.490131745 0.103184587 0.328292568 -0.439708019 -0.784952301 -0.591600932 -1.396846475 0.140707961 0.418875273 1.345242395 -0.653383339 -0.417969769 1.381035582 1.178749281 -0.727384911 0.585457821 0.030955925 -1.744766134 -2.325869903 -1.296722560
-5.017306683 -35.788645204 13.120557585 0.303709130 -0.697290974 -0.483361284 -0.433483485 -2.424843729 1.762957519 -0.553217020 1.351741628 1.704597209 1.647810659 0.161303274 0.397286897 -0.682850271 0.227130471 -0.452297519 0.417461100 0.874349701 -0.745100417 -0.035258945 -0.518870590 -1.088968246 -0.553563881 0.423794288 0.527075200
-6.871942462 -27.149075982 3.461644897 -0.858141429 -0.500956214 0.004755465 -0.112310042 0.051984077 -0.460775166 -0.105540392 0.779028659 -0.817241847 1.332976250 0.822731274 -0.527206994 1.379663561 0.000230184 -1.175874781 0.287343218 -1.076076458 -0.838101972 -0.395691976 -0.232387353 0.977519044 -0.274275599 0.698367671 0.019521295
-1.551133059 -33.050820372 -0.131178431 -0.452687822 0.177177423 0.384246026 0.784880175 -1.193937226 0.857241862 0.387608093 -0.409904397 1.123157287 -0.051068767 -0.171381750 0.970235580 -0.015938435 0.788183866 0.576373325 0.466767620 1.167457584 0.243024840 1.132421177 0.185963533 -0.956251416 0.602491578 -0.728872378 1.401771109
-7.726310443 -33.748945440 -3.922627734 -0.075129050 -0.450400180 0.875185009 0.159832736 0.362736585 -1.710643756 1.749157240 0.144899542 -0.510591549 0.036088170 -0.332570686 2.193797609 0.506873652 1.008156204 -0.491461887 0.259155071 1.074934408 -0.565305643 0.122949885 -0.114819701 0.513721041 0.901240570 -0.168443904 1.867992612
-11.139227699 -28.018257318 7.564354311 -0.617927230 -0.475259744 -0.566059915 -0.268086341 0.412154735 -0.555338038 0.993066784 -0.607802531 -1.069157833 1.267926795 -0.019090993 -1.223365154 -0.253798385 0.919168629 0.820164327 -0.307342626 1.538442077 -1.041117136 1.779635063 -0.436885156 -1.180179722 -0.373230489 1.301655194 -0.740982653
-2.177259500 -35.402247559 -0.427641407 0.357681733 -0.206476493 0.721863764 0.555287260 0.018049720 0.128098209 -0.627482613 -0.163525349 1.331263061 0.239608951 -1.278238041 1.562941918 -0.674199894 -0.904106630 0.986797833 1.796954808 -0.094364179 1.804147091 -0.259924072 -0.651325130 -0.260240476 -0.161454433 0.260159089 -0.539868593
-9.601290854 -29.713332517 9.263950237 0.201025406 -0.250436404 -0.147609425 0.935458097 -1.011465251 0.004436408 -0.483416975 -0.196734023 -0.013687245 -0.092566745 -0.437043093 0.456624753 -0.180534099 0.293513409 0.126995029 0.628017131 -1.385358766 1.208140434 1.854405260 -0.159123494 0.480106098 -1.164274855 -0.075267772 -0.702458938
1.317776220 -32.654964972 7.194234970 0.059760556 0.108562053 0.114441833 -0.985670342 -1.540243971 1.845987488 0.241231861 -0.552099930 -0.138532862 -0.758404732 -0.655350664 -2.197714187 1.005718405 -0.236777747 1.411701197 0.445117437 -1.135314360 0.089179389 -1.108171317 -0.153320408 -0.781673497 -0.920451870 -0.204588768 0.287492353
-3.436583097 -27.201022585 9.498636549 0.201191955 -0.627159877 -0.463491774 -0.592762736 -0.015838195 0.414240208 0.648131098 1.166791524 0.942125354 0.179628444 0.160965986 -0.610387246 0.297381540 -0.188731046 0.961822482 -0.991059740 1.768747902 1.013451373 -0.038177487 -0.742658886 0.686176920 -0.082824453 -0.242603594 0.243629646
-4.051744451 -26.408254665 9.972061863 0.637563362 0.755093825 -0.037200975 -0.148197039 0.343992514 -2.165825939 -1.442530873 1.301483605 1.298690241 -0.386373811 -1.176300553 0.551143354 0.022302580 -0.547937297 -1.561610116 0.927471064 0.504119409 0.571900929 -0.942401403 -0.322513020 -0.472292664 0.598286420 0.747047180 1.093333482
-5.206386314 -37.762902648 6.612405556 0.305679586 -0.914274789 -0.216860895 0.153730130 0.166243573 0.400046763 0.169141771 0.532669957 -1.328296418 0.222244565 0.615884774 0.307029109 0.802498254 -0.449271864 0.540516161 -1.225687496 -1.123528735 0.401604741 -0.852627896 1.267280922 -0.733975533 0.523067082 -0.813855007 -0.518191377
-5.041677260 -41.928790041 1.950878203 -0.345963150 -0.596676358 0.702523445 -0.175350030 1.172226363 -0.839051996 0.368006424 1.197535984 0.812657451 1.097559303 0.208060627 0.249992784 0.120047432 0.525200261 1.693366601 2.009282034 0.158017869 0.530558289 -0.914144694 -1.031530714 -0.674886544 2.785473148 0.452404160 -0.397487777
-8.172791980 -39.491266355 8.384973627 -0.081238668 0.247183456 0.291203031 -0.920598399 1.418028909 -1.264296723 -2.129839512 0.137798185 -0.788779540 -0.162123813 -0.014920750 -0.856599867 0.725310360 0.605904318 0.094289020 -0.309906817 -1.026932505 -0.056865793 0.723413299 -0.316574141 0.073090624 0.466646436 -0.527504633 1.015274213
-2.424918353 -26.929142278 9.732301754 -0.222736657 -0.529548095 -0.610975388 0.544679972 1.573195831 -1.041606682 -0.182410436 0.628619379 1.002620888 1.207663423 1.339997244 -0.661719562 -0.271967814 0.204965645 -1.154675247 1.157178153 0.014540342 1.223644211 -0.474813562 -2.383987595 1.337911300 -0.429781226 -0.445970683 0.709036171
3.053954916 -29.991682315 5.769383262 0.296832390 -0.082071925 -0.599740948 -0.738556380 0.965092564 -0.613997389 0.838664965 -0.201549332 -0.221173512 0.117571495 2.011402647 0.009271689 1.276247167 -0.731927246 0.299732045 -1.068806516 -0.793042756 -0.673295591 -0.123051116 -0.699967232 0.046626608 0.400376692 0.992456485 0.818247488
-2.265496016 -25.390759296 10.307457721 0.613526669 -0.125459235 -0.427324361 0.652103440 2.038830963 0.555937162 0.925152045 0.469878281 0.596875776 -2.044640190 1.016776296 2.368565032 -1.627833988 -0.541568700 1.565376059 -1.104801160 1.024312013 1.332563992 1.997448054 0.181379861 -1.528431649 -1.002994110 -0.727475829 -1.026892726
-0.993181601 -34.745317306 6.545760963 0.546392014 -0.242799152 0.704903492 0.381595867 3.501276332 0.002656861 -0.236621108 -0.146092462 -1.333818431 -0.424988416 0.037679629 0.171808174 0.637254734 0.808091919 -2.720468219 0.656133435 0.953812014 -1.619470795 0.684583158 0.136991878 0.840794438 -0.841058299 -0.428940018 0.656940327
-2.477619925 -28.421187504 7.534671364 0.563087076 -0.500252774 -0.334499925 0.566383180 0.629862701 -1.276049373 -0.887251855 1.616376866 1.095807826 -0.733417591 0.653161563 -0.315303213 0.857363029 -1.738991041 -0.536740569 -0.402170397 0.888983730 -0.187446302 -0.322411563 -0.007611571 -1.672083044 -3.041802440 -0.448686662 -0.375496860
-6.083451162 -39.719821799 1.150766027 0.916383603 -0.367686091 -0.064044485 -0.144728487 0.786869914 1.436735254 -1.779032150 -1.363563195 0.484587312 1.411956536 -1.304382089 -0.258829687 0.193163593 -1.103543523 -0.613437550 -2.158979847 0.254712450 0.177081782 0.047794353 -0.662538168 0.391849420 0.186421837 0.038468494 -0.269850044
-1.462742439 -29.437952795 9.653074380 -0.413247445 -0.187091572 0.809979636 0.371693802 -1.212532302 -0.281812763 0.494634758 -0.837513091 0.207176347 -0.828703265 -0.070033698 -0.324117251 -0.592836478 1.016863794 0.157409408 -0.575839109 -0.818506730 0.670218565 -1.077146942 0.134869420 -1.538555460 0.782251148 -0.654201016 1.519656111
-9.364579416 -37.821828045 6.846069799 0.431782298 -0.395622995 0.800940004 0.124665970 1.379282054 -0.627188193 -2.099232090 0.882061406 1.229428286 -1.225397651 1.557261600 -0.495481412 -0.358002464 -1.108069595 -0.689031155 0.926396255 -0.241018913 0.771012963 -0.136355311 -2.220237230 0.328935809 -0.569338909 -1.025387245 -0.197320945
-5.495911095 -37.454070100 -2.029633546 0.117771180 -0.386792642 0.801973894 -0.439726363 0.397124976 -1.766834725 -0.507122761 -0.092290879 -1.676598601 0.757398844 -0.116840309 0.237667266 1.796763552 1.697493201 0.622569621 0.001245910 -0.393541039 1.481319692 -0.415914268 -0.301426346 2.522269648 -0.853437929 -0.648891724 -2.189508237
-9.396446235 -31.028467373 2.074667413 0.307635089 0.266867989 0.530083603 0.743742901 -0.013192063 -2.305363517 -0.708658906 -0.607679106 -0.807339326 0.012431597 -0.443168288 -0.536778366 -0.195857942 -0.493881863 0.107153451 0.382148634 0.688517469 -0.464946983 0.950918194 1.111947471 1.359257321 -0.385095654 0.650647408 -2.494973907
2.479388668 -27.776205291 -0.300668349 0.748243294 0.208555792 0.186199703 -0.601636206 -0.354037975 -1.136607445 -1.284408585 1.707635640 -0.357665794 0.555573829 -0.785803755 -0.572721945 -0.406080465 -1.289760232 -0.676266639 -0.259346765 -1.101901522 -1.582860979 -0.546807393 -1.800165991 1.507575776 0.944624914 -1.431261947 -0.523148346
2.296156894 -35.501496108 1.258062287 0.747344695 0.045891435 0.008524156 -0.662795007 0.529162422 1.870698358 -0.677975165 0.063134481 0.605649071 -0.568372976 0.522906346 -0.105562207 0.021635156 0.330863421 -0.504194544 -0.715695681 -1.902339896 0.683707623 -0.116444457 0.330845307 0.598272474 1.277722368 2.156925475 0.931480566
0.827724545 -35.700161337 -0.567786754 -0.488461666 -0.190304597 0.598599041 -0.605696747 -0.360456815 1.264059345 0.049865457 -0.125592386 -0.865335715 -1.513400998 -0.456201567 0.504154328 0.088855797 0.571587593 -1.079483541 0.114629943 -1.712606224 -0.961268438 -0.247744906 0.364019733 0.728682125 1.373651284 1.783649133 0.630942354
0.447337123 -27.628487155 8.402746805 0.037351594 0.170454389 -0.984656734 0.001129191 0.053762525 -0.211633880 0.975306779 -0.016161495 -1.197478245 -1.056545003 1.279664549 -0.709100949 0.495544748 -0.277855155 2.044477257 -0.743666126 0.246954760 1.755145632 -0.136738866 0.812681205 -0.358832197 0.832929407 0.012974249 -1.725707577
-8.060657141 -25.593557339 5.262712438 -0.393800224 0.198752548 -0.603256281 -0.664455165 -0.840504656 -1.126043388 -0.288744950 -0.061362065 -2.019568157 -0.119904403 0.547894274 -0.867077271 -1.698554023 1.991531432 -1.820953919 -2.210814540 -0.194262895 0.591891288 0.325202480 0.110693522 -0.092429917 -0.515794987 0.016046398 1.714150399
2.767445301 -31.359461013 0.218634525 -0.813475072 0.089047499 -0.149686638 -0.554907885 1.456579196 -0.221865432 -0.729996311 0.394338890 0.902604355 -1.150503105 0.086375752 2.086280990 -0.702790630 -0.408107971 0.826068881 1.345028319 1.536537762 0.013344944 2.180004081 0.373378755 -1.618121875 -1.468715700 -0.856890708 -0.859518770
-3.403503518 -34.027570049 10.686747030 -0.045536598 -0.440348856 -0.288580489 0.848964431 -2.668687221 0.328611307 -0.695534566 -0.082581021 -1.230883979 0.370015355 1.205595207 -0.727725036 -0.465610260 0.560641430 1.777500212 -1.605981854 0.413658550 0.206362440 -0.010649007 -0.745648019 1.729777423 -1.170971282 0.474257062 0.230037301
-2.134955816 -27.140961697 5.792584229 -0.339272660 -0.571421943 -0.231024224 0.710632699 0.448052631 0.609290745 -0.401969946 -2.419771535 -0.167048221 -0.198029104 -1.964134398 0.376212054 -0.431604567 0.257606905 -0.936973067 -1.986715990 -0.052098522 1.669333012 0.142516704 -0.158614339 -0.886043019 -1.204689062 -0.375124779 -1.056752944
-8.620100696 -26.325183399 7.085590114 -0.188476423 -0.775539784 0.593005437 0.106579703 0.101764005 0.615531278 0.720087889 -1.865688854 0.289572810 -2.205256237 -1.275641036 -0.513258253 0.497458645 -1.151692297 -0.651823831 1.170576551 -0.050732076 0.106653020 -0.334256663 1.317975218 1.153097707 -0.009064911 1.036973862 0.583236998
-6.493407208 -39.645711764 7.563538172 0.587273364 0.142632868 0.012985758 -0.796616113 0.567204683 -0.819674082 -0.844270054 0.275469849 1.439221432 -0.868367097 1.235124803 0.165755625 0.971770092 0.788113895 -0.230049005 0.256891386 -1.692544387 -1.239738435 0.346189347 0.001352602 -0.052065265 -1.797473286 0.341163288 -0.282787072
-10.841348275 -28.325234306 1.523048786 0.977306228 -0.186945342 -0.098683715 0.013619880 -1.563993152 -0.540532868 0.192046124 0.395809206 1.022322340 1.647614770 1.945563689 1.366543010 0.460080183 1.056021991 -1.427853514 0.873069281 0.013357525 0.033451884 0.135167382 -1.322324908 0.270910000 0.419992085 0.155285936 -1.258079913
-7.243558241 -32.596097818 9.594126763 -0.359572760 -0.573329731 -0.501823414 -0.538677742 -1.206638362 0.188030498 0.275704309 0.538483755 0.079833341 -1.294483196 -0.160810796 -1.542772885 1.636475495 -1.174519868 -1.555517513 1.111756710 -0.604233897 2.136803532 -0.609924244 -0.601826594 0.734230919 0.012067737 -0.920321042 -2.457634630
-3.260721000 -39.468301979 11.213619638 -0.160238756 -0.275815600 -0.030362707 -0.947273668 2.093411597 1.536101083 -0.393207588 0.560356120 1.565472721 1.192921404 0.604437657 -2.079522479 -0.844025471 0.206382343 1.575950441 1.369485606 0.782732688 -1.146355029 -0.120059197 0.685272142 -0.394289274 -0.006650057 -1.762706096 -0.144062359
-2.062594699 -32.246408295 12.384699357 0.598068756 0.367394369 0.392936748 0.594084045 -0.042535575 0.701544895 0.550648123 1.864345572 0.348781230 -1.036075612 -0.240159613 0.744385136 -1.596616483 -0.591346760 -1.239169839 0.078274244 -1.078389920 -0.583656040 0.062100009 0.239666820 0.103775865 -0.914893934 0.340054394 1.227591982
3.395214582 -28.270196798 2.688128342 0.436246199 -0.323810052 -0.837347327 -0.060710447 1.511258908 0.310964879 1.358364240 0.457635599 -1.126658784 1.416442399 -1.955177796 -0.322723130 1.067732463 1.869787698 0.027385662 0.169314812 0.869265894 1.108502090 0.303834625 -0.765646707 0.780930323 0.023626057 -0.193537570 -0.700641809
-0.443350009 -27.512807279 -2.576089881 -0.380863490 0.714933534 -0.446986982 -0.379493980 0.689167129 0.312241600 0.452218229 0.600421355 0.924325208 -0.179373663 -2.438801148 0.523649558 -0.991235737 1.077347481 -0.359948872 -0.096077851 0.084960184 -1.379923126 0.691071368 -0.519098726 0.600219305 0.418629463 0.132453813 -0.383827107
2.366619850 -31.592514326 0.376707840 0.047864330 -0.009758328 -0.421019619 0.905735205 0.646759474 -0.175573735 -0.963274669 0.500023795 1.111510669 0.273636798 -0.250392833 -1.232444320 -0.096541333 -1.437213224 -0.125840979 -0.245769097 -1.656799044 0.952100170 -0.358276280 0.986079127 0.204590375 0.128269126 -0.698087340 0.544204303
-9.188632723 -34.014778082 4.012257755 -0.276298943 0.806365840 -0.313520337 0.418494952 1.307786662 0.166409437 0.178693231 -0.234864094 -1.188644094 -1.404411909 0.990404599 0.842018310 0.023344724 -0.767685967 -0.017089427 2.872631132 0.466759019 0.107064120 -0.379474478 -0.658656479 0.191564199 2.122886210 -0.483442458 -1.223101846
-4.330720167 -24.753568990 4.011604044 0.940788439 0.233733185 -0.000545622 -0.245531290 -0.389218315 0.035704402 -0.554617420 -2.389053394 -1.104530422 -2.042672019 -0.524454779 -0.371208795 1.525705293 0.135510350 0.187709815 -0.127273683 -0.616343313 1.247891191 0.034545925 -0.524024511 0.429483803 1.012554527 -0.128115780 1.663865179
-7.992054001 -29.378880332 2.127000409 -0.726535444 -0.228429331 -0.646906928 0.038441071 0.031199425 1.532855104 -0.720063079 0.328210599 0.229205562 0.009620818 0.545216779 0.924649434 -0.943283447 0.262138491 0.197928322 0.709742201 -0.154636995 -1.893939790 0.293284507 0.612660233 1.005231127 0.929101240 1.113410595 0.466741149
-10.349374947 -28.586796643 1.316348405 0.555049086 -0.307603180 0.143851801 -0.759346729 -0.143710794 -0.257543956 -0.298081194 -0.434133515 -1.195271266 -0.368974938 1.386081597 1.006900976 -1.053756203 0.691819831 2.031301424 -0.998300214 -2.027857635 1.006049377 -1.110193712 1.204099809 -0.536008149 -0.448641415 2.104252990 1.661365345
-9.543101379 -29.524248669 5.896073851 -0.204330231 -0.914866896 -0.347845201 0.016475293 -0.648608847 -0.585565114 -1.120974489 -0.799500599 -1.899931149 -1.693516250 -0.779129589 -0.684085230 0.230072066 -0.526139212 0.672638756 -1.000175966 1.078882919 -1.079850873 2.170482544 -0.348485065 -0.354508402 -0.996722776 -0.955837303 0.492276164
-1.600757767 -29.476692999 11.548538218 -0.065027556 0.931236863 0.358321312 0.013234754 0.273917279 0.034763081 -0.383258164 -0.320167483 -0.185458026 -0.055611484 -0.534536553 -0.101361101 -1.160605305 -0.419165771 0.387589493 0.072083802 0.504691738 0.656347744 -0.368885462 -1.007277344 1.572325492 -1.063522595 -1.534707840 -1.303791552
-4.687483286 -38.883105658 5.709517925 0.031188568 0.171115704 -0.013047265 0.984670736 -1.256317859 0.661188702 0.892652859 0.163499821 -0.054774768 0.449278377 -0.101320935 0.525845478 1.007339474 0.543552435 0.949278305 0.120627988 0.278393835 0.780789812 -2.013798464 0.442009416 -0.548080830 0.892772436 0.582542000 -1.066231717
-5.944049125 -34.236784904 7.077941312 -0.223589931 -0.960518485 0.105605915 0.127511461 1.032375067 1.429949965 -0.402365624 0.841150072 0.152957572 -0.482047936 -1.102034474 -0.201116692 -0.166948285 -0.403387731 0.125991769 -0.238546179 0.129016978 0.525870452 0.077137241 -1.185769859 -0.350680968 1.033940027 1.609802455 -1.073888094
-9.659109943 -31.457421926 11.468742036 -0.770213219 -0.074644413 -0.591046374 0.227736675 2.315328622 -1.106950650 -1.908670106 -0.783889188 -0.846148073 -0.520796414 -0.275806675 1.003086443 -0.450259358 -0.090454532 1.664811630 -1.529766235 -0.350976113 2.499019722 0.598182578 -0.162913673 0.398206597 -0.015834516 0.047116086 -0.148201398
-0.269331038 -27.018537096 -1.628835135 -0.409964597 -0.723782231 -0.069636272 0.550653340 1.437331171 -0.363680963 -0.969759975 1.805545567 -1.426522311 -0.467367428 -1.473436071 1.335938738 0.356125824 -1.512783796 1.330421853 1.399357949 1.069820281 -0.316370706 -0.179934987 -1.270017132 -0.234302604 -0.427328036 0.879296107 0.562311221
-8.100321991 -39.424057481 3.704168224 0.200107650 -0.206300090 -0.726296297 -0.624412435 -1.934120920 -1.069934244 -1.216080236 0.642773068 0.023017078 0.382966564 -0.111196674 0.268665139 1.339499095 0.247356016 -1.065510872 0.848210428 -1.552175710 -0.033934440 0.503117018 -0.726599725 -0.880587592 -0.273918549 -0.009285833 1.439166338
-2.937416393 -38.203500401 9.477078145 -0.303639425 -0.649554647 -0.648809690 0.254809433 0.158859855 -0.837212963 0.390823238 0.715521263 1.423415637 -0.331148618 0.004422669 1.302372364 -1.489875362 2.411596836 1.399398620 -0.253650189 -1.223567045 0.377294362 1.549218247 -0.186080076 0.355243308 -0.171861027 0.378401824 -2.372652073
4.135445945 -36.664279653 3.464649095 0.583250166 -0.578654763 -0.308892442 -0.479127716 0.596110073 0.193780963 -0.560022997 -0.325710496 0.274949532 0.586171722 -0.231731655 0.074504438 -0.581764452 0.926002269 -2.752307592 1.524222193 0.277489846 -0.537470783 1.096034827 -1.727385732 2.058331632 0.195282801 -1.557144409 0.497465525
-9.500346438 -38.460738138 2.028418157 -0.580644226 0.046519076 -0.654568559 -0.481900675 1.078352294 -0.917212474 -1.306736023 -0.611936291 -0.743387127 0.593109356 -0.588516682 1.028490486 0.148263285 -0.222342611 0.900437460 -0.670465526 0.989878924 0.088022253 -1.325489930 0.495086268 0.703630245 -0.851662358 -0.110849611 1.492223641
-7.352186053 -31.983994657 13.704990205 0.601678291 0.011632390 -0.792519795 0.098794212 0.050543526 1.267155899 0.043248862 -0.932549332 -1.341402141 1.828552288 0.872383204 -0.795584336 1.538389907 -0.225742380 0.290980958 -1.859590049 1.824271047 -0.138215531 0.694095046 -0.489626861 -1.462831002 -0.685713846 -0.053886641 -1.551662243
-1.491036132 -36.318908620 -2.930826838 -0.860722640 0.037274026 0.168948558 -0.478772983 1.485606376 0.735747780 0.910414661 -0.635297020 0.095219764 0.458258762 -0.150278760 1.846965133 -1.759815789 0.705697536 0.609073662 0.468849807 1.111143263 -1.713106987 -0.167810597 1.728676891 0.078436529 1.981867671 -0.684516813 -0.431268866
-1.883098004 -25.761619578 1.208604801 0.968399943 -0.226253604 0.090355564 -0.053354745 1.194200533 1.119517296 -0.267501784 -0.613899356 0.295915105 -1.152366219 -0.910801192 0.744939512 -0.235635594 0.394005013 0.591124544 0.640086288 0.276392888 -2.010947826 -0.406235626 2.306677359 -2.295545841 -0.795290104 0.171864052 -1.829975124
-2.996159935 -24.406766612 4.798172023 0.689335185 0.032212832 -0.008953898 0.723670619 0.652616398 0.532379963 0.793240254 1.637573208 -0.310465550 -0.744107994 -0.425079617 0.213305402 -0.796371209 0.062471891 -2.124833949 0.875573189 0.742567692 0.010689224 -1.793471526 -0.046858219 -0.287481137 0.477542035 0.295655792 1.113720460
-8.575940006 -26.432468823 4.932498343 -0.803184387 0.164199718 -0.405700078 0.404154352 -0.996089015 -0.272225922 -0.281158447 -1.400099649 -0.328846459 -1.281181025 0.205148796 1.243397635 -0.342154458 -0.316469172 -0.146791276 -0.240768377 0.770329025 1.002951618 -0.723109268 0.313336079 0.901619751 -0.762765083 -0.636337110 3.180971331
-3.088203955 -35.416357189 5.117941439 0.769158643 -0.450694559 -0.413921146 -0.184224539 0.395829573 -0.631778728 -0.944220260 -1.545682092 0.501845022 -0.312451988 -0.404702747 -1.673556149 -1.386504245 -0.271917713 0.257972775 0.859350451 -0.895412559 -0.633874613 0.770216876 -0.386512964 -1.550730749 0.431855213 1.232445091 -1.835749626
-7.492640144 -30.988139933 3.894787117 0.257537835 0.518496542 -0.712802092 0.395915113 0.359039081 1.708164191 0.429484733 0.793860361 2.280513980 0.563508209 -0.888428197 1.176539180 -0.894203961 -0.569116318 -1.349481124 1.538374319 0.520870637 -0.817170548 -1.530964951 -0.982889294 0.991928770 -0.329767048 -0.814315239 -0.867833448
-11.373037780 -29.436552935 8.560192190 -0.798351428 -0.226048297 -0.555117741 -0.058150311 -1.078390360 -0.643187226 0.551830231 0.437458434 1.807674773 -0.168861914 0.960242141 0.791626896 -0.165783339 0.018383341 -0.094618708 0.120480365 -1.713513345 0.311113422 0.952488540 -1.061682301 0.204850984 -0.777670594 1.289843957 0.988928454
-3.701439847 -32.591120429 -5.493899977 0.123548238 0.571383128 0.567125556 -0.580194586 0.355938625 0.307765465 0.264242163 0.720249471 0.374815807 -1.840230957 -1.932952083 -0.913744567 -0.548479481 -0.920397062 -0.345513277 -0.753630800 0.171685406 -0.594463528 -2.477109056 -1.307999068 -1.026790394 0.347990525 -0.566222027 -0.309163237
-5.706751183 -31.881909846 7.102653150 -0.581443027 -0.783813146 -0.189267108 0.108346297 -1.825367899 -0.392931431 1.554452268 0.212422219 -0.662003341 1.256542212 -0.524814822 -1.599184003 -1.201553964 2.117771774 -0.573100289 -0.026741691 0.288377941 0.020856932 0.333467306 0.061354400 1.278531612 0.565169042 1.309216987 1.136365565
1.791611013 -37.567954825 -2.511285381 -0.446752467 0.479846169 -0.753196043 -0.053437891 0.626867102 1.303921129 -1.391493712 -1.315591986 2.463658817 -1.415060171 -0.686186363 0.846370409 1.935299548 0.154786660 -1.683518399 0.975612157 1.248583788 -0.221584687 0.545893396 -0.416906289 -1.193233498 0.582993963 -0.896948878 0.331725125
-5.801148788 -35.398531090 -5.023781235 0.414876130 0.107667857 0.018054958 -0.903304737 0.036030593 -1.128726474 -0.058993557 0.009454995 0.464486547 1.764933234 0.756388083 1.356365253 -0.117080453 0.823789821 0.744378386 -0.329512120 0.873710325 1.838421102 0.185976078 0.633714254 -0.503396610 -0.216494652 -0.640509242 -0.105915774
5.189990108 -36.681939122 2.044410411 -0.793282506 0.222709261 -0.263912952 -0.501451298 -0.808066317 1.104629323 -2.002737203 -1.877036100 0.136964522 -0.889339075 0.959384629 -1.319269592 0.563548471 -0.578055087 1.665419514 -1.158418432 2.615850911 -0.729614990 0.268796193 -0.095206238 -0.517145827 1.004745569 0.800643259 0.688874170
-4.800934902 -32.408778678 9.978233251 0.363737342 -0.312334132 -0.513615383 -0.711576964 0.258747058 -1.037337996 -0.560989971 -0.216327793 -0.331484565 -1.297603739 0.014602971 -0.481216948 0.203284885 0.166018267 0.586540459 -0.770912897 0.242374030 -0.177589570 0.222465773 1.668775666 -1.454543484 -1.011549930 -0.566288542 -0.099836865
-2.829914055 -25.396731304 5.472067763 -0.021383890 -0.168623438 0.944108234 0.282433192 0.852052447 0.327550874 -1.258640189 -1.211170776 1.462120791 -0.152245756 1.570459986 2.708494161 -1.137781952 -0.445965085 0.235251310 1.212272694 0.464926264 0.625791057 0.367665627 0.313676167 -1.372830973 0.366812667 -0.188061859 1.409434362
4.736021621 -35.104787015 8.214227153 -0.729937711 0.652964736 0.179909859 -0.091980615 0.014524126 -2.079969473 1.529886783 -0.001202555 -0.905330836 -1.540877149 -0.430858120 -2.287226763 -0.134545250 0.033966376 2.935719797 -1.134765354 0.156017684 -0.568185986 0.173543172 -2.972496966 1.096251950 0.466563369 -0.717518152 1.506054294
2.779574227 -26.505109180 2.177301454 -0.156345358 0.296502548 0.469718023 -0.816705177 -0.189909701 1.002829309 1.305373499 1.099127648 2.078961874 1.803791824 0.242026859 -1.192407659 -0.750554487 1.501760289 0.868246855 0.420134150 0.371969539 -1.308018660 0.636768126 0.869732504 -1.236722275 -1.732076604 0.094162877 0.335447726
-7.847010189 -39.745871863 -0.105508083 -0.219560384 -0.175734372 -0.455795686 -0.844488579 -0.729718156 -0.438256110 0.086665454 -2.285370390 0.531876275 -0.808579783 -1.560810144 0.081578143 0.214841075 0.260936766 -0.669032392 -0.636800606 0.151200032 -1.145781376 -1.064894311 0.198313599 -0.846752566 -0.133080828 -0.190794078 -0.265014296
-7.631491909 -40.829457925 6.344216249 0.466186748 -0.762651116 -0.446548266 0.040346468 -0.042679372 -0.942995293 2.228675784 0.534184812 1.654018350 1.058505889 -1.821319958 -0.653971543 1.376367225 -1.144477085 -1.161228993 1.461778628 1.068522496 -0.006719180 -0.991225346 0.961705865 -0.420618465 -2.622344763 -1.341050944 1.051182791
-0.521489983 -24.900382078 8.061708924 -0.126826953 0.692030530 -0.664162128 -0.252779227 -0.176866987 0.855536224 1.053159838 0.963595338 0.571211105 -1.722690267 -0.924816909 1.064834707 -1.031208868 -1.280209943 1.646154564 0.930421487 -0.786636959 -0.710016647 -1.552870277 1.346689119 -1.840224515 0.594427085 0.467111683 0.096753386
-0.412962835 -23.796643942 3.934473670 0.108569857 0.712838066 -0.110402608 0.684021741 -0.107354784 -0.714766391 -0.820930802 -0.718718562 0.357902868 -0.682419533 1.055302090 1.766804774 -0.598850441 -0.200660969 -1.823356364 2.949818624 -1.511475326 0.413541730 -0.287704054 -0.210096231 1.196243346 0.344485801 -0.005087892 0.204448601
1.090301954 -31.355262559 9.119913465 -0.422838836 0.169101644 0.831057123 -0.319305515 1.360158842 -0.651252847 -0.623424622 1.470530031 -1.982394412 -1.151677458 0.329676582 2.182954881 0.185477329 1.504275216 1.435385596 -0.115050914 -0.372937350 1.309660175 0.057654083 0.577185323 -0.052477072 -0.153596782 -0.025393856 0.946784226
-1.345649605 -35.368250500 4.823080444 -0.007354169 -0.563699875 -0.377734948 -0.734509821 0.033332320 -0.596288654 -0.108107987 -0.500220357 -0.003828440 0.805860312 1.104423645 0.378275593 0.922786451 0.520473614 -0.038737261 -0.982327266 0.346872454 -1.244866345 1.096131511 0.750360791 0.507979065 -0.959588193 -0.529308330 -0.791038423
-11.056271704 -30.914874521 10.471110213 -0.989781963 -0.109581166 0.050940423 0.075688226 -0.232463607 -1.377721109 0.383611100 0.016732912 0.368006988 1.938627765 -1.258588445 -0.369511356 -0.757547863 0.215536565 0.204197775 1.290678383 0.218707582 0.622922575 2.275353702 0.070895248 -1.389221206 -0.581283531 -0.050620821 -2.026890394
-7.838016569 -33.742171215 3.343548040 0.452945367 0.607113246 0.032376117 0.652078054 -2.039489606 -0.875591939 0.130370332 -0.946060606 0.859884653 0.087799654 0.861747827 -1.356178673 1.086250350 -1.898140801 0.378752342 -0.454066243 -1.378289093 -0.555759214 -1.104840816 -1.993351578 0.129628654 0.637904559 -0.994067776 0.525052011
-1.314487496 -27.576679273 9.065299179 0.727945237 0.172568754 0.526464041 -0.403920006 1.414926978 1.935211502 0.268955586 0.479456769 2.397799727 0.424444047 -0.630790145 -1.571481659 -0.977435261 2.603837510 0.140942376 -0.794099971 -0.054575426 0.847053712 0.387727414 1.068055148 0.402065596 -0.758255726 -0.974317159 1.531098786
-7.294239173 -26.625947886 8.984487112 -0.757301252 -0.542253739 0.360668894 0.048720072 0.230556837 -0.092853494 -1.001720922 1.819387465 -0.994587877 -0.337418389 -0.464194081 0.032306952 1.475615036 1.421783911 -0.029228407 0.682295275 1.314761332 1.131579715 -0.829110122 0.903823369 -0.726757822 -0.757511804 1.163587356 0.634909730
-7.744899049 -32.738766046 7.676903803 -0.383553358 -0.459249018 -0.801227569 -0.003397572 0.137391841 2.096436211 -0.933780864 0.555021743 -0.138560568 -0.869383376 1.517182326 -0.759755482 -0.184408610 0.091742641 0.625589755 1.952272913 -0.153042888 -1.871816472 -2.018471517 -1.029308178 -0.724031120 0.029653999 -0.125707977 -1.236347728
-11.710363579 -35.329192368 4.590347927 0.116143286 -0.090553201 0.205822049 0.967444127 -1.005689084 -0.134157190 0.022599268 -0.349124582 1.519962838 0.105705021 -0.234386006 0.298039306 1.557762514 -0.356126218 0.381561290 -0.163091440 -2.507783873 0.722148120 -1.981271213 1.067931145 -0.814877309 1.745084310 0.485290188 -1.448090906
0.633835066 -38.237289346 -0.143524299 0.819486337 0.556068709 0.045202099 0.131097312 -0.542923046 0.352503052 -1.232923766 0.863054206 0.580720382 0.335424044 0.427509019 0.184037983 -0.733316638 -2.153124125 -0.600840151 -0.758656193 0.557995139 -0.906172089 0.271063233 -1.676304844 0.481403047 0.040265541 0.168592087 -0.978957043
-0.716702783 -38.722995629 1.445016957 0.895719776 0.052919632 -0.222776120 -0.381125172 0.140531778 0.818801419 -0.827581429 -0.902206325 -0.512447667 -0.593732860 -1.189532260 0.071799340 -0.322331205 -1.485586759 -1.886687052 -0.421736215 0.848808742 0.024063561 -1.323139290 -0.783427498 -0.052614037 0.801830346 -0.469426973 -0.048849605
-1.889670631 -29.875045857 5.299028941 -0.069320980 0.408406071 -0.013917372 0.910057905 1.124561893 0.353312956 -0.949449655 -0.944921354 0.800971979 1.453988995 1.503719709 -1.033373077 1.781063117 1.232577276 2.577875310 -1.258100194 -0.245417989 -0.128400837 1.501622625 0.164183840 -1.826373095 1.263097772 -0.373682840 0.726444089
2.324336162 -28.820994204 9.018430882 0.304258617 0.747322353 -0.001330319 0.590706547 -0.979961189 -0.596326721 -0.458563625 -0.953838208 -0.005481900 0.286863046 -1.827043055 -1.887388144 -0.974563947 1.032556081 1.137188121 0.050425100 -0.160337072 -0.539916679 -0.056699832 -1.507378506 -0.161051194 -1.584132057 -0.078651226 -0.714095536
-4.974662648 -36.337209598 7.688202873 0.078441897 0.500790485 0.316625452 -0.801750636 -0.968430749 1.110548575 -1.491270797 1.386426088 -0.247439856 -0.000460348 0.566848069 1.988070538 1.000626290 0.704283165 0.269966817 1.275321941 0.933591974 -1.349476162 -0.950609543 -1.499214378 0.629049793 1.457525051 0.221365614 -2.320992599
1.754009239 -31.008018698 0.749431440 0.261924210 -0.745721727 0.611450013 -0.037731885 0.219053817 0.507912218 -1.365727234 -0.226705170 -1.791410946 1.510978053 -0.528314556 -0.819309451 0.021917101 0.125885800 -0.131462382 0.933285659 -0.358036035 -1.503480501 0.902679003 -0.846427920 0.488290268 -1.320750774 0.307126264 0.132775858
-5.740887531 -41.526780723 8.291232439 -0.487634054 -0.096845448 0.431318178 0.752860291 0.172508312 1.086326913 1.699601861 -1.376774271 -1.438455103 0.380251304 -1.074984550 1.598456184 0.565679714 0.494556262 -1.022462261 2.390743849 -0.577132998 -0.592130602 1.338510736 0.429924273 -0.451750236 -0.553767673 0.297278177 -0.205910581
-0.820886912 -26.717138377 3.136753318 -0.392025334 -0.000366691 -0.608231950 0.690195551 0.154198622 1.801621927 0.616159926 0.232775353 -1.500401325 -0.363155636 0.598088625 0.306075211 0.179748864 -0.521558431 0.520977299 1.333020290 -0.039710220 -2.096526050 -0.443454346 -0.516369763 0.580622028 -0.303124703 -1.001905076 -0.596490853
-4.352607589 -39.847827750 3.316722106 -0.618922311 -0.353730726 -0.684813155 0.151131366 -0.367335267 -1.172381053 0.525097957 0.225245635 -0.354945927 2.560383621 0.102420725 0.667174551 1.593648294 0.162014630 -0.307581873 1.160706704 -0.066854132 0.248072305 -0.793476855 -0.633927029 -0.353442283 -1.307750887 0.267170943 -0.374698064
