2.994905431 -41.981707991 1.906266097 0.955111453 -0.124434732 -0.238229684 -0.124598262 0.374586837 -1.075415788 -1.162090511 -0.136341482 -0.564567332 0.236026897 0.896818347 1.564321346 2.680492865 0.060724977 0.903039459 1.721847013 -1.171780136 -1.652443127 -1.079410058 -0.185510589 -0.859476441 -0.262190125 -0.055117975 -0.024449375
5.131463050 -37.054930415 2.715982729 -0.672238896 0.092032940 -0.713658545 -0.174115724 1.748118745 -0.422034019 1.207795606 -0.610598072 0.129335739 2.093991006 -0.565882604 -1.502496973 -0.399109082 -0.306396325 -1.321915154 -1.002209090 -0.829719805 -1.790908830 0.727685250 -1.437618106 0.828170983 0.298966749 -0.238793990 0.021226208
0.375320884 -36.645306371 -1.281673128 0.517005114 -0.288201225 -0.216426754 -0.776405324 0.065783745 -0.017567354 0.348428989 1.011611108 0.878674454 -0.044958748 1.588828346 -0.335609207 -0.992905650 1.962179786 -0.453426059 1.574519146 1.291654101 0.093977606 0.714743846 -0.871701954 -1.021889025 0.167344515 1.311417504 -0.495275674
5.909432154 -36.023070687 1.773336575 0.762987819 0.467691479 -0.037538674 -0.444640435 1.537352437 -0.071089906 1.363265404 1.189959116 -1.998463868 -0.271728810 0.993705320 1.464011813 -0.089081714 -0.431040283 -0.482333607 1.817172879 0.126288436 1.470430786 -0.289576256 -0.681514018 -1.134430348 1.188466793 0.641011648 0.098104515
-6.673969089 -28.934043013 1.851210108 -0.224269834 0.782344918 -0.451075963 -0.366292159 2.189686429 -1.514886887 0.300717203 1.008525231 0.551586552 -0.190842101 0.900613425 -0.469652868 0.952075230 0.022618051 0.713402938 0.963307906 0.180329619 -1.335945570 -1.473158797 2.363399844 -0.875212140 1.262086313 -1.066184931 0.131265955
6.658713619 -31.381075991 5.600868779 -0.350330725 -0.836928977 0.375706721 0.188845784 -0.700423269 -0.171457944 -0.077995227 1.006647715 -0.673816191 -0.536820279 -1.065934423 -1.078184232 1.369776182 0.506692461 1.473870746 -2.039924626 -0.276421117 -0.346843792 -0.144484798 0.138015357 -0.006535720 0.604893690 -1.460116309 1.779625688
-7.168564130 -34.447686823 3.386536389 0.765695856 -0.262536639 0.550539379 0.204183157 -0.130128316 1.942280832 -1.013233060 -0.080647798 -1.242740332 -1.298743700 1.058570916 0.687792674 -0.821277594 -1.018151610 -0.608603865 1.396908950 0.235116396 0.237325396 2.917398312 -0.211989890 -1.127474141 1.825834930 -0.582085065 -1.186631033
-4.829446177 -33.454597983 4.588808153 0.095375927 0.119884103 0.822075442 -0.548382350 0.553280228 2.269880981 0.829216612 -0.242302250 -2.298598772 0.285916272 0.204274835 1.746427298 0.770825407 0.759569292 0.577636991 0.382482234 0.563113187 0.499385183 -0.216851998 0.627901970 -0.528444818 -0.953751996 -0.067265901 0.358166905
-4.475423849 -39.132612584 9.326457318 -0.741995632 0.380138414 -0.548421514 0.064584138 -1.176985418 -0.869590028 0.434647863 0.605149378 -0.666616026 1.286335732 -0.625337560 0.484105963 0.467298059 0.450577814 0.166011763 1.110096173 0.536137812 -1.735113350 -1.189569126 -1.201996058 1.014481612 -0.811021264 0.883097674 -0.931632669
-0.228872675 -44.695026807 4.440739165 0.516727223 0.664050379 0.539553884 0.030194008 0.139062045 -0.222502703 0.542885768 1.032993549 -0.947056593 0.671531608 -0.051965087 1.197039228 -1.007692524 -1.693220335 -0.672392577 -0.666985172 -0.847167586 2.036133441 1.290038305 -0.124657822 0.765804717 -1.419017445 0.707534920 1.077736096
4.116555000 -31.829816970 -1.769046667 -0.326620136 -0.376264168 -0.753737076 0.428514858 -1.891555792 2.030808031 -1.086511032 1.664724988 -1.579262081 0.557398501 -0.680400218 -0.860885188 2.231856587 -1.158252278 -1.077422249 -0.876632567 0.328641136 -0.439700688 0.529828873 0.954197303 -0.410203214 -0.287784031 0.098864630 -0.022242783
-7.528130356 -35.669335231 0.719006221 0.271020231 0.201836709 0.074711939 0.938204724 0.479700245 1.408040607 0.139651586 -0.672944826 0.467898129 1.657854034 -0.865924162 0.456964443 -0.250412823 0.242292057 -0.557783074 -0.005264303 -0.672940751 0.639295765 -1.373769899 0.301053934 -0.445945102 1.228808844 -1.039419995 0.559812008
-5.156506608 -41.894384458 -2.341607627 0.443887813 -0.446726231 0.264083374 0.730519853 -0.269164370 1.108771693 -1.729948982 -0.378279028 -0.386468545 1.359410216 -1.117077925 0.002089386 -0.631327649 0.628383254 -1.070690750 -0.230338921 -0.657726679 -1.523653460 -0.750222624 0.451284647 0.915483919 -0.889568168 0.653980224 0.642265373
-7.195789003 -35.148243657 -5.480094091 -0.185457713 0.117144517 -0.909741844 -0.352494504 0.921324616 1.327051250 -0.336389546 0.046841809 2.044404169 0.562816577 -1.112973462 0.868961037 -0.570406205 -1.854871750 1.731176213 -0.977297873 -1.720793716 0.805934722 0.021899542 0.702523598 -0.628655154 1.302328627 -1.228076531 0.966828378
-0.438979758 -36.465241476 -1.847323783 0.158307358 0.073133759 0.978560427 -0.109588890 -0.972245922 -1.546186738 0.831137104 1.878286118 -1.982597998 1.102379010 -0.938555292 2.602157996 -0.660250511 -1.368613540 -0.432366550 0.125169734 -0.084121525 0.377424057 0.125281385 -1.501760945 0.305455229 0.637658854 -2.300169411 -1.194221795
3.779500894 -33.015246020 7.044665137 -0.831229547 -0.276678193 0.441175779 -0.194603572 -0.427314813 -0.023619113 -0.393819295 -0.227095430 -1.257798630 0.624928111 0.999448094 0.827230060 -1.002288589 0.327778985 0.549852176 -0.631941428 2.660729611 1.275624928 -2.253542688 0.795492391 -0.521614902 -2.889461807 -0.989418811 -0.227031134
3.776143842 -35.496497666 -1.748603608 0.769996770 0.492300548 0.136356333 0.382298438 -0.336296549 1.166248186 -1.989739810 0.635656615 0.567676147 0.792759852 -1.243959994 -0.544242064 0.802149775 0.916272970 -0.871846777 -0.639973181 1.112380718 2.437407859 -0.934606346 1.350721379 -1.046711375 1.146756208 1.652723970 -1.067643460
-8.864623848 -34.144807751 6.066251354 -0.172580496 -0.394436258 0.839606082 -0.331206337 -0.947879461 0.967090072 1.000916117 1.133807423 0.629418518 0.564292356 0.664613915 0.134625024 0.182849825 1.267250163 1.251745551 -2.045252779 -0.506490008 2.067082604 0.888479386 1.008927931 -0.409662337 -0.095432320 1.572696866 -0.850896863
4.820151377 -37.361925639 -4.613924728 -0.785595730 0.251022287 0.320263010 -0.466110249 -0.116493941 -0.068828601 -0.684182391 0.336221647 -2.297492458 -0.782830345 -1.234858513 0.501132155 0.387733085 -0.666794986 -0.624998193 -0.145131529 -0.228552047 -3.124495032 0.946402343 0.534713166 1.744124726 -0.240611164 1.650013985 -0.409669195
4.807272362 -34.627277834 2.996430135 -0.353232159 -0.196601558 0.596452247 0.693411556 0.737479750 1.169629696 1.299887778 -0.552125132 -0.296379251 -0.284919558 -0.182228474 0.914537753 -0.501769825 0.182125826 -0.873188228 0.928578083 -1.301587535 1.887020393 -0.599331425 -0.272043221 -2.347879422 0.200070834 -0.232356164 -1.642051568
0.250901646 -29.381198568 -2.017298782 -0.548031039 -0.230631739 0.748815743 0.292824119 0.000687505 0.968191199 -2.082223656 0.560643965 -1.049995037 0.952917151 0.156072049 0.462577735 1.177905993 -0.842860060 0.175938528 0.581094095 2.068100869 -0.907548153 1.507941670 -0.014901861 -0.767052027 -0.212896998 -0.509605356 -0.480419937
-2.245555201 -37.526941763 -3.791489303 -0.736281631 -0.564515188 0.345029226 0.142009842 1.043090490 0.401684069 -0.822478930 -0.650606221 1.990423493 1.052547291 -0.349242365 0.147004333 0.055448707 -0.349729307 1.166420356 0.624128996 1.281255731 1.015287637 0.325680594 -0.936798464 -1.440056520 1.402626080 0.613757077 0.418772768
-4.106922334 -32.488329709 1.722004430 -0.549098176 -0.567909699 -0.521393104 -0.322674755 -1.724836520 0.635088191 0.789706401 -1.282460725 0.730860046 -0.337755379 0.250811405 -0.585304164 -0.098906492 -0.448342371 0.481649068 -0.597970689 0.879926661 -2.754686417 0.240349652 -1.043513551 0.011575190 -0.652534935 0.304334398 -0.281527747
-1.071680201 -36.342789287 -2.691884141 0.472593243 0.683343562 0.547276590 -0.100923417 -0.889588820 -1.194640728 0.648673989 1.081641670 0.807062851 1.781409888 -0.556579522 1.321993173 -0.131168818 2.264089731 -2.499249225 -0.789320826 2.365725586 1.423880488 -0.944123176 0.929626544 0.274938095 0.141457289 1.237909465 0.328386146
-6.904709772 -28.934074207 -1.703009443 0.318172226 0.209795631 0.881321642 0.279328465 -0.775984888 0.682324910 -0.767180864 -1.061939396 -0.391796244 -0.398199427 -0.137808506 -2.424501122 -0.507441303 1.076127247 -1.224874962 -0.265822618 -0.354595950 1.133434852 0.904000033 -0.617318390 -2.074196780 0.458806628 0.071702389 0.770984434
-8.046682643 -30.514035645 0.756910804 0.212454787 -0.969008453 -0.014652912 0.125183359 -0.453543648 0.484753752 -1.567115507 0.678256227 -1.849859866 0.155077927 -0.363426972 -0.902520560 1.461677074 2.147379396 1.007223076 1.127246577 -0.839399364 0.298837866 0.711065703 1.083297180 -0.851817855 2.917733534 -0.305921296 0.457260630
-1.208812022 -42.407309507 2.517524735 0.272936554 -0.159186318 0.948681233 -0.013010405 -0.309234738 0.424397190 0.011295802 -0.304167498 0.414578122 -1.100921010 -0.504627120 1.893342612 3.165806942 1.486947749 0.543348619 -1.777314699 1.902912039 0.367404826 -0.672146992 -0.476420357 0.445782863 -1.021702320 -1.000594996 0.573948377
1.660265330 -44.548976589 3.551648688 -0.634802165 0.558598865 -0.164727730 0.507797493 1.078883560 0.532001103 -0.383207163 1.018654569 -0.113079027 -2.185932280 0.905603458 0.529125273 0.423909323 -0.885218176 -1.615609436 -1.253026625 -1.550813383 0.002235973 -1.092693257 0.138426916 0.057833694 1.189680082 1.277938302 1.407956469
-2.023728648 -32.204254353 3.785187369 0.252250217 -0.628239627 0.606447802 -0.417020218 -0.650123710 1.352934655 -0.417006748 -0.063428587 -0.288795013 -0.422874589 -1.741596288 -0.238693432 0.622688633 0.198741362 -0.353744929 -0.152428185 1.035940118 0.367408978 -0.492629863 0.190743771 0.724743858 1.516063065 -0.250447681 -1.733903446
0.549539851 -40.842385529 9.247021202 -0.888004206 0.187926851 0.125292690 -0.400541846 0.858457655 -0.948228519 -0.208310236 -0.249758636 -0.724910886 -0.755843435 -0.189247477 0.002659063 0.108556167 -0.494662511 -0.841965974 -1.669713451 -0.530801492 0.128039394 -1.201920766 -1.128831743 2.324617472 1.074199022 0.490133813 0.441494492
-2.052285151 -34.050567900 2.032490787 0.636603576 0.706103799 -0.299209046 -0.081407974 -0.764545085 -1.676999472 1.754679745 1.678339158 -0.589846587 1.562170934 1.082086134 0.340157497 -0.279489183 -1.218958146 0.341616224 0.848138480 -1.259714577 0.450372054 -0.352907617 0.323200949 -1.109376476 0.332465687 0.144924929 0.289962398
7.555917720 -40.062907891 1.616821496 -0.072275225 0.920051705 0.094257024 0.373358761 -0.191086463 0.696798989 -2.201053542 1.704017135 -0.294589984 0.075349132 0.661996332 -0.224840423 0.450587978 1.118948127 -1.472576295 -0.430695196 -1.925945550 -0.028259725 -0.466846862 -0.811770729 -1.193271378 -0.354053310 -1.284581871 -0.945056560
3.776566333 -36.984548513 3.514272968 -0.260117694 0.536100729 0.493114807 0.633855331 0.111100862 -1.794878093 -0.396374068 -1.123999646 0.480812168 -1.569510386 -0.638236409 0.452516974 -0.315720891 -0.365363023 -1.470517638 -0.347201209 -2.190724120 -0.112115741 0.003361699 0.280380423 0.710986926 0.545566984 -0.007399168 -1.121214223
-6.213993283 -40.422494778 8.240944655 -0.898013825 0.097807855 -0.075618370 -0.422240044 -0.000271633 -0.628677432 -0.142806946 -1.242312277 0.466635506 1.177166148 0.712192346 -0.039547689 0.026263720 -0.346652244 0.369598823 0.207362730 1.162854762 -1.244123707 0.438518415 -0.026640050 -1.122110743 -0.191097953 -0.601806998 1.863208031
-5.906557450 -33.546961523 -0.636824370 -0.774768985 -0.228592506 -0.389927590 0.442080265 0.009950719 1.561101571 0.725051604 -0.543165588 0.086858240 -0.202101458 0.175888919 -0.787630816 -0.027310542 -0.578515812 1.018075551 0.024757558 1.214274519 -0.187462256 -0.730727190 0.486646011 -0.139111303 -0.480070058 0.820036012 -1.248314960
6.421284770 -40.894395788 -1.137244090 0.374114781 -0.215038597 0.652557633 -0.622868420 0.430991001 -0.127474271 -0.364352316 0.047891189 -0.096123386 0.233840292 0.990375910 -1.764329794 0.518335066 -0.860208095 -0.350071208 -0.210138747 0.984293822 0.811516505 0.273394641 -2.671105205 0.156516404 2.113634549 0.044556565 0.657663938
1.053662082 -27.560282748 6.380186620 -0.023284378 -0.111692402 0.861950150 0.493988446 0.045031337 0.188065507 -0.146507522 -0.955663316 0.891181118 -0.629238702 2.431567101 0.686894236 0.943910719 -0.137439530 -1.427842780 1.225200341 -0.069628143 -0.699881700 0.580064394 -0.444938465 -1.349427043 1.737377313 0.494759424 1.128210776
6.839574118 -40.493192429 3.439604773 0.383804373 0.180058459 -0.321317326 0.846775254 -0.152565807 1.137537603 1.326898415 1.592386014 -0.665825608 1.277278141 -0.747620902 1.099600272 1.513374706 0.281958175 -1.023772691 -0.369099566 1.759486255 -0.604638719 -1.071006724 0.135373190 1.575992218 -1.747783043 0.725588427 -0.474184325
-4.333486633 -40.211574490 2.515729875 -0.966047620 -0.165545466 0.015121947 0.197782761 1.749738333 0.296218903 -0.209782511 0.219005715 -0.916931799 0.238794092 0.216072223 0.349382478 -0.318812619 0.419189711 0.658470177 0.131654219 0.683828008 -0.651317495 -1.783658677 0.423098318 -0.213439559 0.340491000 1.311231887 -0.707884728
-0.020986355 -34.887159587 3.718723405 0.960010724 0.017744519 -0.091457752 -0.264007617 0.086100799 -0.943140529 0.041856645 -0.455399136 0.881623392 0.993163837 -1.993394055 1.124914231 0.727714154 -0.759320381 -1.408574381 -1.261820829 0.245961085 -0.142260553 -0.833252122 -0.620211375 2.575746951 1.722027527 -0.637121221 -1.125389019
-2.443587126 -29.191438057 -0.527303451 0.913278604 -0.132183781 -0.339052057 0.183011862 -0.527662903 1.422010992 -0.084501786 1.155446892 0.091560302 1.260297134 -0.655184064 0.111165889 -1.208473914 1.172231784 -0.394342893 -0.248084367 -0.560161882 0.011478884 -1.415531122 0.503249211 -0.221992816 1.471093794 -1.152656428 1.442470576
-2.808140729 -35.675953750 9.202714464 0.179013198 -0.849213701 -0.123875556 -0.481087530 -1.916926689 -0.989614987 -0.350959226 -1.590069445 1.101066763 0.150166595 -0.227440556 -1.773214835 -0.387723513 0.647158921 1.414263667 0.122522113 -0.690120588 -0.344332799 -1.255901653 -1.323831430 -1.555285510 -0.011102888 1.023494966 0.165930751
-2.687968393 -33.724378984 10.706638781 -0.797717274 -0.040928027 -0.237121331 -0.552942603 -0.257151621 -0.202028093 2.977194972 -1.006701894 -1.635375392 -1.120427165 1.595348858 -0.626329827 -1.016517256 0.755111439 -1.084435292 -0.021871037 -0.563070081 -0.585540760 0.193895416 0.019691564 -0.365239243 -0.244300879 -0.197668416 0.187728755
4.662189710 -36.395488116 -1.782539467 0.729635991 -0.229424826 -0.245049902 -0.595773543 0.350137940 -0.993187241 -1.360100815 0.428494087 1.809615042 1.330296595 2.687063408 0.938289128 0.111648212 1.019354916 -0.452662740 -0.488754304 1.006849401 -1.703119077 -1.430807340 0.192103035 0.162807254 3.192225922 -2.589345995 0.182130389
1.259730685 -38.000578304 -6.060159051 -0.632750843 0.333000776 0.031986179 0.698365047 -2.330552504 -1.275493053 -1.724315612 -0.188324327 -0.761784464 -0.552446941 -1.263966785 0.262685884 -0.088248142 -1.384268671 -2.330786162 -1.042674745 0.472410154 0.751724505 -0.723593195 -0.081104179 -0.518146479 -1.184329083 -1.555482910 0.920415557
-4.453062483 -28.218746719 2.082307078 -0.173218523 -0.052243055 -0.799967284 -0.572117428 -0.277236081 -0.416624133 1.025966165 1.291403284 0.885237335 1.304618171 0.236840328 1.112909855 1.706823165 1.164837046 -0.833838796 -0.090483043 -0.097063145 0.946217173 1.152546764 -2.165811708 0.259515364 0.984037158 0.122051636 0.137035892
-3.710470980 -34.596760151 -7.454257610 0.973548716 0.108848514 0.198724582 0.029384339 0.538286494 0.958769742 -0.658880660 -0.673079731 -0.361280369 -0.970858150 -0.060931456 -1.879173431 0.368667025 0.150948935 0.567236055 1.323363638 1.321445636 -0.269718828 0.515120925 -1.145087498 -0.408865570 -0.799777007 -1.050189305 -0.709092794
3.327929860 -30.035966028 1.618071030 0.036653850 -0.594315380 -0.288319895 0.749878232 -0.782864930 0.021167741 -0.745024472 0.263171393 -2.172944745 -0.293930790 -0.671551652 1.347102162 0.837292001 1.192982898 0.176934231 0.835149632 -1.259081503 0.425886345 -2.461955641 -0.381159385 0.304213943 0.525742718 -1.116002938 1.798692038
-1.718404541 -28.693842958 5.991225761 0.826500318 -0.170134610 -0.536050421 -0.024523159 1.087432226 -0.092614893 0.530532242 -0.521698716 -0.486420405 0.367383955 1.355646306 -0.541396524 0.686729727 1.741348328 0.042051613 0.330871998 1.086663446 1.437347337 0.137282336 -0.569850189 0.526915056 0.014304417 1.423720152 0.529306092
-1.505469130 -33.750832645 -0.540659211 0.476439947 0.350468711 -0.264686301 0.761654660 -0.126596442 -1.426811937 -0.895670557 2.463616567 -1.096601673 -0.331727081 0.417487444 -0.539920442 0.811362317 -0.197986133 1.290068980 -0.758083615 0.240696387 0.229954888 0.737348044 0.026299707 1.304144197 0.581493005 -1.593944215 -0.524436300
4.892477281 -42.649761733 0.770900048 0.036089573 -0.789796152 0.518744635 -0.325305373 -0.459611267 -0.116441393 -0.126376761 0.383001314 0.723623429 -1.034552181 -1.120350556 0.544665292 -1.811564045 0.382981070 -0.244706269 2.289017296 -1.075724080 1.693477267 -0.109689022 1.188007440 0.643776133 -1.206926321 -1.342552386 0.193605322
-1.686607349 -31.572044400 3.311822678 -0.657431448 0.143951173 -0.512343242 0.533447611 -1.523760127 -0.779251685 -1.328746682 1.539329150 0.262144764 0.193159960 0.292473989 1.810951107 0.540828147 0.477696576 -0.711233723 0.969717394 0.007028820 0.196025490 0.173539499 1.813557285 0.119918147 -2.270385146 0.662385274 -0.164731397
5.931645309 -34.759648136 7.640080934 -0.560292821 -0.120946611 -0.079744966 -0.815527199 2.740322468 0.250746766 1.668042115 2.178458402 1.273535196 0.001813038 1.462441131 0.075810529 -0.217774436 1.497258027 0.431139626 -1.623980268 -0.384120773 1.292373420 0.795005937 0.483012795 1.143516689 0.796150494 0.053796368 0.423312149
6.560965359 -32.319747996 2.277875020 -0.183938465 0.503625293 -0.471720987 0.700005369 0.393968434 -1.558651049 0.521944447 1.289124805 1.251140455 -0.021329875 -0.449160062 0.014317790 0.485872224 -0.881138310 0.474378494 -0.519822507 0.707530352 2.095797638 0.161255114 -0.057484210 1.859376300 0.722834781 0.871251584 -1.567996556
-8.375736784 -34.467965788 -0.309360691 -0.012466484 -0.267405079 -0.910430528 0.315365446 -1.918446942 -0.605695041 -0.463838301 0.201028698 -0.050189439 0.109774136 1.011597153 1.906524205 -0.575294464 0.683453078 -1.340860749 -0.159470199 1.675551216 -0.056005733 -0.538205784 -0.628595197 -0.436596817 -0.241009389 0.777167458 3.458538003
-8.285928895 -39.012985889 3.629578344 0.578372545 -0.710457296 0.363920660 -0.168218258 0.419985105 0.347486126 0.560027718 -0.931624198 -0.541542887 -0.122632885 -1.113288183 -0.581530561 1.649258012 -1.424010186 0.519303206 0.649492545 -0.223222871 0.137899430 0.633328004 -0.788243425 0.661739458 -0.402376468 -1.891883200 -0.706713519
2.342352295 -36.217666119 8.883181041 0.079641989 -0.276701245 0.888792584 -0.356568813 0.294051184 -0.019612486 -0.803955451 -0.197495753 -0.470048005 -0.349426455 1.571429903 -1.345458264 -0.249693911 -0.994982585 -1.486039195 -1.108760682 1.625217694 -1.293761145 0.293821938 -0.261516359 -0.760789646 -0.127482188 1.571763458 0.929334848
5.613793810 -35.783855709 5.261457984 0.670203879 -0.258613369 -0.651372262 0.244254094 -1.054447753 -1.654833010 -1.746405647 0.104745689 0.395829471 -0.183950928 -0.225533973 1.429579240 1.087601358 0.838741105 0.090437985 -0.628454660 -0.821877121 1.228374390 0.157362251 -1.079669162 -0.328875952 0.204361654 0.466470199 0.023271397
-3.296118711 -27.919277408 1.891950349 0.296957034 0.699268402 -0.048585880 -0.648444011 -0.268509571 0.653613278 0.011133025 -0.613866044 -0.237089823 0.749907852 0.022945570 -0.001717555 -0.011834806 -1.045231368 0.026671837 -0.530322854 -0.423932631 0.931599605 0.516436483 1.173435972 0.056001771 0.896137434 0.061671671 0.740470798
-0.877964442 -43.405542458 -0.693573525 -0.382381622 -0.433712544 0.792258079 -0.194948350 -0.306993747 0.549931428 1.034402725 0.302557288 -0.875216214 -1.365263078 -1.471381452 -0.040763057 0.462075546 0.184824849 1.443430531 -0.349858298 -0.058746822 0.440362539 0.844776566 1.471951723 1.733954714 1.110371031 -0.890562785 -0.421696964
-0.777398486 -43.086362516 6.701278230 0.858691306 -0.235740584 -0.377429921 0.254209115 -0.363176464 -0.174335303 -1.366266775 -0.907309147 -0.442929293 -0.023519310 0.867469745 -2.153737841 -1.845033426 -0.700419658 1.122391306 0.521912859 1.132235004 0.278870295 0.336934503 -0.273944946 0.222490628 -2.828133491 -0.818319391 0.416827069
-0.759297880 -43.738999779 1.551007408 -0.243560142 0.581821362 -0.531638773 -0.565263280 -0.823508445 1.661337306 -0.981155252 -0.200860140 -0.411768145 -1.276114998 -1.614833241 -0.504656644 0.408820129 0.602407836 0.932496522 0.146317390 1.122271608 -0.925228484 -1.537537484 1.247437055 1.071765362 1.026978878 0.118699697 -0.276281556
2.525094499 -30.261376875 5.634648341 0.378013251 -0.524716087 0.755381167 0.105727492 -0.807135305 0.319729932 -0.525508554 2.204716362 0.370454761 -1.305512849 -0.573722484 -0.246659964 0.215719676 -1.667598831 -0.806773030 1.288233884 0.163911166 -2.099791225 -0.174629561 1.448393351 -1.407755035 -0.991086641 -1.740862695 0.601681748
3.739728783 -31.743675690 -6.070921060 0.110688226 -0.448263748 0.645970135 -0.607890050 -0.413278185 -0.415368397 0.949056449 1.331835941 2.122341302 -0.575103358 -0.097015414 -0.268355061 0.361984563 -0.609619313 -1.211737054 0.335549290 1.371792488 -0.753690551 1.255669244 -0.585502107 0.122652382 -0.104441376 0.638865942 -0.998162034
-0.673430597 -35.857997637 6.745151734 0.905014311 -0.349083278 -0.083189348 -0.228406423 -0.889230349 -0.104005946 0.325860091 -1.810824913 -0.499804725 2.492688889 1.804844546 0.814378197 0.701703961 -0.379713797 -0.661868641 -0.617965039 1.522687728 0.392806702 1.439270255 -0.658908212 -0.360351216 -0.366663868 0.426833600 -0.152832939
-1.908166636 -31.701974243 4.197738538 -0.040326233 -0.913729801 -0.278911448 0.292711547 -1.152807231 -0.157755468 0.378482983 -1.233919034 0.800044715 -0.447580378 -1.207591157 -0.553323903 -0.385011596 2.160990040 0.652175920 -0.321906704 1.865690543 0.145404860 -0.729123878 -2.068868649 -0.976458562 0.228278438 0.910547756 0.428518901
-8.013771916 -40.668090830 -0.340538446 0.065860730 0.504340504 0.853719923 -0.111648167 0.947224039 -1.613503329 0.336383126 -1.252283389 -0.299417640 1.220801195 -0.278939066 1.854551751 -2.635731015 0.542528672 -0.846911463 -1.004999095 0.792726081 1.223041336 0.650120260 -0.776220901 1.019075797 0.938441652 -0.225542253 -0.617792083
3.481852660 -33.489970072 9.029317488 0.655622537 0.440381663 -0.563751219 -0.241676734 0.661557939 1.539466454 -0.189554582 0.022740291 0.966926218 1.556344974 -1.432245903 -0.780325690 0.333416242 1.524821507 -0.233995492 0.687535641 0.816269232 0.644748330 0.065907587 0.450745937 -1.534820330 -0.125504511 -1.416671357 -0.438418772
0.050590571 -37.756196179 10.917083488 -0.548739112 0.449638502 -0.679882750 -0.185661117 0.583605706 -0.830106780 1.007300723 2.835573812 -0.438695215 0.069302909 -1.073133838 -0.858341244 -0.935226227 -0.111727409 -1.732119736 0.819290669 0.360653668 0.138612215 -0.999350827 1.295262632 0.043736839 1.284916732 0.201769034 -0.336875333
-2.495870811 -44.186121856 5.490340788 0.676683653 0.208172977 0.040095093 0.705092638 0.610698423 -0.926649358 -0.775470975 0.560318575 0.086219015 -0.921778713 0.090511006 0.247523937 -0.406241163 -0.629918132 -1.408140572 0.743471797 0.220518142 -0.155533575 -1.689764601 -0.769876096 -1.942027976 -0.067163430 -2.853191186 -1.393058278
1.383207906 -39.978567248 -5.972210680 0.905495057 -0.247923615 0.313685943 0.142174933 -1.285365209 2.044460618 -0.721097231 -0.337666178 -1.052504832 -0.853934606 0.705036547 1.584130713 0.004359474 -0.463732822 -1.137015526 0.384714510 0.059029768 2.069804169 0.844813373 -0.470896577 0.084506361 -0.480840936 0.124520718 -0.139202620
-2.843657232 -32.625708902 0.124856636 -0.556003211 -0.691901687 -0.206546071 -0.411668805 0.096412251 -0.736085455 1.381476138 1.208239923 1.250930415 0.853682790 -2.641165715 0.894340606 -0.659599647 0.369206744 -1.799217412 0.058039321 -0.013918795 -0.911193642 -0.859083015 0.526003732 -0.010857531 -1.438019901 0.727562851 -0.272341624
-4.640632492 -41.301502268 6.242909096 -0.947296708 -0.072733672 0.124600240 0.286030662 -0.421171237 0.610035973 1.172905804 1.393264089 0.003547128 -0.315668828 0.962499673 1.564696025 1.066629754 1.929476545 -0.472104280 -0.913289835 -1.405696963 -0.963202508 0.299059872 1.741132607 1.401710441 -1.733556301 -0.926858079 -0.307091486
-4.393462834 -42.156654033 -1.710054741 0.647274148 0.151480088 -0.636613684 0.390913005 -1.471652434 0.782266280 0.773927597 0.380802230 0.272741838 0.788932270 -0.022537943 -1.057581595 1.208894406 0.459436045 -1.552991267 1.992975338 0.242268159 0.628629873 0.873259393 0.818042709 -0.324337855 -0.139979318 -1.854540688 -0.228597443
3.097237003 -36.863770146 10.255794082 -0.517655131 0.550214783 0.203490025 0.622807087 0.821923394 0.078564974 0.152166850 -0.569739687 -1.138265430 -0.971353137 -0.829698260 -0.096667861 0.408916360 -0.562749529 0.183512784 0.037150566 -0.043646581 -0.450830506 -0.309855742 -1.091496527 -1.024725750 0.526479747 -0.158612497 0.617284702
1.834699678 -38.170821503 3.932029639 -0.104632018 -0.817292374 -0.550875380 0.132746493 -0.486037249 -0.133607143 1.050802720 0.830357972 -0.852382558 0.210930877 0.213978503 -0.441088389 0.597549322 -0.661856848 -0.488248183 0.545883078 -0.044716616 0.834682669 -0.646473590 -1.017105508 2.775383117 1.417223640 2.302460718 -1.864575003
2.273054534 -31.738069475 8.765539123 0.353744883 -0.375918295 0.148408608 -0.843519341 1.393674261 -0.901279066 0.096751706 0.373008603 -0.186178560 0.669161356 -0.713439549 1.823510064 0.133824436 -0.162037076 -0.537262537 1.297994087 0.274111538 -1.353178932 -0.914731086 0.370277405 -0.195744122 -0.532243241 0.754758767 -1.999985521
-1.312375294 -29.260830183 -0.541978410 0.313682272 -0.180410280 -0.848414197 0.386327469 -2.301890853 0.409520087 -0.245100359 -1.137041189 0.425512506 1.001135706 0.902792544 -1.678712466 1.380293577 -0.929301874 0.859900715 0.120261989 -1.030843452 -1.120813141 -0.263633419 -0.031096563 -0.564610046 -2.583903022 -0.087720980 1.114824502
-9.126482173 -32.374673831 0.430922341 0.753627687 0.421949570 0.352771045 -0.359939522 -1.081159309 -2.966190015 0.419810723 0.026926137 -1.533018841 1.320539366 -0.838183500 0.226126882 1.073095764 -1.426794200 -0.245519579 -0.774508932 0.815113934 -1.274672473 -1.190147127 -0.854524224 -1.342150090 -0.113978074 0.146010562 -0.840975736
3.059661556 -41.034196482 7.220859084 -0.491900394 0.104242176 -0.678210075 -0.535909195 -2.467708911 0.355057557 -0.408330184 -0.629575388 2.061890169 -0.376309118 -1.773807993 0.226143405 0.114234507 0.769060487 -0.857538580 0.531465244 -0.384458360 -1.977268925 1.306158930 0.530395159 -0.899278908 -1.004410802 -0.086229401 0.576281283
-7.057916209 -34.963802105 -1.083183260 -0.248499056 0.052670457 -0.810652161 0.527557690 0.360708199 0.892446126 -0.820001028 0.890250614 -0.675743673 0.425109618 0.289835937 -0.707560528 1.435354096 -0.871719419 -2.316587835 1.246601173 -1.049792585 -1.124411646 1.147580245 1.314351660 -0.238528965 0.487782948 -0.860957063 -0.904161522
-6.647871785 -37.794471442 -3.438287122 0.550900657 -0.742373677 0.259507611 -0.279366409 -0.872902382 0.508132201 -0.080220695 0.458946970 -0.064670117 -1.108600794 -0.637253999 1.267175457 0.797802419 0.894114896 0.425143468 1.036511493 -1.428686877 1.547324732 -0.697070826 -0.218579057 0.934021454 0.876874305 -0.093671631 0.385740007
0.152298251 -30.470842585 7.877137319 0.043649259 0.314060996 -0.671876054 -0.669360143 -0.849069902 0.727377684 0.650180161 -0.603287313 1.729900711 0.772550515 1.780874278 -0.219115816 -1.057701608 0.813699797 -0.617123476 1.208566342 0.423695546 -0.304932206 -0.995274097 -0.800496091 1.343461675 -1.008246530 0.557268052 -0.092932478
2.603083816 -35.335321834 -7.063725023 0.258544165 -0.260910051 0.625494238 0.688358786 -0.266457423 -0.429576823 -1.307631937 1.521376483 -0.503444216 0.263093110 0.351234161 -0.138690832 -1.214043782 -1.403493552 0.988573027 -1.265390064 -0.137749260 0.866867100 2.618803769 1.557008726 -0.064425891 0.050001709 -0.946377006 -0.241000408
-3.813733484 -37.211366456 5.080904083 -0.665923371 -0.613673793 -0.423730444 0.020076123 0.647435149 -0.689824679 0.112127861 -1.563313944 1.286400866 -1.941363774 -1.386821811 -1.437510021 -1.291156798 1.944950360 0.133861800 -1.528313457 -1.370145957 0.340698160 1.357483260 0.083454850 -0.221002171 -0.768873598 0.514208223 -1.515529724
-2.395592679 -37.975799296 3.943071579 0.704924786 0.413882851 0.329273558 0.472610786 -1.394290081 1.174890202 -0.301368364 -0.611147007 -0.224635059 -0.444777401 2.388833261 0.675502205 -1.616490204 -0.222876445 -0.202630626 -0.498248169 -0.312845895 0.548802751 0.814386257 -0.460340331 0.185056704 -0.438620792 -0.706910435 0.262402056
2.879683165 -39.063603700 7.597680899 -0.921239465 0.289051147 0.164227013 -0.201982106 -0.175269049 1.682094495 -1.879782260 -0.080619911 -1.297767964 -0.704869842 -0.197842280 -1.281875055 0.871998193 0.946291466 -0.010752302 -0.105275243 -0.176558649 1.237951471 1.600529181 -1.483127424 0.199411814 -0.071897984 -0.463515958 0.063086044
2.678744963 -33.477991444 9.828615000 0.072932722 -0.305930907 -0.256274053 0.914008046 -1.567744626 -0.688674201 0.601463441 -0.097342804 0.367107622 -1.960219814 0.585579517 1.154152798 -0.538442619 0.675876133 -0.307116517 0.992845475 -0.307380574 -0.417266979 -1.171434948 1.304940998 -0.441767550 0.260123774 -0.912779026 0.525098075
-2.401174800 -29.660012324 0.973161059 -0.364557169 0.341307044 -0.617630595 -0.607568943 -0.949492222 -0.083326771 -0.747189844 0.617713984 1.154880444 0.356627187 1.252661759 -2.216607914 1.034296750 -0.364734730 0.915805510 1.696285135 0.631860491 1.088854175 0.732173091 2.100897598 0.340186621 -1.189439680 1.589039951 -0.494201167
-5.949758220 -36.058947870 2.858729613 0.456479617 -0.330097908 -0.611389225 0.555756193 1.182691030 1.343135471 -1.191465782 -1.337278530 -0.454686236 0.247806178 0.283563448 -0.437454701 -1.051718401 -1.427673097 -0.188626856 -1.833438852 -0.044286753 -0.876017838 -0.282462140 1.701601973 -1.691618666 -0.139304132 2.099027851 -0.061618801
-1.969923589 -30.152167692 2.673101695 -0.842881894 -0.309964706 0.437071654 0.049400028 -2.343598343 -0.453647084 1.410367413 1.201544932 0.137818872 -1.325042805 0.592918908 -1.817609048 -0.096683439 -0.490826612 -1.001535921 1.503043526 -0.672711367 -1.289012869 0.140549840 -1.489680216 -1.318819171 -0.596360381 -0.487267854 -0.600944091
-3.715532871 -35.858614435 6.874286324 0.456430362 0.512570629 0.242817979 -0.685552408 1.330069091 -0.603076411 0.171995798 0.153436071 -0.837030058 -0.057889354 -0.067813011 -2.220263508 -1.580122137 -0.952560560 0.281509778 -1.449426571 2.225262131 1.360214233 -0.002961845 1.106357420 1.124466462 -0.681559544 -0.508098877 -0.104296112
4.784123856 -33.312339007 -5.605498498 -0.507145872 0.814216243 -0.137118093 0.247090273 0.155665353 0.575891413 0.012244328 -0.451557573 1.391574811 0.058846181 1.052817215 2.152531228 -0.308678215 0.718788670 -0.388298382 0.938933848 -0.276347850 -0.500635566 0.104342224 0.440749780 1.310371761 -0.377110001 0.396211161 -1.714953592
-1.421068687 -37.894993908 4.775387569 0.274861726 -0.881586986 -0.346268483 0.165389103 1.229736860 -1.461352527 1.120476888 1.243827886 1.657631878 -1.973086397 1.068637650 0.074332871 0.340127049 -2.076682526 0.998366664 -0.336328730 -2.312093722 -0.878930081 1.730319811 1.719441973 1.461426555 -0.707313538 -0.444034542 -0.117102523
-7.644631759 -40.547121114 2.044288971 0.370997153 0.133230936 0.544073781 0.740671554 0.958673818 -0.104896269 -1.054576726 -1.369633053 1.154399064 -1.420818312 -0.865063939 -0.547327859 0.684999244 0.486212863 0.818352988 0.319179269 0.996077175 -0.052281664 0.318963107 0.776547427 1.074633213 2.424866874 1.117608945 -0.065335334
2.766737457 -38.478517892 7.529026189 -0.026700847 -0.316755282 -0.166616978 0.933376633 1.572663148 -1.265753211 0.445765903 0.392227452 -0.595945482 -0.573587169 1.608919440 -0.271116163 1.884528139 1.164966068 -1.455084784 -0.652740767 -1.736545992 -0.876283111 -0.427027140 -0.428607888 -0.850864246 0.014102575 -1.383971458 1.082051483
-2.972892504 -31.258246455 0.219757706 0.159132652 0.340919671 0.446590012 -0.811793039 1.681031186 0.831923105 -0.049704321 -0.409683693 -0.783879671 0.883779695 -1.078222803 0.006914383 -1.755668960 -1.922416514 -0.111019747 -1.483009445 0.046171431 0.959121107 -2.138653546 -0.443395077 -0.120334255 -1.243991683 2.604838975 -0.048456199
-0.092176263 -34.206167377 -2.238405965 -0.111278294 0.769212911 -0.458911737 -0.430498150 -0.230949564 -1.203895248 -0.461682135 0.170522618 -0.662086789 -1.522191873 0.077340933 1.008315195 -0.468808171 -1.402504056 0.231860660 -0.364303470 -1.162049249 -0.233441597 -0.424216926 -1.382653950 0.116639545 0.254011838 -0.393837413 0.839158845
3.349360943 -32.492046697 -0.404798340 0.815676002 -0.093881105 -0.022074136 -0.570413648 1.436261348 -1.124534954 -0.248530222 -0.670519129 1.996005891 1.383917957 -0.734119753 0.565544642 -0.727663631 -1.558507917 1.163332516 0.245500265 0.225020924 0.785648152 0.722530472 -0.920722677 -0.251157659 -1.590780939 -0.931610511 0.494112016
1.927155590 -33.873716337 8.484844652 -0.780052205 -0.196616773 -0.516813459 -0.292855341 -0.879374538 1.008342572 0.691334091 -1.042524593 -2.333955433 0.252415743 0.516214786 0.398344845 -1.568783077 1.002388162 -1.236286187 -0.030502413 -0.425679266 -1.154366256 -1.608976697 -0.678290370 0.721882384 0.934811653 -0.460225727 -0.305936884
3.812395097 -36.498182887 2.049678394 -0.531650061 0.481212288 -0.618929380 -0.320483025 0.126087828 -0.532795164 -0.951939517 0.106869200 -0.322736978 2.042450686 -0.219181146 -0.710162716 0.627980560 -0.427684818 -0.395125377 -1.762866886 0.372044291 0.440971998 -1.229564912 -0.429145240 -0.528730528 -1.487373288 0.450406205 0.805060328
-3.628174082 -36.731927603 8.746443458 -0.207962749 -0.068816211 0.807726889 -0.547350981 0.299996000 0.933679062 0.450659408 -0.200328813 0.088754934 -0.553304714 1.066283978 1.226065336 -0.766242819 2.540084198 -1.435157722 0.993103270 -1.800226434 -1.459989707 -1.530446800 -0.895468953 0.002650112 -2.227590087 -1.945352302 0.018429741
2.326989627 -36.248387443 5.460632321 -0.331148864 -0.817426801 -0.187327732 0.432506850 -0.447739473 0.787884557 0.612067528 -0.658547793 0.710843076 -1.002326883 0.129575410 -0.723925012 -1.037914739 0.145533333 0.792330604 0.257448132 0.099617262 -1.026013315 2.094669800 -0.511862257 -0.625007364 -0.760285832 1.044532868 0.563285258
-2.108936159 -29.462755819 4.324896683 0.153780225 0.012304299 -0.237165106 -0.959141783 1.270945943 -1.375927082 0.727750172 -1.704416055 1.037407494 -1.749800050 0.288120813 1.898232051 0.460552772 1.468658441 1.401788787 0.512270816 -0.620617637 -0.207661669 0.990229198 -0.444258304 -0.003791903 -0.421100059 -1.197838291 0.352243245
2.701319561 -27.110230402 -0.755940470 -0.300265875 0.803369794 0.462147981 -0.225514128 1.524499485 -0.216615123 2.061988832 0.296269403 -0.433902423 -1.377375522 0.582901171 -2.154997238 -0.454000469 -0.095759010 0.374136931 -0.795086147 0.226349169 0.418176658 -1.270497246 0.447785276 0.424540097 0.581094426 -0.964929274 0.062435553
3.556313893 -30.543200486 -4.936294398 0.665847077 0.715123186 0.209434908 0.037195676 -0.173230292 -0.772058201 1.317819503 0.645202628 0.840861885 1.196715986 0.609030465 -0.666417518 -1.562845281 -0.224075616 1.090341711 -0.650563182 -0.292874979 -0.778078332 -0.060779985 -0.528041159 -0.133159607 1.008090582 -1.047394378 0.917404893
-1.160267029 -29.467572427 -1.351655911 -0.339410228 -0.855478721 -0.351118201 0.172258130 -0.760561068 0.450804589 -1.217038716 0.022235879 -1.609228031 -1.297357400 0.035494226 -0.684413837 -1.008037506 0.324381443 -2.061230293 -0.097388421 0.159225387 -0.713402146 1.093293847 0.602799661 0.546126017 -0.308017614 0.533147688 -0.643954380
4.620872160 -40.964706252 -2.117426655 0.651177097 0.360165598 0.453682291 0.490327961 2.148834792 1.024266125 -1.239712430 0.700015868 -2.033133574 1.761432691 0.880283832 0.259229640 -0.481980197 -1.059231893 -1.546151558 -0.110860462 -0.935069266 -0.582561774 -0.484045875 -0.091067686 -0.492172249 1.108099792 0.703391635 -0.932117017
-4.116949781 -39.522719068 -1.972530390 0.406267728 -0.215995537 -0.042838622 0.886824285 0.067923488 -1.283792426 -0.444548836 -0.031965451 -0.867283918 0.955036897 0.786293066 -1.248092477 -0.514395816 -0.396223253 -0.293341294 -1.302252360 0.340187901 0.951933548 -1.167850716 0.935804494 1.129836646 -0.004781692 0.186257180 0.755073973
3.546525698 -36.824425629 4.462117475 0.908146423 0.226314692 -0.190792213 -0.296057539 -0.604813286 0.182777586 3.249626908 -1.060570627 -0.015259364 0.820892758 1.037051552 0.687175635 1.008854431 -2.473408608 1.244461197 -0.669460951 0.179653207 0.080580257 -1.673127135 1.083391274 -0.496854469 1.899021925 -0.298498704 -0.256890646
4.680060253 -30.334173828 2.997516147 -0.443261571 -0.159524250 -0.552018620 0.688001916 -1.495160817 0.684986066 0.965673825 1.292245059 1.354470360 -1.331421553 0.962555403 1.510902757 -0.633454575 -0.246369423 -0.139071721 -0.820258693 -0.734731824 0.405596779 -1.131725794 -1.295901330 -0.464562612 0.135079921 -1.127151041 0.024933875
1.339393863 -35.736721579 -6.658310771 -0.536482475 -0.489750947 0.053609385 0.685169029 0.319569318 1.230935649 0.244304767 -1.230393750 0.202308279 0.666132180 -1.304733612 0.674131304 0.999651072 1.093891943 0.411126805 -0.446743433 0.701592801 -1.371606526 0.321620462 0.668428010 1.903281603 -2.415368196 -1.404371476 1.097258855
1.073542701 -40.418000386 -5.986485602 0.868971338 -0.350803367 0.348427452 -0.020594226 0.719730488 -2.677906160 -0.035313749 -0.156615903 -0.617423772 -0.516142405 -0.283913643 -0.290430250 1.073934245 -0.929662921 0.362790459 -0.714577815 -0.818483943 0.614100893 -0.447410586 -0.857396706 -0.376156151 -1.725607712 1.916215391 -0.862195837
3.211631972 -33.647086674 -4.312502292 0.776610027 0.306840931 -0.434939308 -0.336976717 0.577545930 -1.070315699 1.402385882 0.329334746 0.620827137 0.123735956 -0.143919599 0.159894157 -0.122495368 -0.136787930 -0.824138156 0.128593868 -1.113862370 2.588366530 -1.048364849 -0.431357889 -0.959378298 1.076961829 0.062710071 -1.319036419
-6.833449248 -38.707127578 4.539249048 0.200984025 0.023279283 -0.832287956 0.516101012 1.321022436 0.570601601 -0.902532399 0.406458705 -0.505409242 0.331538497 -0.090090768 0.623191739 1.438514538 -1.390459066 0.092466726 -0.557581416 -0.752168378 0.003563228 -0.702866178 0.066003966 -1.047919534 -0.961121591 1.074510120 -0.065207653
-3.236407655 -31.762968482 7.846263529 -0.066985463 0.666054471 0.180754457 -0.720563818 1.773607045 0.579915446 -0.645904938 -0.465093879 -1.723605955 0.904591802 0.033261868 0.983309477 0.661273983 -0.347664460 0.833814306 0.960903660 0.137780069 0.713081807 -1.260047134 2.602666793 0.915191711 1.989054714 0.384010693 0.696043976
3.661610882 -39.024091188 -1.467414344 -0.308233504 -0.264604575 0.910483647 0.077434198 -0.034442488 -0.736603832 1.163990110 1.060387360 0.066580982 0.732717867 1.166761634 -2.065063050 -1.422572340 0.080238568 0.365957584 -0.046492783 1.010119229 -1.629459016 -0.446392099 -0.422923830 1.293220343 0.846660793 0.310592986 0.491895857
0.075015629 -31.172714931 2.975064255 0.349332410 -0.723374755 0.231796345 -0.548603942 -1.400469047 -1.059524684 -0.535182516 -0.018934500 0.778604115 0.866183948 1.000161408 0.929618397 0.173401659 1.301619958 0.584926368 1.340027436 -2.060198193 0.791770506 0.037538834 0.255275452 0.017753417 -0.012696608 0.987855901 1.323784578
1.212512941 -35.740077087 10.897203620 0.307623833 -0.136436632 -0.272976970 -0.901241475 -0.813778170 -0.077012302 -0.505117178 1.064815508 0.508383662 -0.920981291 -0.143629787 -0.854997337 -1.859207663 -0.867604057 0.385682192 -1.107883002 -0.171244675 0.561863201 0.750499044 1.098106461 1.620520497 1.977663115 -0.002608873 1.335506805
4.084409784 -28.897043293 0.030706091 0.469772074 0.164023369 -0.434146251 0.750951107 -0.991241707 -0.092655953 0.242914573 0.619925067 0.432543606 0.459431153 -0.442433857 -0.630641923 -0.438900266 0.423481652 0.300035345 -0.257186020 0.285075275 1.022916244 1.127644456 0.793761247 -1.069366959 0.098903403 0.846965520 0.239164996
-5.522795915 -31.865289085 -5.694945944 -0.330787929 -0.516393328 0.019762171 -0.789637089 -0.121726356 0.595135482 -0.964848778 -1.113852992 0.388540612 0.174372684 -0.145951554 1.774587398 0.147219420 1.120782063 1.092897016 0.347229856 -0.513010984 0.826386079 1.785836218 -0.097522060 1.549532605 0.464510919 0.390293251 1.483992805
7.432875425 -40.136377931 3.479925766 0.518888108 0.158392833 -0.810335850 0.221410596 -0.210389130 0.157987158 0.409730224 -0.343385063 0.281637491 0.527237829 0.548035450 1.164000277 0.058807653 -0.377027014 -0.548381875 -0.070317046 0.494249777 1.264479623 0.802849681 -0.972458299 0.936607849 1.170291865 0.449686514 1.344381994
4.394115371 -35.158820818 -2.247086727 -0.567733339 -0.491332333 0.002392254 -0.660504104 1.538926046 -0.386461230 -0.531042606 0.433975452 -0.352349649 -1.036447270 0.547546986 -0.308054321 0.597122955 0.416325386 -0.573998638 1.261908439 -2.327186027 0.989774531 0.672433884 -0.059272789 -1.264910555 2.067988686 -1.074065760 -0.280275590
-4.833471942 -36.204835624 -4.108283451 0.138176990 -0.014070788 0.506248217 0.851129764 0.677613803 0.728714488 0.258060374 1.328982218 0.992283344 1.037601429 -0.119956159 -0.193329359 -1.371388335 -0.000998493 0.067367201 0.318717757 0.249730736 0.617160397 0.545613118 0.526589445 1.146418940 1.506507585 -0.749074200 0.268777908
-4.795599934 -29.708275393 7.280584190 0.694671334 0.196953006 -0.688366509 0.069230061 -0.362057796 -0.383159407 -0.973832212 -0.090387514 -0.607215606 -0.552490387 1.163640845 1.413674776 1.185400473 -0.459389251 -1.556050826 0.556545443 -0.677895296 0.483144107 -0.250000412 -0.468003768 -1.151620855 0.232294018 -0.081142151 -0.652388688
6.516258803 -32.160047856 1.043967300 -0.403891960 0.183610173 0.305778832 -0.842411951 1.508123365 -0.364835425 0.927227156 -1.272811148 1.267032792 1.160409041 -0.716787635 -0.047118337 0.690002425 0.346702780 0.605080320 -1.205677975 0.876528469 0.396731617 -0.641189689 -1.555456467 -1.222355903 0.047237284 0.013760926 -0.352990745
-2.245268073 -40.593000482 8.460231257 -0.678949059 -0.613446646 -0.355471678 -0.190660101 1.021688732 0.045889445 1.174793351 0.846801623 -2.478794786 -0.569176300 0.121786725 -0.034361825 -0.860042565 -0.695009129 1.949463540 -0.401668416 0.804903011 0.359449388 0.276138561 -1.619291085 -0.009824195 0.749040271 -0.200051776 -2.058371868
-0.961993391 -39.385124772 -2.327173538 0.417782062 0.142830621 0.350815169 0.825824606 -1.026577409 0.802466185 0.540130881 -0.629143504 0.288440578 -0.897876060 -0.785544998 0.096570095 1.096814489 0.916800830 1.252176233 0.480874957 1.039406589 1.424477804 0.395678473 -0.494625169 -1.701548748 0.071886441 0.140012647 -0.134027826
5.921322779 -39.949483308 0.628690872 0.230497429 -0.251396482 -0.400347244 -0.850525031 -0.011490481 0.384512236 1.443075992 -0.899696524 1.730411521 -0.694126529 -1.237113712 0.642313474 0.802245635 -1.467410969 2.146034336 -0.872342798 0.634009682 0.672976953 0.470693001 -0.792401428 -1.301061789 1.681242663 -0.449232005 -0.712992915
-7.280582253 -33.253051974 -2.474276309 0.047196199 -0.782693650 0.290722198 -0.548309924 0.806389748 -1.446333684 -0.271965736 0.014889927 -2.483980358 0.171960278 0.498316465 0.083322347 0.224357106 -1.145414154 1.594262214 1.035701772 0.453970132 -0.530885507 0.760864526 -0.280478730 0.315774157 -0.641040428 1.455847323 0.834170109
-7.128744125 -30.832830779 3.402715732 -0.195074284 -0.015126799 -0.967728084 0.158806670 -0.990108130 -1.492238433 0.439024841 -1.003691111 -0.208110783 1.529828067 0.825611074 -1.095260421 -0.064101274 -0.347806839 1.435876797 0.958156564 -0.411670579 0.210038896 -1.760331810 -0.668034080 -0.131466057 0.260055400 0.579750870 -1.156430278
-1.749509076 -40.996579417 -3.070206357 -0.468899356 0.787452498 -0.278100967 0.287596608 -0.266983840 0.218642585 -0.966411153 1.154968242 -0.731004465 -0.435604536 0.829837553 0.135624335 0.523612686 1.220397546 -0.609336209 0.408037109 0.929953185 -0.343348122 0.209600539 1.324149235 -1.955130824 0.121994053 0.617470082 -1.205545408
-8.473923869 -37.135994730 -0.570103183 -0.647152780 -0.490363261 -0.567521202 -0.136590032 0.004894321 -0.671417122 -1.666774734 -1.347029544 0.692280313 0.380833233 -1.197674630 -1.156482912 -0.243586428 -0.337198545 -2.692841788 -1.353608716 0.120238710 2.046253478 0.105483449 -0.201776838 -0.190503656 2.092411834 -0.982890212 -0.987912002
4.024964797 -32.087985003 0.609813181 -0.083320638 0.270748623 0.924390605 0.255450315 0.804956053 1.346245739 2.024039154 0.605581546 -0.258463471 -0.687029199 -0.830929160 -1.139830698 0.682185196 0.157319580 0.484935704 1.067145272 0.878605131 0.707290383 -1.494649036 0.246564937 -0.455735066 -1.524475374 0.007224294 -2.488903622
7.575907264 -37.074115719 -2.234608508 -0.622245956 0.365344677 -0.631066126 -0.284760921 2.149127729 -0.609535021 -0.098783114 1.902338006 1.764294072 -0.223848754 -0.838091677 -0.970205218 -0.142295743 -0.223345912 -0.852680261 0.266684256 0.430624127 0.367489974 1.081599923 0.543850750 0.481755960 -0.616295048 0.588274487 0.098377418
-4.298553545 -28.508001402 6.921328403 0.270198195 -0.756543892 -0.458712091 0.379759783 0.693965524 0.125366447 -0.504831840 -0.603923546 -0.386401072 -1.963296944 -0.627120022 -0.483328551 -0.369253752 -1.928180559 0.834933859 2.162449015 -0.141679830 1.230499569 -1.001244673 0.725961377 -1.334546144 -0.709606253 1.919528033 -0.468648738
9.021886987 -36.251232529 1.246425686 -0.598128913 0.191339854 0.147457128 0.764125159 0.221751797 -1.638038585 -0.355037958 -0.108484692 -1.142697777 0.233380696 -1.752076791 0.223043235 -0.897760701 0.612704943 -0.246702791 1.158161856 0.070324632 -0.572275210 0.183348200 0.344722085 1.267174865 0.923158000 0.837180941 0.271377032
-3.665405523 -36.449320895 5.657171171 -0.624759743 0.640482755 -0.004876714 0.446579581 -0.401926652 0.084103046 0.693789111 -0.422460410 0.240867343 -0.022674038 0.084869374 -1.403027284 1.032400708 -0.455546494 -1.517571104 -0.255149823 0.017633448 -0.111306421 -0.395662633 0.274003573 2.343904146 -0.894172450 1.894342821 0.972352558
-3.139094214 -31.253641518 2.313088662 -0.521014349 0.324289531 0.353553095 0.705960734 -0.730213252 -0.786513287 -0.220166674 -1.408266543 -0.033944740 -0.329273410 0.235448839 0.442021250 1.504306676 -0.453796532 0.111912607 -0.201253555 0.400356650 -1.463363543 1.219087098 -0.416065143 0.191187017 0.769082912 0.794582818 -1.402325447
-0.564247749 -29.380424742 5.641225067 0.753712934 -0.268983403 0.138063155 -0.583526612 -1.958254733 -0.728587585 0.952645396 -0.452430039 0.876086372 -0.799155173 -2.107453161 -0.340654229 -0.176329933 1.461776475 -1.010125359 0.059742906 0.554312631 -1.407863938 -0.097992176 1.514617162 0.408057652 0.441777596 -1.888642674 1.677645254
-4.297032995 -41.679330690 5.716108951 -0.857924788 0.110073618 0.372781561 -0.335980302 -0.044688508 -1.294400201 -0.758059752 0.025918218 -0.308771770 -1.039915105 1.552196700 -0.668915810 -1.976491744 -1.630919696 -0.634692790 -0.531473244 -0.010382205 0.398911615 0.378133525 0.627611395 0.274840460 -0.739309012 -2.046177727 0.271943987
-2.675436069 -33.586318613 9.654744226 0.094538004 -0.380222925 0.746625740 0.537627285 -0.851382105 -0.636157599 0.032069468 0.111690468 1.671430507 -0.952083183 -0.789438134 -0.919980993 0.821960554 0.451532298 0.954766276 1.080730179 -0.080720344 1.572824484 1.034272073 -0.129721821 0.012507099 -0.727472955 0.072916033 0.433087808
4.503529169 -35.618108554 7.148027322 0.411744181 -0.491537275 0.762220808 0.088754021 -1.019170921 -1.138546360 -1.698024443 -0.550865402 1.240050251 0.814263945 1.250143343 0.346916266 0.167652218 0.659304721 -0.472183797 0.757523571 0.581873278 -1.590321735 -0.251873825 -1.310549063 -1.325298506 -1.272508878 -0.650749940 0.818972355
6.178067827 -41.961290237 4.659282042 -0.385085479 0.553266349 0.418128272 -0.608912366 1.313955550 -0.537649391 0.360560482 0.079759425 -0.719178633 -0.060128812 -1.590728538 -0.356070192 -0.932699573 0.743237088 -1.211522635 -0.050492634 0.323720819 0.606448887 -0.095503001 -0.257983579 0.116361279 -3.397072701 0.631775083 -1.863845733
5.384398987 -41.534405120 2.422469005 -0.284648577 0.689242497 -0.452242924 0.489281417 -0.149112813 -1.119600397 -1.487397534 -0.347360298 -0.006567402 -0.104342927 -0.167886660 -0.182937562 1.035808021 -0.181440702 -0.143006336 -1.405456657 -0.827470017 0.960699154 0.723145963 1.699157709 -0.261252037 -1.215264048 -0.182827484 -0.466481915
3.467576306 -36.229231794 -2.059907414 -0.405085214 -0.170933369 -0.897527201 0.033655267 -0.654123124 -1.210725987 0.615216893 -0.245866398 1.150710031 -1.819225683 1.134362027 -0.029179952 0.967713636 0.539031818 1.080029774 -0.687893217 0.077076215 -1.296580346 0.217418281 -0.219176632 0.234038450 0.072868135 -1.034773376 0.144256005
-6.609589637 -30.538320300 2.916531319 0.479088149 -0.145163175 0.524282542 0.688861390 -0.809356427 0.199731727 0.749283580 0.257919168 1.768980151 0.771730988 -0.409045664 1.320082387 0.222526026 0.704661324 -1.759158346 0.634935796 1.057783579 0.013045433 1.513560938 -0.271985203 0.117127757 -0.586569110 -0.054383494 -0.090085065
-4.947102671 -33.961072834 -1.494821839 -0.481233134 -0.505156074 -0.462959774 -0.546717714 1.029134187 -0.546517415 -0.586835483 0.813706731 1.113403043 -2.060374023 -0.447801040 -0.130172710 0.697709842 1.164556778 -0.880981929 -0.989695704 -0.323759986 0.261047154 -0.958944848 -0.323032499 1.329840282 -0.565078883 1.712739044 0.153672376
-2.761953586 -39.299003325 4.799049482 -0.130953910 -0.688206449 -0.551364417 -0.453012402 0.418758949 -0.079849660 0.235854003 0.988688713 0.342984432 -1.178892576 -0.598097971 1.108384796 -0.189976123 -1.718497557 -0.208199892 0.173187554 0.144910076 -0.946416180 -0.298456896 1.775735936 0.887517956 -1.586050186 0.620148205 0.171719465
-5.273769738 -36.114550954 3.059203967 0.374758413 -0.126556067 0.083844294 -0.914609112 -1.099403395 1.024245409 0.205867989 -0.615384429 -0.970012036 -1.608520052 -0.447422498 -1.339206342 -0.895891809 1.549040859 0.125296134 -0.068787888 -1.082173959 1.293973014 0.776769200 -0.170347824 -0.611878442 0.351314256 1.453057976 1.295176612
-1.232076658 -38.565974743 -3.865808026 -0.117623932 0.335781472 -0.927270978 0.116550193 1.472128136 -0.556871028 -0.318772911 0.036659460 0.408287554 -0.579932981 -0.436541312 -0.991078580 -2.596012397 0.019606667 -0.198851088 -0.385700306 0.887932728 0.595587150 -1.078851728 -0.372231574 -1.156104573 -0.395216214 -0.157769332 -0.145756057
7.272237940 -30.703635071 1.889152313 0.116369991 -0.597069044 0.792332929 -0.046638088 -0.245112279 -0.283738981 0.857473979 0.580889768 0.707976720 -0.508743006 -0.317240223 -1.049199635 -0.208616582 0.690687085 -1.165012820 3.094008755 -0.251515531 0.748982175 1.289443929 0.837788454 -0.775007681 0.185483465 1.495450423 1.107065940
5.470561449 -32.223995022 8.161377053 0.587580767 -0.700406436 -0.400637188 -0.060576485 -0.064668796 0.152861619 -0.409559111 -0.593352088 0.179355078 0.332775499 1.989284492 -1.734987560 0.387799877 -1.143575701 0.468846341 -0.471647852 -0.651276109 1.626640969 -2.100841114 0.272447147 0.392635807 -0.246756996 -0.141929782 -0.216730776
-4.281148308 -39.124306543 7.407464526 -0.287680044 -0.794380971 -0.021404109 0.534547406 0.044455938 -0.476720450 0.228582798 -1.602629999 0.717336521 0.007472124 -1.586780035 -1.557045605 1.161977639 1.142759569 -0.290523180 0.390198020 -1.246204922 -0.522914551 1.203793765 1.220946519 -0.731700035 -1.654113506 0.899069153 -0.223088441
-6.236223258 -34.303986567 2.604649039 0.058762945 -0.448657185 0.403687208 0.795166828 -0.847741283 -0.413864971 -0.344476748 -0.937930983 -0.513097121 -0.091997767 -0.823267672 -1.238698365 -0.444337419 -1.241371335 0.293659118 0.479115588 -0.269271081 0.019558514 -1.175231190 -0.706896572 0.872881143 0.037118891 -0.235600979 -0.206589636
0.405461784 -33.900594058 11.781401490 0.571804350 0.202557053 0.790643008 -0.083030480 -0.007639390 0.916158912 -0.747284904 -1.897043896 -1.169031879 -0.114321375 -1.974810592 -0.696919227 -1.569838973 -1.338515132 1.473536296 0.612037022 0.810758706 0.073073520 1.566973125 -0.267916703 -0.875554036 0.149428132 0.371313108 -0.294597026
3.272211889 -29.465671157 2.648382137 -0.328476626 0.313677292 0.629709033 0.630219165 0.936234016 1.170640013 -0.433577639 -0.671441985 2.142299528 -1.704877222 -0.623792175 -1.070342126 -0.078671250 -0.596035533 1.918670228 0.395491398 -0.230981314 0.586444767 0.355287812 -0.332855570 0.167943063 0.961979535 -2.413205975 0.745950647
3.754646324 -35.878896921 6.726481604 0.387855352 0.670951054 -0.416505846 0.475305996 -1.444725011 0.089167395 1.489928231 -0.466386526 -1.054019668 0.186312202 -1.573408449 0.719574920 0.600394765 0.595473654 0.487578215 -0.649992940 0.814815775 1.075569163 -0.567706795 0.270303551 0.579440497 -1.635035478 -1.233733089 -1.056569624
-0.928475206 -30.332796245 -1.048035406 0.966740102 -0.008734683 -0.060523299 0.248342928 -0.909437526 0.856287919 0.433423364 -0.135340561 -0.878307103 -0.553084706 -1.387056790 -1.284492818 -1.530115049 -0.133083739 -1.728274092 1.216955899 -1.452986149 0.094952448 0.864969210 -0.524728198 0.137518585 0.294996393 0.194683823 2.133254755
7.640870187 -30.757670528 4.874295658 -0.186250760 0.292002377 0.414691623 -0.841472592 -0.029680833 -0.538413839 1.034850791 -0.680189766 2.052138145 -0.979242260 0.620953796 1.760579380 -0.606081121 0.440709230 0.687637111 -0.443198136 -0.230947365 1.000394524 0.403583545 -0.154702864 1.653837427 1.390696499 1.044304033 0.946332791
-9.183630038 -35.444035934 3.999712061 0.229582700 -0.161362140 -0.398476989 -0.873195358 0.653154583 0.078363616 0.683335415 -0.570160658 1.605766764 0.335309106 -0.414585640 -0.382873251 -0.000444563 0.025483755 -0.531951912 -0.043921983 1.558886578 0.341334646 1.021333755 0.594760112 -0.098026332 -0.166822598 1.761660208 -1.186607864
-3.250805443 -43.675233743 -2.636837463 -0.656547085 0.298156496 0.174184796 0.670602927 0.012629217 -1.312190638 -1.541941817 -1.198986266 0.021661624 -0.600421760 0.441039660 -0.165070538 -1.665134248 1.112735962 -0.281511637 1.827778432 -0.170275750 0.408297718 -0.990633431 0.311922276 0.728858113 0.190871859 -1.549524099 2.282381780
-4.078786287 -34.835385868 0.057428664 -0.898235632 -0.254471332 0.111449232 0.340582089 -0.361709003 0.502779936 1.612002634 -1.181433675 -1.129937862 0.825303794 0.172364496 0.964280508 0.043199898 0.529066238 -1.200848913 1.459555208 0.698497690 1.465661497 1.734862359 -0.355392046 0.252764534 -0.448944475 1.392503683 -0.819711997
-4.945916091 -27.217867802 -0.250186983 -0.384049939 -0.686863974 -0.614050293 -0.060545550 0.318057497 0.659552512 -0.491195008 1.285129917 -0.445274116 -0.761257039 0.146644896 -0.522312106 0.889800317 1.239214166 -0.561117413 -0.167037366 -1.501315545 -0.271687342 -1.576330690 1.196295085 0.078946561 1.048405390 -0.169740300 -0.700277995
7.755992487 -38.814053115 5.662651405 0.232982165 0.238169672 0.794750102 -0.507313308 -0.041134005 -0.367926015 -2.291675159 3.062944884 -0.207582567 0.361236018 -0.139508403 0.445789302 0.715153426 0.408078140 -0.025955534 2.336844060 0.073449300 -1.509102795 0.615374688 -0.567369114 0.039080891 0.482684781 0.818763627 0.640233720
0.461486910 -35.919364251 1.739765025 0.103108446 0.942656351 0.256456924 -0.187076183 0.432509726 -0.005959136 0.300614848 1.255613880 0.211673921 0.740902292 -0.363872346 -0.584246508 -1.195326431 0.340489261 0.337140728 0.835997170 -1.114355576 -0.686060674 0.626805499 -1.660409732 -0.697403288 -1.143470447 0.265326559 0.473193591
-0.002913421 -35.845803261 10.035181839 -0.104099465 0.196169328 -0.509809690 -0.831128736 -0.037832271 -0.757680251 -2.229075895 -2.106599973 -0.549286064 -0.774919387 0.519903053 -1.965988661 1.586943409 1.536668081 1.710360766 -0.497744343 -0.351951478 -0.257228469 0.442019790 -0.312433958 0.426998488 -0.635738486 0.180688704 2.112549654
4.096996426 -42.189038251 -3.388691403 -0.142483854 0.004570910 -0.928048226 0.344098747 1.082328026 0.682920041 0.697416066 0.306515241 2.212853663 -1.313267852 -0.804869061 -0.405720282 -2.133049951 -0.384543325 2.072594916 -0.055318977 0.338774561 0.265786337 0.346846472 -0.645701337 0.279995261 -1.317175646 0.088196320 -0.450781077
2.925279388 -37.564170564 -5.393111483 0.093973935 -0.156495644 -0.982844831 0.026344838 -1.178758894 1.487496966 0.392764448 0.606159710 0.520050731 0.182165690 -1.218204479 -0.977772331 0.775074925 1.234351500 0.295198166 -0.190839755 1.166750556 1.109617231 -0.128086418 0.199747220 0.433499057 -0.041081550 0.912137249 -0.266663614
-8.581950245 -39.076268862 6.619901706 -0.153770945 0.254949165 -0.954212921 -0.028863856 0.688494048 -0.724569413 1.209068801 1.508238239 -0.483997320 -3.026650470 0.435636838 -1.453064085 -0.377131602 -0.018369244 0.034888165 0.638209694 1.113137977 -0.409718692 0.767392519 -1.018347922 0.132136983 0.334887707 0.032780284 -0.759885013
4.451779206 -32.350606868 9.972421390 -0.876777243 -0.476478472 -0.051464852 -0.039765564 -0.247808192 -0.659240075 0.899054219 0.000000915 -1.380555041 0.268479720 0.831048740 -2.662184420 1.527031573 -0.703809096 0.365492641 0.205960908 -0.124519847 0.664588963 -0.791914457 -0.479868927 0.970146309 -0.032429370 -1.019730535 -1.897969332
-4.606073741 -41.800586830 -2.978874033 -0.480110465 0.762117024 -0.364537043 0.236187063 -1.467266888 -0.745367226 -0.379316848 -0.348857314 -0.390908789 -1.509377186 0.401788454 -0.415534593 0.631132526 0.466186320 -1.339219234 -0.191634037 1.276124960 0.735368101 -0.108506517 0.337237117 0.650575757 0.054695438 1.516720937 -0.008832092
6.319781467 -32.143048539 -3.192690755 -0.002070856 0.386983085 0.762709008 -0.518184111 1.240029040 -0.103666122 0.828922543 -0.265198015 0.650132233 0.953011045 0.230674119 -2.343571713 0.254527181 -0.905963004 -0.184092850 -2.497031251 -0.363232789 0.247918499 -0.543138880 -0.499902045 0.479446713 -0.641246751 -1.938552064 -3.042996717
-1.521122213 -32.316273691 10.655685837 -0.399861572 -0.051177538 0.122229930 0.906946210 -0.081365612 -1.634020169 0.675744519 -0.978524259 -1.841090111 0.818428476 0.385397654 0.047751370 0.134354073 -0.396878751 0.992529450 -0.712891294 0.545629608 0.290119092 -0.852315819 0.711341685 1.091174499 -1.796798747 -0.069903154 -0.091557855
5.714062893 -39.627414594 5.989528497 0.405377223 -0.501178847 0.648461947 -0.404952062 -0.123126461 -0.869224901 0.228519460 -0.557951404 0.073056973 0.942603870 1.164875031 0.604177984 -1.222975383 -0.000292325 0.205833528 0.638613882 -1.115339717 2.395205266 -0.735783384 -0.218458280 -0.041728448 -1.735751012 -2.137967742 -0.969636870
-1.549324059 -36.266963075 -3.577421755 -0.732113195 0.225936564 0.290331323 0.573298056 -0.406933251 -2.536284400 0.488059975 1.192809717 0.808669049 -0.074498575 -0.074862537 0.272465674 0.128211727 -1.158061796 0.015488057 1.414775939 0.309901317 1.101163996 0.489987394 0.239660101 -0.398891510 -0.299145202 0.979039753 -0.664447478
-3.623831585 -36.711886466 -6.059489513 -0.158939423 -0.489646069 -0.298235039 0.803766663 -1.607389346 -0.511563514 -0.972603965 0.515187971 -0.982584537 0.437481749 -0.917076553 -1.706774631 0.644987733 -0.953672068 -1.838169947 -1.542676308 0.141888663 -0.815158724 -0.645106449 0.278649059 -1.602747657 0.327856689 1.181614295 0.195119302
-7.724656004 -34.910262098 8.432671800 0.776939526 0.184475426 -0.493461397 0.344716754 0.179695038 -1.096396287 1.162193263 0.233808681 -0.831047781 0.748868867 -1.663124718 -0.572928147 -0.009721433 1.079788576 1.872220402 0.292693024 -0.313234019 -0.765465884 0.632372438 -0.105866033 0.352473839 -0.315316729 -1.093481514 -0.074822733
-0.655640268 -29.630213719 4.613225573 -0.487974458 -0.300111768 -0.589312578 0.569670555 -2.267625982 0.018494739 0.636979414 0.280208456 -1.209246690 0.351805818 -0.786386194 1.397563040 -1.352332140 -0.812488735 -0.640477059 0.598279441 1.786302807 -1.412936039 -0.795752070 -0.163545460 0.271538050 -0.478773464 0.476526504 -0.055075086
-1.762550472 -32.863982780 3.478356044 -0.285582993 0.812465690 -0.503615714 0.068651800 -0.219587615 0.066611001 -0.698779120 2.028024997 0.979757588 0.129436669 1.241850877 -1.577395546 -2.245921676 0.168949243 1.457090288 0.808423332 -0.845259460 -1.804436546 -0.499606521 -0.500876729 -1.374382730 -0.189901736 -0.636215240 -1.382561420
-7.158521896 -32.106375055 -1.769993162 -0.246206253 0.486623971 0.094282564 0.832880778 1.132540788 0.165572445 1.492413993 0.769478248 -0.497187389 -0.525656479 0.406885568 2.290020888 -0.956000560 0.181317946 -2.034455357 0.828048695 -0.595459682 0.379077305 1.905350857 1.600048267 -0.001683756 0.086466984 -1.437410622 0.895321529
2.007879815 -40.699403698 3.538185555 0.501481837 -0.568143975 0.150701662 0.634836514 -0.019561254 -2.000642607 -1.066805923 0.256311993 -2.739108340 0.341952306 -0.199539160 0.393817699 0.497942368 -0.359497626 0.564960070 0.921571079 0.180058568 -1.359930771 1.276843609 0.419465432 -0.114277426 -2.352567858 -0.745206054 1.130490034
-7.894182279 -31.943783392 0.313150090 -0.839315245 0.084566764 0.489519728 -0.220836634 -0.816789146 1.090815966 0.001840958 -0.301192358 1.141466513 0.615197606 -0.585357777 0.044994726 -3.154964221 -0.747322727 -1.060009984 0.934432607 -0.258459289 0.433850411 -0.403547361 -0.421772741 -1.675977114 -2.004277789 -0.121787480 -0.127646193
4.068457573 -31.755890384 6.533395158 0.303721810 0.947078083 0.051544547 0.090218219 -0.780179364 -0.063261751 -2.330002646 -0.745351108 -0.467060128 0.757367534 0.226849483 -0.427119886 -0.984564395 -0.567397720 -0.316849305 -0.969758106 0.345123958 -1.955333972 -1.466338603 -0.137049036 0.245176701 -0.128958686 0.946795102 0.197292228
1.122947367 -40.999903952 1.005959269 -0.569718453 -0.441145942 -0.577438070 0.383896363 0.840697825 -1.452620261 0.723584011 0.434256934 0.784260729 -0.809576384 -0.622119752 0.671448787 -1.369967619 1.118398976 0.045664596 0.319901937 1.091869570 1.014004120 0.142687564 -0.380885657 -0.417623203 0.700899154 -0.299361291 0.662370566
0.603544025 -36.523142830 -1.184545154 -0.354463896 0.104991417 -0.887278256 0.275806898 -1.073908056 0.884990294 0.741117653 1.443297098 0.429408453 0.590589892 -0.265885099 -0.251616938 0.093563576 0.054892289 2.981661425 1.791845614 0.915060546 -0.402258941 0.604978669 0.687290089 -0.393542188 1.562459852 -0.660102381 -0.892852188
-8.069453501 -38.166549710 0.802013811 0.808744097 0.186004687 0.553551126 0.070116996 -0.226760760 -0.895104578 -0.165856489 0.722322182 -0.733756813 -0.149502665 -0.033556226 0.103515782 -0.113185018 2.217588600 0.411711774 0.866249655 -1.077295457 0.753924747 1.705895052 -0.276965870 1.535228835 0.210120917 -1.288367081 1.235123701
0.509579812 -40.338026291 5.632755625 -0.249083229 -0.466877575 0.654074792 0.540526634 -2.013733833 -1.196157202 -1.036586912 1.204793159 -0.102462617 -0.971444217 -0.343041218 0.239712524 -0.210280714 -0.582619974 1.125830389 -1.080379053 1.478409990 0.118900827 -0.888147849 -0.631181696 0.664410047 -0.277752184 0.051623957 1.132936567
-5.489398810 -33.587531810 8.001219560 0.748547623 0.572572352 -0.323434087 0.085016171 -0.766260022 2.078819849 2.106247314 -0.121844393 0.779191445 -0.338510679 0.935133315 0.457281578 0.147448450 0.316983729 0.022288132 -0.583439557 -0.460760277 0.166083066 -0.142598344 -0.575776605 -0.570866784 1.376858251 1.623322775 1.350887033
1.942236453 -42.908478149 1.840170855 0.954446018 0.244111399 0.137177039 0.103077073 -0.946229345 -0.372665828 0.763231912 -0.013809255 0.723753033 0.463927197 -1.325126128 0.404317434 0.324739048 -0.135477152 -0.382233617 -0.935322646 -0.464254115 0.987698278 0.662272184 -0.590307134 0.248279612 -1.347845268 -0.113046440 0.441466346
-0.185378402 -32.339841556 -5.872041821 0.037618568 -0.351746182 -0.650445088 0.672146304 0.574550081 0.252766985 0.456726741 -1.156726072 -2.462018889 -0.325480131 -1.378749065 0.355491528 -1.505064324 0.969886111 -1.108378791 -0.468382654 1.155183172 -0.227364433 0.550028899 -0.056155162 -0.593948659 1.875355550 -0.132640750 -0.128468993
1.072678206 -36.976998304 10.644836640 -0.702518068 -0.575602178 0.338646066 -0.245905143 -0.415520141 -0.695084276 -0.585914209 0.006116114 0.360628647 -1.718261021 -1.296367850 -0.941910375 -0.964051664 1.569461285 -0.560682407 0.037208368 0.921436358 -0.859101655 -0.004151111 -0.381462008 -0.293861306 0.926143162 -1.995176056 -0.224948971
-0.909588956 -30.092265543 7.989923427 0.286778500 0.882927075 0.355452493 -0.108864123 0.358392563 -0.713835176 -0.436879071 0.146511298 -1.615334097 0.442339089 -0.945558294 -0.113743772 -0.510968233 -0.741702279 0.130822534 -0.828864622 -0.382475213 -0.490098818 -0.298345231 -0.138960056 1.111502972 0.414774156 1.600507323 -0.302010697
-3.048308351 -28.021881433 -0.076566742 -0.748178573 0.299723641 -0.029593131 -0.591201157 -0.253637877 0.354212614 -0.538358673 1.257676821 -0.264997757 2.305114645 -0.011019498 -1.266265409 -1.331846778 -0.480384814 -0.129687471 -0.322971636 0.236779887 0.823569932 0.951130523 -0.509503824 1.136414099 -0.098863832 -2.032321659 -2.421178221
-0.922734488 -31.189678900 1.764070972 0.231568773 0.175392162 0.898135148 -0.330101119 -1.429772488 -0.639278620 -0.294486257 1.032948233 0.995670978 -0.430992638 0.591630052 -1.181020018 0.078638424 0.895130855 -0.400513842 -0.295399878 1.237600146 0.441588729 0.294728452 -1.502945216 0.095341905 -0.305725651 1.072170217 0.011038090
-2.536527986 -31.260750062 -3.454673448 -0.187823108 0.369423209 -0.534679134 0.736455835 1.468489638 1.488087765 0.104992471 -1.315849543 0.124296187 -2.093471520 -0.681935726 -0.458411304 1.691364831 -0.382847410 0.238958850 1.753477590 -0.251457464 2.068083351 0.410030945 0.232648632 -1.099176358 0.858316362 -0.754519743 -1.524610917
-2.705238229 -30.863064278 1.468387679 -0.182082030 0.791424312 0.019836548 -0.583181108 -0.006295204 -1.108933940 0.063074329 0.944338200 -1.159659133 0.544865589 -0.480880603 -0.964891475 -0.794812665 1.425341371 -1.422359464 -0.750538149 0.789195676 -0.441949543 -0.407690724 -1.253022071 -1.460323857 -1.464654449 -0.665311995 1.044218488
-5.357414062 -30.849828013 2.193320444 -0.623984679 0.399303047 0.449795516 0.498882943 1.153771250 0.337268625 0.696024900 1.053647394 0.829175111 -1.307327313 1.055966066 -2.246052144 0.043632450 0.065993080 0.194658915 0.701506494 0.475577442 0.462974311 0.359368680 2.209792803 0.053062745 -1.458793027 0.281663336 2.389402597
1.077751281 -38.120328358 1.001603735 -0.145468747 0.631575406 0.760692855 -0.036024019 -0.217772066 0.832333613 0.042885885 -1.173753486 -0.444522225 0.345211920 -0.086684156 -1.105109736 0.350901223 -1.327937575 -1.121794505 0.572047363 -0.851931397 0.731339048 -2.365167082 1.272496242 -0.714600274 -2.370276581 -1.549598924 -0.335883734
-2.919194334 -34.694581530 -2.934651914 -0.279300937 -0.019426053 0.484082110 0.829022391 0.371451482 0.593816721 0.265153720 -0.108207305 0.367554053 0.492252830 0.897602701 -1.330027026 1.021720236 -0.536120986 0.525162043 -0.422363189 1.462870686 0.788772414 -2.107193451 1.780583083 1.470163309 -0.130641243 0.362070315 -0.381053137
-4.024089870 -40.879596305 6.996371670 -0.243033590 0.040559639 0.038387019 0.968409018 -1.014469707 -0.493037322 0.575820705 0.036630567 1.345143265 -1.638787343 1.370533812 1.153682636 0.813578881 -0.048466825 -0.081145853 -0.253004541 1.019360514 -1.372605201 -0.427123706 1.240027711 -2.487119131 -0.621786383 -2.419073424 1.949064630
-6.314104965 -31.384252025 -1.309107039 0.552914473 0.447464002 0.238620742 0.661151793 -0.221581791 -1.355763888 1.890053362 -0.829561695 -0.525192439 -0.734415252 -0.037292592 0.663509440 -1.522559345 -0.138482872 1.428151607 1.639307316 -0.550368317 -0.370928900 1.627889956 1.205933564 -0.620034495 0.806185661 0.200109389 0.817659420
-4.781846073 -28.430966057 3.397852903 -0.581748128 0.380652443 -0.005462908 -0.718778819 -0.437504268 0.379319939 0.055524010 2.637027513 -0.801266765 0.744841958 0.269121955 -1.232277135 -0.894687990 0.426801948 -0.271221661 -1.221884435 -0.432798114 -0.841753405 1.133946807 1.128666685 1.462737568 -0.836721280 3.274058214 1.402597311
-7.510611866 -28.809282477 5.368928205 -0.093413170 0.303879573 0.931793945 -0.175189121 0.183269760 0.680499954 0.489109970 -0.787061452 -2.376744955 -0.997782829 -0.214193248 0.292892798 1.594924198 0.734050477 0.548416210 -0.130417885 -0.301439647 0.126222657 -0.162359759 -0.210405712 1.285453943 -0.170099937 -1.201191568 -1.619156987
0.188339230 -27.453208373 2.816238953 -0.132219088 -0.258437318 0.778971997 -0.555815520 0.289910595 -1.537081940 -1.174198015 0.802083198 -0.216074462 -0.340147501 -0.916569803 -0.432909085 -0.552809055 0.858499417 -0.743009947 -1.150578064 -0.388611334 0.598343262 0.278730798 -0.962667638 -0.061619686 0.630605249 -0.104820229 -0.236092849
-1.716994426 -43.226055270 1.993387570 -0.370895423 -0.634913143 -0.333485731 0.590007758 0.463500794 -1.118600302 0.896044993 0.057170596 1.534960061 1.051607442 0.198921580 -0.511025531 1.625044073 -3.294885208 0.231095216 -0.990231941 -0.527853147 -0.314974032 -1.428950972 -0.143822337 0.858278918 -0.171071801 -0.715739295 1.534698407
-0.180795953 -30.892838072 -2.484253241 -0.947687327 0.258352829 0.092517716 -0.163042992 2.560932312 -0.278775399 0.754961261 0.155191176 1.312846806 0.548143537 0.580764126 0.432641728 1.672773445 1.683799677 -0.882314198 0.492322227 0.201036876 -0.661070947 -0.328417110 0.565737433 0.378753065 1.278702437 -0.416428406 -0.222032770
-3.502491540 -30.237114874 5.798979915 -0.473557969 0.015149682 0.872780361 -0.117336173 -1.918729622 0.060271340 1.078860465 -0.619674983 -0.380392648 1.001063807 -0.429838746 0.646685456 0.252862493 -0.045812681 0.269149542 1.304043735 0.183503031 0.411922388 0.900341466 0.744413388 0.933890403 0.150514971 -0.476241674 0.782217857
-7.295929074 -40.388676255 2.125564474 0.388014855 0.201914472 0.887740575 0.143498046 1.345285040 -1.376023457 0.281992281 -0.578209111 -0.006499396 3.002902027 0.026105960 -0.078439051 -0.262050820 0.710997281 -0.124311578 0.638741984 -1.381500993 -0.921485296 -0.487632244 1.759762064 -0.447807623 0.257678722 -0.260239605 2.104058395
6.257957384 -31.525177681 -1.580767304 0.633762500 -0.472528679 -0.178572566 0.585810191 0.407581068 1.428787073 -0.591464434 0.728352900 -0.767051038 0.825702157 -1.624258515 1.183358522 -1.035856266 -1.616427109 -0.711784546 -0.344232819 0.240505181 -0.961327379 0.141952922 1.239480524 0.668563568 0.593079144 1.952938840 0.574385003
-3.794841186 -40.585740451 0.940522963 0.192196447 0.659493778 -0.687810853 -0.234616096 0.654389519 -0.650743997 0.598656384 -0.216896928 0.955383381 0.178713319 0.875823338 0.236079150 0.611278362 0.584189677 -1.799782019 0.298892499 1.267813215 0.391902570 0.700508785 -0.220019877 -1.597376997 -1.102601237 1.816782194 -0.795801006
-8.247285188 -32.222773632 4.089261445 0.334748862 -0.285730893 0.877395533 -0.190992500 -0.506106376 1.043841235 0.362089072 -0.451944819 -0.335179462 0.385153631 0.840887947 0.411107261 0.191385255 -0.297727372 -1.060873583 0.515858427 0.830890476 2.522329814 -1.707127403 1.090352588 -0.992741567 0.755110184 -0.340122994 0.984601798
-4.799018078 -41.371949112 -0.224242390 -0.100852023 0.551268316 -0.639415136 -0.526384268 0.526536329 0.358772543 0.828368708 1.381709817 -0.415747940 0.583296402 -1.346986927 -0.772895023 -0.169535198 -0.802464676 0.384921369 -0.736453210 0.051587804 0.185576440 0.913619510 0.671100568 -0.870082536 -0.271859433 1.373270850 -1.144140000
0.217114565 -41.885491489 7.211595628 0.175334972 0.649909200 0.341287264 -0.656047774 -0.376942787 -0.213371413 0.769500308 -0.763614042 -0.362992939 -0.683717692 -1.060114842 0.237764843 0.131623624 0.308628116 1.994953811 0.065581666 -1.165516136 -0.076129020 -0.307837854 0.604344458 0.633682708 -1.338482181 -0.115319520 -1.441541967
-0.374217374 -38.271363923 -4.584139339 -0.216006787 0.382103751 -0.312496095 0.842427434 2.027418962 0.258549079 0.708764531 -0.367050855 -0.141718806 -1.444192424 -0.433542484 0.181216798 -0.413944704 1.499787823 -1.492183738 1.460975861 -0.081999092 -0.340290186 0.395147851 -1.094834124 0.900347193 0.254894663 1.577941290 -0.404687674
3.309027783 -35.607525067 6.244226158 0.950283818 0.092001141 -0.012797249 0.297208153 0.349726387 -1.139264066 -0.262253471 0.110701275 0.188328121 -0.196497491 -0.120684813 -1.257657785 -1.729662605 0.527288750 0.393423092 1.099298188 1.432868733 -1.448458727 1.240551271 -2.228127847 -0.722617621 -0.526867537 -0.260216146 0.031350128
-8.460240516 -33.987915845 -3.562007501 0.578221648 -0.558662752 0.412938394 -0.427828865 0.213256918 0.032237130 0.523947083 -0.212504365 1.871686558 1.293935662 -0.786546645 1.041399197 -1.123881816 -1.139163534 0.467727863 0.642237680 -1.139547004 -0.036171040 0.959760392 -0.829000880 -0.612215296 -1.267069033 3.131079249 -2.263988604
0.039288281 -33.848934834 -2.672947526 -0.266470052 0.925973152 -0.224057203 0.146170455 -0.067456366 0.770524512 -1.515636356 -0.002577420 0.252737745 -0.700641951 0.014298810 0.002899628 -1.425004256 -0.231185947 -0.584635091 0.282621041 -1.500472469 1.714935638 -0.436121316 1.316439016 0.591214193 0.474384468 -0.762887658 -1.768963481
0.975073747 -27.894989665 3.723654685 -0.231205281 -0.477601451 -0.193118894 0.825315737 0.731477472 -0.156845925 0.157837109 -0.155358030 -1.628255971 -0.260895405 -0.070693733 -1.002266238 -0.480381143 0.052372216 0.537431260 1.267757864 -0.065839982 0.296258062 0.678567239 -0.071835467 0.068994632 -1.101095538 1.939256905 -0.295990546
4.024791724 -26.586776151 2.363190194 -0.098859282 0.709461893 -0.097982405 0.690861862 -0.121837545 0.382596711 0.920817921 0.658055266 -0.092876902 0.624893768 -0.852518668 2.677771645 1.065932202 0.755169221 -0.792340345 0.186502903 -0.293615165 -0.430702306 0.894178661 -0.096089796 -1.271156591 -0.178078128 -0.404050000 -0.339273528
-5.567964257 -29.535309667 7.919032884 0.120111069 0.732197574 0.657856108 0.129171919 -1.726348542 0.910308684 -0.685567270 -1.898974871 -0.069763349 1.719482470 -0.206316585 -1.082887318 2.147776814 0.663835993 1.703176230 0.327104717 0.482587079 -0.108110963 1.028171288 -0.265037863 1.632323037 1.342854620 -1.526646028 0.170282101
6.574599743 -35.173389499 -1.696970805 0.919384469 -0.356503279 0.002624975 -0.166224906 1.045229064 -0.536135852 -1.247113243 -0.849832324 0.895905792 1.251455679 -1.169172086 1.372620218 -0.610831043 1.083404004 -1.683874277 0.514819683 -0.255699407 0.250336123 -0.527932248 0.477285665 -0.974625208 -1.248134357 1.392577843 0.228513617
0.423364523 -31.027101114 5.136393095 0.846136603 -0.463862032 -0.022330532 -0.261507577 -2.663540274 0.334853699 0.360721386 0.214438041 0.265507040 -0.561326008 -0.276366898 2.402821776 1.096922262 -0.428916002 1.148248728 -0.507469706 0.219787527 -1.865528461 -0.285996333 1.114011357 0.079929185 1.099133408 0.959271472 0.678754858
3.566207461 -31.874981288 -4.212204199 0.014425148 -0.858736738 0.502225950 -0.100658952 0.738860267 -1.010905312 0.247704315 0.078609490 -0.209625745 1.572372215 -0.951472401 -0.439793333 1.271584849 -1.100572456 -0.600656070 0.128426555 -0.341325485 -0.955752113 -0.833160456 -0.042892537 -0.238593974 0.462285339 -0.878339254 -0.556911011
6.277974830 -34.963649389 -2.549245302 0.288367312 -0.094828231 0.417320572 0.856560237 -0.790129015 -1.366871482 -0.841136841 -0.361318082 -0.798388489 0.472638806 1.937168586 -0.701660699 -0.951947810 0.322803023 -0.569433411 -1.416030466 -0.515494293 0.404956390 0.670501835 -1.383251207 1.025398974 -1.206674431 1.801586870 -1.037030675
8.072200922 -34.991809480 5.629836728 -0.782338105 -0.607306043 0.138298393 0.000118436 0.559233880 -0.189256779 0.208409196 -0.538296966 1.361536022 -0.282221515 -1.350666380 0.516550145 -0.497703639 -2.155216038 -0.519994408 -0.412493542 1.785324138 -0.493115613 0.171349403 -0.342869042 1.822588535 1.082471101 1.399046670 -0.805941980
-2.572375056 -34.239782402 -7.683529149 0.721401004 -0.033400414 -0.540083462 -0.432174568 -0.093088784 -0.629143254 -0.011004651 1.197851407 1.953546495 1.374041475 -0.258270647 -0.304754075 -0.110560910 0.904406345 2.020745364 0.020630489 1.385852681 -2.376516437 1.331221339 -0.207203849 0.197602394 -0.802840691 -1.745276523 0.324909927
-4.918918377 -40.228248085 7.295791604 -0.981022738 -0.015730186 0.042331350 0.188560351 -0.950591120 -0.389611720 1.252820006 -0.260348674 0.129038153 -0.652291310 0.967807769 -0.426503433 -0.705093991 1.075153524 -0.260221080 -0.246287231 -0.421574773 -0.563710375 0.297937115 0.918542210 0.430771317 -1.346433856 0.155618767 1.328329753
-9.830446512 -38.609553343 4.307315313 0.678134757 0.032951303 0.575663770 0.455695828 -0.500847420 -1.669368301 -1.291435285 -0.819387194 -1.959821326 -1.199612346 0.363860489 -0.603655216 0.691172997 0.754262968 0.120524354 1.126018088 0.190312175 0.786443579 0.100498686 -1.028562583 0.192516006 -0.223374078 -0.592727923 2.175469892
2.708909190 -38.684232638 -2.878077634 0.426540942 -0.318082801 -0.404801591 0.743654374 0.738877071 0.017410881 -0.723997402 -0.265767122 -1.707920328 0.577728403 -2.069560571 -0.038628791 1.241075671 0.883760402 -0.182898130 -0.686420352 -0.145626130 -0.092087191 0.395416423 2.290814307 -0.225525404 -0.199555603 0.836971841 -0.127119728
3.895351614 -36.237180770 0.319239291 -0.462508715 -0.541552283 -0.657884481 -0.244938407 0.062492293 0.433096785 1.021356592 0.829231514 -0.095424424 -0.570757268 -1.001307990 0.545307642 -1.417486027 0.371907466 0.939067497 0.764507657 0.701392203 0.820236533 -0.376006627 -0.740922443 -0.261197497 -1.264642850 -0.697374387 -1.643736430
3.239009500 -37.200940058 7.707394872 -0.194720402 0.270934521 0.102424571 0.937116672 -2.279382103 -0.919559751 0.889044694 -0.527150807 -2.377103289 -0.313618030 0.515958904 0.042518961 -0.346720019 0.116956727 -0.918085904 2.466360800 0.062294726 -0.771436275 -1.299614316 0.662886745 -0.143166909 -1.934282955 0.384311793 -2.417436418
0.986492878 -33.022855580 7.695716573 -0.537040550 -0.194968943 0.581130035 0.579536403 1.389400780 1.811370925 -0.840386363 0.973367637 0.630026355 0.159373292 0.406127601 1.504625654 -0.925240736 -0.292880335 0.465533183 -0.027495019 -0.835609569 -0.982113266 1.180109710 1.544172304 0.870679940 1.353534480 -0.922077420 0.673612856
-2.703520246 -34.226689550 -1.431614645 0.889814353 0.138951214 0.423613083 0.097339267 -0.895524053 -0.921343803 0.027187653 -0.159316881 1.559296400 -0.152356394 1.404734936 -2.180616931 -0.463413723 0.645247821 0.864084741 -0.748434710 -0.912838469 0.078845170 -1.096609295 -0.883589614 0.385726431 1.575278471 2.428461971 -0.092639898
-6.213694424 -42.121591186 1.099999163 -0.968441594 0.092600895 -0.000608963 0.231399183 0.062380710 -1.031459198 -0.427878133 -0.821997770 -0.577695139 0.328620099 0.215238657 1.218660863 0.314269015 0.115926133 -0.580654531 -0.746992483 0.462326867 1.308740725 -0.830326592 -1.367544523 1.194001961 0.780537839 -0.494128584 0.347450632
1.623656779 -28.931443940 -2.104103026 -0.897563164 -0.305871353 0.271514836 -0.164629206 -0.340134209 -0.041220929 1.287006403 1.592683062 -0.280591039 1.184641421 2.325993631 0.180798044 -0.437685256 -0.817516961 -1.040539524 0.322150244 0.656877126 -1.573066806 1.090203169 -0.883796923 1.350614370 0.513005485 -0.606402476 -0.538771273
1.894246793 -31.125142146 10.165542718 0.704538259 0.075285232 0.420666535 0.566566538 -0.181593019 -1.029080082 -0.500954171 1.413205570 -0.664199764 1.545448087 0.866409455 1.649123887 0.522561947 -1.191843661 -1.353281082 1.018191095 -0.399272655 0.784695550 1.534427252 -0.672837161 1.108282856 0.646963539 0.104501859 1.181388367
-2.440852286 -41.812945792 0.135304287 -0.896401120 0.023589815 -0.359200752 0.258618200 -0.257766745 -1.549509664 2.050767461 0.148282780 -1.589806766 0.387137994 0.816796315 0.796148014 0.702682091 -1.273885992 -0.378210971 0.919039067 0.084846526 -2.043191358 1.378192808 -0.870447958 -0.436068209 0.570664942 -0.481823012 -2.077053533
-5.764499359 -37.443385935 4.298693200 -0.203164298 -0.254026881 0.938038265 0.119494038 -0.275898525 -0.231128919 -1.232907852 -0.062686641 -0.514356588 -1.161933840 0.430437771 2.006781267 1.500876670 -0.849288222 0.550206129 0.541254150 -0.093151781 0.091729818 -1.005985543 -0.036698493 -1.656702174 0.766251663 0.774528548 0.344198639
2.212808626 -36.810098477 7.833345597 0.340892758 -0.481047652 0.495551146 -0.637819994 -0.543673581 -1.141594303 -0.572254275 -1.030446304 -0.119112279 -0.176343046 1.360805412 -0.607950111 -0.557806375 0.725733950 -1.423130459 -0.058940284 -0.571011733 1.156137998 -0.274801163 0.757157081 -0.571305060 0.654670354 1.456336404 -0.225939913
7.965590266 -34.063774149 -2.511798411 0.241979826 0.910737338 0.268972844 0.199140339 -0.523769764 0.921859013 -0.746456513 -1.191263211 2.182660270 -0.415802048 -0.023358675 0.937329696 1.710292527 -0.027383663 -0.930667377 0.833741035 -1.361178197 0.155155347 -0.505229979 1.934005278 0.121471603 -0.873065636 -0.496862241 0.810555327
-10.065846109 -37.533028569 -0.015834633 -0.798740518 0.213800836 -0.261622641 -0.497851766 1.205499871 -0.651709339 -0.097178724 0.618810894 -0.402814942 -0.938912960 -1.041546107 -1.923316190 -0.345218260 -1.039488756 -0.426492553 -1.058983012 -0.711409572 -0.669823651 -0.834077673 2.261708978 0.240619604 -0.253075293 -0.927778856 0.018691501
-3.296278683 -30.179420782 1.410137003 0.200155640 0.348726767 -0.262926946 -0.877038644 0.582763415 -0.248595548 -0.469456640 1.810919182 0.717681128 -0.598552156 0.228721198 0.034093880 0.159965824 0.566069622 -1.539298535 -1.184416363 -0.077713363 1.752296893 -0.538171990 -0.339771418 -0.212610941 -1.667829151 0.155638407 1.248406334
-4.709991515 -37.537728946 9.741724525 0.196882836 -0.217048646 0.878972235 -0.376211169 1.448641671 -0.798152239 2.621984392 -0.853321122 3.365215775 -0.716926449 -1.444359669 -1.902508544 -1.332967822 -0.264376859 -0.294621186 0.766642143 0.951352735 -0.182715316 -1.610383099 -0.845198980 -0.997405873 0.547154299 0.045430368 0.347919427
3.866430016 -38.510399657 6.541772014 0.561192338 0.459366297 -0.688368993 -0.013924580 -1.416001094 0.259643386 -0.702349065 -0.694131715 0.916668628 -0.935850760 -1.165011946 1.636834618 -0.471928824 -0.973562693 -0.240795176 -0.962515978 -0.181338768 0.526052834 0.853859992 -0.911864030 -0.833398997 -0.240146346 0.237295556 0.591475800
-5.482160813 -30.735327553 7.566625847 -0.332181593 -0.432056045 -0.666412554 0.508799834 0.873188535 0.951014486 0.798982104 1.321655508 1.152814429 1.678542940 2.405949168 0.081405220 0.085280805 -0.455981508 -2.124197142 0.215708938 -0.846269968 -1.177229375 1.652731075 0.424975621 -0.984508923 1.352620319 0.546918803 0.732555255
1.962591023 -39.264366158 -1.340998899 -0.145959137 0.185652872 0.323734053 0.916201509 -0.084828176 1.263653727 -0.235882703 -0.696620577 0.461739280 -1.615592599 0.716635300 -0.530790670 -1.341760932 0.257791594 -0.501812081 0.855015775 0.736967918 -1.880292592 -0.813137947 0.927365060 -0.465085793 0.092236263 0.271167109 -0.183014864
-0.280031694 -30.791764760 1.399796963 -0.238902489 -0.968651868 0.054612887 -0.040701249 1.379728805 -0.827773228 0.328977476 -0.990427675 0.366883982 0.647554060 -0.553468535 -0.564089128 -1.445541939 1.253090045 -1.700266184 -0.216105489 -1.299188394 0.705411654 -1.537729797 -0.455305593 1.634991298 -1.197852742 1.668694134 0.636435826
-5.079781704 -34.504597836 -0.322735743 -0.164262434 0.274136795 -0.611244855 -0.724048753 0.510260807 -0.173887641 -0.855275159 -1.894463344 -0.844497485 0.188015716 -0.299855751 1.937758537 -1.253658844 0.450060235 0.821405938 0.360936624 -1.195301376 -0.910743290 1.094681257 -0.815996203 0.492435940 -0.915011081 -0.216721117 2.253391406
-2.123468351 -36.823691215 3.830279076 -0.871168066 -0.477302765 0.095186462 -0.064713281 -0.680313641 -0.686313577 -1.916051117 0.122235574 -0.547766556 -0.524277607 0.264918600 0.389703177 0.199432504 0.334726924 0.322981497 -2.908702763 0.137738453 -0.938778872 1.781825843 0.420088400 2.133031194 0.619611860 0.319011327 0.095907723
7.689078883 -40.328337136 1.429469544 0.100415549 0.427685388 0.245780854 0.864056537 -0.353306263 0.285556580 -0.853368356 -1.650395729 0.488768913 1.573470220 -0.530502592 -0.010252538 -0.100471413 -0.362355211 -1.147809375 -0.285084660 0.159629479 0.560846267 0.006962341 0.363031199 -0.285607762 0.660896579 0.658611531 1.511117158
0.843272240 -42.514852699 5.890320310 0.600047191 -0.553761302 0.184285789 0.547111083 0.684232810 0.553339318 1.484294213 0.209642548 -0.638355288 1.101250449 1.511118175 -0.442322378 0.860388048 0.815161780 -0.701749262 0.563805900 -0.072455297 -1.098832160 -0.545292673 0.516425570 0.349116104 -0.234197696 -0.397914781 -1.449709222
0.540979505 -34.063390250 0.743604114 0.590421744 -0.573921825 -0.211205392 0.526695535 -1.318509990 0.862415848 -1.069590634 1.585254160 -0.680470554 0.683982746 -0.043772553 0.141230485 0.901146150 0.761096537 0.879998000 -1.644350146 0.856124321 -0.919364333 0.420186706 -0.783575692 -0.969248275 -1.019795705 -0.470573144 0.160319059
-5.278136849 -32.369366893 4.222282604 -0.333651713 -0.862220143 0.250204208 -0.287490545 0.513210414 0.708020969 -0.922854398 -0.098606316 -0.136571679 -1.283845715 -0.469306170 1.025104017 -0.769580649 0.655686636 0.830146956 1.479006634 0.882740379 0.310354349 0.904240034 0.845885003 1.229224122 1.567856130 -0.422547133 -0.874493741
-5.458496207 -31.897171488 -2.920631820 -0.320992098 0.650504280 -0.171321106 -0.666676334 1.138924777 0.965667730 -0.503964562 -0.507824635 0.700154134 1.013149112 0.729807384 0.583818138 -0.053461336 -0.153966970 0.416771066 1.485680822 -1.454564738 1.103387380 1.555375105 0.052064673 -0.472566506 -0.503279930 -1.694755571 -1.512370785
6.179979371 -34.188732658 -4.809513978 0.576993981 0.237576467 0.678612578 -0.387453657 0.826844539 0.212172394 0.434806268 0.665631870 0.229662194 -0.123498844 -0.867113773 -1.220854891 -1.465140125 1.047334560 0.702362569 1.322882531 0.231485761 -1.219190908 -0.069299979 0.694409713 -2.318612623 0.333483238 -0.821653030 -0.259041072
