-13.434599777 -25.808410472 25.518338261 0.523945572 -0.236403764 -0.812340584 0.098473721 -1.007355277 1.526398104 1.151941638 -0.840194691 0.206877217 -0.306644046 -0.443804860 3.401765825 0.344379814 1.169791459 0.622369068 0.339277033 -1.148403388 -0.635057715 -0.582261703 -0.575566119 0.002107517 -0.072420090 1.779530660 -0.264760315
-8.073931632 -17.633528389 29.026591364 0.213014457 -0.753598753 0.585525162 -0.209461321 -1.354781130 -1.921299428 -0.808578283 -0.775312229 0.299548939 -2.329114788 1.280971774 -0.188725014 -2.079303728 0.072706908 -0.222035741 -0.440149464 1.425156168 2.620604413 -0.112921816 -1.668598771 1.558967505 -0.021672176 1.712806253 0.236973705
-19.771747595 -14.120928752 30.921110310 -0.409568246 0.561756096 -0.440627067 -0.567918768 1.043194443 0.350663500 1.324559869 0.406295676 1.836375189 -1.920326922 -1.260641762 -0.284561212 -2.435873871 -1.786242218 0.237996549 0.159651040 -0.221100229 1.371725035 -1.817663863 0.133765872 0.029241028 0.634287167 -1.063435639 0.308510738
-14.173364103 -15.606306470 24.695567382 -0.396501196 0.679697859 -0.393648910 -0.475224323 0.301252599 0.080592525 0.455069249 0.052434749 1.704430324 1.696976432 -0.873818916 -1.696480786 -0.478864232 -0.768284082 -1.431962663 -1.184659548 1.488196482 0.297965567 1.473711849 -1.369737043 -0.847771243 -1.099433821 0.152236373 -1.508849546
-18.227368354 -32.265221559 28.737491303 0.770184470 0.001479433 0.375568310 0.515521230 -1.681928718 0.628627965 0.572078139 0.301497731 -1.893849519 -1.745404838 0.593612633 -2.190679592 -2.207767894 0.370598356 0.660652286 -0.046260272 0.855804463 -1.095518552 -1.406458470 0.795216837 0.939459724 -0.139831066 -0.925235892 0.264684155
-16.372709419 -24.343225906 21.139675361 0.571738852 0.275497004 0.073956045 0.769250668 -0.515495085 -0.385092225 -0.211914774 -0.032680758 0.882665251 0.619555004 0.074244720 -1.301269724 1.502888842 -1.054489473 0.417741135 -2.222605815 -0.084712036 0.069780008 0.515183729 -0.116097893 0.966256732 0.563021170 0.338454855 0.350958108
-13.617869708 -27.683533056 33.848567753 0.225274424 -0.307844831 0.886289351 -0.262629358 -0.393532889 -0.457000152 0.045556273 2.100973783 -0.775579867 0.576874099 1.242247671 2.712439207 -0.585948034 0.182350619 -0.531659777 2.605700833 -1.090876690 0.553985168 -0.982072105 -1.146614586 0.068150318 -1.112339946 0.808956033 -1.525951991
-20.632885852 -24.602433916 22.146209070 -0.076040123 -0.422383599 0.051889900 -0.901730244 1.495553782 -0.319965837 -1.262950501 -0.021982605 0.520591528 -0.428905478 -0.596462934 0.922958059 -1.109157297 1.146795398 0.852260924 0.990342816 -0.319790150 1.063379201 1.826276335 0.860956674 -1.171944615 0.266695689 -1.163618503 0.150551320
-20.875100399 -28.049460178 28.432491859 0.509397202 0.122192281 -0.766785456 -0.370976551 -0.488529434 0.485292592 -0.838522105 -0.992775104 -1.452011431 0.189625859 -0.654730529 -0.268642914 -0.553110537 -0.386284739 0.198587941 1.227193272 -1.037868698 1.550380363 1.313407304 -0.580478541 0.065570475 -0.172229615 0.480209791 0.011357014
-25.191367391 -19.933976197 30.192905880 -0.294500937 -0.814058053 0.391464367 0.311984510 -0.021499569 0.232491108 -0.374471767 -0.257324469 -1.119692254 0.172132210 -0.262291160 -0.811413531 -0.477324198 -0.509352106 -0.049189500 -1.054552479 -1.152332011 0.048111628 -0.337769653 -0.290134437 1.546603338 -0.162876209 -1.526141021 -0.093280583
-12.787584934 -28.641902041 20.829157632 -0.801520117 -0.002112952 -0.217813226 0.556882784 -0.023028358 -1.093103051 0.266674714 -0.623168652 1.573762360 0.584212550 0.580367114 -0.795635869 1.083950454 0.442518421 -0.084783339 0.839094631 1.965456195 -1.267573856 -0.310532491 -1.827471808 0.683849309 0.587550051 -1.097440636 0.167706427
-8.244774306 -26.740786526 23.375023567 -0.805855073 0.408567710 0.092579562 0.418448386 -1.206372303 -1.293413876 2.009673348 -1.267680149 0.849968446 -1.349271760 -1.463220342 1.510690516 1.355552414 -0.030284759 0.270829137 -0.239253045 -0.030798409 -0.603906161 -0.278209225 -0.806378043 1.083959869 -1.182762354 -0.305527768 -0.347876286
-16.956800818 -18.594297494 31.854459023 0.094728719 -0.947992068 -0.187779076 0.238906942 0.557054778 -1.007520738 0.013617231 0.579988134 0.805761240 0.322238870 0.362442075 0.645121523 -0.693318262 -0.670441872 0.810471511 -0.969370178 -0.106731718 0.736626506 0.325812944 -0.269944281 0.548343130 0.713702626 0.793370892 -0.774971199
-10.198774725 -19.954519497 24.199916222 0.211096245 0.149969409 -0.458647948 0.850052711 -0.700480915 -0.301637755 -0.927505884 -1.161191385 -0.373639707 -0.505932770 -1.549350114 -0.548412141 0.175081547 -0.259753362 0.273492618 -0.231932737 -0.353774441 0.776364669 -0.275811060 0.602911538 -0.404564178 -0.295271340 -1.247589999 -1.398573666
-12.385284638 -18.342192660 20.918563268 -0.728039488 0.096619835 -0.603398329 -0.310698516 -0.574193305 -0.562385678 -0.478535890 1.363422188 -1.108086194 -0.627850479 -0.461570736 0.436927179 0.797242226 -0.163413942 1.826156918 -0.728964401 -0.928531760 -1.596118367 -0.995440673 0.947570636 -0.849796337 -0.982478578 -0.616454685 0.930193758
-23.149280945 -22.336347805 32.997284850 0.131861871 0.577724738 0.780773045 0.198090955 1.615327205 0.385308405 -0.545095302 -0.360277602 0.569407283 -0.419469463 -0.224312693 -1.227399718 -1.329650454 -0.078815383 -0.275892376 0.850052026 1.715862095 -0.285927663 0.343197611 0.079361623 -0.547739067 -0.055056437 0.711976835 0.982141558
-18.117756980 -20.454054804 33.649443546 0.142766896 0.070074879 -0.923152564 -0.349994955 0.043335852 -1.242617911 -0.186182814 -0.635400095 0.630306537 -1.149076551 -0.582765705 0.557041393 -0.885625062 -0.538460268 0.330033137 -0.662704166 -0.286220982 -1.512078295 0.383944860 0.451944127 1.014086787 -0.289487022 -1.024496503 -0.426515164
-12.369846277 -24.321060599 35.712089260 0.475967519 -0.281147670 0.403391214 0.729168319 1.098148461 0.889557141 -2.688495429 -1.174691208 -2.251615080 0.443096943 -0.295317913 -0.108761335 -1.155941775 1.550412993 1.787316853 0.610961001 -0.018968732 -1.520760350 -0.756212200 -0.642977950 2.254028678 -0.044169223 1.527073338 -0.438259204
-21.000695086 -29.843238100 25.380538142 -0.312202374 0.086544332 0.263595926 -0.908601642 1.412488119 -1.225039325 1.821514698 -1.614189886 -0.741901006 1.212768333 1.145421599 -0.327056419 1.680653715 0.770996764 -0.095799946 -1.191638297 1.587116040 0.565467443 -0.240963684 -0.364275365 0.433532066 1.574461567 -0.895267819 0.636104889
-12.561218117 -26.851888283 34.831321762 -0.249731569 -0.000252742 0.515884746 0.819449211 0.080070442 -0.400574097 0.547414473 -0.198845119 -0.612770744 -0.583955697 -1.308480680 1.562533219 -0.106568445 -0.208555088 0.862335164 0.580856085 0.701421511 0.244785060 0.425975014 1.423697612 0.496003405 -0.180856129 -0.856448746 -0.262684784
-17.055851709 -15.070089783 30.281211586 -0.032275444 -0.601973134 0.750989950 0.269445239 -0.359019523 -0.266353755 0.719550466 0.834499789 1.042799962 -1.061934410 -2.310577498 -0.661321233 0.944775614 1.440130743 -0.653997029 -0.031646002 1.345329889 0.904070204 -0.814980817 0.246094825 -0.125612329 -1.100140145 1.538429717 -0.464696362
-15.142824578 -21.759835255 25.025596699 -0.173256343 0.781718082 -0.273152563 -0.533185481 1.610264755 0.719963695 0.561477056 0.550109340 1.583273037 0.626384535 0.548856996 -0.632027241 -0.837325072 0.327419372 0.204755548 -1.319462783 -0.518463590 -0.333429513 -0.169494889 -1.472897020 1.254317482 -0.414194763 -0.603696643 -1.596817334
-15.229821820 -15.543209285 26.869465321 -0.733747164 0.081882843 -0.118638515 0.663954217 0.282747142 1.597767525 0.591445843 -0.836190258 -0.048517029 -0.022897872 -0.540007234 0.723526716 0.686198202 -1.072680832 0.901361579 0.211752447 0.273950946 -0.120711063 0.501015322 -1.050750856 0.677420002 -0.100378611 -1.535056510 -0.903685157
-21.326534654 -17.549888655 27.783352266 0.095552558 0.001357681 -0.348003927 0.932609850 -1.837210715 -0.574723082 -0.515324127 -0.480512974 0.040285851 0.683417896 0.437084323 -0.020043348 0.637051623 0.821131955 -0.112477576 -1.494856095 2.366133081 -1.418417724 0.538147439 0.497484537 -0.960406955 -1.019249045 0.173624926 0.431951872
-15.785924521 -21.252718161 27.858756758 -0.428031825 -0.368565131 -0.528950609 -0.633371734 -0.336359933 -0.185975489 -1.434447803 0.939735865 0.125810460 0.142637492 -0.684166754 -0.360129934 -0.537239344 0.737769059 0.117206031 0.529799113 1.011342516 0.771248634 0.135134941 0.042064771 0.127634656 2.246186089 0.591190397 -0.163433889
-9.654459743 -16.557703905 25.681200654 -0.260047854 0.511769429 -0.813513050 0.093078904 -0.650021605 -0.379894362 -0.218554150 -0.026835646 0.351716459 0.392415884 -1.169332764 -0.493705300 -0.602429628 -0.129371117 -2.675734292 -0.422376489 -0.884104805 -0.628319998 -0.850449173 0.099464387 2.143210992 -0.884546296 0.130410951 0.877600843
-9.972160430 -19.979488680 33.877496512 0.237243633 0.188527633 -0.801504415 0.515522515 -0.735783822 0.260196019 -0.819800082 0.220845282 -1.230141313 -0.588317591 0.488333669 -0.652762511 0.772425424 0.769921023 1.240061425 1.302192401 0.237482295 0.115933376 -1.190487779 0.414355285 -0.328428630 -0.296222244 0.189421017 0.870176159
-17.777547347 -26.441095970 18.860432046 0.788760028 -0.546704657 -0.025551709 0.279854865 2.532407680 1.133913480 -2.387529984 0.390873741 0.310066499 -0.312622343 -1.152697792 1.252489628 -0.337508643 -0.779891224 1.691620964 0.262075507 0.818683259 1.289608908 0.248263762 0.686396875 -1.548920783 0.114777262 -0.235079945 1.375568023
-13.752254486 -17.612277312 30.394298659 0.417899275 -0.870757920 0.181068432 0.185351188 -0.056282720 -2.119086371 -2.681277774 0.627845186 1.092465657 1.089339524 -1.455782956 0.790742602 -0.476696024 -0.193532873 1.204631688 0.077598145 -0.704685461 -0.038366522 0.883828394 -0.542128555 0.440556733 0.590931831 -1.523615977 0.179975327
-19.363448418 -20.214789473 22.692024545 0.090591337 -0.013079727 0.419673945 0.903048122 0.135011264 -0.804238545 -1.101940911 1.422277477 -1.559138176 1.195804984 -0.391592535 0.267261527 0.438517504 -2.179217005 -1.156561759 -1.297277021 -1.702889880 1.430734889 -0.264429206 1.952269203 -0.956272732 -1.370499796 -0.215288228 -1.258860046
-12.739042586 -18.033385262 23.746761857 0.111842741 -0.696726588 0.694101407 0.142430687 -0.774808451 -0.515964406 0.936987591 -0.870304988 0.513737483 0.283552727 -1.778709847 1.208384176 -1.208905722 -0.972853703 1.512308557 0.265659497 1.285367314 -0.273407488 1.470726393 0.159755099 -0.331736933 -0.831064052 -0.906877395 -1.125445485
-21.363550841 -19.679794431 25.128229001 0.058717487 0.056578052 0.875254520 -0.476739663 -0.137145291 -0.304523102 -1.064184033 -1.118659167 0.665657201 -0.674561420 -1.150082856 1.000582953 0.252575272 -0.505206914 -0.099990735 2.259510541 -0.444051501 -1.181118132 0.757104653 -0.959451913 -0.569307564 0.002439961 -0.050140646 -1.270906623
-11.402360987 -21.614743401 25.487649882 -0.383997387 -0.897864145 0.215077181 -0.011304380 0.573958817 0.440865276 0.683726471 0.876010487 1.752103031 0.831836047 -1.208757397 -0.645715710 -0.989141026 -0.554314581 0.265942378 -0.295250773 1.250832055 0.225795978 -1.626323138 -1.455420958 -0.279890443 -0.748591691 -0.455982409 0.734166534
-14.857601217 -20.927620152 26.085465231 0.281983510 -0.715367500 -0.605287054 -0.205820851 -1.081946994 -0.238364945 0.426255017 -0.136226478 0.076940776 -0.186589006 0.476094495 -0.293129897 -0.571574300 0.082641370 -0.123139430 -0.833143081 -0.348113118 -0.355667783 1.613611012 -1.140772121 0.075552123 1.899950661 -2.078705007 -0.123777355
-14.006598581 -25.831293752 18.343208542 0.025399800 -0.778357204 -0.213690322 0.589789250 0.839958150 -0.661688548 0.603375206 0.600458441 0.579528861 -0.858957918 0.000977601 -2.293164148 -0.331961934 -1.606647126 0.461483690 -0.884846800 -0.708365860 0.053906263 -0.697441201 -0.176669585 -0.983626976 -1.272092861 0.468297494 -1.439275825
-17.998662441 -24.139831945 33.737867181 -0.912577048 0.085019348 -0.373242978 -0.143751594 -0.252023501 -1.637376460 -0.262538418 0.768733452 1.448260515 0.765305845 -0.379944283 -0.723092343 1.171923576 0.106021064 0.733458479 0.206057413 -1.582842980 1.466164471 -1.448666814 -0.488572738 0.474289104 0.223336618 0.639628472 0.689600466
-20.483029901 -23.631476397 32.182841438 -0.737328949 -0.580372303 -0.245363852 -0.243537658 0.037699345 0.127419278 1.380822872 0.434799817 -0.742806138 0.208091603 0.061597155 0.105582105 1.625129941 0.602515714 0.563107882 0.283748775 1.278990215 -1.304884795 -0.358877318 0.257660148 -0.097689943 1.906734461 0.128073675 -0.730788698
-17.127055531 -22.509728136 20.126323660 0.909003585 -0.211635069 0.197019375 -0.300177356 -0.259030969 2.052280561 -0.732210863 1.792280453 -0.993546993 -1.538919811 0.221340160 1.222008484 -1.047748182 0.193037500 0.567946218 -1.001076659 0.907300084 1.142536219 0.133824149 0.987574731 -0.937301782 -0.505568368 0.369245435 -0.739330178
-15.068049437 -18.293483119 18.886966510 0.770800527 0.035643112 0.493698318 -0.401071175 -0.256605971 -1.297930932 -0.117752742 1.082208009 0.087695184 1.673832647 0.051212825 0.618960554 -1.088956114 0.265660328 0.281379377 1.753788530 0.126864906 2.398592202 1.023768512 -1.664282412 0.857505393 0.927919122 -0.720057384 1.329882905
-14.390024974 -23.393644488 20.574005061 0.352914807 -0.404797590 -0.620985113 0.570935671 -1.030179128 0.242768706 -1.677256384 -1.534250694 1.366680627 -1.522948444 1.206233582 -1.510772112 1.064296696 1.513756456 -1.381330978 -1.067480723 0.796498767 -0.457578334 0.056705464 -0.658854645 -0.980757903 1.459391441 0.084829413 1.567516856
-14.148531508 -23.308419813 21.628127681 0.878902889 -0.075417820 -0.097390542 -0.460822033 0.739272884 0.110895895 -1.105031140 0.060425233 -1.036915467 0.140542023 1.232459601 -0.125991739 -0.863263852 1.978117509 0.133371980 0.822378707 -1.382384968 0.585469530 1.490230401 0.282122521 1.322819693 0.716755633 -0.709099593 1.681883305
-20.282798217 -31.220178093 24.759242971 0.575837509 -0.253209721 0.187211318 0.754485204 0.078318500 -0.279017767 0.895941305 -0.255472623 -0.806852477 0.218512654 0.453997631 -1.717430369 -0.245165477 -1.047586862 2.242263783 -1.380509243 -0.363193987 -0.147808205 0.114446422 -0.355570211 -0.911686274 -0.395388540 -0.033141565 0.308058980
-19.693358056 -28.291719507 21.860394779 0.799238236 -0.031543497 -0.407212211 0.440909815 0.731840015 1.641423712 1.906366012 0.227712681 -0.925507683 -0.236858689 0.409373801 -1.087670503 0.376495499 -0.289397474 -0.966044198 0.608223770 1.097805657 -1.361786390 0.408138823 -0.785531339 -0.584226286 1.374631804 0.543401093 -0.878284149
-23.672761934 -23.522315438 24.369190776 -0.809612108 -0.239451214 -0.467677549 -0.261665935 -1.008078590 1.042922735 2.652160936 1.531288375 -0.717932152 -0.012576341 0.613542639 0.010572927 -0.510466061 -0.209654506 0.427064768 0.127088727 1.217097476 1.084877322 -1.434761344 0.131856364 -1.367631054 0.868201832 -0.095533068 -0.304868726
-11.844930431 -18.707913585 22.420420624 0.324372408 -0.908534143 -0.126689629 -0.230863576 -0.292358663 -0.027348762 -0.145167214 -0.157382437 -1.753667429 0.646929129 0.744128951 -0.875077548 -0.154868830 0.512740483 1.140244320 0.251158027 -1.122482512 0.337666185 -0.286321101 0.246778415 0.732131402 0.051864368 -1.115977371 -0.702113177
-12.351730723 -19.834037290 24.424708026 0.244568668 -0.963410457 -0.093906689 -0.056639140 1.383510954 -0.402884319 0.415070979 -0.946950412 -0.114990409 0.230328986 1.126780733 0.842029748 -0.121898208 0.419996512 1.035921697 1.114470912 0.236990543 1.805660707 -1.135463575 -0.727588307 -0.591708801 -0.733052810 -1.744303142 -0.394058553
-17.975550546 -21.634962253 33.942414979 0.901808007 -0.393043658 0.120905647 0.132818773 0.488661906 1.121278007 -0.782246557 0.769440946 -1.271146077 -1.880064201 0.370581602 0.704539455 -1.642352721 0.689738544 0.291921215 0.661278572 -1.096404452 -0.255394631 -1.764514457 0.409792903 0.120936920 0.221513134 -1.150708699 0.699262324
-15.027275008 -19.824381987 30.421254520 0.821910267 0.170369536 0.449880710 -0.305032919 0.928405903 0.152177036 -1.585200338 -0.176829031 -0.023627982 2.166656749 0.061587830 0.734248412 -1.064518309 -0.433390137 0.217213473 -1.219526874 -0.032256538 -0.680742759 -0.214141390 -0.945172229 -2.260319032 0.039558409 -0.071744263 -0.923717802
-12.077168420 -15.637145735 25.060089214 -0.192153081 0.620991106 -0.343775690 0.677691312 -3.048142901 -0.626506466 0.166870559 0.336990668 -0.618153883 -0.061146071 -0.173991636 1.013357585 0.668132168 0.808820122 1.779657501 0.699835751 -0.185146821 0.607190658 0.047054092 1.091425716 0.910668746 -1.176549413 -0.646406864 0.298962116
-13.236603892 -29.694981799 33.737532689 -0.235755123 -0.774986155 -0.575678887 -0.111399284 -0.434195644 0.341103026 0.431393058 -0.712542368 1.207785810 0.938731616 -1.424964679 0.033553117 0.477215790 -0.526534921 0.647935468 0.553348622 0.874142770 -1.239562816 -0.163812314 1.046488456 -0.541191465 -0.204740224 1.513332921 -0.456490749
-13.525146039 -28.761362307 22.923040644 0.340477313 -0.503594069 -0.767853292 -0.202162151 -0.769622133 -0.104361914 -0.620295023 0.405530254 1.186127218 -0.569639362 -0.418219191 -0.647041885 -0.825168260 -0.037873162 -0.492948795 -1.609876795 -1.123531345 -1.702887837 -0.278647312 -0.862927953 1.516890805 -1.303110900 -0.363784736 -1.793396516
-15.281723078 -31.500435647 25.935244664 -0.316939135 -0.475714692 -0.587028326 -0.573273810 0.534197501 0.064554873 0.952825845 -0.844306232 0.557456329 -0.288478505 -0.400029935 2.023092329 0.088656064 -0.817032946 -2.001776298 -0.145943411 0.021562676 0.832844497 -0.052498371 0.683386002 -0.972512566 -0.137918929 -1.107631189 -1.282079886
-13.179941828 -21.849258354 34.055638565 -0.680778378 0.246107428 -0.269191529 -0.635222681 -1.672459185 1.247879720 0.645274623 1.879401513 0.400884242 -1.544913814 2.668029232 -0.524372034 3.048426014 -1.389430708 -1.843030889 -0.548588193 0.878533200 -0.160419320 0.104574885 -1.346012026 0.238951536 -0.131131383 -0.432619743 1.261413327
-10.649894058 -19.747616733 22.230106136 -0.116687436 -0.846078888 0.448836125 0.262832059 0.229531141 -0.401916932 -2.003614914 0.780396568 2.107513814 -0.024365329 1.023219217 0.386552713 -2.474267688 0.250769253 0.227546034 -2.247134288 0.267768984 -0.800938818 -1.573470019 -1.340048569 -1.834095629 -1.219658227 -1.471009270 -1.302168822
-14.570879716 -17.314007422 30.122877321 0.736205936 -0.203605237 0.604610933 -0.225812638 0.835239593 -0.778682987 -0.728171613 -0.715874744 -1.038887046 -0.744247923 0.312199001 0.530112540 0.443270212 0.599651279 0.940200000 -0.416459347 -1.292875779 0.808152413 -0.212772327 0.325580684 -0.038479092 -0.724909744 1.311723684 0.164567386
-14.578858668 -26.894561818 33.443007536 0.821109545 0.545184941 -0.077802054 -0.149997787 0.560386978 -0.275775596 -0.796071276 1.379951790 0.587297572 -0.077252019 -0.799462360 -1.055269729 0.882029711 0.491014001 1.001307206 -1.289564692 -0.713491995 0.149965476 -0.724592795 0.800408411 -2.314337518 0.204140724 1.128817317 -0.552482027
-9.884490575 -28.080685855 26.945384133 -0.476293199 -0.204524601 0.765275426 0.381664773 -0.733960531 2.066024147 1.161766726 0.939091528 -0.853610618 -0.352360316 0.388564275 0.618929868 1.353495705 -0.131630807 1.818134576 -0.183038809 0.531584562 -0.002975753 -0.935217350 -0.483310231 2.018190020 -0.168861035 -0.537811534 -0.247235712
-11.557792323 -30.122352141 23.815328492 -0.780191909 -0.372730452 -0.321437778 -0.386070395 -1.980642011 0.510200355 -0.264002179 -0.896261884 -0.394796580 -0.101361652 1.920214596 -0.028489138 0.174374424 -0.096425271 -2.213080257 1.507889533 -0.059949778 -1.290239820 0.514619505 1.019705842 -0.057308729 -1.448428976 1.094532971 2.062961719
-10.870689885 -20.956223337 26.958008837 -0.199704232 0.522322125 0.399433569 -0.726464480 2.161831967 -0.109329768 -1.030057682 0.138077845 0.247642246 -0.754800200 -1.300863328 0.290258900 0.442177513 -0.043670735 0.827281369 0.719268270 -1.169644510 -0.490249877 -0.304261624 -1.247269266 -1.626555296 -0.226066721 0.512278621 -0.138864816
-15.807688243 -23.528170219 25.289629233 0.217070899 0.675831054 -0.507586739 0.488352653 0.465539429 1.237560989 1.039107196 -2.466276859 0.794662725 1.420210579 1.050140259 -0.531228165 -0.069023661 -1.133692954 -1.465235713 -0.104227565 0.704508379 -0.442036403 -0.020251218 -1.530494307 -1.324315337 -1.650987371 -0.511726272 0.831508507
-25.951386086 -22.249035674 28.217930245 -0.059168157 0.613226167 0.230837061 0.753104939 1.458688368 0.395110896 1.696186508 1.560753731 0.347671489 0.434466959 -0.998369873 0.644685339 0.067699544 -1.500880467 -1.286203006 0.980067832 -0.805604203 0.241209903 0.229211303 -1.108892730 1.664475275 -1.203494315 1.721833097 1.792713914
-10.070063305 -26.973453236 22.680063430 0.253077023 -0.421149502 -0.672756478 0.553158059 -0.448015062 1.514508456 -0.073082404 0.296951872 -0.077818252 -1.371141409 0.457847551 0.150121288 1.020313895 2.516134973 0.438318965 1.905107736 -0.096885803 1.005732029 0.894065188 -0.700261511 -0.222832952 -1.141099598 0.741009499 0.364026409
-21.508054103 -16.491148307 30.780707794 0.427622325 -0.794212362 0.426941329 -0.063929430 -0.939346051 -0.921076720 -0.988237274 1.035267098 0.416693299 -0.848816414 -0.880525046 0.031186170 0.464672856 0.325032292 -1.952899150 0.714760218 0.290281713 0.575675080 -1.060196144 0.632223368 -0.720479139 -1.394262297 0.850043462 0.448669381
-14.759970311 -24.472927727 30.096981590 -0.410315365 -0.853286619 -0.228464726 -0.226599023 -1.661005878 -1.789240939 -1.601950579 0.221306185 0.790433735 -0.066536885 1.302743854 -1.184582044 -1.582211628 -0.791600122 -0.700136410 0.884601087 0.740309539 -0.743237866 0.949088463 -0.033938942 0.466714089 1.237429767 0.267088525 0.208981374
-15.261625462 -21.526759283 27.384592707 -0.137840185 0.545640387 -0.172618939 -0.808380698 0.292093162 -1.168588725 -0.903787592 0.189774394 0.723208233 0.395474995 2.054965557 -0.959276234 1.747181000 0.884799080 -2.037749438 0.258741746 -0.273050783 0.049155067 0.464302255 -0.826551878 0.102954470 -1.725537639 -0.261276899 -0.470361897
-21.957647286 -19.396868497 29.865616157 0.050820429 -0.736302066 0.667589573 0.097983225 0.806599281 0.287094123 0.075195000 -1.235528117 0.582767603 0.117158160 -1.614821654 2.532488767 1.250793176 0.189372210 -0.437432725 1.414238543 2.288393612 -1.753940849 0.180641005 0.647320571 0.368094315 1.313263931 1.958603834 -1.558459527
-13.997444633 -26.234585923 31.582722096 -0.632964513 0.564900580 0.490143467 0.200006604 -1.284374213 1.227124826 -0.228767181 0.184606492 -1.297300412 0.793169791 -0.123777373 -0.496515305 -0.590520613 -0.231195937 -0.839581620 -0.498695015 0.282480672 -0.342713173 -0.225688631 0.857394178 -0.059189016 0.842581829 1.104288618 0.350474688
-16.692416339 -17.818392167 19.101887415 -0.691292959 -0.575480331 0.436807817 -0.011634628 0.852750843 0.223473496 -0.139374453 -0.796460512 0.607495477 1.292234175 -0.311390350 0.541252203 0.299448349 0.531051001 -0.408856077 -0.453135188 -0.249651683 0.555829186 -0.579967840 2.051223207 -0.305168501 -0.471611399 0.156619625 0.857624796
-22.128879502 -17.434830049 30.398848070 -0.221975550 0.024337263 -0.970499939 -0.090908860 0.419329385 -0.282129257 -1.494742198 0.584405791 -2.745136559 0.227750626 -0.489930265 1.167830892 0.601884648 -0.459080910 -0.344124140 0.308734836 0.236462645 0.265980157 0.293189271 -0.466268426 -1.591828488 0.965723185 0.914519786 -0.441363886
-13.929885975 -14.678860745 22.588023009 -0.075651885 0.254999478 0.812565550 0.518641770 0.141186770 -0.123894914 -0.767700270 -0.524907766 -0.856284617 -0.696226694 -1.945479637 -0.428021100 -0.390240847 -0.367930418 0.943802331 -0.688296361 2.075631065 -0.855104089 -0.928880878 -0.277701275 0.125833314 -0.309486810 -1.852088328 -1.269667402
-18.644057528 -30.722904594 30.694576102 -0.259772664 -0.692427435 0.588415146 -0.326848630 0.715856349 1.273790043 -0.382906781 1.608639864 0.460043690 1.684230809 -1.068517027 0.617746686 -0.286759826 0.545397386 0.740585021 -2.340245935 -1.486150362 -0.049133689 -0.825640591 1.783667371 -1.023291222 2.112664802 1.034134895 -0.717482120
-11.325724649 -15.787852923 22.275832100 0.306802440 -0.657363804 -0.389438856 0.567523100 0.900620159 0.337866137 -1.117704330 0.918894542 -1.068511989 0.714938125 0.352131990 0.356984904 -0.860561027 1.574768171 -0.696627292 1.345120712 0.592699790 1.737720586 0.397043649 -0.373659005 -0.667302166 -0.496738368 -1.577925004 -1.743034758
-14.894614664 -24.779087963 21.751334317 -0.029282630 -0.200976135 -0.547659360 0.811677489 -0.272657651 0.566871739 2.442406676 0.247275497 0.503936755 0.547920021 0.210389545 0.878047186 0.341287847 0.066698070 0.001682109 0.847824235 1.224054426 -0.820250932 -0.938309314 -0.639069302 -0.027082640 0.443186947 0.076185347 0.067826336
-15.574312294 -16.626729927 22.028082628 -0.403392504 0.411323320 -0.294177702 0.762592351 -2.577721269 0.495123737 0.304526179 -0.807570461 -0.446149431 0.268812792 0.427111599 -0.240870124 1.137769493 -0.382436939 0.728460805 -1.353682805 -1.460420112 0.847016740 1.338759099 0.667174428 0.818197099 -2.345098895 1.213272950 -2.063596440
-12.375538455 -19.840271375 29.426633115 -0.862658010 -0.249394354 -0.313125419 0.309153823 -0.080279864 0.177790957 -0.200788400 0.202574241 0.530518746 -0.254262792 0.192147643 -0.440977545 2.356413741 -0.399480878 0.841439601 -2.098473587 -0.643105582 -0.253939541 0.441026054 -0.643416529 0.787245556 0.408156332 0.976929686 0.011291583
-24.828722450 -21.523537643 27.794545220 0.278201146 -0.706285399 0.550173711 -0.347956816 -0.123387636 -0.537723025 0.148085425 1.127616193 -0.432415006 -0.160569824 -1.201379337 0.675489568 0.998327752 -0.712500140 -0.745827206 -0.732797042 0.782276271 -0.075051610 -1.131140460 -1.185307942 0.497289755 -1.503111311 0.862688871 -1.153338443
-22.709360186 -29.799744536 27.840933778 -0.264197277 -0.943232089 -0.184061769 0.081451149 1.894360653 0.330120362 1.120103616 1.073563167 0.668676914 1.663779125 -0.614854466 1.700180168 -0.874586420 -2.159941809 -0.165015708 0.294033286 -0.364751478 0.268357919 -2.002083433 -0.968945097 -1.880121966 -0.722471550 1.102116038 -0.659381620
-12.362097497 -17.639801270 33.954209744 -0.801956559 0.357210416 -0.110098682 0.465987851 0.052012053 -1.169133218 -0.383690334 0.910517180 -0.594606046 -0.487556786 -0.684983127 -1.033783579 1.506637402 0.938385949 0.164407051 0.552978384 -0.292024317 -0.744267152 0.597131734 -1.960825162 2.553136268 1.141670127 1.793871657 -0.109708575
-17.401541894 -14.426069511 31.174281976 -0.244087656 -0.263324597 -0.220307136 -0.906943294 -0.251547362 0.303834389 -0.683441815 -0.192464345 -0.380635710 1.289535545 -0.233413008 0.324870798 0.524512902 0.274592786 -0.372159604 0.213420815 -1.332202339 -0.358504900 -0.241754338 0.792502028 -0.129955293 -0.530876824 -0.126728266 1.342981379
-16.495236629 -28.543188263 24.212521895 0.045895279 0.344928921 0.645719854 -0.679678993 -0.469193556 -1.506925863 0.651404963 1.045885346 -1.007637009 1.771998428 1.505899864 -0.975705808 -0.341500120 -0.709430823 0.250645400 -0.356807123 0.101229875 -0.091040989 0.729267376 0.181787187 0.263684379 -1.099102001 -0.057421211 -0.060962333
-17.841263230 -27.458690158 21.911977874 0.463375973 -0.190971032 -0.845542038 -0.184041937 -2.287223611 0.509481562 -1.416731152 -1.456580439 0.431756377 -0.244782799 0.185504030 -0.231947863 -0.443577542 0.513533166 1.903277914 -0.592336900 0.223791032 0.552639587 -0.231483423 -1.213918295 0.556662800 2.126940227 1.099578353 -0.486516609
-16.143445227 -23.705089810 36.360662264 -0.270484454 -0.408730496 0.768074328 0.412115722 1.298921953 0.015344727 0.099305990 -0.419855632 -1.872096324 -0.148452371 -1.905619019 0.596112601 -1.023564246 1.702145160 -2.411298552 -1.302857230 1.233122517 1.011486712 0.298973384 -1.374868339 -0.125363052 0.080744914 0.429722387 0.094175927
-15.889382317 -23.948859264 18.506839703 -0.311753441 0.548181451 0.767769930 -0.113297056 0.038321154 0.681256144 0.405125505 1.139228254 -0.256285094 -0.199218248 0.424531846 -1.444970000 0.750712827 -0.418642137 1.018442545 0.257904464 0.366001192 0.007153566 -1.308050926 1.669483890 -0.716788999 -0.223485331 0.102448134 -0.299372960
-10.943231084 -24.229899959 19.489778397 -0.045131769 0.585672188 -0.628627697 -0.509684637 0.704974797 -0.653955539 -0.377024494 0.682166170 1.305481528 -0.673358390 0.617782036 0.813406149 -1.011161485 -1.107859735 -1.222383286 0.103807183 -0.660673581 1.074103423 -0.219304410 -0.974728515 1.060671182 0.905654137 0.234171156 1.049665877
-11.533330966 -26.148179487 23.667788246 -0.143462230 -0.784639414 -0.600492300 0.056290111 -1.495668490 -0.551496027 0.052816072 0.326849187 -0.483107472 0.325284238 -0.047339974 0.757062592 0.760188506 -2.376854915 -0.127313360 -0.646472341 -0.432158390 -0.664872629 -0.383036268 -0.196904546 0.419673796 0.060487625 -0.357007898 0.215644644
-7.025818107 -23.912637584 24.569842071 0.180229873 -0.547819303 -0.676245180 0.458370658 1.110987576 -0.430973623 -1.527267122 -0.393016227 -0.298727645 1.064000593 -0.993236031 -0.774139064 0.111592329 -0.731246385 -0.803697797 -0.050491731 -0.221968146 0.869243847 -1.386191246 -0.772166366 -0.026620923 -1.383822553 -0.605350606 -0.958701607
-16.560218356 -16.075944292 32.442628430 -0.044157111 -0.463658091 0.253693752 0.847768131 -0.426837056 0.239273511 0.020561458 -1.838674124 -0.750140442 -0.147297825 -0.475716888 -0.861571223 -1.685032399 -0.322776919 1.374321600 0.459510129 -0.972032427 -0.948811386 -1.042261435 -0.697566378 -1.335394289 -1.760023314 -0.732114404 0.917404174
-23.525005519 -18.863389692 31.349411479 -0.673765331 0.306008484 0.360068193 -0.568110889 -0.209930826 0.640708503 1.701049087 0.947485418 2.019509466 -0.304668303 0.290270389 -0.572296237 -0.179788899 -0.642521422 -0.565266003 -1.952555335 1.770924689 -0.246364311 -0.304793465 0.169902891 -1.144494965 0.102248275 -0.404236212 -1.737009023
-20.299527272 -19.138011927 28.005789245 -0.008107774 0.676008461 -0.705620089 0.212243053 1.649306521 -0.277218807 0.540711714 1.079832427 0.581498176 0.517986611 -1.052481504 -1.135080143 0.064070044 -2.643626504 -0.917006332 -1.296441808 -1.093596082 1.976877958 -0.935692278 -1.478937246 1.810796995 1.584190025 -0.159418072 -0.139368411
-20.884061590 -20.127357667 31.214996313 -0.391255505 0.477220447 0.565451440 -0.547215170 -0.462769161 0.504657149 1.229709275 0.495224248 -1.012730263 -0.665734262 -1.477631660 0.789564618 -1.166874254 -1.403445817 0.733595339 -2.217533964 -1.098873270 0.236885776 0.767348709 0.051547201 -1.090508921 1.837525562 1.483076899 -0.918217368
-23.701880066 -24.584987739 28.256899033 0.134481435 0.249061596 0.246997685 0.926755204 0.319584517 0.987642029 0.465672050 0.648381901 1.145703615 -0.388144835 0.158439778 -1.262037807 -1.699779537 -0.454975944 -1.128996600 -0.330075329 0.560891287 0.546030405 -0.638183275 1.114459370 -0.154254387 0.246835606 -0.019282433 -0.557281663
-16.635616885 -26.283468512 32.471484960 0.372428976 0.003307357 0.055792256 -0.926376243 1.033094558 0.589492459 -1.785638564 0.912316025 0.666977747 -0.151625121 -0.394703653 1.399470255 -0.736989031 -0.033943978 -1.606505019 -0.797122268 0.039498129 0.431990272 1.353836643 -1.046552576 0.149815571 0.058770983 0.392761035 1.740604320
-21.043089804 -24.010306007 22.644873081 -0.298508826 0.650309859 0.195230339 0.670726981 0.237711767 -0.665946065 -2.087890236 -0.734189812 -0.152059659 0.863796659 -1.031751137 0.566408976 0.342751960 -0.662964746 -2.710673264 -0.261902937 0.191949178 -1.822300278 -0.335675672 -0.139812805 -1.097130412 0.580277432 -0.219022636 -1.541600248
-9.516649063 -24.263911427 20.770722629 0.685304460 0.675651936 0.255680720 -0.092084891 0.784406190 0.903128359 -1.276366606 0.613221958 1.947917813 0.974651914 1.081865025 0.968419285 -0.104175603 0.572762656 -0.101883574 -0.672565277 0.863346266 -1.593103166 0.461896470 1.746488545 0.465398075 -1.629605159 -0.018991622 0.121193505
-19.307194018 -21.157403091 22.212445784 -0.381513307 -0.133083674 0.908032060 -0.110517463 0.005206703 0.275570661 -0.297203409 0.285748739 0.263447111 -0.448523441 0.358670408 1.769481047 -2.132262353 1.003867560 0.054008227 0.043463881 -1.036514081 1.526404131 1.125235422 0.565895832 -0.391757299 0.747635868 -0.990942341 1.218257304
-16.719355890 -20.006794020 30.428891668 -0.197808340 0.558550042 -0.803647067 -0.055182439 0.447765166 -1.347909915 -0.031975298 0.213726902 -0.257008027 -1.244219852 0.609427386 -1.648353992 0.248948138 1.399250817 -0.500590390 0.113586763 -0.541102335 -1.391025743 0.070570850 -0.558077771 1.238177580 1.060145338 1.574479952 -0.932910913
-9.168923762 -26.820115941 24.861661574 0.487061054 0.592241016 0.622663603 -0.155923526 -1.643055328 1.077805209 -1.925577534 -2.319180046 -1.172616917 0.785564765 -1.216211338 1.148278042 -0.762698661 0.289367947 -2.009568625 -0.788411519 -0.431325687 0.586995213 0.387263018 -0.072837319 0.135424972 -0.602236220 -0.034590437 0.287321657
-24.460909886 -24.791595635 31.348061225 0.780059140 -0.132896936 0.611021544 0.022334193 0.163071658 1.644127581 -1.279412629 -1.105623890 -0.269573652 -0.058263272 -1.130273445 -0.041533735 -1.090389748 0.102608452 -0.032672048 1.882348533 0.715596798 1.080847049 0.108296840 0.334269403 1.553497533 0.256239087 -1.112255908 -0.907952947
-20.254968962 -19.412418484 31.425674090 0.436429309 0.790312185 0.384845532 -0.191911503 -1.802469029 0.044628359 -0.481352820 -0.767633216 1.494750242 0.625165290 1.386681072 0.631671825 0.096068817 0.231949756 0.566286789 0.164136814 -0.119825131 1.857732862 -0.343216432 1.049134359 0.514366395 -0.685674150 -1.141362386 -0.951110570
-14.971413487 -26.658246141 23.188321117 0.167052089 0.271929907 0.933539170 0.163255457 2.506210650 -0.343334585 0.765430498 0.910938780 0.161856734 -0.678568943 0.900761257 -1.789387258 0.907872097 0.386393819 1.912902525 -0.556297139 1.949699084 -0.603586225 -0.123812647 0.540137939 1.539783164 1.386731291 -0.723658199 -0.964429491
-7.641218945 -22.405572622 26.865050894 0.079970050 -0.769027140 0.554228324 -0.308274252 0.244858363 -1.865744572 0.069601536 1.026814769 -0.161020961 0.149405011 -2.126052487 -0.765549406 0.962250933 -0.046771816 -1.885426965 -0.597293169 -1.050390987 0.044816189 -0.292747582 2.963079358 -1.599260707 -0.511580781 -1.558436753 1.042849955
-22.125721933 -24.640824456 21.630844401 -0.914701689 -0.334556930 0.171918750 0.147771524 0.447425089 -0.502564910 0.221137998 -0.286682706 0.542839690 -0.268540746 -1.864132792 0.578408695 1.780287787 -1.157000867 -0.394385264 0.336462993 1.002335655 -0.345369885 -1.024210266 -1.349475123 -0.823523074 -0.553423090 -0.916624313 -1.610121880
-11.004081128 -24.508148176 29.930085210 -0.187301215 0.469294114 -0.857175572 -0.099656048 0.912004862 1.121930603 0.544954710 0.208877895 0.162290716 -0.317402217 -2.325090689 -0.238705524 -1.597205049 1.473642839 0.924532618 1.959090109 1.335710859 -0.010293073 -1.035640303 0.574914557 0.690534910 -0.150083034 -1.709163417 0.281691599
-18.975551316 -23.450478245 35.843666854 0.396402706 0.509960616 0.725254042 -0.238351924 -0.893081157 -1.977711037 1.821879417 -0.060583253 -0.973291509 -0.519289919 -1.163218541 -0.337616166 -0.879000346 0.261902399 0.089445032 -0.345364427 -1.164867054 2.476633419 -0.152230022 1.178233511 -0.823574745 0.821619250 -1.350355655 1.286635551
-15.711896996 -22.099481129 29.947439867 -0.386573306 -0.552502676 0.649221539 -0.351871092 0.387187492 1.043819015 -1.518352635 -0.402406520 0.037461237 -0.775116049 1.184428418 -1.707595257 0.127588323 0.388704020 0.637843967 -0.127863143 -0.412769411 -0.260615775 1.284190017 1.615596255 -0.686070142 -1.556810220 -0.290096555 1.048766052
-9.320242361 -26.594904997 29.522221708 0.735689705 0.317481637 -0.557355660 -0.217533300 0.657348073 -1.181720772 -0.912541315 -0.122472591 2.180210556 0.796633686 -0.316138991 0.784463445 -2.300992102 -0.087665436 -1.149314976 -2.213292166 0.114041166 1.817216321 0.019896636 -0.292623249 -1.006400509 -0.442589735 -1.566010086 1.377178646
-17.556437306 -25.430265407 25.589747688 0.445926753 0.436380424 -0.374224224 0.686059536 -1.591979965 -1.038009311 -0.694067169 -0.631068073 0.233062337 -0.316183240 -0.919314678 -0.986056600 0.895807615 -0.912123319 -1.449379464 -0.397965019 -0.394997132 0.784221753 -0.562823052 0.053970530 1.143658751 0.127218363 -1.335203955 -0.361758239
-18.762205125 -22.652012664 27.910847092 0.555237079 0.700917764 -0.092382331 0.438054311 -0.446586884 -0.512843390 1.300785062 0.616221895 1.211439879 0.103186944 -1.751864599 -0.337025003 1.191644845 1.724118717 0.369774943 3.117377195 0.642499522 -0.034368812 -0.017833178 -1.449890224 0.884802449 0.909453310 -1.155642892 0.507972558
-13.109798051 -26.363642685 26.253247151 -0.285434983 0.338263104 -0.894097752 0.068513883 0.224130102 1.074681839 1.037656633 0.199363980 0.112339197 0.822268118 -0.773012071 0.419870917 -0.550788966 -0.996908337 -1.421317131 -0.076395575 0.161501080 0.426279027 0.245660393 1.121296192 0.827181109 -0.234878073 1.552364114 -0.095674154
-19.677538233 -21.221644195 26.455406036 -0.711214066 -0.479965473 -0.249572115 -0.448911413 0.502874558 -0.678203080 -0.221075816 -0.479098433 -0.848746743 -1.115672172 1.727888089 1.335454456 -0.338187060 1.876081834 1.948317676 -0.241470181 0.686844539 1.289261220 0.408653023 1.583534008 -1.513819737 0.361285984 1.238842514 -0.848710931
-19.331651892 -17.439727350 22.137626170 0.534803281 -0.185816608 -0.750483873 0.340927552 0.841871362 0.337680885 0.308811459 0.117522335 1.242708627 1.138059615 2.946084411 -0.069330432 0.242295419 -0.564252840 0.361775262 1.638787438 0.197140018 1.318257034 0.092911597 -0.273024145 -1.062705393 0.030504488 0.027105458 -0.945553046
-18.477087580 -25.304851078 32.224761274 0.166104568 0.088728846 -0.980071903 0.063210198 -0.112818382 -0.492226194 0.167101006 -0.216758204 1.191962670 1.075548797 0.975263115 -0.475784091 -1.779484314 -0.632631431 1.004322928 -1.631158567 0.084667948 -0.724007240 -0.871122741 -2.004290454 -0.030121271 -1.298606492 1.156101674 -0.512729975
-25.050045494 -25.709110126 29.105182866 0.375367296 0.769591689 0.382433914 -0.347235260 -0.232590739 1.774261020 0.769240397 0.319715800 1.223766308 -0.193406070 0.414242422 2.430236940 -0.764639212 2.099990406 -0.336170116 0.277000902 -1.303907767 0.435752280 -0.149535548 0.489741257 2.146459520 -1.111248377 -1.150491737 -1.055011046
-25.554441387 -19.403070951 28.289259006 0.500601721 -0.508098448 -0.343016990 0.611206372 0.614980512 -0.572667563 -0.747669889 0.771389436 0.618088438 -0.000420667 0.047185203 1.639344218 -0.293076865 -1.912298631 -0.823554914 -0.557555988 2.080995887 0.097982424 0.277128307 -0.529317492 0.522690030 0.842485324 0.953136344 -0.292589975
-16.108789624 -21.467444709 36.987498508 0.470552859 0.373973894 -0.093426477 -0.793722260 -0.723247170 0.206820682 -1.465586485 1.803432898 -0.166633088 -0.224732943 -0.432793286 -0.504550384 -0.091180095 -0.175853581 0.897044275 0.700598846 -0.368048686 0.666660917 -0.743233207 1.936617444 -0.161819485 1.437037215 1.401121744 0.195612927
-11.766955280 -18.102601289 25.964762808 0.279075990 0.874738437 0.238566244 -0.316283742 -0.877291232 -0.644365029 -0.925231980 -1.635100522 -0.204546819 0.484307836 -1.471255499 -0.490966273 0.216375855 0.104156132 0.179216746 -0.022354526 -1.184199925 -0.540763509 1.322509958 0.074611000 -1.278743173 -0.822342998 -0.550984031 1.363223193
-13.698268412 -21.041602103 35.492926420 -0.429308357 0.691849534 -0.096870574 -0.572411258 -0.147778512 1.174778817 0.179313855 1.418984748 1.388981594 0.262371520 -1.235168903 0.733888158 0.475238374 0.482753752 0.570239922 0.078412693 0.277471417 -0.252058745 1.606020186 -0.081518318 1.480896735 0.923411013 -0.389991892 -1.521470377
-14.739218429 -21.350321841 21.332570558 0.497539229 0.819781154 0.283550505 -0.003561684 -1.006737955 0.472720220 -0.680136968 0.801976841 1.053650036 2.254587263 -0.114518089 1.300420850 0.965247594 1.211308265 -0.490408364 -0.276741163 1.547776137 -0.936842167 0.466296479 -0.138192545 1.691653945 0.273191666 0.607187403 -0.276343521
-15.620998764 -21.594939971 35.396533509 -0.064638019 0.319162792 0.834967740 0.443605581 -0.576599214 2.103411711 -0.781195534 0.768866129 -0.021120296 1.152755495 -0.559576220 -0.100088401 1.385182751 -1.383858254 -2.358942848 -1.432663290 -0.351722923 0.001172808 1.611230243 0.485217427 -0.398092789 -0.220028822 -1.240864858 -0.393699688
-14.072209128 -25.355802351 18.994613652 0.049526318 0.173894938 -0.958607809 -0.219951728 0.881918412 1.124936755 -1.339900544 0.831763054 -0.977111356 -0.227421023 -0.885448724 -0.597850950 0.863828399 -1.971417488 -0.867653204 -1.706362451 -0.758988259 -1.655431455 1.503792005 -0.002590925 0.496504552 1.186511036 0.143418740 -0.050451526
-7.259832823 -22.729787517 24.628043535 0.531941940 -0.816627880 0.108040745 -0.196173073 1.983760008 -0.609328824 0.773624175 1.409286070 1.390888352 -0.779713519 3.050722907 -0.365209470 0.248539649 0.903170233 1.122465072 0.652729981 2.171424284 -1.491585851 1.036052811 -0.860912344 -0.985787925 0.195324307 -1.387625975 1.072566006
-10.697190499 -26.130507417 24.910424701 0.658234465 0.139573047 0.383001749 0.632895263 2.277980377 1.274691492 1.435208150 1.293461048 -0.088290295 0.454981357 0.408604779 -1.382406622 1.288701056 -0.228836724 0.001041444 0.735690504 -0.824219394 -0.300309442 0.257081028 0.712850186 0.100369191 0.310773517 1.180533460 0.236777168
-15.052355813 -16.756358960 33.415646198 -0.195723559 -0.369622565 0.690592213 -0.590045628 -0.879614133 0.499027051 -0.268985966 0.016516329 0.226318641 -1.499157405 -0.412663032 0.098756396 -1.524011638 -1.165691377 -0.300817564 0.132942444 0.180819240 -0.102024878 0.467135598 -1.056779662 -0.441612999 -0.320187414 -1.001958828 -0.726388688
-21.317257268 -22.102024156 32.378457637 -0.231186338 0.053266666 -0.931592695 -0.275409857 0.814805612 -0.589684294 -0.592042868 -0.035887710 0.719823618 -0.250852429 -1.587102574 0.122848764 0.422598316 -0.776107244 -0.886541159 0.040162565 2.763007225 -0.007409441 0.577916168 1.171034948 -2.655868225 1.035680124 -0.826370721 0.011456750
-9.860998430 -28.402941007 32.001752522 0.177473530 -0.894862142 0.350212269 -0.212311704 0.886899186 0.436227096 0.260702832 -1.974448127 -0.268778253 -0.704066216 0.062700990 0.276078715 -1.721599690 0.426423886 0.358595650 2.075374821 -1.301206740 0.334355424 -0.260511358 -0.570926775 -0.105110318 -0.544608021 0.852243824 0.827470085
-12.898791321 -30.314653455 31.744655747 0.736756828 0.137977907 -0.189943733 0.634092148 0.193647237 -0.469239971 1.547651404 -0.580246107 1.802041517 0.348990313 0.643311194 0.536156910 0.481297589 0.224389751 -0.166919398 -0.013679036 0.714496071 -0.062095355 0.632294242 1.079291695 1.095690648 -0.192084069 -0.322784495 -1.707089529
-12.628947991 -14.116796085 30.313920385 -0.318960326 0.033965249 0.219076534 0.921474983 0.730666148 1.116003411 0.351769640 1.885024420 0.804661583 0.068998920 1.729889813 -0.354112585 0.534236975 1.009541161 0.474716423 0.282982892 0.158216790 -0.780713149 1.168504459 -0.578674736 0.121075923 -0.895649616 0.914866258 -0.209239301
-21.020909611 -16.962543583 26.941784163 0.799298354 -0.079909439 -0.530414141 0.270919660 -1.410192713 -2.441223144 0.162011901 -0.379215783 0.812672815 -0.257759472 0.653967324 0.848525429 1.201419656 -1.238500070 -0.245092328 1.257051125 1.136027143 -1.116199774 -0.468216241 1.000317871 -0.957109702 0.635376095 -2.008290528 -0.941703786
-6.698310809 -22.360387317 25.887120029 0.438430880 0.363492990 0.597122059 -0.564886232 -1.112891131 -0.629645511 -0.887050966 0.078720160 -0.002774526 0.079581943 0.860868013 0.785896408 0.700568542 -0.106809982 -0.739379864 0.875272087 -0.980402856 0.862322988 2.691279406 -0.648578632 -0.494198177 -0.290750616 -2.269121590 -1.413859512
-15.550759017 -27.181166105 36.027782471 -0.768075600 -0.209247143 0.503745877 -0.335433446 0.338224403 0.197697760 -0.213778479 1.012239752 0.567608684 0.934087003 -0.453002965 1.078388687 -1.118117712 -3.052594781 -0.491339389 -2.033736309 -0.172311189 -1.236168109 0.714266456 -0.638953846 0.682855091 0.461588097 1.611053515 -1.122576298
-19.771962201 -31.351889861 27.892151139 0.513954252 -0.158944853 -0.401338003 -0.741293038 1.264973752 0.244136479 0.893527887 0.213990932 -0.904340164 -0.917250740 0.127585329 -0.182906266 1.210406064 -1.120014393 1.318684163 -0.413172373 -1.274066149 1.382464875 -0.733954466 -3.220757813 1.257687188 0.453560326 0.353917824 -0.607626787
-18.835214066 -16.756122288 19.890588364 0.627763671 0.042662025 -0.240373172 -0.739130207 -0.896053512 0.117440814 -0.664630132 -0.835042834 -0.011352980 -0.373804846 -0.013067224 -0.832616458 0.761564554 2.101639387 -0.172634113 -1.042734746 0.226136290 -1.089285526 -1.204861800 0.871517973 0.689054320 1.124799215 -1.074018515 -0.400605265
-21.796369064 -22.971425556 29.580633552 -0.082589745 -0.185487106 0.812568108 -0.546357518 0.538488662 -0.090656989 1.436288780 -0.944396843 -1.041899570 -0.130152697 -0.629535071 0.215008716 -1.332609523 1.924474153 0.121492511 -0.078757301 -0.566953342 -0.741137307 -0.859934494 0.947424962 -1.006512412 -1.013573457 2.105225049 0.252709241
-20.422956037 -28.260093044 33.202613132 -0.420894157 -0.399766059 -0.698517188 -0.418460208 1.208970435 -1.224564559 -0.048303494 -1.783157673 -1.588559523 -0.249348880 -0.419366059 0.028392090 -0.499173137 0.749459554 -0.583309848 0.070237603 -0.226877664 -1.680940688 0.347681529 -0.199318633 -2.867363721 0.280388455 1.350910658 -0.217159415
-22.779843720 -22.337301104 26.347930421 0.087276181 0.838149784 -0.014626632 0.538213591 -0.104443455 0.499911754 2.103819407 -0.578440422 0.923352289 -1.581882811 -0.004756194 -1.526201394 0.943368647 1.155710993 -0.350909933 0.241478700 -0.552100203 1.560264365 -2.088642170 0.887957233 0.299270212 1.001885809 -0.654408293 -0.461513387
-13.828742518 -18.105833606 33.744642505 0.116918831 0.822285886 -0.155246125 0.534859373 1.356751580 -1.925480639 -1.001177707 -0.315145140 -1.704252903 1.635973643 -0.350323278 -0.204255903 0.456606383 0.505184194 0.811575887 0.350764013 -0.985652485 0.996335907 -0.122885866 1.232066448 1.183935397 0.867641344 -1.215289888 0.081964919
-12.449749217 -17.196002171 31.020291599 -0.047297110 0.058661517 -0.430039690 -0.899659755 0.034249613 0.399158185 0.430465175 0.006431928 -0.319946897 -0.179204855 0.031688647 -0.391241494 -0.685505902 0.685504070 -0.715356269 1.032108322 -1.696211372 1.707778521 -0.632202581 0.515012789 0.810584276 1.020926030 -0.029102715 1.092446116
-19.614251801 -14.587247334 23.605226993 0.035429338 -0.450913891 -0.595455451 0.663968547 0.456918726 -1.988591779 -0.960616161 -1.019910767 0.938877853 0.339284982 0.032900860 0.183767187 0.880557852 0.836843182 0.381091534 -0.390179969 -0.172667100 -0.488912804 0.069225120 -0.878833150 -0.960034272 0.576104891 0.477210563 -0.916793316
-8.356214204 -25.969399021 28.408310260 0.285984629 -0.204561253 -0.151971499 -0.923727313 0.308724565 1.157346544 0.575532354 1.487434081 -0.032150547 0.557495067 -0.087383593 0.093375542 -0.669620649 1.523055585 1.073376818 0.323434857 -0.109258893 0.061032104 -1.263174269 -0.712660051 -0.425811454 -1.557966620 -0.227843970 0.251560412
-23.052926940 -28.630075095 24.184975568 -0.078026483 0.737777088 0.102392595 0.662655712 0.407095122 0.559894715 -0.440694583 -0.385418318 -0.430161220 -0.139804554 1.443386090 2.691231355 -0.843205988 -0.765899878 1.564761409 0.001700073 -2.655065508 0.925645401 -0.120012314 0.460337237 0.982138178 -0.842097044 -1.102212227 -0.176755043
-14.907053638 -21.744664319 27.103041344 0.181000444 0.234953755 -0.953544985 -0.052797102 0.787578312 -1.280590192 0.743191576 -0.493489129 -1.519135260 -0.062469175 0.084280112 -0.106612723 -2.396295719 -1.561953749 -0.115667598 1.257293878 -0.171937076 -1.242525985 -1.136911390 -1.532867725 -1.669785736 0.261373219 -0.979577539 -2.129083213
-15.446183113 -20.274369390 33.984528751 0.524929705 0.834447719 0.030037804 -0.165056170 1.413816925 -1.841808513 -0.065878534 1.262387682 0.023912224 -0.345440163 1.015059580 -1.847846972 -0.809995155 -0.402231815 0.943096556 -1.167805574 -0.378001646 0.753266820 -0.603251074 -0.508285943 -0.880881615 2.284037888 -0.657364525 0.940422494
-23.033822760 -29.878526678 28.763930082 -0.053542525 0.787642895 0.613151319 -0.028236994 0.449365032 -0.564997527 -0.012241188 -0.248539451 -1.525494379 0.531316920 -0.220013687 -0.280126177 -0.495272281 -1.836300220 -0.097474352 0.702079798 0.877718524 1.265774620 -1.235527678 -0.882687572 -0.826340821 0.773303385 0.555979716 -0.071019634
-6.869904299 -22.742211692 29.742981916 -0.670199233 0.089263137 -0.322289737 0.662566529 0.225328188 0.450181679 -1.170411169 0.955390121 0.110384930 -0.718171133 -0.272856231 -0.216213250 0.230647034 -0.243988740 0.523541149 0.195690191 -1.280720269 -0.827272226 -1.058579156 -1.502590565 -0.132658745 0.022993911 -1.061696841 -0.768907772
-8.950638746 -22.065002832 33.850723098 0.002642425 -0.307943056 -0.849430902 0.428522152 -2.691624267 -0.767570372 -0.662970081 -1.342781499 -1.579034234 1.503278197 0.407827742 0.349095031 1.037205306 -0.144308196 -1.578978382 -0.698355339 -0.098865243 -1.890765054 -0.163105073 -0.145429905 0.977758292 -0.901214129 -1.463229603 -2.025448386
-18.153302436 -26.979143636 34.801975488 0.960079511 -0.021617825 0.278473884 -0.015241333 -0.541276242 -0.079165686 -0.681663245 0.664190938 -1.380981707 -0.091769229 1.532067792 0.228021249 -0.664323100 -0.021301645 2.392105122 -0.034090292 0.681711043 -0.118052348 -0.540030596 -2.286655114 -0.749181878 -0.026232290 0.172947676 0.979709638
-23.052001619 -29.867513282 27.245857590 0.300362967 0.455790539 -0.290695605 -0.785832767 -2.025011442 0.594463370 -0.217639633 0.032382488 -1.101459634 1.217953760 0.570381952 -0.499834928 -0.611866182 -1.620468837 -1.609677263 -0.155815308 -2.169105621 -0.517907451 -0.898252695 1.140608891 -0.510479384 2.061456285 0.162565355 -0.499753947
-24.827867395 -18.226474663 27.933793051 0.104485873 0.180276045 -0.975997130 0.063347081 -1.376348409 -0.482515715 -1.189764280 -2.302355666 0.161761214 -0.675627240 1.327819592 0.421301363 -0.684975631 1.919609724 -1.192546544 0.472743003 -0.119316119 0.862448245 0.526421259 -1.423610119 0.120518695 -0.327166047 1.114016709 -0.004144641
-16.667732425 -26.586692533 26.713263852 0.287516387 0.779291368 0.424624045 -0.360185662 0.410232384 -0.564978816 -0.033030235 -1.492618662 -0.156542283 0.176491776 -0.217650258 2.356408467 1.299491267 -0.622867902 -0.073904220 -0.635833312 1.349683606 -0.582340003 1.284471777 -0.984431812 0.437515101 1.528440007 -0.283976840 -0.860914206
-18.900730673 -32.094230227 29.599751510 -0.814616746 0.171474513 0.248469705 0.495236160 -1.749492450 -1.250942810 1.713479212 0.171580957 1.024236163 1.414677545 -0.466734311 -2.541559159 0.039786583 0.829967808 1.284079693 0.313926900 -0.474602202 -0.327800863 0.080582906 -0.489426372 -1.679870775 -0.415423262 0.021774035 -0.370876507
-10.118253856 -21.423453883 26.844089787 -0.097464469 -0.350299807 -0.129938352 0.922446068 -0.492334178 0.724669280 0.562877013 -0.867805235 0.241157333 -0.651079975 0.289752949 -0.440412929 2.368584859 -0.166380469 1.083813808 -0.762440572 -1.204295743 -1.484520796 1.041122079 -0.789592382 1.737829496 -0.547862878 -1.025867062 0.367888412
-20.393766826 -30.640385475 27.775580070 -0.273912888 -0.797805343 -0.536852898 0.016350217 -1.629974658 -0.223911984 -0.232029313 -0.251882031 -0.173364310 0.852844285 0.066252259 -1.404649787 -0.479959270 0.593909753 -0.859755977 0.496159789 0.361666600 0.821558883 0.182848474 0.858923908 0.726675057 0.771171359 -1.040006700 -1.061226015
-16.666534764 -26.300749155 28.796843210 -0.272457088 0.916096771 -0.132980641 -0.262392816 0.810849159 1.607851298 1.292498927 -0.548945987 0.360024261 -1.019541258 0.133625593 0.972056253 0.793957621 0.743237243 0.835158078 -0.571706942 0.405971422 -0.035309345 0.877874652 1.166441803 -0.798174339 1.549713443 -0.516833311 0.024060409
-24.077082633 -21.395402137 27.855906566 -0.809300445 -0.545343446 -0.093967678 0.196985762 0.277352467 -1.221357768 -0.363466767 1.528162504 0.114247632 -0.663355567 0.526203262 -2.234524503 -0.763837151 0.288812620 -2.068547838 -0.889700363 0.771764206 -1.047226329 -1.828245122 -0.008088190 0.502716047 0.063628463 -0.307942578 -1.738070083
-18.427324582 -20.630170099 20.770049596 -0.137677734 -0.133528393 0.102949558 0.976020696 0.013922761 -0.633573108 1.563041225 0.983002139 -0.297995904 0.613365256 0.537034481 1.655702858 1.489069315 0.259690345 -2.289887693 1.386263934 -0.451680208 -0.302267589 -0.623230471 -1.266852581 0.872981439 -0.029886360 -1.458009473 0.195859799
-14.756709683 -25.928657394 35.285805749 -0.430764988 0.171860197 -0.848298275 0.255530105 -0.301069533 2.271667199 0.844939852 -0.859561937 0.497383697 -0.401056985 -1.111482638 0.302316622 1.554923526 -0.272398580 0.003826678 -0.517831971 -0.587286927 0.202475058 2.641567022 -1.145125753 -0.216220388 -0.591352901 -0.660331449 1.455787582
-10.409136689 -25.145256500 31.520138553 -0.689998553 0.010366429 0.329265091 0.644499057 -1.470802113 -0.719746053 -0.729301809 1.196607515 -2.764078635 0.715343844 -1.072859888 -0.084483897 -0.220857586 1.467468387 1.645765465 -2.206106574 0.843333088 -1.757189873 0.028068526 -0.788298948 1.023888558 1.496488557 -1.293075884 -0.376673767
-12.771598399 -22.673244620 24.960440553 -0.059767483 -0.676945955 0.518493727 0.518976182 0.528462406 -1.448129862 -1.457307642 -1.192523399 3.691668733 1.920289441 -0.834754783 0.263078083 0.090443244 0.025670710 3.135625005 0.497676548 1.638981118 3.053805378 -0.571945458 -0.092216206 -0.082882764 0.119064399 -1.200673665 2.499338115
-12.543524001 -18.419254714 35.234238247 0.969548427 -0.058780951 0.009688454 0.237543218 -0.779551097 0.032691731 -1.680756620 0.436769456 -1.647794221 0.131661906 0.514102247 -1.031986893 -0.219411992 0.532158566 -0.179954187 1.689211244 -0.128258751 0.813249339 -0.682531408 -0.612792871 -0.809508335 -0.220106917 -0.272915743 1.216332094
-8.576096971 -19.061952087 31.495624496 -0.110446110 -0.701747970 0.266705675 0.651321370 0.076773784 -0.122828290 1.355521859 -0.767118663 -0.308767686 -0.574186417 -1.049833464 -0.346561863 -1.378480788 0.802435374 -0.068003293 0.941418446 -1.192279376 0.502527994 0.115070668 1.501254240 0.427932136 1.691359937 0.980851225 -0.411617527
-21.887418472 -23.560570581 34.633919847 0.138600564 -0.762992870 0.255859120 -0.577206961 1.126406320 -0.025940663 0.196394589 -1.254405395 -0.383989581 -0.270749713 -0.561803048 -1.233596573 0.543326277 1.233576666 -0.851428119 0.084138914 -0.676458520 -0.345516943 -0.054491158 0.273047950 -0.310120590 -0.343478964 -1.704537934 0.383335145
-20.975471917 -25.580590147 34.301368099 0.977178114 0.083624929 -0.190209963 -0.044158516 -0.571649099 -1.829639921 -1.341148004 -1.956291805 -0.137182122 -0.544199856 0.520721570 0.554548031 0.071116255 0.383459160 0.580516260 -2.242049722 -0.637358715 0.246137125 -0.164757162 0.289542974 -0.166667484 0.124293053 -2.089401099 0.807404987
-17.282012360 -25.613026072 22.667003268 -0.213479233 0.865628601 0.405444076 0.201813885 -0.928419709 0.153518758 -0.896409365 -0.050135872 -0.306562075 -0.571421757 -0.379491854 1.936352452 -0.634096294 -0.008428823 1.377626214 0.308337276 0.264721303 -1.993658886 -0.721438263 -0.829625661 -0.318866754 -1.237776305 -1.028414512 -1.910174105
-20.540238588 -20.243953263 23.123209159 -0.884811261 -0.239674504 0.285453353 -0.279609634 0.090392653 1.035709399 -2.427083886 -0.159170392 1.700888524 -0.947461309 -0.378689403 -0.004436018 -1.123662956 0.834708617 -0.359824587 -1.657272378 0.719239356 0.968104277 -0.083968947 -0.637258295 -0.372119217 0.188046386 -0.928756805 -1.181814706
-14.657035058 -21.178732564 37.034745620 0.577459086 -0.370655659 0.528071987 -0.500295276 -1.318677382 -0.020321426 -0.177468264 -0.173663582 -0.617240267 0.451288012 1.375323473 2.460612811 -0.466318497 0.499722142 -0.626674368 1.354983337 -0.323589901 -1.222713647 -0.221613059 0.539093487 1.468204863 -0.024593873 0.101742632 0.268321181
-21.457083544 -17.794741210 25.733689421 0.067006574 -0.232680309 -0.338122959 -0.909418967 -1.213507470 0.475519810 -1.813871722 -0.583902312 -0.691164198 0.823355909 0.510345645 2.026734681 -1.213101659 0.898951556 -0.689665264 0.059964928 1.425214514 -1.814207388 0.043635274 0.502459784 -0.992363629 1.639825902 0.180434974 1.188341496
-10.922063049 -16.494181421 22.472415283 0.139353444 0.389463977 0.763775436 -0.495525490 1.207893242 -1.184563098 0.114529177 0.888880868 -0.539923922 1.578250079 -0.188094656 1.388743477 2.446240816 0.058102242 -1.305346453 -1.123428941 -1.079980610 -1.015981191 0.750878947 -1.269651135 -1.425307674 -0.640595997 -1.175434263 -0.551146223
-12.091803464 -19.255495431 27.404686701 -0.145239188 0.269118421 -0.333654297 0.891715013 2.219253441 0.418997135 -0.554704945 0.368110046 -0.098812928 0.894662580 -0.015685064 -2.332401541 -2.534408694 -1.245927304 -0.233437635 -0.857221630 1.911491799 0.959811715 0.104822242 -0.534462319 1.277851221 -0.393050297 1.419166684 0.973249553
-18.081291706 -24.756642091 28.670256225 0.071578119 -0.821221778 0.563094173 0.058277917 -2.119842902 -1.429363370 -0.757375189 0.132588457 1.811143030 0.661597993 0.393044120 -0.558969260 -0.643784653 1.253453306 2.056008476 -0.084522398 -0.197492590 -0.237778984 -0.037574904 0.508348071 -0.579910337 -0.139750697 0.798276793 0.953434955
-8.762708245 -25.293363813 29.308488244 0.324749095 0.701135327 0.600039996 0.207121418 0.789190488 1.229176826 -0.512483486 -1.804131351 0.270944649 -0.786855008 0.298744852 0.215186741 -0.763187984 -0.182506497 1.204221788 -1.545535437 2.239283155 -0.069526083 0.906445987 -0.612717858 -1.379332330 -0.031905104 -2.987110742 -0.182558209
-19.735437580 -25.730643042 36.225102101 0.533725519 0.128414873 -0.066590738 0.833194073 0.448885605 -0.793584621 0.629787056 -0.194646213 0.664024876 -0.481391185 0.198404285 0.380775162 0.068504642 0.501960338 1.056298776 0.145789641 -0.302711121 0.001803202 -0.794644494 1.785945995 1.004883145 -1.828807278 0.125443852 -3.767514026
-26.043775400 -23.090059503 27.020482252 -0.825479187 0.393024732 0.016639852 -0.404770042 1.415630286 -0.148503911 0.109125598 1.018011772 -0.420590795 0.157219427 2.110896617 1.813635087 0.622336948 0.606413428 0.899703527 -1.063813756 -1.170917684 0.089635683 -1.411300229 0.597074469 0.196498826 0.927196355 0.526695652 0.129392930
-16.688011659 -18.870939644 33.664282805 0.482349142 -0.383731617 -0.785204226 0.059528782 -0.076280312 -0.235993956 1.086587622 0.664284399 -1.019118600 0.050635566 0.856353203 0.650391076 0.107224849 0.006583151 0.591777158 0.260785526 -1.364170596 -1.752265044 0.051680735 0.577842033 -1.116718983 -0.925558060 -0.441720248 0.622630400
-23.136407359 -23.934367935 33.775259028 -0.284085062 0.460762942 -0.169462212 -0.823574980 -1.158454778 0.699915346 0.416265293 1.357849277 1.382582243 0.303486705 0.762981682 1.394513837 0.767590057 -0.382366651 0.087870454 -0.313137227 -0.735710294 -0.014232640 0.005175692 0.643900224 0.534454027 0.980069894 -0.925908848 0.743868376
-18.106187724 -22.874861014 29.253906248 -0.511645957 0.840712293 -0.038590922 0.173008658 1.200422389 -0.250245996 0.316303098 -0.439896776 -0.614341312 -0.279693283 1.687487652 -0.004439150 0.753607814 -0.225052713 0.252916030 0.456377847 -0.043252479 0.109008556 0.269255537 0.756203391 0.236171742 0.438871142 0.128918409 1.303374029
-13.423186237 -20.460025763 29.780604820 0.201501827 -0.860522417 0.154639955 0.441570683 1.006302767 1.479220810 1.272438149 -1.428039176 -0.159842480 -0.724509178 1.051442516 -0.874307138 0.882804940 0.132075684 -0.018789050 -0.170707791 -0.526472083 0.382768715 -0.060721950 0.121172800 0.282506273 -0.505873259 -0.855943649 -1.316599393
-19.301133629 -20.310812609 20.109796109 -0.106632786 -0.155177641 0.310885293 0.931611337 0.591131126 1.862127481 0.836176640 -0.113010873 0.326788101 0.426796948 1.048723084 0.005123574 2.700046134 2.855124799 -0.625331864 1.128728940 0.521326740 1.205209401 0.413492613 0.160778766 -1.108399894 -0.126907369 -0.323195784 -1.879073732
-24.651266409 -18.667479962 24.819648438 -0.470918847 0.545978713 0.081516057 0.688111777 -0.136081864 -0.536614416 -1.050582104 0.932306392 1.323798659 -0.553617478 -1.444828760 0.825047937 -0.600818803 -0.278767442 0.409150994 1.368636750 0.068173141 -1.050966221 0.806978371 0.000594935 0.364141290 -0.432865226 0.345089992 -0.619091694
-19.061794532 -24.595323311 25.225319246 0.291694853 -0.347348196 0.102587116 -0.885290476 -1.253701496 -0.292167302 0.597566245 0.702916696 -2.638935919 0.094903481 0.994230539 0.931724869 -0.492778372 0.852710172 -0.269353861 0.723104821 0.603271057 0.769511475 -0.310130264 0.516035137 0.090579136 0.842225950 0.540830805 1.285424972
-21.167104435 -24.384978844 28.655647338 -0.382586367 0.127667671 0.407245967 0.819438442 1.087367995 0.460123292 0.770880351 -0.765992307 -0.904523078 -1.695052671 1.215079678 -0.434789147 -0.297875413 2.142352061 0.344733472 -1.209338932 1.204790571 0.298399752 -2.066970508 0.760882771 -0.209744822 0.761899064 0.229202150 0.350469421
-12.019778290 -20.233500615 22.336495498 0.610493254 -0.144639392 -0.393540963 0.671939687 -1.652351952 -0.213228557 0.282352378 0.433546773 0.778044853 -0.260446037 0.940536890 -1.029623443 -0.521725841 1.274262035 -1.461262245 -0.972721095 0.394113775 1.417188387 0.984974836 0.941005591 0.249416347 0.927503187 -0.939627060 -0.039411383
-14.995985711 -24.393363086 27.254366368 0.201091119 0.324504215 0.748950220 -0.541602202 -2.578339821 -1.930518499 0.052711753 0.298025120 1.665035910 -0.274855718 -0.693551595 -1.178062697 1.379159357 0.303369723 0.787596996 -0.293024576 0.460414458 -0.235854403 0.699302325 1.154639484 -0.771443457 0.365472501 -0.337170278 -1.381277921
-10.805570965 -21.011219130 23.745907570 -0.070593354 -0.174811753 0.721105107 -0.666681974 -0.488404020 0.937499767 -0.144018263 0.902033013 -0.555421431 -0.657740793 -1.595137775 0.062636696 -0.111193673 -2.457272059 -0.017232011 -0.384256885 -0.975436358 -0.820603706 -0.191729488 1.521917852 1.104469783 -0.671733516 -1.581826120 -0.182391819
-16.128188731 -15.983091203 20.121817037 0.402600864 -0.708805518 0.565317509 0.126187943 0.479364274 0.503143685 -0.562226518 -0.261913336 0.078529530 -1.211653911 -0.315494351 -2.386424305 0.341037126 0.670458584 0.596966381 0.358152432 -1.311728521 0.427930190 -1.648923214 -0.928476645 0.791918948 -0.625835722 -0.162523970 0.694625946
-23.333586534 -16.134084087 28.154793387 -0.403164142 0.258029975 -0.562898636 0.673813277 -2.117709004 -0.084237100 0.939618958 0.686965571 -0.072842097 0.499361692 0.015698862 -0.555420021 0.554779891 -0.658158618 -0.114688936 0.001550006 -0.855175297 -0.412241714 2.824223955 -0.473007511 -0.863152544 -0.442730350 -0.620494228 -0.443068340
-19.057093348 -22.796668011 28.164466361 0.416722895 -0.458210117 -0.023844506 0.784740057 0.754709667 -1.077767991 0.681610283 0.300565240 0.301162784 0.584945776 -1.628646340 -0.008185849 0.022511052 -0.703735621 -0.114905026 0.234841716 -0.595866383 0.761444300 0.345362313 -0.378271623 -0.949022419 -0.342342237 0.647443618 0.770364632
-23.918291819 -23.252251623 25.290043150 -0.214037438 -0.100483058 -0.920476237 0.311150490 -0.792199351 -0.361578656 0.087005796 0.458992142 0.001234128 1.560313777 0.553495119 -0.910945995 0.191856206 -0.101359055 -0.235233891 -0.501888974 0.671853943 0.109898044 -0.216834852 -1.417071387 -1.948289167 -0.854077910 1.898075710 0.137122352
-22.425491401 -28.868904580 27.468639214 0.557000698 -0.652791771 0.083516886 -0.506594568 0.714602361 -1.043591526 -0.661196145 1.218859458 -0.378358999 -0.007679013 0.701806645 1.209188296 -0.403075616 0.993305890 -0.286974133 0.126936540 -1.048008597 0.687969060 0.570405073 -0.886946944 -0.602214074 0.552512548 -0.250335247 0.299277864
-14.191884482 -13.845268177 27.708555369 -0.736125086 0.659331277 0.025719073 0.150800044 0.208898052 0.301528399 0.598725393 0.377731847 0.417919662 -0.792695579 -0.201569956 -1.514527255 -0.522526283 -1.409776777 -1.189881181 0.345444740 -0.761284045 0.393622448 0.980016590 0.285871135 0.388437220 0.472301774 -1.537401805 0.768930917
-12.020657719 -23.886090799 24.842449247 -0.768963564 0.203938038 -0.591043097 -0.133313058 -1.445518715 0.312404547 -0.185917209 0.611184726 1.881698646 0.202813744 -0.492967329 0.883490621 -1.406215275 -1.455744083 -1.714388677 0.634658639 2.035397090 -0.549746663 0.303344380 -1.132546613 0.219092975 1.151083637 1.106263578 -0.816149430
-16.512854731 -23.399086956 35.405780741 -0.507961944 -0.769082786 0.313088254 -0.229046014 0.231066960 0.605278863 -0.429102640 -1.188434537 0.575855826 1.033733214 2.411249182 0.500439169 -1.310537440 1.166550145 1.453075214 0.121166757 -0.868023923 0.223156204 -1.123906403 0.466106592 2.300000079 -0.252600403 -0.138860784 -0.795829302
-11.478571303 -24.306414981 24.909388796 -0.963012224 0.096322242 0.218808978 0.124306530 0.082187249 0.165084114 -1.203932753 -1.703473515 0.745333260 -1.467532574 -1.228333176 -1.375481570 -0.500059240 -0.477680399 0.006015638 1.025127194 -0.412907320 -2.081418722 1.193827337 2.018635209 -1.671805677 -0.127613175 -1.435890875 0.594135630
-18.594213228 -19.280729454 21.792292343 0.018656120 0.281648848 0.901494684 -0.328075007 -1.024572891 0.843439928 -0.704825287 0.579530332 -0.540853277 -0.430036081 1.340651997 -1.550458710 -1.394055410 1.537812494 -0.175098351 0.153638628 -0.083880547 -0.122910385 -1.294767327 0.151211560 -0.824474622 -0.595992539 0.129720846 -1.656352450
-19.982161950 -24.474687016 30.901055706 -0.221305903 -0.464886313 -0.696587884 0.499669624 0.767623757 0.162233166 -0.681730411 2.074244348 0.784500135 -1.999479476 0.243371554 -0.429595972 0.464557279 -1.837032627 -1.093769432 1.234207802 1.476183855 1.007136375 -1.488788571 -0.213765876 -0.893203696 -0.642324880 0.088356456 -1.334691690
-14.005705054 -14.778812789 31.446273533 0.413971987 -0.773946137 -0.280265866 -0.388697332 -0.038801648 2.056720373 -0.476057982 2.572899856 0.675505758 0.258118603 0.669808367 0.014452484 -0.999233490 2.330459471 1.843286697 1.051083108 -0.626312716 -2.284906329 1.137471533 1.018832004 0.452407969 0.375945697 -1.757160087 -0.737153640
-17.337535116 -25.675427628 23.894174501 -0.556988272 -0.371288863 -0.717573887 0.192344384 1.206281768 -0.308675842 -0.765686554 0.827565851 -0.050162483 -0.358512344 -3.084447967 0.010199909 -0.407879002 0.597209695 -0.566815871 -2.207552824 0.655351605 0.709328272 0.628903132 0.117027356 0.998997874 -0.259135803 -0.979684386 0.391342448
-10.746302753 -20.296693278 24.430267462 -0.424139363 -0.226459126 0.113794027 0.869409561 0.293099457 0.509741986 1.836703350 0.102372249 1.081037156 0.010584582 0.940770503 0.073809336 -0.474151457 1.306475134 -0.543065390 0.521636146 2.331386146 0.961070344 0.335635929 -0.901101330 -0.716120465 -0.440391108 1.387152356 3.649060370
-20.378789049 -19.854708366 20.479076063 0.798303662 -0.417642864 0.050329871 0.430990261 0.261760365 -0.716967975 -0.466216339 -1.132580297 1.238008781 1.731522041 -2.493947692 0.215083101 -0.055878405 -0.661606287 -0.796515489 1.481292311 -0.644189974 0.102307114 -1.015968145 -0.970630997 -0.105855768 0.889457689 -0.741632012 0.148796791
-16.901128176 -28.414220599 23.973752397 0.110374375 0.607403458 0.317404020 -0.719814716 -0.133420492 -0.600560020 1.212483636 0.123322725 -0.560113362 -1.518189341 -0.003473393 1.230259204 0.937162818 0.179662704 -0.561955348 -0.088104257 1.540881216 -0.802459875 0.006422649 -1.134248856 -1.040287550 -2.221575297 -0.546350801 -0.730675469
-13.143740946 -19.648638293 29.423427110 -0.213908398 -0.933580389 0.154654694 -0.242389727 1.716033536 1.122521306 -0.318984617 0.819206447 -1.130558018 0.823555082 -0.087407328 -1.190709199 -1.144084656 0.010796811 1.213073272 0.981194468 0.514813627 0.892770370 0.319929738 0.823581066 -0.023914663 0.079491982 0.056313260 -0.176741434
-16.505670713 -18.897094686 27.090210253 -0.180433773 -0.821130259 0.538380149 0.057754361 -0.747463188 0.713762909 1.156260094 -0.418583426 0.872862222 1.409466463 -1.056679260 -1.337464068 -0.596730103 -0.885343883 0.163591357 1.207159370 -0.618445787 -0.990982427 1.194976127 -0.318375193 -0.889518674 1.081839318 1.692083647 2.076536506
-19.874880290 -21.229126911 24.552400999 -0.727801164 0.252142926 0.629596718 0.101672919 -0.870603866 -1.361334978 0.514930015 0.823170923 -0.754118591 -0.121663560 0.275345594 -0.239886733 1.431697278 -0.452031294 -0.399290601 0.417287460 0.605547167 -0.864226629 -1.767241987 -1.502638092 3.043997775 0.340122780 -0.100782791 -1.025393798
-18.054172862 -18.636428700 28.354732071 0.437659537 -0.504336786 0.721252661 0.184100881 -0.374232868 -0.154547242 0.953503787 0.981076572 -0.453346531 0.469475825 -2.042229289 0.477671593 1.627784419 -2.165374926 -0.298061670 0.201138388 -1.184471091 0.459987023 1.788430018 -0.271617453 0.703325008 -0.858630977 -1.459644973 -0.435016802
-15.578312632 -24.306433696 32.646707255 -0.215426813 0.921805914 0.222599970 0.233054499 -0.398658338 0.862075622 1.113390415 1.691207165 0.958269593 -1.324123744 0.225817570 -0.315194481 0.506863302 -1.106357642 -1.461421642 0.101168213 0.618881359 -1.193100305 0.573615087 1.731789644 -0.798043557 -0.069839927 -1.381097175 0.967977715
-24.115776278 -18.927269107 29.918738465 0.069377590 -0.520401406 0.822059913 0.220423741 -0.389131731 -1.901266722 1.339953646 0.066834710 -0.446391492 1.172115241 1.120706627 0.623001181 0.900322309 -0.711529775 1.351995907 -0.690599480 -0.372516555 -1.440374801 0.738920468 0.729780183 -0.764423734 0.403983932 -1.168811620 1.046406031
-10.305314035 -18.603544333 30.309637533 0.630033772 0.386777006 -0.445935334 -0.504581680 -0.179770528 1.572586104 -2.129729853 0.836627764 0.585757328 -0.041221472 2.614567488 0.240587528 -1.336143500 1.072777228 -1.252402082 -1.557860722 -1.743410202 0.172101228 -2.775264136 1.347617408 -0.383167360 1.109185863 -0.528881215 -0.664815873
-19.242030317 -19.250790508 26.795325196 0.757093341 -0.466976608 -0.252118189 0.381023541 0.830803109 0.436971592 0.792771362 -0.030504405 0.322180224 -0.568861817 -0.542522163 0.858052089 -0.677074974 0.954849739 0.088610135 0.687613044 -1.611898225 1.398700886 -0.142056230 1.267351694 -1.599086886 -0.449384984 -0.641943175 -0.248041629
-13.557949487 -29.063212590 23.737657819 0.358348173 -0.735378091 0.019006152 -0.574842949 0.306748352 0.483220401 1.036395461 -0.101975148 0.137009720 -0.527448415 1.215572223 -0.123304091 -0.839878616 2.645811424 -0.560298076 -0.536910316 -2.309736243 2.113724228 -0.098432810 2.021071485 1.347875499 0.281631256 0.675207636 0.890991043
-15.234475030 -30.795242714 24.040236490 -0.598322174 0.644343408 0.342910451 -0.330521664 -0.352891634 -0.724932678 -0.771966246 -1.133796271 -0.483937795 1.440784312 1.073980456 1.504678903 0.679697807 -1.488790780 0.301244715 0.335395009 -0.588700301 0.208154704 0.186275240 -0.808640908 0.381250331 1.058561311 0.388479147 -0.376097777
-19.653351986 -23.428610049 29.864356389 0.198333101 0.693594103 0.686038388 -0.094564964 -0.273542782 0.058913448 -0.049012485 -0.352748732 -0.449531303 1.135131712 0.496295394 -0.394400531 0.085066447 -1.123950302 -0.302570380 1.853542031 1.467896383 -1.196362855 0.973801814 -0.562319245 -1.064286202 -1.156841441 1.399202832 -1.970636872
-16.214602592 -27.470507067 21.625744437 -0.313819913 0.325419420 0.444176175 0.773515862 0.982557679 0.290944656 -1.053632315 0.679624975 0.444882141 1.140531621 0.019167665 -0.007979582 0.004799573 0.893955978 0.398196213 -1.362966993 0.378251317 0.950173284 -1.618009427 -0.685044382 0.643820293 0.916951505 -0.325895446 -0.502504186
-19.609739940 -26.678871454 35.574111217 -0.132042166 -0.578549259 0.413112373 0.690784908 0.752828011 0.696541801 0.119158809 1.163242516 -0.121002691 -0.098139522 0.455519748 1.057665483 0.163911753 -1.079973324 -1.512832723 -0.125755684 -0.699631467 0.612832461 -0.078362806 -1.018530661 0.230120123 0.161186729 -0.356552590 -0.615901863
-13.587150157 -30.814009512 26.570871662 0.545958556 0.680378619 -0.389800707 0.295075581 -0.762289896 -0.594723981 -0.480001174 -0.498547979 1.597937351 0.643180827 -0.272080391 -0.230472555 -1.197064832 -1.441218276 0.073346908 -0.216533866 2.403295155 -1.877422272 -0.283895024 -1.363012982 -0.282061307 1.351891932 -0.175604336 -0.974664292
-15.304215634 -27.650661372 27.218886611 -0.061959863 -0.110313827 0.231525431 0.964566125 0.329812895 -0.923677776 1.301632419 0.611151163 0.104079075 2.375708150 1.248396996 0.840383168 -0.372693920 1.699301554 0.168011225 -0.607455837 -0.203758112 0.434567801 -0.705957772 -0.921216645 -0.813974504 0.671408213 -1.676187739 0.772617025
-20.492268199 -19.904219865 25.980677168 -0.325939137 0.618837978 0.677064783 -0.228881007 -0.469654851 -1.018511649 -0.299438031 0.761224541 -1.380986406 -0.192972764 -1.724161122 -0.033241715 1.395900986 -0.169057700 -0.645751980 -0.685783813 0.760428133 -0.767865188 -0.730357271 -0.099467959 -0.147756330 0.564836431 1.073354182 0.827807652
-22.269273538 -17.672156645 25.169571794 -0.096534577 0.145904557 0.973896602 -0.144631754 -0.437887447 0.906279181 -0.907254316 -1.773892051 0.769222480 -1.095061198 1.305978320 0.155872747 0.017263958 1.052604173 1.524044759 1.004562766 0.914659048 0.066649859 -0.171589719 0.007306799 1.610444804 1.568333358 -1.150388802 -0.312609813
-20.396199031 -27.964178447 22.054267864 0.654269801 0.690687718 -0.246183680 -0.185135353 2.041734149 -0.032851918 0.049454543 -0.117075675 1.719182128 -0.320641987 -0.604441546 -1.457952745 -0.299714936 0.229736095 -1.511256785 1.971827967 -2.447928652 0.161718444 2.132767395 0.554090217 0.115434856 -1.941303513 -0.485485880 0.453247462
-11.487799848 -25.966810694 22.062030594 -0.143568436 -0.225520876 0.818523813 -0.508475374 0.464196632 -0.243397551 -0.279497760 -0.321909916 -1.774827596 1.626808959 0.391706160 -0.912186614 -0.638953146 -2.089093059 -0.293935611 0.341824229 -0.238073323 -0.549040755 2.322464292 -0.459744892 0.641388955 -0.085917474 1.082267273 1.187995916
-13.578879309 -17.529329680 20.377893151 -0.359158947 0.072028919 -0.667569907 -0.648202981 0.034794948 -0.131224083 1.237600900 0.625895094 0.730264893 -1.932612870 -0.297213432 -0.465394328 -0.938083070 0.513645969 -0.198705943 -0.360875601 0.641057376 -0.238767832 1.234474047 -0.355076792 1.290262080 0.800367120 -1.521874874 -0.613706422
-17.768243746 -21.544394414 20.698706874 0.462680964 0.804951059 0.079481978 0.362853598 0.150688227 -0.067177875 0.373944750 -0.948710408 -0.132254957 1.178060246 -1.575121470 0.538581964 1.449467076 0.382084536 0.487493909 -1.174371592 -0.676488392 2.233182383 0.440873657 -0.258456412 -1.002613340 0.346373908 -1.916169736 -0.592415345
-16.077805747 -32.590759779 26.121815546 -0.210709152 -0.662044255 0.685294096 -0.218337033 -0.769987501 0.322087208 0.171673177 0.235433507 1.430707555 1.082197632 0.650526271 0.829193905 0.670235759 -1.120807784 0.474989066 0.541646296 -0.289829331 -3.193231113 0.182082795 0.065666034 -1.029796762 -0.519271465 -1.819247804 0.525194459
-11.055180139 -28.283606155 32.684241297 -0.860075513 0.081711489 0.458515963 0.208222133 1.600236885 1.880727024 -2.278799045 0.798618484 -0.571982708 0.304253080 -0.473887873 -0.263294125 -0.553110990 -0.968723587 -0.450617097 1.816248918 -0.392897682 1.145697242 -2.956015377 -0.650391964 -1.706638100 0.767433579 -0.277174810 0.046279931
-17.963429121 -21.677334369 36.146821342 0.173117639 -0.017611423 -0.951168978 0.254946458 2.006288582 -0.968642273 0.529927472 -1.932337158 -1.353915826 -0.050609694 -1.179532718 1.671949689 -0.829982421 -0.830588961 -1.744435668 2.033326374 -1.033259026 0.582409245 2.020248340 0.160589912 -0.441390398 0.102132003 -1.726194059 -0.736945395
-14.270077783 -18.695142641 35.040807836 0.563179435 -0.656284491 0.482323722 0.139583015 0.921992165 -0.578599297 -0.786524599 -0.496102823 -0.698427826 -0.789667905 -0.556934065 0.001801341 -1.079099240 0.054326972 0.102161116 1.271388742 1.912828087 0.324941959 -1.637007805 -1.931271370 1.149911998 -0.173735331 1.014536861 0.490204257
-23.402964879 -20.419623634 26.826242564 0.280018311 0.094023294 0.473962638 -0.829523227 -0.152296601 -0.480481945 1.668838972 -0.334807972 1.260395203 0.032743845 -0.682162451 -0.490739005 -0.582922727 0.099214419 -2.030109608 1.306256251 -0.269033704 -0.581546904 -0.863774553 -1.263709258 0.512842214 -0.646645336 -0.722939323 -1.525561629
-12.622207598 -21.247463181 32.382268000 -0.142410277 0.563760162 0.313325148 -0.750813655 0.092291502 0.688235951 2.231821395 -0.725998483 0.584844687 0.529148748 0.560021475 -0.637819962 -0.295729245 -0.426293395 -0.364160409 -1.590630342 0.898656269 -0.829383296 -0.913206585 0.845289373 -1.133155194 -0.032704034 2.199954578 -0.315985483
-13.136542370 -15.604748651 25.631387494 -0.759521988 0.111027699 0.640681457 0.018068481 1.035760991 1.582107187 0.084551482 -0.674944758 0.960888605 -1.610176702 -0.314151268 -1.082887793 -0.504864680 0.115377756 0.424485978 -0.059498693 0.593327389 -1.759981372 -0.276330848 -0.130335790 0.613477802 0.237167552 -0.665151517 0.605195514
-9.625639990 -23.978950309 31.337280026 0.769438241 0.353067072 -0.513554128 -0.139894936 1.886636295 -0.755569929 -0.161798969 -0.625888250 1.723674856 0.774610068 -1.060928744 0.324031126 0.700672362 -0.975854041 0.593043198 -0.606776140 -0.632562878 0.988520866 -1.280063949 0.349292029 0.213268863 0.479936583 0.612822670 -1.747097926
-14.661858726 -28.646471950 26.395924003 -0.217187355 -0.034495818 0.869210691 -0.442845872 0.607784564 -0.515775147 1.391923653 0.222574910 1.254075203 0.633410097 0.457151434 1.058892064 0.745523506 -0.515146371 -2.319201329 0.127599777 -1.841053292 -0.020900552 1.875372355 1.965931318 0.255956399 -0.588950906 -0.127978270 0.883712125
-18.090887478 -23.181215180 19.094802443 -0.548983852 -0.244545933 -0.797894893 0.046666441 0.045083921 1.690214414 -1.324647494 1.009050404 0.773287820 0.093895128 -0.739528291 -1.336344201 -1.181829041 0.798312613 0.011838384 0.670823787 1.552573146 -0.419444161 -0.970039458 -0.491846536 -1.179955320 -1.167940159 -0.880943187 -0.091698453
-17.180530790 -29.604062719 24.058326834 0.628682820 -0.262620032 -0.019499698 -0.731716060 -0.216030112 -1.908990702 -0.942331536 0.563030794 0.006906656 -1.453808000 -0.668322040 0.517277771 1.202986065 1.792200615 0.089668164 0.068266828 1.838831869 3.675761678 -0.160705548 -0.383530581 -0.811179147 -1.708522094 0.374625610 0.890874966
-16.848916502 -18.498375193 18.566035091 0.405536850 0.587146677 0.303619587 0.631358685 0.590679411 0.943963845 0.387154296 -1.837322963 0.006185410 1.174923066 -0.504748905 0.080737772 -1.702825251 -0.744694476 1.318555324 -2.112612994 -0.694351827 0.989678684 -2.112470644 -1.408316320 1.197376105 -1.386731632 0.715034395 0.120204824
-11.938122606 -25.996017613 21.719861972 -0.372083197 0.663572377 0.564146579 0.320880714 0.103706356 0.168634739 -1.635142505 0.250135005 0.190120078 -0.947325319 0.483513625 -0.592731132 1.847399458 0.565829940 -0.922796931 -0.871334969 -0.336280774 1.572994087 1.182855148 -0.164682770 1.504350471 0.727513013 -0.202096180 -1.123368539
-17.554112416 -13.799719810 30.237910241 0.415510341 0.265444053 0.730657839 -0.472260240 0.325411606 1.247038224 0.732769660 0.633144381 -1.845981684 1.042359104 0.942784858 -1.804049035 0.399694532 0.996324299 -1.108050178 -0.201492709 0.935685046 -1.090293831 -0.048630617 2.153466600 -1.684069053 -0.079703557 2.065651947 0.156732416
-13.351385961 -20.403183342 24.624216561 -0.966379211 -0.171070491 -0.018551707 -0.191054811 -2.337595911 1.808105779 0.964947557 -0.206012487 -0.108286751 -0.970227691 -1.926361993 -0.179746627 0.558753230 1.383780998 -1.345651272 1.197568838 0.076636568 -1.249444268 -1.513563815 -0.063952393 0.832797913 -0.985980657 0.237589102 -0.620964422
-14.332829180 -30.888090989 23.802933281 0.966451687 0.256817212 -0.002005159 -0.003469160 -0.199826993 0.123093420 0.917834462 0.719099886 -1.670435733 0.302262107 0.766759739 -0.664180632 0.288069311 -0.810969203 1.950561387 -0.265027969 0.372855038 -1.254716926 0.487071933 0.706998202 0.302672662 2.871308652 0.408213833 -0.412689135
-16.092232199 -23.611476525 21.868952523 -0.844671912 -0.183088947 0.235665312 0.444375584 1.060761972 -0.607406795 0.045254080 -1.163649405 -1.009442038 -0.968466921 -1.444153374 0.258028715 0.775815826 -0.970619869 -0.666203837 -0.519826585 0.513558501 1.593242858 1.361677118 -1.063656715 1.132499794 -0.368600613 -0.044168325 0.435370696
-18.073648587 -20.878521939 25.448617625 -0.773896156 -0.141136629 -0.610184343 -0.094022648 1.028929405 -1.254306029 2.053694069 0.227123185 0.835445392 -1.677943288 1.188071814 1.096644585 0.665201252 0.565522013 -1.103238581 -1.002299873 0.063018469 -0.263888742 -0.992761236 0.198097792 -0.109180763 -1.248063808 -0.218184230 0.023343437
-14.261127622 -29.394894899 31.499710727 0.821061477 0.184174450 -0.538443816 0.044900792 0.805826455 -0.943959630 0.360120221 -1.487142700 0.262561013 -0.229029770 -1.386314556 0.535859838 -1.438913434 -0.959241168 0.204026019 -0.677322968 0.678047914 -0.446075565 0.992841723 0.771491207 -0.707314852 0.253358395 -1.488237597 0.466233832
-20.952076022 -19.842158959 26.241720407 -0.606172052 -0.360747359 0.456875201 -0.541924198 -0.539039505 -0.984028476 -0.327460575 -0.633529792 0.902869814 -1.358340975 0.572580064 -0.414085941 -0.213871527 1.524984997 -1.149836289 -1.127765410 0.447119181 2.745222513 0.957741370 -0.843843092 0.492416458 -1.327692476 2.932597568 -0.150448431
-11.154226276 -21.283621272 30.944212028 0.485984972 0.065041974 -0.821484761 0.291120140 -1.604016397 0.358300243 -1.529130794 -0.568712795 0.060378737 0.897514926 0.845502683 -0.728697537 -0.231114575 0.485013000 -0.194827574 -2.631593815 1.071147430 1.229736381 -0.748817462 -0.952042632 -0.541698258 0.387758209 1.532190837 1.340579272
-16.670500275 -18.775248123 24.408671895 -0.384856940 -0.737240190 0.426002849 -0.356207259 -0.796014216 0.335332918 0.118869001 2.054241304 -0.488708982 -1.295816926 1.009884572 1.786576320 -0.564169693 -0.027575871 0.333439349 -0.556843826 0.160165048 -1.588163221 0.398451626 0.255702133 -0.050963127 0.417086936 -0.281721473 0.191619673
-13.958514072 -25.982566372 22.648471276 0.230758720 -0.485174523 0.842240278 -0.044580375 -0.331904200 -0.585718349 -0.065869520 0.108911931 1.245048860 0.371980662 1.856352206 0.407444516 0.709101854 -0.468453102 0.040389478 -0.056558956 -0.702511407 -0.232958837 0.154650089 -0.319974512 1.535271420 0.188898911 1.597210427 0.182814210
-15.788956162 -29.200371636 33.607064397 -0.320779911 0.850463246 -0.298243063 -0.291313562 0.440181632 -1.047315655 2.655656354 1.226234997 -0.729634382 -0.427821263 1.139756081 2.384513994 -2.183435278 -0.362852686 1.103021315 0.041179871 0.545260416 1.090383005 -1.152767956 -0.499994190 -0.535083785 0.092885936 -1.743074182 -1.159357046
-17.520812559 -23.302427562 19.078982310 -0.156733405 -0.804682080 0.073224255 -0.567943305 0.158758355 1.138190765 3.074486421 1.648921622 -1.125693485 0.722607986 0.400394434 1.175448403 0.584389413 1.176958585 -0.137876600 -0.580764629 -0.382875678 1.519656327 -0.416608792 -1.861778722 -1.256550192 0.502461174 -1.214625679 -1.243161813
-19.658854031 -29.527513299 26.781305774 -0.211737092 -0.148543806 0.856074028 0.447481173 0.331435757 -0.229966059 -0.926586220 -0.519527209 -0.676151580 -0.347240430 -0.400623546 1.735383846 0.339525741 0.812081834 0.695779784 0.321986095 2.339943791 -0.921688141 -0.534358622 -2.301423961 -0.961922317 -0.657712321 2.292594507 -0.238957425
-23.070792563 -26.772265786 31.922608061 -0.426254496 0.489267490 -0.448493954 0.614636153 1.211816845 1.700157217 2.041099951 -0.081857342 0.142645668 -0.709851342 -1.325260153 -0.246569060 1.342766053 -0.164495215 -3.086526461 1.234911987 1.334910011 0.646127087 0.865122067 0.004892620 0.097200075 1.168758818 0.381230456 -0.185729633
-25.728174093 -22.155230306 27.181246138 0.012073338 0.240051349 0.970566302 -0.015186765 -0.805805881 1.457682815 -1.354789575 -0.394875335 0.828636491 -0.392756774 0.905004276 -0.654882326 -0.016941102 1.098914911 -1.029792321 -1.052058702 -1.081856363 -0.652148748 0.787762588 -1.680367255 -0.291154760 -1.161799072 1.292137692 -1.634679514
-24.629562680 -20.791161550 22.286060353 0.352671963 -0.665175281 -0.170467153 0.635692758 -1.055262305 -0.217686990 -0.414497890 0.050832135 0.227712284 -0.639650355 -0.154220387 -0.674671441 0.178432226 0.363658045 -1.010957852 -1.142855396 0.085821010 0.616242781 -0.379836003 0.933570563 1.330904191 -0.094401462 -0.060775901 -0.535532206
-24.922390894 -25.664522390 26.660167422 0.520011951 -0.713260802 -0.085862636 -0.462032691 0.250420187 -0.041524202 -1.122097186 -0.647185406 -0.185887658 0.154356208 -1.172900281 -0.507350017 -0.785754795 0.228444146 -0.901450035 0.036642168 -0.396110558 -0.185969351 -0.858475756 0.980678963 0.560688257 -0.544295816 0.341251079 0.435317551
-19.740394107 -29.780521390 28.671556809 0.366984001 -0.883164910 -0.286482217 -0.057187627 0.738581575 -0.238639949 -2.042281111 -0.198964824 1.274909666 1.354262052 -1.593507481 -1.841748028 -1.261534151 -1.145825523 -0.522182970 1.279238669 0.045883166 0.251335850 -0.320507901 1.077852228 -1.007691304 2.326630657 -0.785256241 0.442345398
-10.030272483 -21.948099128 20.032437952 -0.077531245 -0.716505857 -0.692806647 0.025044218 1.129124690 1.405040263 -0.682361631 -1.852606872 0.844455375 -1.452281859 -0.131621420 0.057181906 -0.021964644 -0.789306593 0.184820297 1.039707212 1.268651841 -0.279685912 -1.105843155 1.105642221 1.781954565 -1.623440628 -0.218835654 -0.742969165
-16.915985500 -25.625054201 25.632802494 0.236110653 -0.346226800 -0.128870391 -0.898760916 0.216715514 -1.148934662 1.401955833 0.226029324 0.821197296 -2.368356780 -0.602280101 -0.486137776 -0.091080437 0.495103445 -0.439520595 2.701874022 0.312348142 0.750267192 0.474328229 -0.454897321 -0.805515225 -1.915812818 1.374817872 0.836771228
-20.356560814 -25.819866536 20.311809873 -0.460849052 0.160287335 0.263808275 -0.832064490 -0.907064196 -0.655555751 0.274643182 0.750670132 -0.800939845 -1.524583089 -1.323369067 -1.608457095 0.155007907 -1.085540625 0.861736372 -0.312638737 0.023073697 -1.417767818 0.402709079 -1.868868981 -0.450459426 -1.117786826 -0.881435981 1.976225414
-19.000032540 -21.935624622 34.019635948 0.574997894 0.172678217 0.365223815 -0.711457111 0.551080435 1.464526073 -0.183009743 0.391972551 1.214217472 -1.251867052 0.928681654 -1.327861005 -0.511510750 0.942676895 0.043537938 0.348633601 -0.049541430 2.420303140 1.147413489 -0.109667960 0.056895845 1.507623481 -0.699128453 -0.598035889
-17.013248115 -18.969229170 27.745114446 -0.213206574 0.339418784 0.837796486 0.370722124 0.488775654 0.042016695 0.037293395 0.034747905 -0.509090024 1.724829314 -0.853669532 -0.168775256 0.808063385 0.483300656 1.156345529 0.219300416 -0.457999605 0.341028265 1.406382839 1.627513159 -1.146669200 0.884947784 -2.211857233 2.174843986
