21.800396409 -2.084317049 6.411288906 -0.006207577 0.634143893 0.453883197 0.625949705 1.109920324 0.012189786 -1.117937532 -1.151945170 -0.400485500 -0.373111356 -0.630628777 2.174429875 -0.599244970 0.981154310 0.218723330 -0.803399523 1.105626449 -1.205237441 -1.082303204 0.723955652 0.933100306 1.440039388 -0.152229076 0.797611733
22.422229741 -0.300542803 9.944891892 -0.951650754 -0.199593529 0.232936028 -0.016250312 0.316746350 -0.462070214 0.722180893 -0.308526114 -0.585480573 -0.053920316 -0.479513264 0.152337864 -0.957420793 -0.411289673 -0.722148658 -0.661306084 0.267219732 -0.267514342 0.917371013 -1.546830125 0.275046566 -0.307750840 0.260843029 0.321725966
30.730318595 -4.662933368 18.610728213 -0.284185724 -0.218847419 -0.657132373 0.662964046 0.577458517 0.107454742 -0.653415226 0.994477352 0.299760201 0.367461872 -0.345682693 -0.834301853 -2.250929615 0.943918211 -0.254159434 -0.577561994 -0.621447564 0.087388680 -0.840063389 -0.056147261 -1.115269443 2.214488057 -1.112797407 1.194062581
33.035266831 -0.924709134 9.824027320 0.016968145 -0.100315050 -0.728658717 0.677277968 0.490558136 -0.741126619 0.308311872 0.653426861 1.273813428 -1.607616228 -0.553122704 -0.186673286 -0.581202755 0.614495837 -0.890703457 0.967931327 0.067745415 1.749148422 0.181023812 -1.067271702 -0.349859172 -0.645048631 0.258018245 -0.990685676
31.497499237 -3.614404213 15.153920200 0.166635897 0.727584281 -0.257701810 -0.613549810 -2.253154602 -0.152908591 1.258251474 1.146143442 1.178569960 -0.601003660 -1.042851593 -0.146175742 -0.693630787 -0.585553876 0.347031330 0.458524082 -0.105153226 -0.719459356 -0.846188381 -1.513833115 -1.260826501 -0.771469532 1.383745604 -0.018988913
31.095154171 -4.147081131 19.970636111 0.622935501 -0.611266025 -0.131274982 0.470183037 -2.239665177 -0.307820332 -0.442347163 0.996375207 -1.954853166 0.638076394 -2.043749323 -0.435852064 -1.350321939 1.013795805 0.337816573 1.196244781 0.953061753 -0.414992712 2.447584352 2.656213349 -0.863608500 -0.166493400 -0.846073443 1.083784733
19.158938509 4.437715187 14.862200789 -0.764060921 0.247165626 0.577517599 0.146947216 -0.540339501 -0.171455084 -0.993552813 2.189482838 -0.345176475 -1.186802555 0.594834468 -0.167887253 1.045401205 0.447751261 0.186331182 2.275985881 1.587605944 -1.711400146 -1.043529044 2.331910309 -0.141820214 -0.711225358 -1.474430708 0.307751137
25.559026028 8.218106384 9.651916091 0.250424301 0.735345257 0.533487623 -0.334583292 0.850270582 -1.345298183 -1.174549466 -2.361769421 0.160301182 -0.766809611 -0.346383179 1.413705708 -0.209230263 0.521944512 0.302844436 -0.321104363 0.034707858 1.520652413 -2.609296039 -2.115656833 2.630401583 0.031626486 -1.103971312 -0.011843331
25.099667362 8.135378155 15.806366828 -0.313608234 0.893860007 0.262462263 -0.183787172 -0.764915439 -0.961183636 -0.552172672 1.173159111 0.290983436 0.015157779 -2.189011407 0.929110263 -1.212713750 0.714360198 -0.921896307 0.020202834 0.663835550 0.052796553 1.473706680 -0.154904190 -1.375046674 0.511924122 -2.191793438 0.462998483
26.276516352 5.321697525 10.795398924 -0.046112263 0.460309587 0.514425243 -0.722049453 -0.549740637 -0.479365538 -0.722464135 1.321043890 -1.635984550 -0.396150348 -0.865727925 0.431738395 -1.218746217 0.057631853 -0.846088460 -0.020824592 0.573829851 0.142347039 -0.919523546 0.417371601 0.295371332 -0.755187096 0.686701362 -1.642115882
36.004323333 4.039011219 14.229983498 0.444219264 0.553970751 0.262266902 0.653453690 1.013330961 0.898082426 0.759743349 0.814823058 0.136377899 0.856403747 0.353691517 -0.625710416 -0.166990895 0.475132299 -1.208785058 0.867867539 -0.795062133 0.288657882 1.585499378 -1.440791896 1.106012082 0.999267503 -0.943522144 1.780591902
27.648749407 -4.687062971 12.090729502 -0.188649938 0.156732216 0.830105532 0.500770426 -0.040707706 0.469741675 0.792333337 -0.247677807 -1.065847379 1.224793273 0.215715701 0.519793881 0.702407369 -0.791058794 -0.806877791 -0.805678871 0.062911178 0.205005243 -0.407600376 0.250246642 0.578785660 1.224090487 1.270762937 -1.010087530
28.861238762 5.595544180 8.855008568 -0.034338231 0.510000722 0.706540136 -0.489409017 -0.211652695 -0.106812678 0.757734099 1.358213252 0.195155464 -0.620001267 -1.325888386 0.290072749 -0.585974175 0.534489651 -0.631211053 -0.965176364 0.236059648 0.060663389 -1.334397357 2.162518610 -0.507498408 0.012023804 2.823926555 0.717648272
28.476397517 5.758223380 20.155702269 0.448828118 0.291035273 -0.843094139 -0.055173020 0.395777726 -1.404515778 1.081868687 -1.045555924 0.930807683 -0.586025901 -0.139622111 0.825691976 -0.915243890 -0.141798078 1.103803566 -0.556596777 -0.017015704 -0.277554931 1.634552467 0.808555766 -0.635789328 -0.404490090 0.032922151 0.096195724
21.075590088 -4.625398785 13.561379984 -0.382667985 -0.073723885 -0.286222248 0.875332409 -0.884165163 0.124686832 -0.413516921 0.463658984 0.928845611 -2.186630168 -0.970475307 -0.913328006 -1.474452383 -0.971868963 -0.691638562 -0.005358344 1.121099790 1.959668843 0.369204167 -0.557224613 0.597986682 -1.103298753 -2.660988036 0.163873125
26.311752218 -3.702018394 20.216949982 0.559639963 0.518401480 0.638446444 0.102221111 -0.918829846 -0.153273332 0.044631276 1.210849518 0.510424978 -0.415186923 0.708404544 -1.311081260 -0.356808086 -1.077157763 -0.120511745 0.179352495 0.829983544 -0.486741460 -0.064392693 -0.415745525 -0.330955325 0.545409556 1.479199521 0.968223306
20.061944597 4.061545298 16.597009518 -0.475118732 0.173919876 0.330265682 -0.796830375 -1.366341686 -0.807575883 2.093913896 2.835059842 0.451714309 1.079009026 0.686621831 -0.134546824 0.342220912 -0.043792619 0.853259457 -1.293171598 -0.102206085 -1.282702692 0.448811158 0.439688926 -0.656374933 0.694636963 0.799509597 1.019934720
26.028438188 8.557548389 8.011266632 -0.556975764 -0.684106451 0.416707684 -0.219387940 -0.153714730 0.339715379 0.251881828 -0.955358240 -0.645450261 0.185465362 0.007862518 -0.287354904 -1.547370916 1.299490422 -0.321967041 0.113531700 -1.514701076 -0.332021246 0.530432072 0.226505184 -0.429447568 0.850458858 0.088490316 1.259125521
22.854611993 -2.798914239 9.320977212 0.312164247 -0.586144308 -0.506791365 0.549682495 -1.901044139 0.116128971 1.041895812 1.883022619 -0.306954849 -0.455563567 -0.086775654 0.253657420 0.332667640 0.313468480 -0.392349548 -0.053673063 -0.116543221 0.270610688 0.495121134 -0.397843621 -0.831581447 -0.907552799 0.293781489 0.188838055
26.968811905 6.428368874 13.287695901 0.265199908 -0.065013388 0.602300881 -0.750117269 0.650323900 0.033908130 0.275193957 2.548651701 0.178777961 -0.666722424 -0.716693907 0.569745957 -1.010659613 0.170805917 -0.059910737 -0.047964695 0.723611479 0.394236878 -2.040598856 -0.044206019 -0.407653999 0.290198494 -0.147544860 -0.219344659
22.496284538 -2.533585199 10.009903406 0.636302533 -0.383117859 0.669581374 0.000759023 -2.210733541 0.904343762 1.268596362 -0.695156188 0.487081947 -1.596897143 -0.535790583 0.062655735 0.000866833 0.278693392 -1.084353327 -0.299698023 -1.148426348 -0.741715958 0.177478021 0.231541812 1.798863695 -1.257983608 -1.223116813 0.267159405
25.277234581 -5.939603236 13.604750614 -0.475313151 0.387683255 -0.731693119 0.297328575 -0.552763985 0.820774670 0.530324082 0.360957645 -0.073425206 1.189506406 -0.086576336 -1.768381588 -1.381010373 1.876979298 0.478941574 -1.256399925 -0.061790778 -0.037095604 0.939977775 -1.000766422 -0.380202451 -0.855222987 0.648928910 0.382023820
20.311750883 7.002738699 14.964264751 0.762171910 0.231361928 -0.591343470 0.126010071 0.857354870 -2.394011590 0.657245918 -0.359985814 -2.459397198 1.862474489 -0.778273402 -1.011851183 -0.834305668 1.037840053 -0.057520849 1.264798185 1.539415957 -0.441029971 0.290307921 0.564374619 0.216450904 -1.214405846 -0.529250334 -1.971566860
32.929379869 2.108221302 15.180335207 0.335034248 -0.879587862 -0.337729493 -0.004004547 -0.236009951 -1.154640735 1.154750195 -1.014005714 0.307135436 0.224160262 2.300462781 -1.408988249 1.051002554 1.870904990 -0.959056618 0.031270218 -0.505532000 -3.226728614 -1.606869557 0.908488041 -0.076301819 -0.396926161 0.045018659 1.143469169
30.552186411 -2.871711638 12.422089473 0.193648767 0.889410867 -0.405464443 0.083946716 0.415793490 0.806627254 -0.673068804 -0.073454051 -0.797136337 -0.709500417 1.059314457 -0.065012980 -0.852101646 0.100335679 1.534119926 -0.724126246 2.402466847 -0.369104005 -1.162258717 1.265724653 -0.448968071 1.371450021 -0.805477414 0.178302481
28.997358570 -1.679994992 11.740562557 -0.573946563 0.535114592 0.208574449 -0.583724606 -1.197344617 -1.724733235 -2.118417425 0.403618015 -0.515205347 1.625605497 -0.521707509 0.681694584 0.111345078 0.323276186 -0.093952055 2.048328842 -0.341090227 1.083916204 0.317527462 0.930533621 0.415848353 1.579638863 1.618396201 0.378932875
26.366633141 6.749975246 13.748819416 0.706645700 -0.326910305 -0.236793972 -0.581128317 -0.562693745 -0.852180334 0.189817873 0.795282947 1.014757160 -0.603862514 0.447387216 -0.590919531 0.932388379 -1.439911054 0.325268083 0.138208915 0.594575938 -0.792961402 -0.566117295 0.736822227 0.355005391 -0.520799509 -1.655892811 0.704858978
27.498159482 -5.261815675 9.721838839 -0.364476705 0.335597898 -0.701063995 0.512874309 -0.605189447 0.799101142 1.216731400 -0.838667081 1.301554718 -1.211831844 -0.452507902 -1.532205317 -1.920523478 -0.555074280 -0.024952249 -0.483277649 1.504158686 -0.968425288 -0.781833465 -2.580572371 -2.043736975 -1.127927102 0.074271925 -1.103532655
25.091574338 -0.354762518 19.556048164 0.559492741 -0.017348386 -0.374280949 -0.739310948 -0.444598956 -1.152679307 -0.315799105 1.373769470 -0.004523361 -0.759244898 0.975151193 -0.820584933 0.103263471 -0.410246475 0.764394542 -0.174642524 -0.331067409 -0.509884967 -1.241220544 -0.143935736 -1.487319195 0.955501249 0.483621582 1.193428762
24.961661738 -3.483726709 9.819416278 -0.326196222 -0.841386562 -0.370364316 -0.220215694 0.727222968 -0.162077312 0.134963055 0.714863143 0.517478767 0.429051845 0.411944423 -0.578164508 1.426977221 -1.086227147 -0.387098177 0.014779397 0.453463292 0.452496694 -0.315660613 -0.796313821 0.060787601 -0.564767037 -1.141086441 -1.121418064
24.311069887 7.694846288 16.863374543 -0.731722328 -0.182390293 -0.488506582 -0.438950493 0.835791924 0.225881689 -0.971024430 -0.655591538 -0.644390219 -0.412664172 1.056812065 0.306837061 0.465947425 -1.370505055 0.124091263 0.473381023 -0.400578852 -0.003183761 -0.155069959 0.165567296 -0.325668874 -0.632863517 0.603330752 -0.523840266
29.664575160 -1.264672623 12.032215348 -0.226220343 0.939031336 0.013698200 -0.258566947 -1.823348108 -0.638917716 -2.258667018 0.283996499 -0.543779134 0.135188867 -0.555485617 -1.289583530 -0.099118487 0.872881613 -0.576398260 -0.259517459 -0.258831270 1.011830435 1.086936911 -0.585568722 -1.245683843 -2.116921929 -1.773113801 -1.274517635
36.266125202 1.900180808 12.802346402 -0.599912762 0.039370186 0.563176026 0.566910425 1.919503208 -0.227090049 0.109981893 1.038888567 1.183355177 -0.676308121 -1.262403870 -0.877464760 2.627354483 -0.157952767 -0.096875248 -0.329504615 -1.582408316 -0.041327064 -1.446041951 -0.249493090 -0.669731989 -1.032043941 -0.173163788 1.031980625
23.193846099 1.088697889 8.396149445 0.615738712 -0.255346807 -0.713654954 0.215314778 0.296084088 -1.523016258 -0.246252973 -0.213433622 1.652401357 -0.136600709 1.144906044 1.743998818 -1.025971206 0.919344982 0.951015331 -1.206243311 0.720508030 -1.245845011 0.882741222 -0.738200295 0.431246237 -0.072075021 -0.355445688 -0.448385702
28.893779368 -4.705314928 15.345912619 0.693759165 0.057704173 0.640843443 -0.323555452 -0.342779026 0.388632338 -0.560493973 -0.699762606 0.557187798 -0.215918213 0.049179133 0.302187035 1.143645171 1.014928833 -0.240167317 1.986021442 -0.659326171 -0.877280988 -1.205366970 -1.283621222 -0.895339957 -0.730122090 -1.898587838 -0.842491525
20.943357138 -5.552189151 16.156556776 0.817184873 -0.141875139 -0.127194844 -0.543968565 -0.061571796 -0.703381227 0.835821493 -0.313596720 -1.678081852 0.520242421 0.322514229 0.388330399 0.579670610 -0.846391656 1.381809732 1.210400248 -1.514630439 0.056927587 -0.019110305 -0.028613617 0.534087775 0.139604442 1.200327198 0.064671546
24.261895429 5.199969950 15.536484152 -0.043342395 0.522526886 -0.789693153 0.318546409 -2.178477168 -0.708648738 1.319984483 -0.014174114 -1.845839514 -0.626741596 0.272959951 -0.448656202 -1.446715965 -0.099920336 0.359498244 -0.050457292 0.565378291 -1.798218914 -0.194367702 -1.387995821 -1.254504243 -0.748697520 0.493631889 0.892490391
23.237798824 7.696321347 9.980191060 -0.324288326 0.538041669 -0.428931571 -0.649127069 0.206442559 -1.165915514 1.462004798 0.089482392 0.059948673 0.133595484 -1.189744872 1.337732017 -1.333043863 0.020612183 2.210720805 0.951830330 -0.177560593 -0.265941420 0.336043659 -1.161332487 1.502958294 0.700124066 -1.450470658 1.478436593
31.154851865 3.569781099 18.365003538 -0.567622936 0.778533317 0.025459194 0.266536876 0.860490717 1.934734724 0.368454893 -1.935856226 -1.103658419 -1.169884108 1.759118114 0.094690918 0.134607175 -0.344377160 -1.228696098 0.164082053 -1.688084555 0.255793351 -1.658398594 0.016289763 0.412923827 -0.759079345 0.674670098 0.611910346
31.206936945 -1.835451661 18.201462791 0.016576199 -0.629050627 0.237709360 0.739942429 0.512273410 0.483203559 -1.134027230 1.393741593 0.043623090 -0.506526838 0.122560677 0.300235262 0.942546568 0.193906323 0.152661046 0.065691332 0.198024791 -1.541266953 0.025972053 -0.632052232 0.032969928 2.556492394 -0.952236644 1.485528741
27.960354646 1.422817977 11.681818729 0.667773038 0.662751988 0.097315369 0.324605439 -2.266742123 1.094374797 -0.771857616 -1.556842294 -0.322267756 -1.964077417 0.838848980 0.513367415 -0.269667186 -0.312146260 -1.768924060 1.392379088 -0.138101489 -1.700149864 -1.336739904 0.462544850 0.747055433 -0.764385527 0.720650548 1.439805389
30.043463220 6.341034981 6.148856021 -0.633752478 -0.479839969 -0.297491714 -0.528781694 -1.626274078 -1.133862495 0.154072535 2.126166332 -0.011071559 1.498967717 0.590699022 -1.522176879 0.791743041 2.186880685 0.323545269 0.601138342 -0.087107004 1.171839986 0.114079682 0.289555459 -0.900645179 -0.987874077 -0.204928377 -0.338478383
23.425926684 2.362272175 20.662310854 -0.598871368 0.595025877 0.151273845 -0.514211547 -0.358289034 0.818850011 1.094572016 -0.961938472 -0.651863872 0.021722774 0.797328589 0.649660798 -0.467259541 0.449476538 -1.086027284 1.320600792 -0.318169077 2.938123438 -0.473429023 -1.300846261 0.087521273 -0.644368771 0.270459341 -0.861696024
33.834488239 -3.854824521 14.432632373 0.543661962 0.555923912 -0.626091056 0.058225979 -1.496687783 -0.159537421 -0.830365679 -0.586008861 -0.605564864 0.673210315 1.536610539 -0.292238090 -1.237720140 -1.800758476 -0.237374483 -1.084448968 -1.528413099 1.004797544 -0.372488065 0.372936133 0.704735160 -0.763469184 0.398354367 1.177566016
21.833103190 8.923494843 14.966936320 -0.111515699 -0.069445717 -0.870768863 -0.473817610 -0.450387366 0.268110193 0.438219356 -0.475674391 0.247547079 0.334404367 -1.341568530 -0.340191284 0.658376303 -0.870491775 0.791820478 2.139252088 -0.208278288 -0.542356611 -0.613275793 -0.025623969 0.104467197 -1.066395154 0.162673591 1.044963852
25.807764389 10.041685215 8.937767555 -0.672230298 -0.079489486 -0.056650487 -0.733879125 0.237176981 0.070879042 -0.245847591 0.054607140 0.849738537 1.131127460 -0.597270876 -1.432540569 1.991769579 0.498939977 -1.033158337 -1.611834012 -0.390993753 0.141747396 0.736739733 0.352885520 -0.803263879 0.685530014 -1.182793611 -0.955756156
24.392112622 2.750320847 18.293905144 0.349525620 -0.170226568 0.210627603 0.896934094 -1.858997122 -2.454639124 -0.204164266 -0.812797917 0.878357313 0.813046584 1.271768818 -0.025280413 -0.046413943 -0.909147923 -0.730058795 -0.075288103 1.431986129 -0.445183102 0.665980597 0.379885669 -0.563024875 -0.649997337 -0.951767997 -0.128346203
33.612833171 -3.836740259 9.095667184 0.054251443 -0.717848320 -0.155755936 0.676380557 -0.760755914 -0.284672520 1.104325340 0.794399505 -0.413945010 0.457220688 1.314376707 0.002715706 0.224053816 -0.242519446 1.081511808 0.230794157 0.491088562 -0.921016927 -0.630701988 0.027237429 -0.048248023 -1.049917694 0.161631221 0.919051457
20.356486339 2.351737872 19.161321152 -0.577740983 -0.088286037 0.654899499 0.479090364 -1.020477417 -0.982767136 1.071640515 -0.492784688 0.094234048 -0.297134724 -0.508744639 1.286628251 0.351056026 -0.563530226 -1.607561457 1.093308883 0.318226425 1.911290063 -1.255099598 -0.769950738 0.424620662 0.497026472 0.739652989 -1.275119387
26.338783745 -0.406830123 22.912243748 0.321853812 0.587966509 0.740422545 -0.049799227 0.068312494 -1.634731640 -0.493732850 0.238077879 -2.045647936 -1.479542546 -1.434395265 -2.054859440 -1.195849037 -1.498603866 -0.254857101 -1.297612139 0.109265327 0.124914901 -0.460729522 -0.605462537 1.185347630 -0.795155551 -0.061833974 -0.781244922
23.534389927 -2.284251977 7.000440687 -0.308083447 0.653528380 -0.294697648 -0.625410699 -0.197365437 1.104563835 -1.535684369 0.945435974 0.980021681 0.567909458 -0.556892157 -0.874042972 -0.859298727 -0.097516340 -0.860172738 1.830985109 0.364533875 1.056949247 -0.127077455 -0.198220873 1.298785209 1.378918527 -1.867502022 0.238946942
30.825056843 -5.023088137 8.408987295 -0.931432924 0.346273204 -0.084464098 0.073439717 -0.556001623 -0.727838018 -0.538712680 0.635633967 -2.214882375 2.349911398 -1.875424667 -1.203790074 -1.210631241 1.004187111 0.557652408 0.930592022 -0.318414190 0.528629816 0.441417620 -0.018390590 0.444950880 -0.065032093 0.747340186 0.619356774
18.179247068 4.670468332 11.963362638 -0.083536276 0.435108082 0.805002988 -0.394553972 -1.756908151 -0.389590042 -1.215743854 -0.838586437 0.184747346 1.131825789 2.617293959 0.479581789 -1.581469186 -0.406281101 0.372846532 -0.202112966 0.859926463 -0.495457124 0.095036538 0.698754147 2.815928399 -1.115005227 0.920161083 0.666279005
17.860762752 2.073346955 12.256345641 0.166953023 0.190391337 0.688237340 -0.679858214 -0.238520802 2.722655026 -2.666494023 -1.019317242 1.102943341 -0.428567823 -0.000584499 0.252962309 -2.559049345 0.677354748 0.107999227 0.807214518 -0.793023043 0.506004883 -0.460951174 -0.338855601 0.055499905 0.485246481 -0.723191870 0.353932902
27.520371538 -3.455295113 21.726747180 -0.457468654 -0.381815377 -0.802663406 0.025901846 0.262259470 -0.119040183 -1.854046461 -0.333245788 -0.917939435 -1.594913933 -0.518112014 -0.968646384 -0.598840707 0.671397417 1.332393000 1.145665582 -1.540647161 -1.253749084 -0.213465318 -0.142526370 1.402452191 0.857570522 -1.353359647 1.574499656
24.049107546 4.559672609 11.327615246 0.805708640 0.285886500 -0.501745908 -0.131732837 -1.288380730 0.169243600 0.759116160 -0.549530143 -0.930894277 0.626288356 -1.186256633 0.079837937 1.933899939 0.463944807 -1.212172433 -1.064507626 -0.378132289 0.766325646 1.622877902 0.542168138 -0.893441875 -0.538229709 1.830521914 -0.144738435
31.830755866 2.542245571 18.803644719 0.519713894 0.031387642 -0.367975263 -0.770393724 -0.080042066 -1.860068802 0.096897551 1.719834865 0.871405697 0.419061490 -0.897649928 -1.766700173 0.144606188 -1.224236620 -0.171128221 -0.577953917 -0.597187794 0.540442856 -1.464995460 -0.945281588 1.998759014 -2.563325794 0.243231314 0.683722047
27.839949102 -0.808761022 20.152861021 0.845686086 -0.079643139 0.503821487 0.156958346 1.369822400 0.084753022 -0.775535095 -1.232498155 -0.443331347 -0.592600768 0.255185757 0.327526326 -0.440713848 0.062657080 -0.233328444 -1.636352773 0.544105023 0.134541060 -0.717812482 -0.295725332 -1.153310880 0.343599772 -0.283226061 0.284969429
28.525847327 4.526637149 16.808186234 -0.116279813 0.474998848 -0.136226329 -0.861566879 -0.223509075 -0.080178052 -0.901643082 0.295965808 0.946929822 0.555375392 0.504024259 0.458134819 0.381671589 0.285920384 -0.555774044 0.484766007 0.813791004 -1.336058905 -1.377647104 -0.792646071 0.469790280 -1.449974398 0.802236556 -1.101442254
29.623393103 2.237388942 17.153240299 -0.062078758 0.994411685 0.053300637 -0.066713352 -0.369639534 0.539469436 -1.135457212 -1.716109534 1.209284825 -0.073274697 -0.863772489 1.041533321 0.740069900 -0.477680518 2.374948441 2.235060266 -1.730746269 0.161076550 -1.328124402 -1.072422572 0.841116421 -0.794444461 -0.251066295 3.024666939
25.060962706 1.153035947 4.680558035 0.263158746 -0.217365802 -0.753647972 -0.561706611 0.714321667 -0.080000960 1.163647949 -0.113772587 -1.125934032 -0.419194561 -0.275592468 -1.423328874 1.398950466 -2.109498725 1.302287429 1.132404600 -0.078180047 -0.797077863 0.056207972 -0.369862638 -1.533947268 0.786994320 -1.702879482 0.508096536
30.015062171 1.133731498 21.250210549 -0.006818024 -0.261673513 0.688978031 -0.675862235 -2.001388159 0.072741965 0.001628910 0.282878506 1.580871938 0.069535612 -0.019813104 0.304575202 1.528794220 -0.979781160 -0.990485727 0.964565703 -0.354575179 -0.316356714 0.649012788 0.633133680 0.358994904 -0.289939969 0.816347612 0.613887700
18.340576223 1.680631213 14.711951181 -0.582129024 0.081897009 0.609036383 -0.532440948 0.868968717 -0.953749997 -0.299150638 -0.562226993 -0.211363183 0.180366512 -0.225833157 2.645021302 -1.302625825 0.413380321 -0.217191506 0.289599251 1.089892467 1.936230861 -0.072754567 0.222909716 -0.558994763 0.160287111 -0.331912696 -0.018749224
21.708180894 -6.235542273 10.970871681 0.895687593 -0.068542207 -0.023881602 0.438720151 0.621722087 0.411588597 0.022668220 -1.914921902 1.155995874 -1.079555893 -1.078364393 -0.885704276 -1.762002479 -0.854601191 1.422115166 1.401999810 -1.641111140 1.216189427 -1.364747831 -1.047212809 -0.482456351 -0.422795455 0.766930972 -0.906804369
26.329732159 0.723035878 4.305603155 0.299317153 -0.191858835 -0.923144425 -0.146300377 -1.239318532 0.793075793 -1.636682903 0.643427418 -0.132812750 0.176522163 -0.358793905 0.344153341 -0.529694195 0.368909666 -0.387397039 0.419789792 0.266255940 0.451820387 -0.217145216 -0.644571587 -0.075674391 2.143257477 0.018722028 1.476975183
22.686211598 9.073584383 8.721617276 -0.541354509 0.295699756 -0.786625442 -0.026783642 -1.475441705 -0.094004812 -1.166974586 -1.993332286 0.532408230 -0.675940209 0.531975495 -1.205418850 1.217856728 -0.605526078 -1.056629417 0.209173518 1.535964564 1.895820719 0.932401777 0.139957821 0.854751317 -1.947630222 0.513241728 0.375522958
26.755556812 -4.823977658 16.303172999 0.145211969 0.294767604 -0.942556631 -0.060104419 -1.208611164 1.001256507 -0.995713597 0.774204815 2.921279292 0.002720192 -0.188733327 1.127302007 0.298922485 0.045440674 -0.186156337 0.776101742 0.340665822 -0.701215345 0.481090825 -0.352912510 -0.790473816 0.141008529 0.939983660 -0.071035976
26.333291534 2.751219032 19.175861509 0.136294177 -0.633095782 -0.532588786 0.544942946 -2.061675192 2.057403782 -1.183051198 0.376695647 -0.672844365 -1.088652394 0.279200398 0.893443174 -0.644306973 -2.207929429 0.627340673 1.662339480 -1.209082308 -0.814687805 -2.047063813 0.586040654 -0.484546940 0.046728855 -1.500580788 0.455891052
21.954350532 3.910665176 9.697391397 -0.062641422 0.512947165 -0.851508919 0.088847172 -0.393713714 -2.207565716 0.451733091 -0.761619367 -2.046092968 -0.077854558 -0.436059364 1.711323543 1.681148002 0.259829252 -0.815676833 0.430031983 1.113565239 -0.812407470 0.639183458 -1.456088608 -1.581399482 -0.173533857 -0.185530441 -0.077497970
29.445450523 4.156452053 19.354694887 0.831180506 -0.416712787 0.096935289 -0.355095719 0.375475072 -1.964778125 0.252583608 0.885761943 0.288468589 -1.638859192 -0.188832881 -0.241112241 2.403784898 -0.140992838 -0.378590444 0.010572027 -0.790916017 1.090368081 -0.091999967 -1.008857377 0.442762355 2.154458753 0.767949827 -0.178446406
28.185096250 -3.777894428 8.483998977 0.447951731 -0.853367116 0.234185310 -0.127518828 -0.058644418 1.035861943 -0.562771251 -0.055124394 0.819767890 -0.136553353 -0.573960716 -0.157907295 -0.642089644 0.711221602 1.110271426 -0.388801961 -0.071349199 0.615523344 -2.060867678 1.483093474 -0.953976329 -1.688002090 -0.423871489 0.938531023
32.640420323 -4.816678131 13.606089260 0.174220122 -0.973835940 -0.011447144 0.145464336 -0.180061693 -0.279468278 -1.287458761 0.096804000 1.378814187 2.722928988 -1.452042752 0.446836637 -1.277151178 -2.542330519 -0.170029650 0.125084281 0.148850577 -0.097920901 0.781974647 0.447806736 -2.684786964 0.726108900 0.539454354 -1.412008967
25.165451341 -2.097129023 21.347078962 -0.371240824 -0.369388968 -0.778540719 -0.345841566 -0.744376573 0.363074642 0.619409256 -0.462437779 -0.450852129 -0.204692008 0.391883518 0.378693663 1.023468327 1.283704713 0.041344734 -1.073756962 -0.706720525 0.672724317 0.504925820 -0.330585929 -0.377540300 -0.549600159 1.221609671 -0.758528118
24.319332039 1.663507268 10.597424666 -0.458957230 -0.293329208 0.637871941 -0.544459019 -0.357610590 1.658055089 0.235478942 0.285401221 -1.040966978 -0.403271394 1.421807988 0.422004702 0.610907744 -0.697211147 2.147319053 1.010138715 0.880930869 -0.952068968 -0.169608470 -0.218683994 0.716420411 -0.645646835 -0.497228661 0.486959033
24.318552394 10.363931671 14.741029053 -0.204858891 -0.086670497 0.199709214 -0.954273173 -1.460663597 -1.638521703 -1.340739359 0.095297230 -1.442273014 -0.119581699 0.382134903 1.035186323 -0.770955500 -1.068817995 -1.288201054 -0.739896322 -1.286264079 -0.786666132 0.568029680 -0.612156531 -0.653804942 0.241294581 -0.885379143 -0.646791013
31.236263666 -4.120476641 15.104623236 -0.409242832 -0.233729230 -0.043798445 -0.880893097 0.444816670 -0.580927534 0.920204143 -1.282313638 -0.216178720 0.155677145 0.326451551 0.772403708 -1.948062643 -0.050517225 0.851063793 1.392328608 0.175912028 0.614047340 -1.528093836 -0.530981478 -1.641062155 -0.838416961 -0.554436954 -0.274849257
26.229161639 7.400561596 12.561269228 -0.170117421 0.408826478 0.858391393 -0.259008088 -1.545326157 -0.622204320 -0.519088699 0.133056788 0.300822716 0.243522798 -0.846038261 1.854172537 -2.223894625 -0.701490326 1.357348695 0.795139384 0.562188315 0.138332520 -0.364258905 -0.121082968 -0.299830236 0.888458420 0.292779566 -0.385391987
19.252870661 5.952640350 11.125334751 0.850117805 0.394024124 0.267884703 0.224237582 -0.069735429 -0.631230813 0.105275371 1.055490382 -1.416744461 0.725536733 -1.021501938 -0.739511789 -0.155324054 0.325216124 -1.130870248 -0.795410672 0.214977406 -0.315039151 0.836549932 0.203324776 -1.050045326 1.301991922 1.068100440 0.656669598
24.838305669 4.000263194 21.599369147 0.022906267 0.001247355 0.631037590 0.775412991 0.473884936 -2.015950431 -0.917980804 0.596695531 -2.300986489 0.277188871 0.836887175 0.903577200 0.655749980 -0.011679519 -0.503996934 -0.421461123 -0.236078145 0.068101119 2.146362800 1.494457168 -0.643867659 -0.536673033 1.432646667 -0.742710806
24.911652400 -0.172710623 5.500075564 -0.243793742 -0.830308650 -0.369443003 0.338620769 -1.485665280 -0.311385120 0.519746513 1.243993892 -1.686617623 -1.943615937 0.099088879 -2.783087542 -0.389324321 0.245660854 0.438079694 0.324711156 -0.650977010 -0.513583929 0.185380725 -1.257015661 -0.056621246 -0.436861162 0.643453624 -0.931625743
28.750468024 -1.810823677 22.562609882 -0.228174521 0.846345571 0.414569616 0.244474121 0.004162803 -0.204384057 1.111332624 -1.174944059 0.847840138 -0.602396733 1.681473756 0.027818410 1.254371111 -2.058182371 -0.689031680 -0.998860237 0.198578392 -1.425331409 -1.634648476 0.275963085 0.369170909 -0.137003093 1.130796683 0.163926085
18.404354575 1.276999821 10.180192224 -0.102045143 0.302494466 0.899386211 -0.298644155 -0.279721512 0.299696903 -0.692423043 -2.568583868 -0.794913631 -2.024721533 0.790897222 -0.232923878 0.949974816 -0.859168272 2.715446084 1.030386134 -0.267095004 -0.060792048 0.146434448 0.337664280 -0.490037207 1.191989563 1.403647242 -0.516549036
28.116150920 2.262650076 6.455451032 -0.262624402 0.635966126 -0.342005596 -0.640006002 0.050414937 -0.492101115 0.057166003 0.137930639 -2.671950939 -1.908926903 0.397383668 -0.434386843 1.264679674 0.449383839 0.409031469 -0.966678418 -0.414159163 1.644647144 -1.273431032 -0.402922935 0.344337589 1.315199766 -1.424174723 0.947885296
26.535898000 -3.263194579 4.862647596 -0.059253239 -0.729335076 -0.678474325 -0.065053746 1.068665993 0.968194069 -0.360723587 -0.013693557 -1.779664700 -1.270499617 0.367629811 0.609956111 -0.657124924 -0.224485409 -1.868417224 -1.623937093 -0.784649386 0.172823214 0.972827489 -0.462581051 0.672236135 0.579961191 -0.203889936 0.495085951
20.184536480 -0.759776298 16.493993076 -0.392163286 -0.644203727 -0.063476017 -0.653590323 0.468053121 0.472374361 -0.368755904 -0.155386465 0.755467867 0.207514355 0.517445408 -0.554008966 -0.347653650 0.403885542 -1.158505027 -0.400287482 0.123390241 -0.789414447 0.192397260 1.231399453 0.206847826 0.546261220 -0.695812596 0.947831374
34.882037647 -1.977753605 10.705362267 0.883096013 0.328598078 0.313533266 0.117735406 -0.790358144 0.786237525 -1.516766741 0.514222609 1.292003597 1.236333741 0.562803070 0.366093771 0.179851903 -0.726576957 -0.627397949 -0.533481788 -1.303269053 1.411671840 -0.151147798 -0.967828175 -0.517984205 -1.890378089 -0.483703539 -0.519735009
26.419272759 -1.878897687 13.406527693 0.432131976 0.508530151 -0.744694918 -0.009408500 -1.141046634 0.589119692 1.551623478 1.815382837 -0.438289608 -2.881896674 0.293812881 -1.211659315 -0.153787361 -1.697309654 -0.833947844 2.148477292 -0.352494329 1.017821392 0.170727430 -0.324733439 1.429022008 -0.558666259 -1.867735440 -0.226357104
19.563677981 3.100740299 16.300101200 0.656220104 0.483493936 0.513517342 0.268158029 -0.172855122 0.897413384 0.209461446 -0.106386725 0.504885258 -0.858801363 1.045440328 -0.658611842 1.847815672 -0.702516464 -1.380796505 0.306388771 0.399142030 -0.534573607 0.158794525 -0.972237793 -0.356938565 1.275345502 0.430135180 0.744823776
26.077908694 6.551520803 9.081904012 0.342919724 -0.480046581 0.700977313 0.400739503 -1.023786701 -1.353046293 -1.077464173 -0.155912322 -0.029577650 -0.053080568 0.401059702 0.482608389 1.335439850 -1.332333764 1.862465313 0.228598561 -0.734327174 -0.353051854 1.582311934 -0.594217086 -1.003552429 0.321994480 3.055398376 -1.578841784
24.921681158 7.688430116 6.029490141 0.539195229 -0.587877745 0.248732690 -0.549363552 -2.072598432 0.204463595 0.176305725 -0.812735428 -0.742904697 0.722330626 -0.503881676 -0.996148738 -0.423651229 -1.014683352 0.870875516 -2.160769365 -0.304196216 -0.429629537 0.674846415 -0.371896962 -1.123819634 0.664034769 0.951251501 -2.659903137
21.368892323 4.837308384 7.082084984 0.326189138 -0.856744149 -0.031878330 0.398213362 0.258700536 1.460355362 -1.184451488 1.559424684 0.331947113 -2.578481746 -0.529207600 1.002677843 -0.974878277 -1.133031835 -0.060675694 -0.113558284 0.324759252 0.605912183 1.471911565 1.345894806 -0.127853374 0.155301350 0.184908058 0.009956093
31.929063693 4.645818652 10.012244459 -0.393454314 -0.772502752 -0.255103798 0.428200015 0.791525978 -1.903556318 -0.258433515 -0.813345080 0.816627909 1.158026504 0.918071150 1.265778261 -0.841328798 -1.015407424 1.357386175 -1.494776395 0.323293410 -0.585245946 -3.010397540 0.298870179 -1.409103509 0.350376875 -1.926460314 -0.430583923
29.954467864 4.345886393 15.612931883 0.271422863 0.511706398 -0.286139151 0.763289315 0.737194154 -0.205679256 -0.908386679 1.153695367 -1.225341316 0.548083309 1.252847902 0.957874178 -0.407809082 -1.118379398 0.105082514 0.193923380 0.094697470 0.626692039 -0.338433826 -1.491636490 -0.831140998 1.236328078 0.484975412 0.777069937
20.889425350 7.730663931 13.096477486 0.727333556 0.305896812 -0.492340183 0.367442762 0.215316931 0.286037782 0.219959543 -0.715530097 1.203635457 -0.077823004 2.329952450 -0.050886271 1.282262305 -1.433033325 0.440095927 -1.207578359 0.358093377 1.174068780 -0.093361150 -0.012200716 0.115384186 0.249916495 -0.990051849 -0.899372590
25.757525499 6.276912093 20.025008170 -0.139677407 -0.375604452 -0.253977865 -0.880287886 -0.549218328 -0.200215550 -1.761238254 0.022153734 -0.668311226 -2.230710120 -0.888032963 0.275176902 -1.705287801 1.322108331 1.023238882 -0.880443426 -0.932290479 0.525421398 0.815206980 -1.237781759 1.359950423 0.479644881 -1.848258612 -1.974164870
30.232680600 -0.257930711 14.639835210 -0.782553534 -0.257991432 -0.397549053 0.403738946 -0.236990007 -0.703675982 0.212988271 1.054249368 0.415658904 -0.661576029 1.239316547 0.216046573 -1.653724141 -1.445017905 0.344800556 -1.148326645 1.945153780 -0.871213189 -1.625438231 -0.344313988 -0.015574392 -0.924205775 -0.448180069 1.028927598
24.090822991 1.363074595 21.677258405 -0.325625722 -0.439825034 -0.796432709 0.257326191 -1.311097129 -2.229453887 -0.857375092 -1.747983271 0.311040617 -0.736687308 1.607842137 -1.332469147 0.436719061 0.101018809 1.298172146 1.128882000 0.005434770 -1.076155063 -0.345950391 -1.288260328 -0.711416796 0.465400432 0.214834571 -1.862534265
20.725463896 -2.167873091 15.400733941 -0.173146415 -0.417306933 -0.006024550 -0.892098059 0.785237441 1.959238292 -1.100013010 0.019489063 1.213792694 -0.891603386 -0.026491129 -0.359975270 0.134615985 0.078346753 -0.560867779 0.380231776 -1.105078339 0.330140999 -0.924214535 -1.495838385 1.237383525 -0.666654804 0.511558962 0.878678481
35.216116958 4.283710981 16.991889863 0.757243974 -0.013726765 -0.190707613 0.624518811 -1.413813928 -0.005869168 -0.163964424 0.162143314 -0.962455565 1.685085936 0.556372355 1.275565916 -1.283353518 -0.031590564 -0.581732347 -0.497262131 -1.432781889 1.295020613 -0.993050192 0.064879093 -0.218248868 1.978607064 1.024337419 -0.527810488
31.168854893 2.939186657 13.666460370 0.699486049 0.495157400 -0.278672730 -0.433451179 0.317775599 0.504960051 0.070659333 0.958775465 -1.857003124 -1.277561099 -0.490365050 -0.314569927 1.684161932 -0.401928064 1.372722445 0.161178330 -0.905856533 -0.630443312 0.402647479 0.263550378 0.676912885 -0.056109524 0.881810383 0.665917850
24.506648292 2.531224975 5.407085146 -0.753969850 -0.318218697 0.568081428 0.086889681 -1.556162841 0.068073455 0.381615136 -0.815406397 0.170999116 -0.269152256 -1.330061950 1.576918834 -1.258506928 2.129731026 0.473165662 0.110694568 -0.889758722 -0.695534883 0.477612289 1.866531268 -1.768643234 -0.486889501 0.732666050 -0.537733930
28.643952349 -0.277603636 11.179868069 0.131532418 -0.639936886 -0.005873477 -0.757063741 -0.571662351 0.814385160 0.560435742 0.461297016 0.601276574 0.785660831 -0.404902573 0.651683200 -0.881357909 0.401409121 0.027603171 -0.491430112 -0.743316249 1.427546369 -1.497077393 0.889408827 -0.543595535 -1.723794814 -0.646346396 1.095592899
22.945663006 5.280570000 19.196461551 -0.511086129 -0.193344713 -0.700670007 -0.458770457 0.652372800 2.080742115 1.406585463 0.342102704 -0.251545280 0.150356720 0.293011417 1.056510160 1.203518281 1.167290543 -0.421618822 1.099721174 0.664713861 -0.174648127 -0.943809774 -1.917466891 -1.156935193 -0.710787149 -0.864934299 1.390218751
34.138193948 5.820973134 15.679918419 -0.293190292 0.680747250 -0.260578181 0.618645008 0.197806920 0.918310540 0.256618342 -0.826084078 0.946546119 -2.322683097 2.152340400 0.998923797 2.291268397 1.451294788 -0.304498479 0.308280833 -1.219074419 0.462077005 -0.215252311 -0.245253789 0.852488842 0.566093057 1.661566226 -2.224805116
29.180140602 2.519340703 6.166659880 0.421364566 -0.188269366 0.863456421 0.203591646 -0.122038593 0.532239680 -0.134465365 -1.739938258 1.032327338 0.449975760 -1.006313780 0.213202922 0.199181796 1.165707222 -1.050221999 -1.603909041 -0.188851514 -0.296810861 -0.215533035 -0.950128038 -0.932185222 -0.078644835 1.135580269 -0.324797899
35.356456675 -3.552719066 13.217144014 0.415839594 0.106225975 0.198883736 0.881044115 0.538230945 0.138320706 -0.248505807 -0.922112567 -0.554769809 -0.764582579 0.990701026 -0.326880339 0.608674338 0.939292868 -0.153452130 0.488422200 0.790180998 -0.166797783 0.822085515 -1.302463064 -0.053222333 -0.897843305 -0.710749623 0.388920918
28.871672301 3.003543185 21.104226223 0.553683661 0.121138555 -0.151563936 -0.809807525 -1.824292026 -0.645395825 -0.781409702 0.471604501 -0.878587313 -1.542444730 -0.494389021 1.793357474 0.970768260 1.525626418 1.887307758 0.071671097 -0.363414651 1.183707028 0.175035773 1.007882138 0.534744952 1.334375573 1.310063368 -0.255287435
28.643438366 -3.724643309 13.715027219 -0.216419854 0.729141232 0.212275043 -0.613559139 1.372266725 0.703089208 -0.628930708 -1.754970510 1.352962749 -0.950211966 -0.073780346 0.482642252 0.136509309 -0.933096644 0.037174557 -1.111811470 1.513590164 -0.317573099 1.340237890 -0.166037744 0.392211168 0.141945832 -1.181212586 -0.889354433
22.852966762 -3.142634252 20.193563934 -0.027672155 0.492987846 -0.525132961 0.693132462 -0.436220845 -1.131259591 0.290780483 -0.333204785 -0.540856541 -0.989281221 0.324585485 -0.824377655 -0.026979778 0.345903666 -1.322051266 0.270882099 0.076396069 0.941141535 -0.399855004 1.958620743 -0.571129749 0.196750854 0.914087626 -0.630647145
18.877357477 5.070079492 10.370564262 -0.841133156 0.139210067 -0.139437621 -0.503659330 0.252138779 -1.847592433 1.411406041 -0.683782625 -0.646463802 0.828431159 -2.182309393 1.033888536 -1.273951872 -1.088817835 0.718160004 1.792003165 -1.113694803 -0.007584121 -1.408173190 -2.425192983 0.115755563 -0.177246484 -0.788805484 1.714712535
20.730248861 -4.908931973 17.871143842 0.421208989 -0.709616359 -0.369937679 -0.426818140 0.933706662 -0.829409230 -2.080182974 0.820394427 -0.614393381 0.113557077 0.215444815 -0.511603232 -0.284683192 -1.996774900 2.136893187 0.111582221 0.967871141 2.358757745 -1.718018370 -2.164528926 -1.126089786 -0.869496125 -0.085872385 1.099570915
24.169692346 8.048395615 19.957644470 -0.415060605 -0.096699831 -0.399099457 -0.811845712 -0.323864742 0.487927520 1.265091342 0.046952630 -0.784537230 -1.203551403 -0.936835092 -1.123686859 0.714366905 -0.626991514 0.423151765 0.479955242 0.600958473 -0.203204722 0.184674046 -1.772036813 -1.991793566 -0.127029152 -0.557036413 -0.938728370
21.931540364 2.021133244 16.073179933 -0.111538266 -0.655609836 0.503996654 0.551110090 0.602439397 0.001594459 -0.380475079 0.713475787 0.322440885 0.538265421 1.264912209 -0.330329424 0.761094409 -0.230307870 -0.403433719 0.410945601 0.587026653 -0.226785982 -0.399219368 1.472234191 0.138016687 1.084125385 -0.968503557 -0.640657396
28.228747077 10.797684801 16.064022389 0.566854720 -0.333183637 0.713217572 0.242868455 1.544859449 0.880705008 -0.563811908 -0.973561912 -0.143610674 0.290742268 0.496414843 -1.796100472 -0.395079497 1.746407883 0.307926102 0.343859105 -0.225317623 -1.242873969 0.149333378 0.152229064 -0.178288807 0.930028123 -0.208191839 -0.103968952
22.652315923 -4.195440954 12.185032200 -0.387346719 0.408438913 -0.819362890 0.108557029 -1.165823955 -1.824148901 0.295907006 -1.042194295 -1.364939349 1.176302311 2.054160152 0.143492696 -1.451373558 -0.613423236 0.109242542 0.589509802 1.176763192 -1.484350732 1.294718165 0.593745073 0.267270156 -1.149201554 0.018602944 -0.457036081
34.567695084 2.368455411 18.197144178 -0.508995973 -0.045808062 -0.110523310 0.852413819 -0.489496578 0.885583363 0.712283785 0.741955325 0.486392230 -0.420427450 0.967030736 -0.601095120 1.795938696 -0.663151162 -1.117472626 -1.305263340 -0.260289845 1.448908778 -0.934881626 -1.194981582 -1.906842155 0.202004933 -0.002125240 -0.701873981
21.412094457 2.620391842 11.834123852 0.557253748 -0.111640168 -0.627569167 0.532129377 1.047658069 0.572190545 0.955522240 -0.796342476 0.512549764 0.043916527 -0.040732400 1.988030090 0.034926261 -0.235678110 -1.075412543 -0.797028594 -0.662819473 -0.247307567 -0.113612244 1.345112891 -0.478799351 -0.475229436 0.357924312 1.018103444
21.418708775 -3.402495575 13.822812121 0.563565826 0.528258513 -0.287696598 -0.566186516 0.268253135 1.217081231 -0.144756243 -0.156786974 -0.233163122 -1.032433687 1.145520859 -0.804037998 0.610074916 -0.994336529 -0.726411157 -0.754378038 1.194840634 0.614829524 -0.004507563 1.010018511 -0.852798228 0.087289054 -1.330198653 0.723802607
24.522884464 -5.976841577 11.892995647 -0.854260461 0.329255477 -0.050888540 -0.399049186 0.310573286 -1.449111944 0.076876210 0.000163160 1.328223166 -0.408898935 -0.645012130 2.016473450 0.376727499 -0.554026787 -0.330941528 0.810778619 -0.370432797 0.013602237 0.793227349 0.972581667 -0.467992901 -1.774722975 0.618136564 1.244504164
35.837026862 2.091973025 13.141490531 0.715859872 0.590478281 -0.191170837 -0.319896473 0.416543717 0.284346801 0.722495923 0.581652613 -1.644132943 -0.099334053 0.449176016 -0.046287980 -1.574989708 -0.599357643 -1.422268283 -0.348709629 -0.950215348 0.472372100 0.655750354 -1.261751921 -0.520971524 -0.482100375 1.264452320 -2.074603531
23.362748620 6.594601661 14.739314461 -0.034660230 0.865853404 0.361618378 0.343989390 -0.578767426 0.334899081 1.243043219 0.919757735 -0.322617615 -0.862547516 1.092969722 -1.600718222 0.856430496 0.114625249 -0.922986481 -0.871526469 -0.780795857 0.878113136 -0.209559545 0.053531790 2.348426485 -1.138635617 -2.126700963 -0.317582096
24.807734831 7.029169200 9.891481274 0.508246039 0.385570307 0.743246529 0.201509550 -0.524475816 0.026381238 -0.284187259 -0.505034452 -1.583292494 -0.713532703 -0.573073502 2.134337935 -1.376063595 -0.446294932 -0.677564527 1.119433205 0.001515573 -0.459910826 0.128778176 -0.365127804 2.001978823 1.249672706 1.032525199 0.548588332
32.860866421 3.252321462 21.098874543 0.070721165 -0.015388386 -0.374102476 0.924558842 -1.819193916 -1.372017606 -0.073008056 -1.945462168 0.936055563 1.476996391 -0.778191136 0.034370822 -0.017415006 0.794906109 0.614908430 2.375528206 -1.077630050 -1.034238080 -0.128060970 -0.200023827 -1.235047335 0.061252050 0.464058444 -0.176704553
30.515061984 8.291964560 12.516350632 -0.944520935 -0.131900178 0.178535923 -0.242089798 -0.684748972 1.575458569 0.379232208 -0.978307573 0.010106579 0.475465604 1.288838360 -0.229143824 3.170871926 -0.964052310 -2.331905359 1.622386573 0.058896928 0.833650057 -0.388474780 -0.640246913 0.188977697 0.432319563 0.625982472 0.635780447
31.750418498 0.164713753 16.301043510 -0.526204766 0.623002554 -0.531015722 -0.230214392 -0.348927543 -0.422515160 -1.357092857 0.961554981 2.312364039 0.313302642 -0.171211684 -0.454730848 -0.683175492 1.010072866 -1.168749713 -1.804834157 -2.115064664 1.587958964 -0.857091618 -0.146698311 0.265050707 0.519811223 0.053089034 1.426306958
25.360114817 0.945084153 12.812700527 -0.054640582 0.366081348 -0.479464850 -0.795683550 -0.689499592 1.319944069 -1.279399550 -0.376853868 -0.239263542 0.606169251 -2.608476746 1.126805690 0.913502555 0.025897918 1.122468967 0.670973091 0.004395212 0.816605694 -1.909984659 1.471509056 -2.854803715 0.282624646 0.302956440 0.000070331
19.946171336 1.412081550 19.169206259 0.402289020 0.089252373 -0.433612036 0.801360194 -0.996157178 0.574685911 0.626487344 1.146937051 0.093384480 -1.109996323 0.982273321 -0.862717178 -0.487593673 -0.078033931 -0.384546049 0.198414194 1.390131678 -0.334849478 0.089240792 0.502355651 -1.360396798 -1.384186239 -1.402283142 -1.039927280
21.154701984 8.668445405 13.643779924 0.312959064 0.498466423 -0.518131428 0.620586555 -2.027407188 1.326087950 -0.694239567 0.074662778 -0.560044352 -0.816655330 1.769583811 0.952958678 1.420132121 -0.273331187 0.433769080 -0.314815214 0.059854887 0.465931895 -1.127779434 -0.305647330 -0.850000019 0.398186527 0.328963519 1.647864196
27.454442882 0.826691923 14.883234321 0.410056456 0.364117698 -0.748005657 0.373844275 -1.766592607 -1.029912441 2.424471846 0.809015639 -0.193530155 -0.659413973 0.936328535 -0.108327958 0.246892846 -0.184216395 -1.013831783 0.717225201 -1.774225647 -0.669317120 0.232201089 0.908049966 -0.179162603 0.722318006 0.638862672 -0.216209193
22.493323900 7.255172530 15.775091072 0.266386326 -0.851099661 0.113689715 0.437883936 0.551515068 1.159671220 1.498976599 -1.645665166 -0.066432717 -1.231012619 -2.050157289 -0.374368180 0.685432921 1.411183392 -1.149857506 -2.066009459 1.191774753 -1.813276456 -0.651676076 -1.958344211 0.362709684 -0.342215580 0.435577769 -1.039347339
28.642521053 -0.298386698 13.085633123 0.891117250 0.435616427 -0.098004216 0.080892201 0.075381720 -0.089916109 1.384395667 -0.967690633 -0.660467274 -1.736637492 0.678109201 -0.682336214 1.101732448 -1.053471168 -1.003899562 -2.055628046 1.168292803 0.008077806 0.629973865 -1.092295628 -0.461146569 -1.094733321 0.439116433 -0.464147160
32.122850823 6.095951237 13.116699014 0.147303744 0.029984774 -0.518113075 0.841998433 1.600605534 0.531322783 1.119603802 -1.184551277 -0.518650885 -1.226008151 0.618244925 0.260964493 -0.901238486 0.570955568 0.087814283 0.766184393 0.908679690 -0.753025468 -2.081228129 -1.571751023 -0.914885914 -0.342952471 -0.812869709 -0.100663247
26.914248916 1.741164748 22.470804266 -0.295242980 0.655891784 -0.691964418 0.061828752 -1.055784383 -1.799266474 0.876173042 0.619801929 -0.195426810 -1.194230416 1.796276836 -1.792761302 -1.210782705 0.009344196 -0.843459099 1.429143604 -1.813180430 0.193380718 -1.103532685 -0.668802958 -0.131107120 0.811924656 -0.000316475 0.819251033
36.036446165 4.504184174 14.086599094 0.429885105 -0.618711087 -0.627076570 0.197915039 -0.478108161 -0.009691812 1.139387238 0.186534458 0.398585905 1.738675983 1.239211573 -0.466822566 1.995220095 -0.235335087 0.745474587 0.788530193 0.764460523 0.544846367 -0.510829713 -1.054896799 0.220478322 0.361385396 -1.978376636 0.469704166
31.188872762 -3.285201423 13.451010734 -0.674654247 -0.355922151 -0.514852960 -0.391263976 -1.101796447 0.303576676 2.665331547 -0.477794856 -0.096283831 -0.577629129 0.466410489 0.528917852 -0.648605496 -0.928044041 -0.845622447 -2.618920480 -0.777346478 -1.166903584 2.005500994 1.714423440 -0.815224531 0.490556396 1.326199259 0.719551823
23.383644954 3.478002409 19.052201696 -0.157382144 -0.024000209 -0.837259148 0.523117549 0.809193496 0.605801084 0.416075852 -1.069314907 -0.116434643 -0.090838304 -0.890531269 0.286624011 0.306787199 -1.545044401 -0.058961649 2.249418642 -1.204680738 -0.018949168 -1.342622080 -0.351538158 0.359825316 1.130292159 0.111168767 -0.462453789
30.733191026 -3.775350379 7.500108351 -0.697719272 -0.153370216 0.023291497 -0.699373220 1.496503317 -0.201173233 -2.420429732 0.048267675 -0.652575727 -0.183302166 -0.060144957 -1.323020581 0.742532917 -0.245250623 0.578192594 0.115783338 -1.909042675 0.399006709 0.781430595 -1.488437750 0.415609961 0.835770607 1.202532328 -0.217006563
27.001535676 -2.580693924 13.062091508 -0.149695823 -0.777628980 -0.605716697 0.077405515 1.032548875 1.655790070 -1.903921177 -0.091144439 0.515053637 -0.485259123 0.466119532 1.178662712 -1.030727061 -0.514118217 -0.889209977 0.324581739 1.624235151 -1.763540140 0.005631848 0.300100207 -1.157439584 -1.464418909 0.659591325 1.770384341
26.896695783 0.959601485 18.055161031 -0.022990391 -0.229390320 0.151819092 0.961146444 1.155428014 -0.654458438 0.617258403 -0.070771956 -0.648625729 -1.428469407 -0.424475774 0.662267560 1.204560670 0.395351572 -0.662434110 -0.791535212 -2.367179829 0.697347553 -1.281029897 1.652905929 0.122836123 1.530692927 0.143785702 1.173973183
19.129210261 3.864855366 9.316469193 -0.176570634 -0.753779388 0.602792357 -0.193082415 1.418867720 -1.438137909 -0.506846702 1.572721488 -0.167625980 1.328902584 0.199241896 -0.432161205 -0.716104994 -0.265321818 0.881708944 -0.825061219 -0.248775210 0.866149171 -0.436134473 0.291283735 0.552909419 -0.352813567 -1.893800154 -1.456291563
28.633420997 -2.699617710 15.790595413 0.330675332 0.020271051 -0.657524888 0.676685991 -0.011632143 -1.237348258 -1.681466387 0.576596428 0.013009926 0.107366871 -0.254406882 -0.519813233 0.095385661 0.467857326 1.004371159 -0.697073653 -0.566132103 1.770189433 -0.278423148 1.666814256 0.785705386 0.346146115 0.357498055 0.760191368
22.040770979 -0.737838500 20.454091196 0.283241862 -0.044911828 0.806338017 -0.517277467 0.347026324 0.628577975 -1.060553616 -0.409568418 0.310831936 0.531104845 0.528062133 -2.456315955 0.817699527 0.230656670 -0.806997196 -0.660535248 -1.962487986 2.117783283 0.910840514 0.339598321 -2.074937386 -0.490967123 0.528101814 -1.370693834
27.742252428 -2.705504491 11.967620775 -0.219991464 -0.524299992 -0.795149758 0.210832009 -2.255231001 0.906771351 -0.267350200 -0.880192400 0.166386727 -0.220715331 -0.314220221 -1.208898306 -0.396271951 0.625232002 -0.654160716 0.489534606 -0.567215531 -0.501593542 0.211610930 -0.842746057 0.198775799 0.187490015 0.799816610 -0.116120675
22.472527641 -6.612696668 9.524367897 -0.309070551 0.038595007 0.654228020 0.689181774 0.486758407 1.339837894 1.006172172 1.123909152 1.183009807 1.519553440 0.287984317 2.665828497 -0.056629922 1.084661802 -0.286996165 -1.695013507 -1.178550613 0.366461523 1.150081727 2.205739616 1.504126976 1.573170625 -0.200400836 -1.459174691
31.091160749 9.027236143 15.705154482 0.662588733 0.726655727 0.097578754 -0.153055587 0.934530505 0.998132795 0.435705218 1.140676780 -0.109482085 -1.104954051 -0.269586469 0.996044003 -0.411537236 -0.882634268 -0.214760188 -0.202622726 0.514290212 -0.916452992 0.120723526 0.417852917 -0.729499999 0.467668395 1.270941651 -0.314018789
24.461235238 4.948434951 15.147162737 0.676894793 -0.710335682 -0.091061557 -0.170130686 0.542484570 -0.612989335 1.549690198 -0.688531208 -0.320520145 -0.609241207 -0.893774713 -0.209846070 -2.314206501 -0.179204073 -0.207906244 1.640527330 0.507135560 -0.131263882 0.550542073 -1.185370278 0.439308015 -0.574813853 -1.539397188 0.252920333
32.850156879 3.135152854 6.165379501 0.509658110 -0.227714097 -0.614418245 -0.557570732 0.703098467 -2.167979488 -0.531891494 0.903093620 0.335799836 0.110596111 0.549606938 -0.660750655 -0.985934284 0.078314495 0.598834703 -0.794036670 0.638739329 0.332722513 0.223712061 -2.092781498 0.124149277 1.220432222 -0.075278084 0.807381097
28.005040314 0.180699515 17.220006114 -0.543432558 0.618938115 -0.168046215 0.541624532 -0.787346784 1.972395876 -0.651413009 0.869498679 1.622928970 0.263892421 -0.930146720 -0.497130992 1.192997722 0.616142722 0.909346995 -0.276338204 1.226066600 -0.149992742 -1.583316687 0.014098724 0.645491482 -0.893832108 0.715163618 0.026193207
27.259934359 -2.436520133 5.092720324 0.323114107 0.320570480 -0.755118882 0.471833991 -0.995667457 -0.477919088 -0.020761607 -0.665356305 1.096688936 -0.048265342 0.568847609 1.472788690 1.139227727 1.336625153 0.539850430 -0.213214604 -1.532305441 0.986408772 0.153294950 -0.175474797 -0.154247837 0.885765250 0.952647187 -0.104043032
23.574622373 -1.227726687 9.933213259 0.213788880 0.468940225 -0.831676152 0.206649846 2.508730196 -1.129589821 -2.347454214 -0.504440856 0.262539170 -0.092493856 0.362982531 -0.287213343 1.363296145 -0.247986351 1.513519357 -0.801557449 1.283530001 -0.711114205 -0.909432397 1.064278284 1.020112909 -1.411683174 -0.738052428 -0.228988887
20.852800435 5.138802407 13.609459622 -0.816105946 -0.198479069 -0.485482655 -0.242659712 -0.726784964 -0.914849138 0.621108597 0.205377339 0.456321006 -0.608829294 -0.086225261 -0.586718518 0.733320566 0.370836282 0.889999020 -0.034822020 1.336562428 0.756125568 1.428623046 0.395029683 1.205842270 -1.143711017 2.080303135 1.053336797
25.495404981 1.194024383 12.843755125 0.391299421 0.517612082 -0.299934705 -0.699286542 1.536657878 0.911892874 0.638164930 0.083250106 -0.656198067 0.722937167 0.289099039 -0.243101169 0.151790413 0.823857037 -0.048252843 -0.563706129 -0.552739259 -0.822630010 -0.304929162 0.600261481 1.725826323 0.348810957 -1.178039085 -0.333415742
19.334719471 6.820803420 15.013857067 0.568686223 0.623955583 0.476256011 0.245877250 0.395825823 0.531577199 -0.155074388 0.658884692 1.201252461 -1.209885386 -1.160990213 0.431614782 0.532751677 0.194417014 0.435413859 0.964098900 -2.024956813 -2.099229468 -0.949877611 -0.122884788 0.571792062 1.891246826 -0.102364830 -0.604425287
31.066280393 6.089896304 17.543242963 -0.823795954 -0.269501510 -0.462214204 -0.187315756 -1.768236744 -0.475863483 0.047751130 -1.461900176 0.557987923 -0.028377073 -0.505709810 0.129108844 0.760774122 0.629731541 0.746077720 -1.257418599 -0.452305464 1.318319189 1.430814618 0.578407156 1.501412238 0.231721159 1.107619162 0.173136688
26.218257180 -5.858294831 15.109286784 -0.607201257 -0.407121025 0.638377444 -0.240901105 0.606792415 -0.730011563 0.513871553 0.679361785 2.013451276 -1.343786772 0.213374208 0.164632071 -0.581437635 -0.211155633 -0.521440582 -0.928071544 -0.622957828 -1.434483716 -1.933513541 -0.041594733 1.808469638 0.597131273 0.751170294 0.686802188
27.045897115 -7.444064880 15.159874184 0.698802039 0.228894206 -0.652650088 0.182567839 1.408760967 0.116821554 -0.243350570 0.152595088 0.474188022 -0.647216180 -0.247885236 0.275782101 -0.321321440 -0.017230813 -0.405510241 -0.709578589 -0.653268610 1.822345462 0.818562717 0.316932981 1.152998501 -0.819807408 0.439270987 -1.853933949
21.059643985 -0.979013828 20.518111727 0.945054134 0.316469432 -0.019641005 0.079586514 -0.179532598 0.041365253 -0.354851003 -0.276510209 0.008132748 -0.421296047 -1.489107020 0.803849268 -1.053062518 -1.151840163 1.508278226 2.432603727 0.620364420 0.306019780 -0.260842138 -1.989248054 -1.676039488 0.643058396 0.235141358 -1.113293072
28.421130801 5.840885086 10.158627239 -0.588540816 0.428132601 0.537864532 0.425469070 0.068522170 0.873458437 -0.784611666 0.614061508 0.579112332 0.441099319 -1.120834258 -1.363394561 0.402638944 1.907628855 -0.015219631 0.266724173 2.261353784 -1.969298015 -0.713242265 0.051570707 -0.030388096 1.040477759 0.228114221 1.289731904
18.506466007 -1.839303014 13.873485122 -0.447240576 -0.874356698 -0.164864737 0.091081564 1.166277506 0.681647047 -0.984090815 0.456658066 -0.911101734 -1.084434730 -0.044394859 0.778815360 -0.313945934 -0.625358477 -0.030171381 0.306126438 -1.949045986 1.258880047 -0.715921761 0.734367620 0.341806397 2.153428169 0.829811704 -0.374455979
29.440962910 5.523572205 7.433986958 0.114587753 -0.479037183 0.625704470 -0.604885890 -1.396486285 -0.891492065 0.953814617 0.044908177 0.123580179 -0.040061539 -1.182277034 -0.648989220 0.297825061 -0.119842343 0.219905370 -0.983487734 -0.203794462 -3.068369011 -0.875423860 0.200236261 -0.358852105 0.388848295 -0.531281465 0.416936437
23.939544691 8.971960123 16.027476568 0.578632347 -0.540155448 0.610520339 -0.026107765 0.659311323 0.076438522 1.211440141 0.583061984 2.999194413 0.530600318 -0.335785252 2.752025217 -0.011286797 0.019457055 -0.624739221 -1.246571552 0.466154108 -1.158290417 -0.300511777 1.318234340 0.379022209 -0.599461481 1.401970541 -0.920458879
21.267792492 3.343028585 16.135343014 -0.668228901 0.321422757 0.152265860 0.653431446 0.430620553 0.548253130 -0.939192126 1.927436913 1.026390842 0.130729594 0.172758027 -0.019370262 2.005944005 -2.360448610 1.517048767 -0.070835173 -0.528648897 0.690595758 -0.592833444 1.328564725 0.132657514 0.260710823 -0.526712198 -1.469442862
33.270328612 4.168350826 12.017767723 0.345065771 -0.046208590 -0.404628456 0.845618231 -0.566745135 0.694871412 -0.266388952 0.264285537 0.353847588 2.280949765 0.402818513 -0.571980549 -1.509075175 -1.215748234 -0.382881276 -1.796645253 -0.866443664 0.094107294 -0.140443631 0.125001224 -0.207381939 0.024976102 -1.772393540 1.338748157
22.282624258 7.656050698 16.519022771 -0.562211533 0.799798817 0.207022471 -0.037171771 0.171932732 -1.096149723 -0.745698702 -0.316720995 -1.524610607 -0.557601186 -1.023709291 -0.874461603 -0.497770307 -1.827140312 -0.404523917 -1.383860809 0.748205024 -0.484186296 0.405655728 0.832450901 -0.848311612 -0.261581612 -2.351680174 0.419377546
28.181173664 8.591301052 13.867331719 -0.660869134 0.408136526 0.520585789 -0.354495416 -0.869949601 0.111247767 1.609998690 0.120793761 -0.337012863 1.344971569 1.303514844 -2.510773925 1.012948896 0.243778427 -0.131286762 -0.314190236 -0.370375655 -0.963632951 -1.103520103 0.360240777 1.862871725 -0.215857293 0.186249580 -0.648633202
21.117400615 1.332163741 10.612594265 -0.231073686 -0.397552136 0.887264777 -0.036310702 1.062569669 -0.324723383 0.373048703 0.210305379 1.503707090 0.687410379 0.463569348 1.260828753 -1.124106025 0.136474909 -0.302058858 0.534625977 0.484607082 -0.960223755 1.417038772 -0.335848429 -1.763214689 0.715819074 0.615627764 -1.191302152
19.270441409 2.429612713 10.732883279 -0.270288301 0.093542781 -0.769373397 0.571190475 0.130340552 0.186620537 0.804888305 1.142834790 -0.336128678 -0.994120130 0.508376549 -1.440055760 1.423335790 -0.782700403 0.860205919 1.403528705 0.824468402 -0.605743173 -1.840375821 0.928958518 1.262930254 0.615362445 -0.106527196 -0.729200839
30.887257183 -4.087154283 7.039110418 -0.618351302 0.362464749 0.373865655 -0.588630143 -0.208028327 -1.690122348 -0.377098193 0.470363362 0.632051325 -0.451087758 -0.333165080 -0.148655770 -0.612966014 -0.786970576 -0.482405180 -1.130812504 0.616907546 -1.059020623 -1.762710946 0.401738987 -0.350124410 -0.213288299 -2.626472841 -0.848735569
20.872237621 6.219727516 12.644833623 -0.651788120 -0.136306580 -0.464477400 0.583826607 0.525109024 -1.045637262 -2.226501444 -1.097579072 -0.129277176 1.048682131 -0.417203404 1.895339456 0.262672466 -1.082393271 -0.622122423 -1.000716980 2.586558164 -0.174511754 -1.258107962 0.451242700 1.061868017 -0.337883685 0.478804477 -0.955708004
28.573008406 8.356136730 8.377037725 0.084316431 0.575959177 0.057548240 0.811079506 -0.111583121 0.997119615 0.401910658 -0.412762005 0.105137244 1.132362212 1.843150795 0.229693896 -0.817702625 -0.066731883 0.230443861 -0.299656081 2.045139968 -0.665888764 -0.546518813 -0.884563923 0.506655052 -0.013313088 0.078921821 1.495074426
18.957866034 1.678865702 13.596369737 -0.401303863 0.850100319 -0.024511405 0.340123283 -0.542163518 -1.067986290 -0.079582874 2.328191639 -0.059566767 -0.110719080 1.345411985 -0.983538489 0.279623094 0.594128080 -0.453056906 -0.258806430 -0.456174146 0.841943872 -1.074509198 -1.187692661 -0.373040104 -1.091895049 0.763803050 -0.902597041
26.375907872 -2.746368922 22.382254308 0.059254207 0.440370984 0.067427581 -0.893317332 -0.424896008 -1.494253770 0.940496408 0.617689631 1.092315949 1.008886998 1.140109032 0.552005855 -0.113889425 0.339461343 0.352080963 -1.222306320 0.558250647 -0.840472386 0.019763597 -0.554597730 0.110056688 -0.456991786 -1.162918183 0.415940764
32.678432821 6.740716808 19.156309605 0.795109660 0.079218905 0.050535304 -0.599142034 -1.294548934 -0.235721736 -0.150377147 -0.033150148 -1.413130662 0.499277335 -1.269906690 -1.078439892 0.602283055 -1.421133849 0.337685141 0.795205051 0.024263846 0.140312022 1.149976337 0.554688494 1.363094311 -1.634027605 0.395184472 -0.159335983
30.974635045 6.427320011 20.543012554 -0.381439925 -0.422925319 0.770502196 0.286293771 -0.518913612 -0.164208628 -0.076761420 0.686427164 -1.218543044 0.255970494 0.278080983 -0.527445610 -0.625265384 -0.342089275 -0.619764568 1.816486558 -0.057834264 0.779209925 -0.710196232 1.519564564 0.850379950 -0.853550294 -0.890241841 0.022609773
27.582869401 -5.209168531 7.612352873 0.520546812 0.498388416 0.056824337 -0.690949346 0.497582369 -0.176450909 0.044363224 1.359073905 0.910826633 -0.316283766 0.508278367 -0.149925778 -0.073435236 -0.118401191 0.108106956 0.391805759 0.228253193 0.277820179 -1.619003382 -0.845395184 -0.651926539 -0.564840276 1.779621604 1.293146232
24.198214312 1.724945313 7.796409055 0.036636773 -0.686308392 -0.717829758 -0.111170933 0.383342416 1.654092522 -2.331515420 0.763604245 1.572540772 -0.464534109 0.365818192 -0.862651028 -1.329389799 0.013737953 -1.687868643 -0.211065656 0.063101624 -0.509862443 -0.812841911 -0.494227938 0.301648797 1.727841529 0.026686837 -0.294682834
28.403333138 0.232017075 7.413597325 0.162258045 0.423249735 0.023837173 -0.891046451 0.485895869 -1.307214726 -0.919540430 1.250708765 0.539449145 -0.486151821 -0.515252319 -0.212000627 1.636542322 0.433280125 -0.003532019 0.109621112 -0.680756284 -0.380153947 0.365400228 -0.801722185 -0.528359921 -2.002029039 0.309823062 0.768944352
32.435355143 -1.364916510 13.229103149 -0.652469154 0.653726450 0.321915314 -0.208077539 0.372915361 0.374651957 -0.224809106 -1.427074353 -0.190373150 0.766727926 1.427684671 -1.282641695 -0.313936023 -0.930159250 -0.406463203 0.064583618 0.526947853 0.575810312 -0.408724510 0.705942473 1.069544255 2.558812215 3.280170663 -0.527106189
29.993544746 3.566909085 9.187039539 -0.181142577 0.692634926 0.531856555 -0.452297282 -0.923888652 0.790637420 1.975174208 -1.276020583 0.100627908 -0.325034263 0.010302931 0.169057575 1.100977334 -0.956289342 -0.762050988 1.583382254 -0.300612139 -0.488028938 0.668751432 -0.667399472 -2.223121850 -1.263516322 -1.636479107 0.417200648
34.906238601 -3.052235926 13.923816744 -0.490197647 -0.079670376 0.808868836 0.314785807 0.134146842 -1.311803040 0.507428882 -0.606507270 0.632705712 0.464719204 -0.030269308 1.046784038 0.437275134 1.235442964 -0.623446085 -0.711174549 -2.119186591 0.416745723 0.075377179 -0.730125385 0.665816430 -0.072306027 0.764580771 0.794365912
24.408316388 -0.800952611 20.864102827 0.392881923 -0.856686671 0.265918564 0.202531626 -0.784950077 -2.142078232 2.149862186 -0.530288824 -0.162824137 0.531888776 -1.179781016 -0.052041241 1.410971672 1.019362750 -1.880808327 1.625669097 0.010898961 0.174799324 -1.032140365 -2.451842819 1.121502186 -1.238921656 -1.030576947 -0.525527142
22.747421901 9.531453226 14.109218768 -0.184418375 -0.231983329 0.269787039 -0.916181506 1.006604872 -1.165591283 1.460275733 0.609494070 -1.314308411 0.684228014 -0.077808356 0.390621936 0.137087344 0.597129907 0.939306801 -0.826829375 0.261958956 -1.718647135 -1.019858081 -1.347490662 -0.554310949 -0.186271329 -1.577850863 -0.312126392
20.076833056 3.863639613 12.049101920 0.784361753 0.264316451 -0.551953646 -0.101294754 -0.363299276 0.349855648 0.204099824 -0.364093686 1.517866224 -0.706621131 0.723304951 -0.066725011 0.730506134 -0.557760682 -0.336455470 0.409947951 0.080135695 1.188515011 0.185338157 0.931040841 0.147096794 0.128458581 -0.909388925 1.547060803
22.515748330 7.729797039 15.961954490 0.633676185 0.024356557 -0.565944225 -0.526847592 -0.200707261 0.547304739 -2.071918339 -0.721542561 1.398125005 -2.090666692 -0.565256745 -0.042455844 0.007037697 -0.050578509 0.339716620 -0.146382078 -1.172221709 -1.126642239 -0.087900814 -1.811103812 0.334814790 -0.615788010 -0.979486980 -1.513871583
31.396278850 -4.217166880 10.888917427 -0.420006441 0.813097906 0.384741131 -0.120169239 -1.076377780 -0.179820532 -0.255103869 -1.829695332 -0.529011321 1.647516915 1.502333734 1.213360100 0.142687281 1.292781144 1.143264730 -0.048478692 -2.075653316 1.441663568 0.270179147 1.008250146 -0.662009716 -0.664177866 -0.329819954 -0.933259398
26.910980706 -0.707945136 6.452226637 -0.441466575 0.654820500 -0.578198849 -0.204947470 -0.164083539 -0.559476943 -0.343194085 0.554241520 -1.548390442 1.600611097 -0.873873808 -0.191949977 -1.666680174 1.722920668 0.170660781 0.817449700 -0.091812235 1.789986511 0.237095015 0.759362962 0.744253345 -1.129931612 -0.350801824 0.078507789
29.936723565 4.966047099 7.268205994 0.244419962 -0.349520925 0.277054196 0.861008117 0.975207757 1.103904721 0.466267142 -0.406775131 -0.299012955 -0.226323764 -0.803787265 -0.252970808 1.017623234 0.106739292 1.568319786 0.285244358 0.779874955 0.638482296 0.126722035 0.213606457 0.023215802 -0.227350782 -1.239805671 0.494604176
29.650953138 10.361949302 14.548974866 0.501410464 0.481146771 0.108540616 -0.710847569 -0.307023076 -1.194111801 -0.649417404 -0.973743918 0.140261640 0.544533668 1.017350036 -0.226566672 0.087996517 -0.805658889 -0.548978228 -0.106138688 1.709613170 -1.705781167 0.845897015 1.493573566 0.152693753 -0.261361389 -1.536929306 -0.705324073
33.493844536 -0.416266006 14.657525344 -0.107125318 0.877934970 -0.430127988 -0.180953774 -1.145186507 0.288365514 1.726910242 0.408914655 0.271840806 -0.876315580 0.141100437 -1.279929146 -0.519416344 -0.971807235 1.061590760 -1.112535090 2.380648838 0.944127473 -1.235369793 -0.509671965 1.689873165 -0.870271787 -0.493546266 0.452005409
23.432715570 1.817235762 14.146201342 0.470520607 -0.430391783 0.768051093 -0.058913422 2.038304583 2.354044427 0.746218972 0.128020098 0.021815281 -1.532442281 0.788770914 -1.530085829 2.096253879 0.060964359 0.118534693 -0.883206974 -0.461472029 0.546604664 0.152316395 0.337302974 0.081190703 0.324414808 -0.098182669 0.153792314
31.087322332 3.920766713 10.124113112 0.744667370 0.375505604 -0.478633170 0.274547516 1.210240129 0.511786544 -2.019192466 -0.248726014 2.143837356 0.290558429 0.701625161 0.053138058 0.586583803 0.055637815 1.557364446 -0.239401135 1.054152258 0.306322132 -0.281235572 0.306295630 0.189095690 -0.663652727 -0.734071650 -2.503491319
25.020482866 3.534526037 13.661299856 0.031560795 -0.826420390 -0.054909861 -0.559480261 0.812974339 0.342233432 0.412109506 0.015883209 -0.941647957 0.805600098 0.198526449 -1.268258873 -0.967129843 1.205396649 0.298732411 -0.834706802 -1.543853346 -0.477487454 -1.368694145 -1.372522156 -0.082723351 -1.986559273 1.618362275 -1.033495728
32.229445797 -5.305695050 12.332668070 -0.416157072 0.352992750 -0.837559024 0.026538486 0.560433285 -0.149015835 -1.470373109 1.174492070 -0.898692556 -0.196285487 -0.828796636 -0.954143534 1.292148335 -0.617281896 -0.396921989 0.314628205 0.677733079 -0.478250481 0.574277202 0.598163413 0.443149908 -0.261671431 -0.948416114 -1.344422564
18.589040104 1.381474487 18.219793062 0.703716591 -0.376791216 -0.407412499 -0.443651209 0.197076794 0.066928322 1.772336087 -0.515126251 -0.428715842 1.729723020 -0.207539454 -0.186654404 0.559894409 -1.502240828 1.500123931 0.754638102 -0.373588611 -2.032986843 -0.279373097 -0.152404325 -1.135155675 -2.129013100 0.921292227 0.237976780
27.184436060 -5.190419120 19.813688548 -0.141601744 0.367732487 0.655852097 -0.643878708 -0.019329762 -1.109819637 -0.875347285 0.255712015 -1.271492287 0.219863021 1.374587988 1.091789472 0.274631213 2.107793103 -0.294946007 -1.973830001 -0.191957541 0.287572050 1.010732446 0.929332599 0.882134698 0.313497577 0.584378642 -1.290399032
26.975976842 1.447270179 5.617513136 -0.474237752 0.055279322 0.875340299 -0.076302762 -0.147365146 -0.409186680 -1.018948906 -1.095303817 0.858999485 0.502207337 -0.048671615 0.593115304 0.570353369 -0.515715039 -0.217528515 1.099527824 1.168893699 0.988245952 -0.509381701 -3.205362198 -1.528380841 -0.991082662 -1.074811435 0.264815469
24.913383432 3.955583493 10.287905744 -0.178799419 0.190937467 -0.751658037 -0.605461681 -0.464130594 0.128831598 -0.017172384 -0.210190592 1.151314694 0.306673542 1.571362895 1.781605903 -0.861875658 0.987626232 -1.694225065 -0.146380823 0.360599229 -0.836192454 0.097972874 -2.503028703 0.151001329 0.653840978 1.617835084 -0.184589593
33.199064816 -1.712826551 11.251913102 -0.030601862 0.037530854 -0.972443287 0.228054849 -0.268705900 0.922114717 -2.069268591 0.063748354 0.426180079 0.108050288 0.446943012 0.403620449 -0.250013332 -0.506194954 -1.471740491 0.065642907 -0.136023151 2.168740402 0.725025266 -1.217368118 -0.285415086 0.831267075 0.220147967 -1.123168166
22.567525242 8.053372343 14.380723723 -0.017042122 0.017252952 -0.727527854 0.685649418 0.353394240 0.174497477 0.689486229 0.279713785 -0.524069761 -0.024346043 -0.087642614 0.279129881 1.154740169 -0.584278590 0.057826313 -0.340468834 -0.598089217 -0.259431898 -0.142936915 -0.858428008 0.587244937 1.970035994 -0.577018943 -1.308064842
31.782425766 4.857145948 13.684729820 0.503193470 0.164764115 0.816796616 -0.229112215 -0.840577085 -0.482526191 -1.283516568 -2.505751284 0.543404076 -1.230373675 0.005241565 -1.626665781 0.069447874 0.288550299 -0.170359510 0.662139964 1.289437685 0.640928913 0.329716735 1.502924684 0.276417001 -1.585214143 -0.531481592 -0.064217078
19.786629291 7.282695695 17.326743057 0.177985309 -0.522965162 -0.781458620 -0.290088081 -1.267466023 0.139979614 0.327717572 0.156309709 -0.819252823 1.043757493 1.180273685 1.030122218 0.208678632 0.889221396 -1.560034769 1.877184257 -0.154947083 1.510175636 -0.190817708 0.121535370 2.241757621 -1.449307747 0.431657771 0.019268879
26.925499880 -1.036205796 9.638913944 0.785281514 0.272800687 0.500898526 -0.240859700 0.126809902 2.412170577 0.168701987 0.894664733 1.291546947 1.897060538 0.922736523 -1.761342848 -0.049515774 -0.080135655 -2.113007367 0.273836905 -1.526251654 1.529014258 0.186326991 -0.160689464 0.441276845 0.664545278 1.287350228 -0.611798595
29.358158832 1.594075284 16.320549619 0.372950550 -0.756521125 0.510119335 -0.168410031 0.670928277 -1.425776385 -0.347258224 -1.584089615 -0.126606564 1.446609021 -0.093065957 0.853231881 -0.448811816 1.522788002 1.173946006 1.145859014 0.852707956 0.766718291 -0.681268403 -0.113415956 1.607394508 -0.452316506 0.641687891 2.825938977
27.076861572 2.485331708 7.719281034 -0.090155986 0.084727346 -0.389442859 -0.912703366 0.938891562 0.525217612 1.421062300 -0.104066546 -0.725526328 1.152263127 -1.561344607 0.320562420 0.668973805 -0.701225362 -0.325360732 -1.553935947 0.962312764 0.413808140 -0.931350765 -0.364306572 0.836919982 0.416680109 0.045453167 -0.353930501
18.841939728 5.003501335 17.768870457 0.459930679 0.632728272 -0.529378314 0.328446807 0.214815166 -0.294509607 -1.357962350 -0.464654078 0.770728118 0.503445658 2.177788854 -0.098553557 1.028910362 -1.230397078 -1.746001375 -0.888391595 -2.384948345 -0.821905000 2.417674160 -1.503060671 0.119382061 -0.812771136 0.176008560 0.855987675
26.508420737 0.871670453 15.310086512 0.675190507 -0.415570496 -0.311744097 0.523674097 0.921893116 0.281916380 -0.927968433 -1.041267852 -0.024140264 0.525886336 -0.152803610 0.043798928 0.573919490 -0.383579865 -1.472980695 0.039685800 0.939513324 -0.922392100 0.634693136 0.808184646 0.530622709 -2.238244717 0.748888236 -1.587339220
30.708630027 4.687223957 19.236966871 -0.925985755 0.020653737 0.060294588 0.372140253 -0.693780504 -0.367810354 -0.775766808 0.733023788 0.346787639 -1.080521162 1.651038925 -2.111238514 0.317676302 -1.260263025 -1.626786392 -1.706469578 0.016724336 0.083714405 -0.400656493 -0.198674479 -1.694549118 1.851674605 0.106351878 0.735998978
34.550275602 -3.010265961 9.594630779 0.072165715 0.824605485 -0.537795727 -0.159980187 0.554137342 0.465054014 -0.314071403 0.532856193 1.871827828 0.506773768 -1.222486451 -1.208622458 -0.811470365 -1.007576521 -0.692748899 0.823435972 0.421868603 -1.098255609 0.010246634 1.915191972 -0.194876638 -0.400440822 0.167705709 0.317086742
30.831862044 4.929667512 21.374179133 0.520175146 -0.165477007 -0.110489613 0.830558380 0.597215943 1.564617531 -1.357281838 -0.872109295 -3.446106383 -2.334706249 -0.873234206 -0.760323146 -0.766382119 -0.198348346 1.731395345 1.487043021 0.242793477 -0.702367113 0.435907671 0.636501002 -0.673848692 -0.376076843 -0.140179017 -0.279813887
33.159473070 -2.390113636 8.695263400 -0.576687773 0.480738192 0.499162534 0.432618501 -0.041961985 -1.291554726 -0.398470980 1.375710091 -1.671135781 -0.393496347 0.807841339 -0.506359990 -0.720812052 1.281443217 1.230723808 1.665302724 1.317428596 -0.286938999 1.193913263 -0.041872304 -0.318624488 -0.272207382 0.061775189 0.065460193
24.249627884 2.574504247 18.894986208 -0.641793801 0.057369681 0.735681657 -0.208762871 0.917481056 0.214389748 0.761651674 -0.918451257 0.091109456 -1.386045217 0.540453548 -0.749788666 -0.697701861 2.028962427 -1.183564312 0.956808142 0.375260837 -1.530305272 -0.298761709 -0.144084516 -0.070301762 0.413058944 0.639219234 1.131317884
22.166703619 -2.180331284 9.534528374 0.916574746 -0.286371641 0.006368631 0.279000822 0.501460418 -0.187121285 -0.433822243 0.591292864 -1.341138219 0.321630876 -1.526767160 2.440369662 0.349628822 -0.230280043 0.186805888 1.124687047 2.262554295 1.303597308 -1.879736368 -0.911506950 -1.153417641 -1.803400470 0.050378569 0.923122103
23.682054330 -0.557835066 15.968101175 -0.886769005 -0.400065340 0.185070266 0.139059165 -0.334304195 -0.978691058 -0.646230018 -2.969919601 0.195812722 0.641504447 0.738463988 -0.700477596 -0.715856608 -0.386758049 -2.411174725 -0.029324159 -0.629427694 1.123999239 -0.881493066 -0.426121610 0.282314392 -1.073333969 0.084392886 1.295279794
31.008333691 9.917783662 11.213733867 0.523555092 -0.817098448 0.225954777 -0.084762200 2.085194641 0.728742737 -1.794779178 1.427230577 -0.206903050 0.463069165 -0.846822680 -0.571928040 0.478433731 -0.231180835 -0.568901050 0.550692074 0.094156322 0.723212718 1.065460128 -0.338510018 -1.033697075 0.939500178 -0.193150423 1.831159230
31.753841055 4.168946731 20.790772973 0.330050187 -0.836466739 0.318140600 0.300294569 -2.549032409 -0.310776514 0.853730978 1.603710122 0.203641248 -0.409902926 1.072486124 -0.041089527 -0.634096092 0.477455813 1.123377725 -0.223983802 -1.425869712 0.447687590 -1.218585164 0.520785634 0.471207475 -0.498565512 0.546147020 1.200605436
27.740594965 -2.344402693 14.755053689 -0.066243937 0.033016987 0.722875187 -0.687002972 -0.764745740 1.503778052 -0.060208100 0.435135538 -1.276940074 0.706605616 -1.250005390 -1.056998751 -1.505401044 0.703249120 0.992048429 -0.256691357 -1.901667941 0.564129779 -0.173930866 -0.636620529 0.823964423 0.241632498 0.459501924 0.931112644
25.737836600 8.955510353 9.255427188 0.085785841 -0.801944034 0.170554299 0.566072245 0.700549471 -1.931929813 0.840961780 0.561760220 0.173350082 -0.612480568 -0.957134461 -1.054406547 -1.382793267 -1.208303015 -0.108270394 1.306434583 -0.291863876 0.369524939 -0.355192585 0.195854034 -1.410769517 -0.504907039 0.201634290 0.706364058
30.727278314 5.376373787 11.243188382 -0.805073515 0.347194219 0.122544983 -0.465075840 -1.011177968 0.367255430 -1.679469116 1.448749657 -0.423442541 0.657909220 0.962328049 0.011879018 -2.552672081 3.631505817 -0.352673090 -0.797862534 1.757848718 -0.426002183 2.013628069 -0.027853274 0.995108598 0.637132584 0.119442305 -1.428860080
24.686694884 -2.246027866 7.940181955 0.986400475 -0.037847685 -0.159036327 -0.017003020 -0.127047253 -0.616174041 0.781075947 1.178706705 -1.979912203 -0.384365409 0.970093945 0.003197443 -0.516590865 0.106516655 -0.015909477 -1.542239476 -0.206574180 0.214283244 0.588145942 -0.170239027 -0.713657234 0.071713090 0.810881778 -0.858072087
32.083160153 -3.170323744 16.372109018 -0.593301429 0.474895079 -0.389619313 -0.520254619 -0.377266470 -0.447472513 -2.477477528 -0.050023573 0.522943191 1.391437746 0.837587582 0.215189567 -0.651091513 -0.989088170 0.557895322 -1.035581260 -0.635992000 -0.276490291 1.122548493 -0.642631618 0.687752159 -0.580912949 0.067936932 0.469490417
23.479602140 -1.157747483 9.063309127 0.746269583 0.181805612 0.244540432 0.591800985 -2.601554167 -0.533707558 -0.031307255 0.023082086 0.836966780 0.947846348 1.522725408 0.379540128 -1.148683427 -0.383356316 0.190786932 0.776573327 0.465474657 -1.298645489 -0.696295181 -0.928441064 -0.844007922 1.767292648 -0.311636062 0.625648404
34.975702074 2.035340751 7.780942790 -0.349751301 -0.079776343 0.283354979 0.889392893 1.432301696 0.228151700 1.487422268 -0.949325758 1.096182656 -1.248342526 0.068889011 1.747779973 -0.316761273 -0.054154202 -1.180682137 -0.982841923 -0.382518216 0.338655794 -0.542786441 1.421797362 0.676243658 0.745151858 0.215537792 0.079933822
35.057411794 4.125422815 13.513891707 -0.407867777 -0.073603769 -0.792900658 0.446693304 1.052663714 -0.426411861 -0.247869245 0.592130787 0.001667415 1.026668561 -0.793366268 -0.873673211 0.594596651 -1.423112615 0.787453413 -0.569380902 0.929174267 0.216816561 -0.790497874 -0.563650062 -0.534103812 0.328289610 -0.112288113 0.766786979
27.331767386 -2.331940743 11.200192378 0.815648005 0.005498048 0.557467473 -0.154654841 0.554091326 -0.936309632 1.013744649 0.950287847 -0.845398781 0.326445017 1.593012437 -0.473965631 -0.683809086 2.027356928 -0.452519068 1.681981837 -0.126203778 0.351305869 -0.678997868 -0.520193095 -0.266118117 -0.968537248 -1.552134116 -1.276141349
29.063777176 -4.052070777 18.770606751 0.211275401 -0.621797865 0.535362088 0.531147394 -1.256647371 0.269336519 1.135324095 -1.358468982 -1.649396739 1.305322589 0.831963750 -0.335932496 -1.419093987 -0.295607481 0.586851094 1.034271061 -1.507595097 0.219857071 -0.016597276 0.313945840 -1.348039022 -1.643529245 -0.474002117 -1.430766172
28.749948144 -4.534305188 13.501932952 -0.303778504 -0.839364514 0.082247405 0.443194311 -0.032054686 -0.008898689 -1.724001098 -1.412820745 -0.341881947 1.607519615 0.167723029 2.174650019 1.373524063 0.411997671 -1.719667324 0.105694079 0.992544568 -0.944435270 -1.103169584 0.057493334 -0.130454476 -1.262340834 1.431970929 -0.600195012
21.048361221 -5.804333174 9.563611429 0.343171222 -0.765322133 0.197267012 -0.507544354 -0.565000434 0.257434224 -0.242426571 -0.309390814 -0.000388921 0.674398451 -0.301226876 0.310667561 -1.303098810 0.485338893 0.236976090 0.506047191 0.111205824 -1.979989190 0.671445772 0.108051160 -1.883350952 -0.277024813 -0.025051506 1.027626475
23.611923911 -1.024662813 22.118572440 -0.306094147 -0.669819258 -0.520224185 0.432452694 -0.504272852 0.535185201 0.559015802 -0.404702037 0.970835411 0.041719336 -1.333893471 -1.711238983 -1.251009218 1.466040994 0.946705078 -0.455267605 1.176117091 0.750175015 -0.279558772 1.654627711 1.511209656 -0.040798522 -0.708890867 1.263545398
24.318942955 4.235291614 9.051417615 -0.704359901 -0.024570749 0.687709204 -0.174153550 0.499519042 -1.169645426 -1.814760964 -0.627813835 -0.599537262 -0.074762052 -1.299028069 -0.724020219 -0.145480514 2.521387719 0.126846543 0.863014337 -1.124230747 -0.120234847 0.871437800 -1.242833245 1.437646563 -0.918229316 0.083907738 -2.102278764
24.618374959 -6.638436678 9.511160951 0.550894912 -0.028782900 0.833086008 0.040669937 1.725509999 -2.005722020 -0.670465968 -1.067919150 -1.147301655 0.342601694 -1.336651911 0.833209977 -0.818833097 1.206279292 1.169471496 1.286366173 -0.604042211 1.114206066 0.799872030 0.540541190 -0.479159936 -0.402487538 0.611601346 -2.043892850
26.780108285 3.951650433 18.396929612 -0.266860555 0.782241560 0.047626674 0.560905773 0.512619698 -0.047226269 -0.057209518 -1.869138160 0.814606163 0.230048624 0.751022642 0.224542276 -1.088857545 -0.142884878 -0.489478154 0.592969956 -0.526136655 0.164410772 0.736564631 -0.821121900 1.658020485 0.523636216 0.650130037 -1.481559709
21.132130403 -0.911350017 10.846734017 0.325065631 -0.857966573 -0.329042035 0.223510704 -1.223206583 -0.169451218 0.258324052 -0.660803274 2.225753423 0.748778439 -0.085810092 -1.486018568 0.168668034 -0.031310985 -0.210202503 0.007192444 1.086159187 1.750557449 -0.044761720 0.154996721 1.146827510 -0.485526708 1.088812417 0.395358412
21.593295144 -5.587683659 9.516687686 0.736896551 0.402835571 -0.408947218 0.357028218 0.688083283 -2.013960340 -0.680401023 1.138858694 1.336945521 1.603089582 1.631737099 -0.403938247 0.358453387 1.379218250 0.172195683 -1.070387168 -1.177437301 -1.478572759 1.543558321 0.287663521 -0.994803933 -0.352756878 -1.481712120 0.016453565
35.042704370 4.891970911 12.890298940 0.667252562 0.291416039 -0.005284587 0.685436200 0.233356495 0.954361741 -0.420860274 -0.055509016 0.686325758 0.628148561 -0.012381564 -2.711413059 1.627975706 0.451315724 -0.542490815 -0.980682067 3.363376896 1.893392298 -0.193612875 0.660984072 1.527579948 -0.303786266 1.441331847 0.013852862
21.881429860 1.820168565 9.098893869 0.002785030 -0.355031347 -0.862441451 -0.360748846 1.278871093 -0.966297905 -1.582473135 0.012143554 0.569717348 -0.753123827 -0.702373610 -0.383391659 -1.279542262 0.689368604 -1.019634616 -0.405252834 0.072863839 1.342502714 -0.057097024 -1.275353405 -1.083107699 0.916288193 0.018073792 0.810234285
20.313632546 5.137914030 12.748652437 -0.418623508 -0.772303900 -0.239442095 -0.413483406 -1.761901033 1.311038773 -0.645308723 -0.804664654 -0.258779433 0.911350182 -0.453554993 0.155364884 1.521426714 -0.589576217 1.555429167 -0.545092922 -0.739351043 0.138969327 -0.504681872 0.296952735 -0.596829427 -0.940873063 0.372995646 -1.362717045
32.674103833 -1.252657519 19.602757101 0.762514445 -0.112400676 0.309756882 0.556766093 -0.022298586 -0.319753652 -0.192273034 1.283598322 -1.662389840 1.566072095 -0.414736537 1.146161224 1.545730580 -0.680252649 0.608139197 -1.314497667 1.000932379 -0.355583386 -1.749640162 -1.845229449 0.450643270 -1.264031607 -0.486399067 2.369753368
28.910444737 0.674208499 13.025798889 0.412703803 -0.368317752 0.619572743 -0.556908629 0.123696095 0.986900459 -0.445160150 -0.324677017 1.615602465 -0.062984380 -0.046060768 1.820233725 -0.307390444 0.817246350 0.149590804 0.868888912 0.245290423 1.176294702 -2.161213705 1.309935834 -1.241727124 -0.779913841 0.968176038 -1.881593770
28.157215984 8.194575628 12.515856192 -0.325805754 -0.153029702 -0.249447968 0.899004022 -0.932103353 -0.175964937 -0.394618456 0.579192956 0.781761901 0.094648432 -0.276072342 0.726758116 1.943929707 -0.569266486 -0.760303542 0.265314295 1.016265633 0.158872886 -1.388118283 1.310779856 0.166746262 -0.251792345 -1.175167251 -0.842552169
27.751384553 -0.498668857 17.070078682 -0.058275269 0.554703952 0.061541787 -0.827719836 0.310743185 1.529452742 -0.825031953 0.261618051 1.237757787 -0.321022160 0.440374455 -2.718584158 0.821786750 -0.266089203 -1.013324770 -0.562053122 -1.745043319 -0.382315503 1.470870873 -2.265095217 0.902707019 0.264070837 -0.926273451 0.180437636
28.684691367 3.471290192 15.944226096 -0.289539443 -0.389129919 -0.864366487 -0.132722994 0.456836168 -1.303832242 1.195314650 -0.936069900 1.018699814 -0.831690518 3.280891259 0.936275251 -0.702907842 -0.385350106 -0.727423602 2.297029801 0.339570731 0.134761562 1.168390572 -2.194090546 0.006009985 -0.293753954 -0.376085488 1.595114826
27.628528406 6.957603736 18.206320637 -0.369452357 -0.103693646 0.618407706 -0.685802080 1.292342475 1.027637493 -0.277258610 -1.324709918 -2.545354256 1.093516416 0.016977502 -0.202037193 -0.476978411 0.850880495 1.101181809 -0.139224144 1.787317285 -1.116180117 2.159557497 -1.229378993 -1.056232736 1.933540908 -0.140746511 0.661669397
35.511266051 1.953801294 14.105912097 0.783193705 0.241868090 0.024695976 0.572274022 -0.285701385 0.899928107 1.384923430 -0.282835326 -1.383799226 -0.066788905 -0.495879441 -0.414959220 -0.005039610 0.145612180 0.461677722 -0.739340451 -1.150206970 0.425597306 -0.466609768 0.774943145 0.352399509 -0.470476697 0.855138928 -0.451410058
32.526142293 -3.532940974 12.806771568 -0.386772729 -0.223114761 0.187376782 -0.874938056 -0.164058520 -0.376989474 0.476329315 2.848559625 1.159685444 -0.789620306 0.282791154 -0.888686826 0.486373254 2.638749487 1.269495273 2.573170240 0.351407219 0.171003719 0.571148763 0.476811482 0.701962448 -0.863421561 -1.917691321 0.431060290
26.484614374 1.802460392 3.785453310 -0.124636607 0.947156679 -0.271511032 0.116797696 -0.390598843 -0.152381806 0.760696995 -0.368511133 -0.235448417 -0.112392506 0.845283800 -0.378309359 1.034964061 0.095317055 -2.175832291 -1.031665724 -0.537392729 -0.768865492 0.846033001 0.008122940 -0.242106167 0.224558785 -0.457228343 -1.597547924
33.635768199 4.742872039 16.905291614 -0.283690620 0.619469082 -0.221552981 0.697633117 0.443780085 -1.020459778 1.772062390 -1.370783973 1.610457942 -0.885747674 0.161324137 0.192147024 0.784876926 -1.444380956 -0.518272783 -0.085118917 0.570404029 -1.030666858 -1.167922969 -0.764959967 0.722756168 -0.948042330 1.953563730 1.130569127
23.889194336 -4.933183875 12.616417303 0.136179840 0.349139444 -0.809483445 -0.451988110 -1.796263182 -1.616269957 1.968657506 -0.208035691 -1.240958613 -0.458247363 0.978885139 -0.454532246 -0.223582716 -0.441450354 0.346141818 -1.634796837 -0.674885824 0.484792056 -1.532472403 -0.459094790 0.827701230 1.050564715 0.897717174 0.800703482
33.914320908 0.577065577 11.481503249 0.770553906 0.487527966 0.407334960 0.051394458 1.744330592 0.128927918 -0.239840056 -0.717736716 -0.750125931 1.346422853 -1.045419872 0.777590618 1.843836659 -0.836297124 1.144010645 -0.482594918 -0.160589358 -0.671583127 3.197215493 -0.307631295 -1.122092965 -0.616960442 0.616089487 -1.342744589
27.605492798 5.675559118 17.090335369 0.188048046 0.149100396 0.771182469 0.589647865 -0.410462177 0.501287256 1.072716415 0.600118266 -0.286139673 -0.221561182 0.607345810 0.374948442 -0.612528865 0.921650218 -0.034217252 -0.198871388 0.740841886 -0.567681371 -1.332741213 -2.001705292 -0.288599423 -0.596331547 -1.832076960 -1.606279101
28.527732384 5.520564440 20.717130902 -0.981687411 0.125684493 -0.042089386 0.136827331 -0.134375028 0.899955426 -1.508210223 -1.139034078 -0.044266901 1.008203337 1.963519218 -0.857170193 -2.071891579 1.460647114 1.007426539 -0.327297772 -0.090109926 0.328351832 -1.018624608 1.321215543 0.304316650 1.324134826 0.180602357 0.736015616
25.948269782 -0.071368411 17.969020534 0.137074233 0.022283651 0.821991495 -0.552307953 -0.479740600 -1.338761920 0.213431430 0.293370245 0.789622189 -0.243641246 -1.596341460 2.520603415 -1.818104305 0.780221507 0.396034158 0.825550800 0.448929219 2.285231376 -1.836189939 -0.394385199 -0.367525964 -1.580952192 -1.814921452 -0.758670183
24.534088129 3.746389380 18.243692892 0.201720062 -0.443717390 0.813593402 -0.317001058 -0.527750702 0.562978176 0.760780556 1.058548776 2.464176514 1.127086174 -0.579208945 -0.207824784 -0.958093676 0.865624062 -1.415671461 -1.152894513 2.069910201 0.401116531 0.383955674 2.749840561 2.142793791 1.030252640 0.953248050 -0.913190563
26.781429185 6.122043946 10.429558307 -0.383897472 0.391527177 0.380685034 -0.744585862 -1.994434941 1.650440482 0.455592921 1.581622760 -0.681038639 0.844654824 1.543147522 -0.535802732 0.918233069 1.125987220 0.902524199 -0.177119416 -0.210228121 0.578191505 -1.332261052 -0.146644572 0.602916110 -1.361552996 1.481730190 -0.138640026
27.033758470 -0.877413657 19.101677850 0.817936739 0.214492236 -0.519906260 -0.121119990 0.487218173 0.606295801 1.175204408 0.984638577 0.178828778 0.462554502 0.663530560 -0.648994459 -0.542119884 0.990487600 -0.728814663 0.687400181 0.879043339 -0.459909864 0.049477329 0.815952624 1.129866693 -2.205929231 -1.118364397 -0.217953024
35.147231408 1.034999426 9.073593674 0.129799169 0.895511112 0.273020162 0.326606821 2.884251399 -0.052661866 -1.279035924 0.313439620 0.059885107 1.528653853 0.365121732 0.172433057 1.267022994 0.644743546 -2.247137790 -1.106414841 -1.126044196 1.040630258 -0.632628213 1.100325592 -0.571767903 1.325576228 -1.023688298 -0.714687852
25.992151417 0.174374656 22.176204599 -0.287004749 0.842448505 0.046856585 0.453556227 -1.924748225 -1.378559200 0.256190733 -0.511167207 -0.217071415 -1.909421812 0.295404396 -0.126170870 1.686508659 0.210563840 0.633722791 -1.867063473 -1.944825399 0.582249984 -1.603034616 1.244650107 0.428398728 0.354019169 2.065443782 -1.309301910
