-32.401399657 22.325224703 -6.401362236 0.734390875 -0.320457705 0.463888108 -0.377868663 0.889400162 1.976818028 0.325750926 1.386181429 -0.568436650 1.555740845 -0.191535211 1.423928371 1.940314795 0.949400063 0.993291537 -0.077073667 0.525575199 1.064157286 0.563025158 0.081293103 1.661522643 -0.805060531 0.148111092 -0.134448741
-28.175885055 23.940085959 -6.076115152 -0.001056878 -0.576131219 -0.663813528 -0.476889192 0.261765834 -0.862652461 -0.392185280 -0.008482009 1.561116046 -0.593133422 0.613832938 1.215187488 1.543843544 1.058746909 -0.613946678 1.665049873 -1.210706365 -0.931527257 -0.421106484 0.637686793 -1.857042566 -1.194652188 0.073291888 2.040075979
-20.853324824 25.343510144 -10.935891706 -0.366210626 0.364753271 0.622571817 -0.587579068 -0.349438976 1.086869133 1.056971203 1.272099783 -0.632093892 0.762398233 1.550125638 -0.897050152 0.869824849 -0.156296671 1.050292353 -1.041503594 1.420250095 0.805193647 0.977261264 0.644056264 0.443601062 1.392149049 -1.443292017 -0.153316498
-25.933455265 20.415637629 -15.669477912 -0.386352653 0.214735451 0.893556470 -0.078594839 -0.215087536 0.882607320 -1.672319214 0.024804777 -0.294773074 0.311481387 0.123815495 -1.062040025 0.485975834 -0.709888902 0.820109091 -0.014360937 -1.467450537 0.751101257 1.139294195 0.403957716 0.392473861 0.380038380 1.503451671 0.008314975
-28.686861482 12.711280862 -4.742116090 -0.343711323 -0.900457091 -0.264514225 0.032738026 1.216629016 0.191562949 -0.331373704 -1.219976233 0.418044388 2.137594675 0.386385108 0.618741591 -0.715189765 -0.663826623 -1.236238678 -0.089740614 -1.010098604 1.053985582 -1.536351307 0.183592555 -0.087286517 -0.091665918 -0.415905939 -0.925620014
-20.567069151 13.252496737 -9.660368312 0.714717708 0.165321593 0.447562894 0.511404756 -0.274999997 -1.624911837 0.824788212 0.362932741 1.124693379 1.144885450 -1.065312218 -0.687446522 -0.233475583 0.548998287 -1.148200430 0.807868225 0.796401176 -0.021087273 0.403717669 -0.385694908 -2.339850710 -0.702575576 3.103053528 0.347040444
-28.622601358 18.325453920 -3.072605535 -0.044759638 0.691122221 -0.182863106 0.697787743 -0.485453634 -0.665191503 1.040249023 -1.950869500 1.205662273 -0.070640259 0.287657727 -0.485396676 0.702306355 -1.942734145 -0.063038370 1.326180717 2.295630781 -1.415058826 -1.169074952 -0.261191091 -0.610331198 0.413169635 0.847215437 -0.573560535
-21.450488992 14.608824315 -3.357475561 -0.021888693 -0.018129205 0.243514212 0.969480812 0.491445746 0.720577136 -1.502773185 1.673742247 0.163675063 1.046204514 0.543848842 -0.167658852 0.613071193 1.193640159 -2.055730399 0.029617741 -0.756177627 -1.015177366 -0.434751399 0.767130061 -0.706406947 -0.196617250 1.585618796 -0.428443790
-23.735050484 20.488837547 -3.294338185 -0.269916344 -0.375505045 0.567375743 -0.681341246 0.492627961 -0.217542158 -1.625332446 1.156496600 -0.007578622 -1.628746585 -1.051305343 0.763090706 -0.042488422 -0.249645883 -1.543724645 -0.033760710 -0.047766341 -0.403636253 -1.167763185 -1.035226678 -0.619357241 -0.997685932 0.192143342 0.690284113
-26.846403357 23.117727485 -0.605669794 -0.022681486 0.361803212 -0.484047679 0.796418126 1.805326994 -0.760141090 0.008030854 -1.586439891 0.563673315 0.183484173 -2.158740333 -0.860936359 -1.393222190 -0.843877161 0.887532257 -1.209524138 -0.180001862 -2.358636090 0.429105650 0.743938574 -0.412119052 0.361922620 -2.625531744 0.453984057
-21.086372403 18.543932959 -7.747490833 0.843548151 0.257734998 -0.428214928 -0.196548121 -2.297897762 -1.533454606 0.347029401 1.428146469 -0.904693922 -0.887998037 0.135080878 0.227908307 -0.751588401 1.852305478 -0.580475349 2.003615227 -0.459901439 0.238409310 -0.784433681 0.233869480 0.462019085 1.036869570 -0.747193268 -1.681511633
-29.401527001 10.194965534 -7.306439303 -0.001254880 0.238444567 0.596717040 -0.766205839 -0.212089156 1.289800265 -0.044837774 -0.226177718 0.128100147 0.879025757 -0.370010468 -1.071965778 2.901444965 0.682284138 -0.163603809 -0.679614216 -1.582645054 1.119242732 -0.456736436 0.911328539 -0.566384469 0.238107197 0.829847668 0.785870022
-22.838437868 18.271017566 -6.908218892 -0.012130503 0.410550469 0.634819044 -0.654450872 -0.130646412 1.259263374 0.485561106 -0.250110459 -0.698658466 2.450071714 0.128050997 -1.326048074 -0.197769633 -0.436113998 0.844602004 1.475536806 0.615257903 -0.706720530 0.501340207 0.029341457 -0.789482475 0.617409623 1.292605188 -0.224567024
-25.640749243 10.824324776 -12.007589594 -0.428045240 -0.297969507 -0.190224629 -0.831748781 -0.225692766 0.047680469 0.548642352 -0.765831689 -0.250036237 -0.277811062 -0.241044235 0.211266727 -0.262822326 1.895274399 -0.374905900 1.858003078 -1.127634680 0.117029424 0.573139868 0.772777906 0.905713951 0.833374009 -0.961322696 -1.738200930
-23.723689739 24.875885820 -2.183965039 -0.816472741 -0.347074182 0.447908509 0.110859112 -0.675763588 -1.755851312 0.432817680 -2.317913917 0.954577619 -0.501895122 0.236013682 -2.507993601 -2.070421838 -1.355910221 -0.615180781 0.149909809 0.447086398 -0.537934817 -0.187189617 1.249512790 0.883994890 0.826976547 -2.509138737 -1.073848460
-29.456368492 23.745159774 -16.490468812 0.752326504 -0.144805094 -0.026639462 -0.642126666 1.357936218 -1.469658024 0.023308981 0.199369220 0.398718046 -0.427208288 -0.322368456 0.071267602 0.325931530 0.066601024 1.589885070 -0.056934804 -1.086638830 -0.532524529 0.570093885 1.499210107 -0.063077265 0.529918747 -0.525427996 -0.519548992
-24.602853133 16.995188156 -17.658451964 -0.366558832 -0.207421261 0.796827780 0.433216496 0.329678120 0.256802138 -1.077385305 1.980962235 1.465188758 -0.370990748 -0.288444682 0.165963816 1.262706895 -0.017605841 -0.440065570 -1.368726528 -0.784277142 -0.724666738 1.218510659 -0.384973695 -0.494577750 -1.817658748 0.357758983 1.533626063
-25.365103069 23.872976364 -10.287563986 0.279946151 0.142454707 -0.123054220 0.941379025 -0.758637735 -0.416636250 -0.101840524 1.374902961 -1.099504187 1.506475818 -0.923979980 0.965122560 -0.102642466 -0.158079609 -0.426262289 1.139273861 -0.311922174 -0.196854429 -0.322614325 -0.676778223 0.267431880 -0.084424008 0.627192985 1.716594571
-28.123998849 22.901111577 -16.368538642 -0.426162439 -0.580881165 -0.417458436 0.553796987 0.529278961 -1.283990296 -1.149860358 -0.023123049 0.967042836 -0.360476024 -2.446988248 1.018199649 -0.154619190 0.011808672 0.003503814 1.133749796 0.614638794 1.489816922 2.163507213 1.072641138 0.035891982 1.776120003 0.279649962 -0.697949453
-32.311301132 18.890863406 -10.996669166 -0.140409574 -0.038636464 -0.594004363 -0.791170773 0.615041885 0.298724509 0.961369712 0.366791432 -0.960520039 -0.518948162 -1.993591497 -0.810691402 0.477545058 1.220305655 0.512701033 -1.337700969 -2.667280070 0.462304395 0.295374801 -2.257434581 0.119992815 2.434239337 1.207066186 0.771758272
-23.182771529 27.160525167 -8.927650503 -0.189972796 -0.292159896 0.849845812 -0.395366952 -0.416541281 -1.445246069 1.301080061 -0.674752687 0.038472152 -0.345740447 -0.407043722 0.664341177 0.115580920 0.498701798 0.351181489 -0.927269431 0.293622949 2.664904646 0.078142510 -0.164877610 0.823749577 -0.454125660 -0.581395923 -0.357381465
-26.826249906 22.980336825 -14.324504201 0.442586679 0.263525006 -0.825727679 -0.229881280 1.778636065 -0.425788113 -0.759814558 1.935880899 1.604795933 1.348958758 0.066524975 -0.058293906 -0.985058803 1.096705351 0.228246905 -0.543104054 1.933096413 0.335035723 1.823803010 0.160011537 -0.408742652 -1.803673741 -0.728769472 -0.301565921
-26.537320662 14.344827721 -14.247618187 -0.028229640 0.692414834 0.547170239 0.469435315 1.052009694 2.699518696 0.679024281 -1.871639633 1.879667366 0.022203562 1.410713654 -0.171991774 0.669005837 -0.326939151 -1.752611865 -0.365645476 -1.887288950 -2.080053688 -1.103957248 2.406404258 0.426500437 0.814727979 0.035344033 -0.835254258
-20.376362880 12.363804612 -4.419322572 -0.870970400 -0.353483869 0.340324781 0.025273706 0.576536733 1.511391481 -0.082000607 -0.873167658 -0.688725944 0.665375986 1.074686534 0.682689689 1.774721004 0.088244821 1.101872484 -1.451646060 -0.008851044 -0.310544901 0.003650256 1.668367427 1.220091513 -0.574087219 0.832448551 -2.911262723
-24.786409083 17.140128461 -9.122965634 0.501823796 0.822813671 0.158733013 -0.214369709 -0.424130227 0.608045204 -1.241567518 -0.784210705 -0.228424013 -0.420797508 -1.123024444 0.060303706 1.690802534 0.501004662 -0.098924489 -0.336294419 0.291193739 0.046504898 1.514997944 -0.265391688 -0.078131070 -0.111543784 0.941084313 -0.934165183
-27.713659540 21.389250576 -14.594517470 0.651019773 0.496393551 0.197563587 0.539198782 0.557787742 0.332728190 -0.273309372 0.772798506 1.539034060 -0.384805037 1.671020890 -0.643594301 0.786286430 -0.258436824 -1.136477445 -0.536789547 -0.792476484 1.288695704 -1.284473518 -0.111209745 -0.268142309 -1.179621794 -0.971321540 0.309262457
-24.807853832 9.864817435 -12.937297263 -0.510566784 0.517372039 0.669448261 0.153253903 0.645726443 -1.457345563 -0.340633800 -1.233200806 1.662334452 0.941647505 0.941680488 0.909958530 0.484566230 -1.399558636 0.315416042 0.656135709 0.985006949 -1.384421051 -1.597564364 -2.142068844 0.192815369 -0.688320572 0.221542836 1.922781564
-27.889948056 13.880428509 -15.712225334 0.065230396 -0.051183805 -0.973261148 -0.214214731 0.709359301 -0.097888162 -0.839073838 -0.543042780 0.364017558 -1.333922054 0.856892076 -0.277601428 -0.668821898 0.621935127 1.216674593 0.206473034 0.187918005 -0.561892722 0.525927883 0.107107932 -1.069001117 -1.624776944 0.149487970 0.265814842
-26.359119192 23.725917176 -6.941956900 0.566032512 0.170466852 0.798469819 0.113992084 1.403063662 -0.269012049 0.082289339 0.542869473 0.800125042 -1.161210428 -0.087949656 1.064977171 -0.348335067 0.204486160 0.816576550 -0.232788042 2.333602669 0.180362739 1.136061588 -0.671720172 0.048450084 1.829737080 -0.719253532 -0.263566061
-21.836766986 24.666219771 -5.599487680 -0.546936016 0.394453791 0.527447875 -0.516784229 1.133112780 -0.150945761 -0.780737162 -1.503391378 -0.219885058 0.576798404 0.155976050 0.287442575 -1.385176725 -0.997748432 1.972581873 0.211078463 -0.457952025 -0.249856485 1.702882333 -0.639577759 0.440484333 -0.228796451 -1.432616142 -0.531015438
-20.530884439 12.287000788 -12.664178821 -0.117325978 0.808815578 -0.506295364 -0.275167184 0.451676400 -0.601689276 -0.338557119 0.666956570 -1.356147806 -1.389578126 0.140239782 -0.282491562 0.345998570 -1.011973195 0.542910792 0.003027192 1.554612198 1.169011715 -0.052003505 0.732555355 -0.593093576 1.688710984 0.216435153 0.302853560
-33.332958955 15.723772230 -3.454703733 -0.135344653 -0.519643162 0.529998717 -0.656318649 0.059432608 -0.393206799 0.531957058 1.154584567 1.663542187 0.504939303 0.236370070 -0.239887122 -0.342960398 0.169679293 0.295014629 0.790213704 0.045895635 -0.401172054 -1.339014752 0.301770083 3.044608732 0.744120532 -1.538057778 -0.570254268
-19.153379005 21.174422252 -14.807169570 -0.308513278 -0.264344329 0.912445086 -0.048842586 -1.430415632 0.101703417 0.608717066 1.082442404 2.194555916 -0.381473928 0.851122970 -0.529040137 -0.434189514 -1.694816910 -0.341766095 2.174393618 0.862392618 -0.725081658 0.261370343 0.268414905 -0.062955090 -0.069786423 2.032646203 -0.852548246
-29.496084809 22.316459095 -10.818469403 -0.530432549 0.174091171 0.759433553 0.334057261 0.695985661 -0.835338245 0.117943674 0.250261054 0.718639776 0.612176167 0.634775716 0.149524798 0.649102955 0.907202965 -0.422489077 0.730460161 1.610355877 0.619899566 0.768745309 0.662063562 1.182446393 0.080749032 -1.142359613 0.012227238
-22.862199545 12.848300860 -16.086112426 -0.144166057 0.411481582 -0.088084955 0.895622742 0.567861983 0.934760191 -1.508810070 0.647550905 0.681094384 0.513370418 0.470857165 1.166889224 0.134363048 -0.843603078 1.149771924 -1.397135437 0.476615232 -2.093568910 0.608697922 -0.976874375 0.651601357 0.401691011 1.119572072 1.056671115
-31.367800316 24.592608146 -5.614364547 0.876318593 -0.267638981 -0.346563859 0.200819798 -1.052261230 -0.533928917 -0.683353063 0.684819879 0.346649856 -0.087716617 -0.882130764 -1.526203082 2.012996649 -0.210441809 -0.438091706 0.617834355 0.165756814 -0.073295916 0.476293980 -0.328384473 -0.823814985 -0.070218480 0.725955240 1.108284956
-30.157278340 24.345092889 -14.588635992 0.417599585 0.829720061 0.338328811 0.150694468 0.665484248 0.137931998 0.891031106 -0.691876131 1.342682304 -1.193490579 2.791040546 0.839657408 -1.083274767 -0.042600920 -0.032241134 -0.634964393 -0.102490168 0.654599642 -1.446955327 0.555321669 -0.866964209 -0.384381483 -1.192575344 1.038069103
-26.015761259 9.393542743 -7.839897883 -0.621934193 -0.557686989 0.281464350 0.472187358 -1.566638909 0.096613180 0.113855682 -3.790178495 0.116275558 1.085938634 -0.488268115 1.220398094 -0.961456811 -0.081484554 -0.797783785 0.869823383 0.131808157 0.744379252 0.135093289 0.420058333 0.676766288 0.867300190 0.875613471 1.094723405
-31.682552761 23.170317859 -10.892462860 -0.049597198 0.356828911 0.493848588 0.791408124 -0.034829300 -0.006390503 0.174051118 -0.615951789 1.784564801 -1.981188287 -1.707699367 -0.762975332 0.726423509 0.210629091 -0.140319427 0.579776763 1.488447985 0.489176640 -0.875767401 0.511170828 -1.671323999 -0.452903537 -0.755730750 -0.021636128
-27.071963725 27.409201288 -8.165689806 -0.213300874 -0.953193326 0.188979443 -0.101054393 0.983764431 -0.523648297 0.015336465 -2.241423589 0.333554632 -0.424419760 -0.569698350 -0.667437562 -0.046949481 0.032568379 -0.383822832 -1.375402683 1.474384017 -1.218668530 -0.712974538 0.696850398 0.385418654 1.612756848 1.136544110 0.534275837
-19.576707797 17.136080998 -15.558187932 -0.226244881 0.046092261 0.801116354 0.552178725 1.041911877 0.315992936 -0.585960992 -0.672121674 1.133233428 -1.042793905 -0.532743325 0.502133957 -0.376859769 0.709461370 -1.530304223 -0.375411773 0.355968132 1.040955616 -0.386544679 0.006716644 -0.052368283 0.179682649 0.367504918 -0.915544425
-23.288354364 23.158463281 -0.900696239 0.854401662 0.008874277 0.486179535 0.183162514 2.265710493 0.353646458 -1.323190956 0.241810365 0.193874593 -0.950403293 1.223622107 0.393801470 0.998506206 0.254551534 0.313710970 1.220498599 1.232395914 -0.343800574 1.585827425 1.766816450 -0.761809512 -0.398237988 -0.088144457 -0.881487875
-26.623462629 18.897138104 -15.556823569 0.940869684 0.191700977 -0.237956751 0.146258533 -0.382554120 -0.925028104 0.177152069 -0.401107239 -0.147589572 -0.806924830 -0.505132867 -0.106411096 -1.343371601 0.582368254 -0.938397690 0.731389094 -0.943974142 3.351014592 0.147751903 -0.998287973 -0.569528692 1.338355482 -0.497112769 -1.062638792
-27.570013503 18.455163742 -16.405811758 0.245674090 -0.034424425 0.931990410 -0.264297327 -0.471900214 0.753508289 -0.407410638 -0.413094968 0.418696020 -0.886213578 0.137758843 -1.913501231 2.167624766 1.322249013 -0.172185484 0.470811732 -0.166187054 0.673156859 0.879327807 -1.266036480 -0.346387410 1.594618578 -1.026508129 0.620268279
-19.315208298 16.653470645 -9.248116428 0.305352537 0.801129545 0.386042809 -0.340473538 1.461533560 0.441013979 0.727318835 1.588397652 -0.047339630 -0.819766224 -0.102864766 0.389399937 -0.370367422 -0.910908399 1.408941558 -1.010995635 0.094297232 -1.961216688 1.692618817 -0.311577882 -0.060640192 0.480372354 -0.308089374 0.687473690
-30.832118791 11.716905946 -5.741759177 0.768952806 -0.350103411 -0.526569303 -0.094148571 -1.066224567 0.176943784 -0.329552360 0.317348833 0.279200624 -0.305732381 -0.702068885 -1.438562375 0.675739213 -0.164222677 -1.427965369 -0.047726870 0.166926496 0.983714666 -2.268074833 0.588905426 -0.082106908 -0.480633195 -1.278769616 0.838126050
-31.497179223 12.961744992 -5.788733014 0.963247072 0.138961017 -0.219755118 0.067472964 0.777375075 -0.030648110 0.299696143 -1.461366664 -1.873416770 -1.342088305 -0.962763201 0.808972392 -1.308970391 -1.286346123 -2.174394435 1.143230385 0.886799791 0.075403472 1.123556076 -0.704213606 1.226991334 -0.305599304 -0.880744154 1.107316015
-27.399607837 16.875281536 -7.624071210 0.546589228 -0.745740450 0.034568880 0.379363135 -2.145828726 0.948082513 0.224380074 -1.217123186 1.068351183 1.286976400 1.051529205 0.650988875 1.403029499 1.070839974 0.961906518 0.161196882 -0.958076051 0.582228242 -0.807911082 0.647188844 0.218073636 0.311164824 -0.237342272 -1.408959224
-24.513235093 15.265589747 -11.798957250 -0.752014440 0.584277001 -0.289633864 0.095952553 -0.726199150 -1.078920540 0.198515562 -1.135706214 1.272108728 1.334464812 -0.947888414 1.235879426 -0.207994626 0.654821339 -0.470356432 -0.746875809 0.831183307 0.084115249 -0.979677241 -1.369609189 1.565806099 0.679005136 -1.772068981 0.019407880
-33.639289679 20.525451712 -7.343520559 0.452367006 -0.574214745 0.263076186 -0.629628810 -0.422483811 0.060052799 -0.592219261 0.700022756 -0.020712968 -0.437427323 -0.877084364 -0.193779524 -1.082490655 0.660997115 -0.167409578 -1.768641898 -0.623459683 -1.779343936 0.940715418 0.512369835 -1.398536617 -0.255541289 -1.366089449 -0.188061833
-25.845683974 14.273233551 -16.076587674 0.288084129 -0.854438726 0.336576982 0.271399951 -1.054166296 -1.970832454 -1.596860023 -0.249996331 -1.235309567 -1.447545784 1.253395146 -0.778848672 0.687860081 1.195728456 -1.336533400 0.063955625 0.379631468 -0.702243274 2.369587202 -1.508157551 1.815208137 0.787778945 0.540294201 -1.199161531
-32.035859729 20.007467826 -10.974670289 0.889244334 0.385472701 0.246253205 0.003830291 -0.828403395 -0.767763647 1.253059728 -2.061832417 -1.631424971 1.916951568 0.887420781 0.756018572 1.400170843 -0.431510670 -0.965655640 1.867009359 0.141189670 -0.251919656 2.008795222 -0.378261988 -0.001348901 0.239210483 -0.457950931 -0.811480620
-22.398565439 16.645317997 -4.875204392 -0.944999769 -0.148235257 -0.229379229 0.179963646 -0.337231956 -0.902970182 -0.321491371 -0.682085034 -0.248759867 -0.929392343 -1.455231454 -0.565243439 -0.189737796 -0.761206628 0.215729824 -0.084224401 0.410474547 0.537333457 -0.053497289 -0.745769486 -0.242207755 1.137037865 -1.675356851 0.880518129
-25.996682601 19.270918626 0.117043912 -0.051130747 0.818865047 0.207620425 0.532671982 0.258020330 0.572328121 0.836006411 1.649755898 1.451810510 -0.664094966 -0.059809678 0.489469314 1.640812548 -0.506369970 1.062525239 -1.310984114 -1.031375907 -0.656522663 1.338100523 -0.825558951 0.812783664 -2.884280237 -1.278611363 -0.631360374
-25.100451278 16.716206155 -8.424680570 -0.281588340 0.020026181 0.773725815 -0.567146650 -1.765993945 -0.186889568 0.730616950 0.907271568 0.731457142 0.092689783 0.442165259 0.109038295 -0.076699990 0.789280347 -0.460057779 0.382711240 0.514466469 0.454304352 -0.544264683 -1.457485966 1.484916604 -1.312496315 0.057214552 0.915252323
-23.982098956 22.963850838 -15.728833765 0.816192536 -0.301987088 -0.082763390 0.485575705 0.217330873 0.562724137 0.660923777 -0.789950626 -0.745211846 0.265631847 0.094050462 -0.727980708 0.136157073 0.714535617 0.128332615 1.717935874 0.350389645 0.378445427 0.435152325 1.171345571 -0.319841096 -0.792984351 -0.756397067 0.399239595
-26.650682514 23.558392025 -12.758089918 -0.192076188 0.361741493 -0.912264777 -0.004775648 0.083311245 0.544952002 -0.166931472 0.227544161 -0.408872102 0.024283410 -0.880796105 0.024046701 0.438416527 0.208373257 0.445370656 0.108887429 -0.551731704 2.066221322 -0.459041379 -1.286181924 0.336066982 -0.385457951 -1.605872221 -0.290809731
-28.243207038 13.033083360 -7.682605610 -0.149644754 -0.625178808 -0.669926610 0.371424612 -1.973190698 0.893978166 -0.846386824 0.225100763 0.584773257 1.257231270 -0.922413145 -0.999209358 0.409666851 -0.193838831 -1.549282115 0.919369705 -0.668233914 -0.324111679 0.642991013 0.622066779 -0.714144019 -0.055567424 -0.706304504 -0.082770484
-21.230494725 24.150042839 -8.446114497 -0.557036644 0.761849487 -0.075641552 0.321828981 0.150462190 -1.635102343 -1.119302242 -0.313367399 -0.903314830 -1.082653142 1.102334353 1.175653975 -0.753148962 2.529444715 0.065830705 -0.629573224 0.128834707 0.785036501 0.362769619 -0.498934915 -0.429234054 0.597080852 0.606751126 -0.508501729
-26.202554303 23.269316193 -11.278940268 0.283111619 -0.499854940 -0.110412332 0.811049917 1.044486613 0.304362850 -0.024313723 1.268565278 0.115755036 0.656107779 0.456138880 0.692981147 2.246200940 -2.309115079 -0.144811448 -0.002607896 0.479072670 -0.286176669 0.861607312 1.474078262 -0.216067322 0.458057497 0.015406060 0.833202565
-23.840258889 18.826371866 -12.252491366 0.789014959 -0.362536357 -0.130648612 -0.478491092 -0.585068404 0.164963560 -0.226444097 -0.213355258 0.732986268 -1.163602163 1.341457193 -0.728400925 -0.484171663 -0.039343909 -0.675324427 -0.573785052 -0.253671024 0.642520936 1.677804741 0.899208167 0.505895178 0.907616474 0.694004121 2.415155536
-19.873686110 21.555998525 -11.791599119 0.396540434 -0.794152376 0.269946807 0.373103752 1.991866933 -0.373306700 1.445032943 -0.876440804 0.013868580 -0.999931037 -1.369140393 -1.965095764 -0.771622917 0.411079843 0.569976152 -0.075825017 -0.173326714 0.640801996 -0.461801542 -1.785585657 1.082491897 -0.960507152 0.797089696 -1.853451653
-19.333240837 13.587976961 -6.689675979 -0.115154116 0.756850126 0.571193104 -0.296067313 0.226429154 0.666581834 0.862474404 1.323265633 1.390712626 -0.113310473 -0.152563116 -1.027206326 -0.473483941 -1.268258764 1.785093316 -0.576202381 -0.391875917 0.120737665 1.023374941 0.988565400 1.003113725 -0.744192382 2.306267156 2.218591340
-23.936679072 18.282255786 -13.695899349 -0.146454801 0.228522266 -0.885930872 -0.376105111 1.004064865 -1.391338047 1.756681293 1.004840338 -1.391518655 -0.304570760 0.166652001 -0.536148076 -1.160161992 -0.898489627 1.392599876 0.205986343 -1.482446185 -0.717112502 -0.337080216 -0.336962361 -0.197376902 -0.748183072 0.671815046 1.375924414
-18.230864408 19.231305515 -13.770016121 -0.088935238 0.772868319 -0.215440585 0.590212198 -0.033714612 -2.201733083 -0.929510856 -0.224349993 -1.323370281 1.035258971 0.773447470 0.334642220 0.635901574 -0.162825861 -0.423330333 0.192779038 -0.170340130 -0.756419240 -0.346789917 -2.258102124 -0.679770157 -0.512489662 1.914918098 0.574678531
-34.146930251 19.586937407 -8.962333844 0.294619400 0.301648643 0.906099006 -0.034526741 -0.253535127 0.573698755 1.009899349 -0.203924340 0.377534452 0.618903854 1.435260154 0.334154820 -1.319895685 0.752392146 -0.306757533 0.779107613 -1.413637787 -1.071064149 -0.734443428 -1.114983400 0.372055391 -0.033377517 0.791822077 -1.239871696
-23.867563137 13.301868427 -9.955686530 0.384744368 -0.507790821 -0.456389968 0.621150908 0.492253756 -0.021140088 -1.105524738 -0.055466341 -0.198388092 1.308896622 0.475495041 1.353142276 -0.888917327 1.233479873 0.006233608 0.917041011 1.035213277 -2.477081963 -0.076088391 -0.562546884 -1.027204527 -0.059017825 -0.253617043 -0.084837349
-28.198235563 17.934115387 -3.806604841 -0.761189671 -0.539587943 -0.228209122 -0.278128987 -1.357517928 -1.203193041 0.763023827 2.598328204 -1.105218892 -0.261808907 -0.697030163 -0.352326668 -0.651016583 -0.153547832 1.473614253 -1.339991513 -1.007955099 0.342675952 0.264356214 0.061760983 0.177277583 -0.450135127 0.405140337 0.268689534
-29.619916782 14.639244824 -7.566544478 -0.840776806 0.363008813 0.272894771 -0.294698843 0.578691917 1.486682212 0.512229275 -1.661553117 -0.666127518 -0.011377056 1.292319129 0.394612380 0.268939400 1.592229285 0.457563162 -0.697009584 -1.748107701 -1.563960006 -0.497776421 0.260520944 -0.051708665 -0.105837371 -0.967634932 1.181751501
-28.823354771 10.267433919 -6.104716309 -0.832248186 0.508125486 -0.079094713 -0.207160503 -0.973195544 0.170212578 -1.121856010 0.325887752 0.336454352 -0.049588367 -0.544332102 -0.100995939 -0.699464172 -1.624583523 -0.763851659 -1.079683908 0.193574283 -0.131561649 -0.567851304 -0.483738609 0.954666074 -0.442958824 0.481258310 0.868067140
-23.516578512 20.742330196 -12.541609772 -0.279086748 0.329277212 -0.283573888 -0.856313584 -0.661599845 -0.079990466 -0.415459723 0.189994749 -0.869849712 -1.721852360 0.694858822 0.354847570 0.895104455 -1.253918838 -0.103534412 -0.730279512 1.438008911 1.697977272 -0.813421421 0.117383930 1.679476458 -0.277570547 0.864033602 0.365976093
-17.773536364 18.758283245 -12.389714735 0.612645394 0.571414878 -0.470416291 -0.277234868 1.688932647 -1.271990652 2.410156172 0.580715264 0.492311592 -0.635756812 -0.544754867 0.157388779 0.470979085 -1.420560128 -1.654471646 1.025611040 0.198915934 0.091561047 -0.840930584 -0.935077241 0.124692241 0.109203258 1.135103612 0.454214620
-19.726997279 18.350090450 -7.968802962 0.454210139 -0.606847232 -0.602831139 -0.249046592 0.336596674 0.029812954 1.307635229 0.745594079 -0.950373315 1.227464018 0.206025000 -0.446300177 0.320087662 1.508308590 1.676947956 -1.306680055 -0.484569037 1.621401745 -0.499129898 0.488161306 0.253967636 -0.213886109 -0.062102677 -0.846433312
-22.573021906 23.822654932 -3.182316281 0.293379844 -0.607072775 0.509949946 0.534174097 -1.267685251 -0.504885346 0.023803091 0.423039975 -0.351682958 0.602355597 -0.239985585 -1.242834013 -0.448580687 -1.605136398 1.503900647 1.993797473 0.870312624 -0.866907722 0.610631007 1.272377519 0.774033418 0.579506667 -1.565445957 -0.618934851
-24.509821783 26.590832001 -6.217447766 -0.232357972 -0.228114437 0.116154786 0.938339833 0.413747253 0.717244925 -0.701920766 -1.046238571 1.285656110 -0.708435821 0.059728221 -1.038886038 0.538063083 -1.621988732 -0.674018975 1.299550080 -0.551954058 0.267137492 -0.839303952 -0.176041417 0.117203245 0.370472690 -0.641700768 0.398231077
-26.452563107 23.883071089 -15.598682116 -0.596987395 -0.382259136 -0.705244903 0.010659716 0.277204970 0.634038088 -1.062098963 0.687390187 0.313881684 0.823386751 -1.054557209 0.015040725 -0.296738859 1.178017690 0.471558500 0.626848479 -0.440128310 -0.573259275 0.914959307 -0.934431437 -0.816202061 0.105126384 1.638207241 -1.058376387
-35.000034034 18.807243802 -13.433628347 0.234664738 -0.738959213 0.591080360 0.222476404 1.305563620 -0.889181531 0.219718427 0.719858575 0.181003928 1.752533054 -0.936044274 0.517650406 0.911061424 -1.594923210 0.822223391 -1.303767258 -1.749888127 1.361476455 0.044984901 0.787576475 0.959474767 -0.240678850 1.609884446 -0.224908848
-22.194336957 14.614757704 -2.258935379 0.353848853 -0.397867871 0.580145211 -0.616379494 0.520812958 0.231097324 -0.986096549 -1.104817660 0.503234195 -0.564988072 -1.063012889 -0.282228573 1.131585199 0.445504888 0.155333925 -0.433417888 1.978514078 1.209321347 -0.313010130 -1.472624099 -0.007867531 -0.615409306 -0.896795668 -0.700299143
-22.387532444 17.014889049 -9.388716690 -0.656891060 0.287732199 0.656410512 0.234157119 -1.129219862 0.343384517 0.522904588 -1.743629883 -0.762905949 -0.284821589 -0.189674824 0.065349274 -1.553316887 -1.154392812 -0.585837139 -0.250278076 -2.358890174 -0.455005061 0.624706850 0.855127283 0.534313931 -1.603643187 -0.853388399 -0.650032068
-33.992955751 18.228821218 -3.633221892 -0.344635442 -0.779621673 -0.506378814 0.130372376 -1.391009913 0.795551301 2.230137031 -1.268039214 -1.193213876 0.811276347 -0.398549134 1.072952346 0.791354622 0.266460003 -1.152805958 2.135593800 0.686065154 1.234945229 0.204376232 -1.456176295 -1.228999791 -1.091598312 -0.507217690 -0.311061669
-20.978182097 18.336190256 -17.538754289 -0.138914518 -0.526554273 0.047095934 -0.837391979 -1.347458425 -0.764939242 0.865993366 0.358212589 -0.115897441 -0.771329095 0.693128731 1.366876775 0.398210256 0.673203950 -0.390496537 0.627369035 -0.562357083 0.106251694 -0.636234178 0.832425067 0.045120501 0.057297423 -0.821433193 -0.656577478
-23.857400734 14.627016869 -0.522890389 -0.640202254 -0.496218055 0.044010260 0.584783561 1.393434443 -0.467712964 -0.861696837 1.999679179 -2.949326959 0.730618350 -0.201697347 -0.977809848 1.008798263 -0.308398340 1.583191952 0.519419606 -0.795699472 -0.622357760 -2.057811356 0.742940981 -2.397687170 1.315762352 -0.942612833 -0.989555005
-24.198924510 15.923764770 -5.347508369 0.178259593 0.484209200 -0.367762160 -0.773638134 0.278714626 0.607818967 -1.559840357 -0.279551076 0.331271852 -0.445162192 0.222578283 -2.081058458 0.136041884 0.187388359 -1.281024644 1.786897014 1.599597949 0.981220815 -0.797344674 -0.573341548 -0.452538913 0.791793886 -1.129546411 0.357847238
-28.475113442 18.557277634 -15.298132980 -0.451425554 -0.142428562 -0.226586751 0.851227066 0.021622411 1.439925711 0.718246194 1.273299405 -0.920400750 -0.215002591 0.220284984 -0.682337642 0.031844984 0.179703022 0.761611871 0.447045553 -1.273413222 0.881932727 0.255414483 -0.003301032 -1.025777339 -0.624222747 -1.089483410 1.192184250
-19.673126362 24.771708745 -9.901679228 0.951702027 0.156437808 0.184765384 -0.188817945 -0.901549729 -0.467293810 -1.242125059 -0.480334826 0.844640381 1.091968149 0.040961356 -0.376472560 1.534213561 -1.770939428 0.815810670 0.572570425 -0.465260301 1.485856479 -0.335522375 -1.238345889 0.254567197 -0.413151766 0.851995174 -0.115695997
-18.598437721 15.207959296 -5.551604096 -0.016871442 0.960314782 -0.077208779 -0.267487717 -1.151001466 -0.149286075 1.056932451 -1.332713331 -0.837162690 1.290752269 -1.359312417 1.298304104 1.310659772 1.059533166 1.081516476 -0.171003510 1.011425195 0.685544798 1.121552403 -0.913772958 -0.105133229 0.364688994 1.034544775 -0.930452710
-24.800398922 15.782391962 0.399357151 0.744180966 -0.100496596 0.164354715 0.639595693 -0.084704561 -0.183596107 1.368857963 -0.770402051 -1.008536296 0.862083587 -1.337412502 -1.754150922 -0.181094213 0.825234913 2.373947567 0.268778984 -1.018499643 -1.018477542 1.269298919 -1.256047761 0.483087877 -0.586531668 -0.895423001 -0.791012879
-30.000909080 13.440134869 -10.244512671 -0.517954535 0.609812000 -0.083716112 0.594006766 0.960969344 0.411606774 -1.125613906 1.211304910 0.272140098 0.488029804 -0.271796876 -0.466560298 -0.972126090 -0.118384480 -1.010065176 0.600535354 0.551910008 1.303649912 0.349295207 -0.649541414 -2.796533924 -0.369584806 0.184817215 0.620257804
-21.542014132 21.326263029 -14.649159889 -0.142850322 0.124406809 0.364433971 0.911759076 0.208374713 0.199567514 0.392841729 1.545896940 0.433179748 0.373416453 -0.747580145 0.461594322 1.370828273 0.578990231 -0.005415823 -0.332017114 1.982043590 1.878163480 -1.037752377 -0.430041949 -0.445818147 1.857614466 1.210737333 0.573816715
-25.725305058 12.490497398 -1.922508953 0.705060151 -0.481198335 -0.246298539 0.458993874 -1.158895330 0.029361457 1.181414447 1.202728049 1.222556274 0.033038648 -1.039327140 -0.462500012 0.991200213 -1.433816432 0.736548141 0.610391413 -2.160977491 -0.847709229 0.469279897 1.275739535 0.366735429 0.263357013 -0.946412079 1.034586324
-34.966253908 16.489597874 -11.292053980 -0.573660649 -0.716483944 -0.381734992 -0.108823771 0.913080626 0.778601707 0.276296574 -0.095845552 0.578647738 -0.423861150 -1.576874616 -0.130975627 -1.061145000 0.631770046 -1.382673961 0.718477919 0.221749505 2.203595423 0.779496958 -0.844355812 0.560550372 -0.041962269 0.136294295 1.016478896
-22.917361760 10.855690966 -14.205271628 -0.157300625 0.495004317 -0.120222740 0.846034120 -1.603224026 0.032014319 1.632460045 2.174161360 2.181112896 -0.346827687 -0.730958367 -0.776057754 -1.810433904 2.181456900 -0.237574741 0.146763343 -0.228260447 -0.349026517 -1.751056460 0.200391233 -0.674549096 1.026980950 -1.041677378 0.216407037
-20.799217667 18.241317262 -5.311187266 0.389888669 -0.291009989 -0.864048210 -0.129308554 -0.269707990 1.838006179 -1.271281440 1.011129303 0.800711399 -1.150309572 -0.515918646 -1.336838618 -0.644666786 0.107301824 0.100093096 0.170952433 -1.358894552 0.434187134 -0.479826743 0.945909943 -0.690258715 -0.101326617 0.662071958 0.029424813
-26.821997321 8.938007586 -10.466145121 0.273271200 -0.798616500 -0.198968659 -0.497941774 0.018453084 -1.150298392 2.135513140 -0.043045721 -0.412599350 -0.036404083 0.941059268 1.209808145 -0.037919401 0.718578398 -0.222843588 -0.768755243 -0.299378096 1.053427547 -0.374973423 1.190258657 -1.042955819 0.569392953 2.321238089 -0.042295388
-23.969609363 10.539418707 -9.225324891 0.780287291 0.558399002 0.183636769 0.213588004 -0.404217562 -1.472023455 -1.376580043 0.453803023 -0.094862362 -0.380566275 -0.499641636 1.850652856 -0.620946065 0.108308497 -0.180225108 -1.429784555 -1.185130551 0.184301152 1.421475496 1.209106241 -0.701990244 -0.833720439 1.128202368 0.415655634
-17.593500168 15.744282208 -7.902735837 0.784672421 -0.290193212 0.271782969 -0.475616557 0.749198717 -0.227157265 0.811306711 0.722925017 -0.679088251 -0.117027119 0.749706705 0.769632438 0.868224852 0.974424245 0.439148629 0.552264323 0.386874939 -1.869351230 -0.202299308 -0.979746379 0.227878679 0.293761488 0.685458110 -1.009354199
-19.568544058 12.026039440 -12.542206284 -0.426397718 0.357722151 -0.045787991 -0.829531981 -1.628584706 0.039817406 0.761093438 -0.773653831 0.524545807 0.126781103 0.554487113 -0.934770179 0.748416833 0.128187704 0.326305341 -0.839231720 -0.118242551 -0.042965155 1.290962117 0.272411404 0.382207343 -0.130078369 0.119985536 0.208202415
-29.130709901 23.700749077 -7.419152916 -0.755932559 0.253847680 0.173117460 -0.578063721 -0.968484204 1.164720614 0.874954337 1.417014411 0.234966412 0.243496321 0.989027914 0.234313813 0.348438275 -0.500691563 0.327156551 0.112454649 -1.168142926 1.083557992 0.317705013 0.818025688 -0.774070575 -0.963789268 0.096480221 -0.226572048
-31.947052082 16.884749366 -11.030071199 0.385212792 0.490804201 0.546824897 -0.558305359 0.974301961 -0.599973117 -0.322967890 0.435062285 -0.803524241 -0.312486412 0.225380960 -0.021263204 -0.160852342 -0.895535586 -1.043088386 -2.781515515 -1.684339343 -0.007661291 0.428934485 1.498716652 1.473243133 -0.991100295 0.026247381 -1.761774759
-25.104889711 18.595399725 -15.289133977 0.330106655 -0.661432055 -0.415721073 0.529823765 -1.817566660 1.553751330 1.012916217 0.284688162 -0.091029291 -0.391995925 -0.833344607 -0.220013709 -0.102594137 1.609358464 1.142300838 -0.528292241 0.098744226 0.343973873 0.128556968 1.887901559 -0.372244237 -0.684714959 -0.918547733 -0.105259493
-25.027313218 22.654865777 -3.605109016 -0.408969414 0.195490587 0.101933099 0.885515156 -0.277671703 1.150115333 0.899994637 0.749945128 -0.660611772 0.872559684 0.546222908 0.027457338 1.402611054 -0.462388572 0.018577224 1.013174173 0.195884769 -1.798680368 0.113097437 1.136990786 -1.590462542 0.259334491 -0.088841589 1.815568758
-26.303814841 21.588132696 -6.156305856 0.078396511 -0.692564054 0.698768575 0.161032596 0.286579974 -0.335737087 0.696322133 -0.395705088 0.044941001 -1.352323855 1.090310588 -0.293747631 0.385976916 0.034534475 -0.336256235 -0.387706392 -0.350023845 -0.587979088 -1.344442425 -2.910935936 0.663663191 -2.061151110 0.895564989 -0.335738184
-26.315124316 23.886189495 -7.495967228 -0.568853446 0.150383705 -0.582850717 0.560424428 0.746037487 -0.324806093 -0.479825234 -0.411237234 -0.188135888 -0.422312538 0.273772149 0.608938774 1.160252210 -1.001061452 -0.148755073 1.533572510 0.842392978 1.563104484 0.023289742 -0.021171665 2.750675113 0.150895369 -0.943232506 -0.716248764
-24.756244152 14.110081328 -13.131113616 -0.066870271 -0.611786916 -0.761876119 -0.201965135 -1.007390730 1.260582968 -1.497762911 -2.485000930 -1.139881659 1.186020356 0.697745538 -0.067022261 -0.131026800 -0.475485258 0.958022519 0.341364568 0.419814180 -1.311908361 -1.487898509 0.963520086 2.105699657 -0.041403588 -0.037430910 1.201971402
-31.326542335 13.269352740 -9.909536937 -0.181949045 0.010196223 0.397363339 -0.899384767 -0.812805256 -0.972492972 0.445041698 -0.009414375 1.288502768 -1.100821422 0.910493702 -0.710929488 1.181555178 -1.193212627 1.939372597 0.343454203 -0.001268814 -0.338577052 1.228485993 -1.101022294 0.818272338 0.359703750 1.114800694 0.757935169
-20.987502982 25.885625095 -12.652290753 0.863037276 0.369170906 -0.341814364 0.045193389 0.532464689 1.328612596 0.828349506 -0.991210215 0.941426304 -1.714052486 -0.413451217 -1.247049391 0.145806222 -1.475702702 0.242458471 1.058723816 0.590870897 1.994539662 -0.409751825 0.541938632 -0.044287653 -0.402900224 -0.693701526 1.724963908
-33.624093887 18.377066772 -10.470065326 -0.077368932 -0.163671660 -0.874956079 -0.449085176 -0.012373769 0.544694677 -0.763761158 -0.942857410 0.934298543 -0.179599163 1.061809818 -0.277099737 0.679485522 -0.609879434 0.341924919 -0.269304341 -0.317865785 -0.966212515 -0.022367504 0.591599133 -0.684093795 0.281517842 2.175705637 -0.506087451
-23.728966333 18.125118199 -7.648956776 0.637095406 -0.702903315 0.211316672 -0.235333036 0.316138411 0.125740764 0.200866282 -0.229128201 1.199321321 -0.479368591 -1.010267421 -0.080868553 0.814954438 -0.499679981 0.679359865 -0.239522740 0.220291521 0.362783818 -0.978507304 -0.651916660 -1.743644745 -1.124872895 1.102174061 -0.433673277
-32.622238361 21.527701171 -6.494596355 -0.108569707 -0.157980742 -0.961218224 0.198278160 -0.335430043 -1.119607198 -1.023501213 0.207514086 1.626618352 0.451141450 -0.973579049 -0.764565029 0.297208477 -0.159906004 1.997536213 -1.149482709 -1.579203705 -1.082588102 0.669245975 0.739469024 -0.164634359 -0.433435174 0.563668204 -0.973037068
-32.250475938 18.417323060 -3.056786184 -0.056896809 -0.744066980 -0.633507942 -0.204437694 -0.836435436 -1.428392098 -1.300376536 0.852181814 0.369795528 0.459325727 0.705363439 0.505756391 -0.108756765 0.451037405 -1.705543487 1.304919013 0.528839646 -1.326126489 -0.344455992 -1.047281239 -2.535976866 -0.239424269 1.727828693 0.107085057
-26.230384825 20.790833106 -5.151387447 -0.036507968 0.818123780 -0.497305926 0.286404374 -0.894149305 -0.775370797 -0.542438627 0.508437422 -0.793569663 -0.574070534 -0.247893702 1.666688036 0.716783620 1.916605715 1.188747860 -1.804584643 1.868190039 1.811827161 -0.642828184 0.405721274 0.340694162 0.564678278 0.458691597 -0.894456034
-21.093463590 22.938326742 -8.287920167 0.705654630 0.093014674 0.696287449 0.092647733 1.027810815 -0.490137612 -1.634329550 -0.452384042 0.681321610 -0.031677445 0.975883402 0.385838174 -0.613124099 -0.816702254 -0.349938553 -0.385543214 0.341324223 -1.639257272 0.767843314 0.715873268 0.484661785 0.644352993 -0.477750719 0.695021789
-33.648986422 18.540180019 -13.170543864 -0.438792189 0.425076905 -0.790927440 0.034710570 0.347430961 -0.209366065 -0.218032623 -1.712359523 -0.138609166 -0.907699353 1.329763321 -0.070955654 0.869173660 0.910404074 0.996360920 0.086636103 0.276192525 -1.809722040 0.255958422 0.330530360 -1.340087358 -0.737157195 1.202460522 1.575252782
-24.649015828 24.405633694 -2.949542717 0.886890794 -0.382830805 0.081158412 0.245517018 -1.702051947 -0.565715473 0.174578259 -0.793652361 -1.808353879 -2.789014573 -0.603777931 -0.027702791 0.171443636 0.291060478 0.550583381 1.256363693 0.483200198 0.167658445 -1.042878970 0.628922941 -0.923673352 -0.921854496 2.616036441 0.629003455
-29.363754784 25.888248431 -5.136284261 0.624453856 -0.151334604 -0.654382605 0.398671075 -0.170355896 -0.869011156 0.380953276 -0.890911929 0.547417424 -0.842956467 -0.854201011 1.411090719 0.061423000 0.760635108 -0.008169020 -0.807381037 -0.056902396 1.827948402 -0.177704243 0.405170364 -0.091006826 0.370087757 0.062685204 0.947071950
-25.761295295 14.113165399 -17.940622500 0.120373528 -0.125368887 0.640785354 0.747788062 -0.324084120 1.657326033 1.078224857 -0.364474507 0.083080951 -0.843050080 -0.883173598 -0.858454366 -0.370310849 1.554307998 0.271707406 -0.502364409 0.970503332 -0.214889820 -1.104409959 -0.493632066 1.279576739 -0.689027276 0.810966340 0.449353536
-32.095859025 11.964142451 -6.283349804 0.321805890 -0.152307244 -0.932495225 -0.060795796 -1.273991620 -0.226355032 0.522683932 0.452935570 0.921950738 -0.628879316 0.861540328 1.607219373 -0.014635439 1.073625687 1.495728737 1.421071305 0.535165421 0.418934864 -1.859884111 0.298597322 1.506462523 -0.649158445 1.143192869 0.656410872
-22.369881875 21.057064122 -10.825716817 -0.468376906 0.493683687 0.732610996 -0.013439488 -0.916613177 -0.950416438 -0.226775995 -0.081198906 -1.303038772 0.630941629 0.080032905 1.075306623 0.259260083 1.018243640 0.023326429 -0.463810450 1.096738802 -0.685082397 -0.104493461 -0.636019523 -0.978977744 -0.774744929 0.838824206 -1.419200256
-30.643009351 22.061983593 -16.176326361 -0.569910687 -0.437669589 0.202439587 0.665331010 -0.804343500 0.696845972 -0.304496564 0.214361639 0.502507526 0.133057255 0.994281449 -0.187898627 -0.048545005 0.021950386 0.262815006 -0.497428379 -0.712340094 0.450962926 0.058919933 -1.333117084 0.491860552 -0.353625685 -0.102679695 0.476585355
-25.026629037 13.762465513 -2.382443655 0.878671795 0.142840579 0.265738821 0.370020707 -0.258986059 -1.208564213 1.522034252 0.861678455 -0.165696331 -1.764720919 -0.004747297 -0.449009255 -0.535683501 -1.572808727 1.296449190 -0.202138503 -0.456474301 -0.167962231 0.726770585 -1.350270162 -0.321557407 -2.127911980 0.547499195 -0.133736367
-20.368304073 16.591763017 -16.883021112 0.352726007 0.805239111 -0.323845931 -0.349711524 0.463150533 0.848478739 0.831919218 -0.510898279 -0.155580305 -0.411716524 1.004255062 -0.256860398 0.874718472 -0.549009379 -0.070113093 2.573959375 0.671998710 -0.327623807 -0.984766620 0.439469643 -0.981793384 -0.709657842 -0.747538670 0.485395921
-34.066067204 15.892692717 -10.819270820 -0.395995022 0.040032568 0.194602922 -0.896501555 0.509198357 -1.117469512 -1.514621728 0.770625494 0.091373682 0.368979538 -1.100291473 -1.304435040 -0.312543178 -1.028349670 -0.565711563 -0.704782400 -1.405115533 0.457415343 -0.551362798 0.925659542 0.187492122 0.025253460 2.692291211 -0.132477100
-35.068334652 19.345709705 -13.024368369 0.468344156 0.674176270 -0.529185308 -0.214716137 -0.457416517 -1.432792020 1.852640380 -0.913101315 0.911189911 0.912995054 -0.568246418 -0.097587378 0.123817673 -1.408595019 1.583927269 1.447524928 -2.185023627 -0.930654828 -0.602420084 -0.847255121 -0.508111257 -0.975931411 0.624816428 -0.703476303
-28.128624383 25.873573113 -4.416339888 0.293974950 0.616241136 0.421096366 -0.597079091 -0.758992014 -0.820245601 0.972635074 -0.489469456 -0.730720257 0.183327412 -0.964793577 1.170046644 1.506141791 0.852307991 0.981530852 -2.426191446 -0.303505921 0.915198724 -1.915707982 -0.575024703 0.029115242 -0.997365946 0.328128081 0.887028046
-29.126716891 19.018083040 -12.490723012 0.369490218 -0.530210262 0.699024049 0.306136303 -1.257684264 1.009701712 -0.615988821 -2.158428662 -1.513994678 -1.764536627 -0.884539701 1.514741421 -1.832756724 0.590805820 -0.635974613 -0.170234781 0.289489647 1.963453646 0.619207942 -1.366158932 0.766196314 0.506385529 0.328175383 0.303237760
-31.793978381 16.272473139 -6.393022116 0.721286262 -0.186268676 0.442409400 0.499323574 0.359041450 0.088723513 -0.466386059 -0.460394582 -0.337728511 1.462561936 0.996454672 0.320079470 -0.487313764 0.303545365 0.995543006 -1.283341876 0.006312973 0.862305212 0.384359645 -0.034739988 1.053194965 -0.131017163 1.120812202 1.058887023
-30.322784489 11.984206369 -8.968669560 -0.045873914 -0.513954818 0.438625473 -0.735767438 0.939179516 -0.443716811 0.945563179 -0.605380246 -1.663304349 -1.220903097 0.536487727 -0.572183653 -1.030585368 -2.451662977 -0.400558186 -0.030090937 1.332867082 0.922003550 0.125559035 0.666955108 -0.349262453 1.994687458 -0.728978665 -0.522361408
-34.087471240 22.882240427 -8.250073395 -0.907459325 0.013353822 0.275729009 0.316721901 -0.020957095 -2.046794600 0.491415417 -1.127311556 -1.836522143 1.424257037 -1.646153435 -1.819158871 -0.356278858 0.814285731 -0.194593056 -1.093074733 0.548483544 -0.097805437 0.540430357 -2.564454696 1.150367183 -0.792907072 -2.252619717 -0.553462199
-29.287295549 18.249960379 -10.249293097 0.244368411 0.237837723 0.216253181 0.914850730 0.427269501 -0.335661461 -0.638797435 0.759359879 1.031431803 0.831993523 -0.076340332 0.319441253 -1.352904580 -0.934748997 1.149458213 0.204144996 -0.675406729 1.500646733 0.599835289 -1.504189523 0.175953941 -0.504132550 -1.012084790 0.732569251
-30.163894617 15.141119220 -15.498414594 -0.468246537 0.841830898 0.022434247 -0.267511915 0.110465401 0.325786263 -0.349565229 1.568373243 0.808703801 -0.441060397 -1.419131061 -0.321139639 1.008418460 -0.926537398 -0.714675210 2.149550799 -0.786012498 -1.169036420 0.192274759 0.425663519 0.206408132 -0.124917606 -0.226745523 0.992183778
-20.370852675 21.546257343 -11.492540643 -0.628152253 -0.248345513 -0.612240382 -0.410987796 0.746827407 0.178399368 1.215642172 -0.793870488 1.144567025 -0.510457315 0.663566004 -0.237141477 -0.877950332 0.784898419 0.231027019 0.134057456 -1.496557678 -1.556186544 -0.488523268 0.402240073 0.558571655 -0.048994656 -1.852168120 -0.089202307
-29.124618158 12.054849588 -6.483627815 -0.433292288 -0.123127590 0.886693197 0.104271594 -0.218909709 -1.524160966 0.133674950 -1.442276844 -1.936971822 0.086551904 0.815340012 0.837287929 -1.193171647 0.266656771 0.123652617 0.020939302 0.941520609 -0.767343905 0.674902600 1.109049284 -0.151153588 0.043143212 0.357159844 1.319325256
-25.363630722 27.237552449 -7.345472619 -0.055075944 -0.881556068 -0.468582050 0.016012537 -0.647323452 -0.257893200 0.775960449 -0.800680522 -0.251149298 -0.256582491 0.098844115 -0.274321906 -0.131536050 0.031294390 -1.295838871 -0.271747082 -0.047369514 -0.422213750 -1.867341191 -0.355310309 -0.785865384 -0.465704201 -0.190216814 1.642683073
-30.656101340 25.999247292 -8.844801032 -0.462881663 0.462136345 -0.231481227 0.720129854 0.567633639 0.940330895 -0.826488678 -0.905961696 1.817958980 0.548274820 0.636359568 0.303841841 -0.801329471 0.807142368 0.299507647 -1.512658973 0.724776125 -2.599294218 1.670902502 -0.250328298 0.088389837 1.132816737 1.379987476 0.350661259
-31.299020065 21.745930804 -11.293965314 -0.413791773 0.088811146 -0.846810819 -0.322180672 -1.489812407 2.017817324 -2.042037520 1.464922958 -0.163274356 0.818694729 0.716237441 0.881585192 -2.403438868 1.749666109 0.115368656 -1.181580385 0.458712123 -0.623308616 -0.580598548 0.070203371 0.504125486 -1.529312573 -0.724378696 0.207220450
-23.041163972 20.423857965 -16.006171638 0.322092872 -0.000513528 -0.065494558 -0.944439718 0.723118144 1.373905226 1.575180188 2.904229392 0.462378616 0.932109168 -0.055459179 1.590638400 -0.530290926 -0.110200948 -0.694763383 1.277795092 -1.020471072 -1.024605378 0.181027977 1.141137515 -2.105114932 -0.081209185 -2.168464643 -0.036244049
-23.662427322 25.605928939 -6.040121173 -0.237655916 -0.304569423 0.428470834 0.816804674 0.432826239 0.947880048 0.527225859 1.183182247 -0.385714930 -0.373328864 -0.207121840 0.696092036 0.982448696 -1.264192009 1.387099899 -0.494579201 1.118041471 -0.738049317 0.538473371 -0.466647880 -1.169703514 -1.592039329 1.399382684 0.633687180
-25.394153748 22.634384468 -0.932154937 -0.524818228 -0.146390669 0.611142086 -0.574143667 0.063614427 1.274909964 0.728904017 0.255913113 -0.915063567 -0.377904274 -0.659241423 0.003747385 2.220999409 -0.281007092 -1.094917183 -0.809958650 -1.278508979 -1.174570955 -0.158757026 -1.009105430 -1.443981546 1.172089199 -0.166369190 -0.324791125
-33.875387543 19.653264080 -8.620994167 -0.238217515 -0.779979487 0.098942271 -0.570170889 0.303003366 0.461874627 -0.188519179 0.051011309 -0.597544073 1.529450381 -1.402392174 -0.025718240 -0.093369218 0.764677541 0.320361750 -1.143650733 0.455134493 -0.172935443 0.001217634 -0.187678120 0.596386887 0.136685062 -0.517315327 -1.291049455
-28.870724053 21.767689583 -9.321564548 0.616705249 0.712197217 0.330284993 -0.057979165 -0.324618255 1.047071196 -0.041321564 0.281106923 -2.723327117 0.384672668 1.522803892 -0.936929276 -1.216170781 0.839718039 0.364529090 -1.079515306 1.404246089 -0.876319481 0.049632362 0.125852888 -0.950171178 0.748905007 0.304040928 0.766474898
-31.499574951 24.856838075 -5.994193070 0.124434950 -0.027879274 -0.643030913 0.755148948 1.878971288 -0.841308025 0.550746072 -0.766992266 -0.362097766 0.242728943 -1.112706437 -0.817944615 -0.562309343 -1.236871085 1.675861893 0.224081131 -2.080108003 -0.824868324 -0.479260610 -0.342441497 0.107053706 0.598715987 1.408104574 1.353351737
-22.666422039 18.060051854 -18.380798302 0.591347797 -0.114482643 0.788555391 -0.124023795 1.004040105 -2.287859705 0.901594923 0.163574782 -0.874242128 0.888075496 0.654149789 -2.070710318 -0.176094438 -0.495414935 -0.305103678 -0.830661319 -1.785327165 -0.207139145 -2.333408596 -1.140619372 2.146234322 -0.985296739 -0.064538479 -2.014520603
-26.166183127 12.130010991 -14.520413742 0.709695991 -0.190462677 -0.671555304 0.095231524 1.087011798 3.319002330 0.028442396 0.771611750 -0.094195553 -0.921429764 -0.322197230 -0.514383494 -1.395093714 0.269559893 1.359485393 -1.177231910 0.747740409 -0.661165172 -0.187801888 -0.103303003 0.367854284 1.599656352 0.128476500 -0.124840068
-18.445515799 21.484912104 -3.930653663 0.379096768 -0.246494260 -0.887545280 0.088258690 -0.137842272 -1.700089478 -0.078207144 0.711630803 -1.249275891 -0.372505262 1.275383323 0.978556609 0.335371275 -1.287343538 0.109609492 1.624206618 -0.173598091 -0.318220978 0.991102378 0.614843143 2.937758607 0.601415887 1.547353360 0.216668762
-29.997273602 18.049031978 -18.307060567 0.214452255 -0.731859037 0.007588523 -0.646788214 -0.026973762 -1.415409102 -1.027715199 -0.348508020 1.809803263 0.086291193 -0.304924827 -0.849960148 1.173698817 -0.444509461 -0.601289291 0.465971873 0.431221902 0.935217027 0.222638590 1.748683638 -0.731742553 1.341777651 -0.376338573 -0.995657361
-26.718132908 20.650241407 -9.788590325 0.225736261 -0.407331183 0.721817590 -0.511960755 -0.489371742 -0.976295597 1.415359985 0.853278413 -1.187796301 0.933713696 0.005834535 -0.323774421 -1.514839506 0.697800542 -0.923703393 -0.181188483 0.564831243 0.270537010 -0.727242852 -0.365531185 -1.120351645 -0.706189351 -0.250744015 0.715848044
-34.997826071 21.571808043 -11.204720132 -0.578246628 -0.384372261 0.671485830 0.258835048 -0.230479926 0.215179797 -1.450040938 -0.763252208 -1.329663550 1.412543441 -0.846301430 0.157011672 1.697648359 0.396563568 0.049779214 -1.548051178 0.213320691 1.584602315 -0.158059134 0.152457454 0.066753916 -0.796725055 0.079480687 -1.250873298
-24.443571638 25.575752925 -13.912063010 -0.232202915 0.747952159 -0.402047999 0.474348797 1.735534672 -0.741965440 1.531755919 0.013436754 0.601764322 -0.485404432 0.166752884 0.244908854 -1.826096060 1.521651993 2.340771520 0.098910794 0.616666377 -0.650448826 -0.304096752 -0.477434510 0.503562818 -1.189373250 0.320228091 -0.392725482
-25.677903608 21.355327572 -7.167128642 0.600274655 -0.026534488 -0.765966691 -0.228607278 -0.264457339 1.147466590 -1.255619882 1.267454611 -0.088511925 1.259976659 -2.924398166 -0.743274058 1.160173374 -0.669528823 0.993969790 0.547328084 -1.269031494 0.274392156 -1.620027307 0.209545155 0.164217657 1.627944618 1.835136092 -0.256942632
-24.142957295 21.634893885 -17.343122522 -0.465279426 0.087733727 0.086314961 -0.876565786 2.167277103 1.507746799 0.761863926 -0.633101689 -0.924030370 1.056165615 1.666559411 0.296732667 1.354208988 -1.736982770 -0.241698785 -0.402648204 0.732375633 -1.020469568 -0.924683963 1.519388419 0.397174923 -0.087616151 0.666064419 -0.599203849
-20.525080891 24.876991225 -12.922587896 -0.038388807 0.708494244 0.504781943 0.491688312 0.703421950 0.685084123 -1.361520020 -0.833436161 -0.668758636 -1.735931509 -0.846769687 -1.670352100 -0.473047266 0.776737149 -1.308686805 -0.307900920 1.619769786 0.428416548 -0.334724530 0.879884265 -0.105107913 -0.151209859 -1.046149739 -0.826602598
-20.804847502 21.009331524 -12.515558347 0.000849048 -0.980024069 -0.190281245 0.057837280 -0.521376358 -0.497356094 0.164498334 0.693935505 0.639060687 2.817255804 1.523558995 0.344287045 1.634436194 0.443721778 2.255894338 -1.543203061 1.325589320 -0.184457353 1.442344898 -0.339847342 2.221211478 0.716795248 -0.518619178 0.093431529
-30.653775941 23.893645020 -9.408982310 0.064039224 -0.550920915 -0.633309297 0.539726280 -2.138116013 -1.486481480 -0.598947348 1.229523346 -0.672255788 0.328719048 -0.052317622 -1.078012422 2.892764998 0.946664743 1.166369440 1.303540359 1.368262143 -1.331060148 1.086497518 0.637925850 -0.334252196 -0.024325778 0.235113942 -0.484529026
-21.656092775 13.750767454 -8.935881419 -0.881475873 0.145712335 -0.432858013 -0.120008918 1.306886003 1.251089917 -1.768293874 -0.379489041 -1.570318366 0.094472805 1.020792617 -1.136785719 -1.215427695 -0.531405025 -0.059682070 -0.362495954 -0.435802537 2.747711489 0.112170824 0.719019352 -1.681665252 1.866137131 -0.739086031 -1.161766796
-30.251904927 16.771170264 -3.089252594 0.887671481 0.087869743 0.431557482 -0.134448464 1.518235633 0.414758568 0.480274921 0.544308414 2.229840399 0.197398927 -0.613458243 0.216430242 -2.122199658 0.650871082 1.002623652 -1.284292270 0.002766473 1.218674275 -1.876338954 -0.387977339 0.997148658 -2.133386054 0.197450309 -0.516025780
-20.252414199 12.062142553 -5.120440290 0.504828352 -0.380324580 -0.121085228 -0.765401801 0.487361358 -0.810118208 2.348179919 1.346695722 1.131975344 0.269259130 0.264442302 0.167241863 -1.052652186 2.408735070 -0.929542200 0.972643258 0.305545094 0.681999321 0.654340213 0.612815983 0.332108466 -2.065252947 -0.413946499 0.802810022
-28.882789118 16.068456618 -6.269917060 -0.169446525 0.351852866 0.538387335 -0.746743940 1.288000788 0.765965372 -0.130320733 -1.160418208 -0.914339939 -2.930991658 0.155744297 -0.307024198 0.243680660 -0.189429405 -0.835071632 0.217799259 -1.862937314 0.958535602 2.170654989 0.318865594 -0.207881899 -0.452273726 0.725792870 0.499772062
-23.017328317 22.387564175 -16.494064666 -0.027459335 -0.079960806 0.190040002 0.978129364 0.338880493 -0.367711023 0.992811004 0.811757721 -0.210763482 0.501587857 0.417651378 -1.989461758 -0.025231917 -1.773700818 -1.425277374 -0.003442678 0.034214794 0.217031650 -1.362070110 -1.014641569 0.121918759 -0.348545368 1.080887342 -0.197065359
-33.222050153 11.948374487 -9.230965957 -0.160482084 0.076972923 -0.765286651 0.618592768 0.372267505 -0.261575159 -0.128686952 0.594077947 -0.316397450 0.010775929 0.543415669 -1.372694831 -0.826713517 0.316843480 0.941874613 0.391364866 0.272194513 1.447592856 0.562073890 -0.046005579 -0.671708185 -0.501290576 1.018531001 -1.314867981
-18.804279647 17.817662147 -7.539765682 0.588032347 0.469446675 0.650400552 -0.104004330 0.465055495 0.075876256 -0.231756083 1.054196160 1.533770939 1.184263049 -0.298209826 -0.169413537 -0.222938788 -0.708749724 -0.080773220 0.116874494 -0.102668380 -0.168470578 -0.021098858 0.218433338 0.308157059 1.439203760 0.112752597 0.483437191
-24.863236458 20.279336987 -13.864353626 0.396607725 -0.646471569 0.264041211 0.595868326 0.855686339 -0.057318137 -0.371178558 -1.055297381 -0.441738277 -1.303200010 0.307835858 0.430880092 -0.540675810 -0.342484084 -0.149752292 -2.949892028 0.977734514 0.450734776 -0.305113897 0.292211726 0.154972928 -0.860791646 1.566191216 -0.181173369
-28.636873460 15.658374307 -7.903597244 0.185233824 0.201733690 0.018291797 0.961591056 0.910595300 1.538891710 -1.014671379 -0.876830776 0.222368085 0.150536366 -1.534447255 -0.444053452 0.031280410 1.534604004 -2.043578246 -2.357600865 0.075701009 -0.811696867 2.160695996 -0.961998850 0.460927387 0.031149205 1.235364944 0.103959277
-30.475017769 21.313754467 -9.086559811 0.169830076 0.370286578 -0.228446596 -0.884227204 0.845101165 0.076344940 -1.274009761 -0.495233331 -1.498397858 -1.901688321 1.551893378 0.662941920 0.962225997 -0.477327282 -0.987727094 0.435286355 0.422154939 0.954476428 -1.169069780 0.698067711 -0.682202697 -1.752392720 -0.182482838 -1.178681560
-23.840086319 12.104730531 -13.683356736 0.304650871 -0.578582643 0.165319669 -0.738308458 -0.333809620 1.104814373 1.079454813 -0.408647100 1.029917455 -0.628349327 0.164860329 1.223204549 -0.085992401 -0.636474908 -1.906074535 -1.567777846 -1.363841813 1.293324610 -1.407124893 1.293881832 -0.054280065 0.562467141 1.025774711 0.572836809
-29.303274730 17.808816297 -18.568056091 -0.649634517 0.688656549 0.306311356 -0.099501287 0.002164536 1.432063870 -2.062334037 2.213493420 -0.509969247 2.792995852 0.289322589 -0.413138923 -1.905438771 0.211334384 1.426192548 -0.506994705 1.903768555 -0.797176427 1.219294017 -0.549738166 0.323033284 -0.501609084 -0.274304800 0.892927835
-23.571407396 15.882014768 -14.236013944 0.123146388 0.643858697 0.043842451 -0.753895739 1.456869100 0.636898830 -0.994848374 -0.089382575 1.293376052 0.590175076 -0.723781162 0.617470092 0.346313618 1.538167046 -0.390403915 -0.138143075 -0.266694577 -0.282826198 -1.447438775 -0.416189412 0.663098675 0.498985318 -0.650603463 -0.958837577
-23.763321819 18.959054487 -13.720589031 0.383308252 -0.728127168 -0.191623279 0.534963672 0.945177493 0.844121671 1.947140485 -1.460890170 -0.685329512 0.399191740 0.848705930 -0.202728416 0.723928082 -0.827963184 -1.114650678 -0.086794911 -0.269753205 0.463787920 -0.997928821 1.622161383 1.097787657 0.719231590 -1.015818976 -1.243529324
-32.479468919 14.032752581 -12.745419257 0.342708250 -0.179724154 0.689226038 -0.612550204 -1.410471123 0.269059512 -0.844653933 0.210870800 -1.263386379 -0.826719758 -1.131027211 0.482893043 1.825605629 -0.699702316 0.371919126 1.560854854 1.053722705 -0.127061130 -2.451060282 -0.504688434 -0.117075953 1.112070674 -0.240786592 -2.886959867
-31.134996588 26.081688905 -9.793180674 -0.961942352 0.037604935 0.053628877 -0.265286117 -0.586411000 0.254734688 -0.955527768 1.119746795 0.310819986 -0.373421473 0.527852699 -0.026905064 -0.768134250 -1.010985509 1.339550031 -0.157588615 1.360510391 -1.436398046 -1.052765394 -0.102313243 -0.173126977 0.208183390 -0.033459555 -0.440218437
-24.891292916 25.550000959 -2.733371827 -0.676966543 -0.063206508 -0.481777803 0.552821297 -1.390482670 -0.869435421 -0.842544997 -0.202355025 1.368504534 -0.594105243 -0.857334303 -0.790827194 0.504403642 -0.074932229 0.231251680 1.045877021 -0.838881412 -1.057860077 -0.327090722 1.596894748 -1.328481862 1.960682985 -0.324945420 1.735309770
-24.495468973 22.233935954 -4.517855656 -0.875925187 -0.434980702 -0.174098810 -0.115049819 0.778834065 -0.458002915 1.617010480 -0.672738070 1.411116701 0.574617018 -0.719149609 0.066334138 0.364352031 -1.246962498 0.850966330 -0.930963285 1.028178673 -1.215117440 -0.584791692 1.564738390 0.018640582 -1.465035535 -2.204240518 -0.232197907
-23.371974461 9.630790925 -7.168456693 0.225151552 0.250482152 0.894775017 -0.293160603 -0.506161006 -0.126971671 -0.054050519 0.970864520 -0.150135781 -1.991581008 -1.412946516 -0.165464946 -0.524896642 0.980830207 0.133589693 -0.252556006 0.416153260 0.734746098 -1.462699662 0.229526234 0.637664997 1.473662394 -0.341444272 0.479700776
-31.207403599 17.041653531 -1.205267399 -0.311424020 0.282226643 0.854155742 0.306237114 -1.069363826 -1.307002721 2.063622243 0.538071124 0.073204699 -0.124166853 -0.220321177 -0.073493922 1.251148884 2.361675402 -1.107797851 1.293297923 -0.468852363 -0.308767672 -0.229929245 -0.971949945 -1.512298552 0.993244266 -1.106826364 0.543765907
-22.886827428 15.681273594 -9.416495730 0.186873761 -0.218844541 -0.933659935 -0.213223802 0.024575976 -0.653493661 0.399666611 1.095969801 0.600445974 0.679065610 1.147608376 0.993353742 -0.154649157 0.861323543 -0.629984773 -0.156951862 0.422866318 0.874399510 2.399034289 0.071065477 -0.794297718 4.827988034 0.053564023 0.310092253
-21.715339701 19.427915689 -11.744526558 0.874771929 -0.151457119 -0.255776742 -0.382639611 0.793044271 0.677705536 -1.806152962 0.332776299 -0.311167821 1.404041648 0.018535748 -0.838508961 1.436902391 -0.149536880 -3.210358318 0.462382032 1.762363513 0.301270237 -0.035346231 1.094804692 0.041683649 -0.076924842 0.440817294 1.562485605
-29.176894476 20.401170649 -14.751985898 -0.347403188 0.288107817 -0.878257514 0.158014711 0.352241194 1.136856289 0.414324430 -0.011649910 0.254317943 0.313776928 -0.529056159 0.630837576 -0.144995859 -0.886675805 1.608797727 -0.897059572 0.073440213 -0.981651622 0.877989551 2.031653650 -0.630821544 0.574459136 1.065034105 1.382067175
-24.238437813 13.964293968 -16.998655951 -0.365553806 0.261817530 0.559235874 0.696474862 0.218146904 -0.194843792 1.085119392 -0.649221685 1.250335268 -1.354203515 0.868375791 0.486820442 -0.851909779 1.168133476 0.296430119 -0.103067491 -0.998111753 -0.977219528 -0.068469092 -1.372541776 -1.300629960 -1.489525391 0.596015142 0.680951903
-30.710182954 18.286060181 -17.078330160 -0.103424349 0.842281465 -0.116752102 0.515978957 -0.143972034 -0.118071223 -0.012435292 0.295408087 -1.439948967 -0.543183319 -0.644927353 1.297771377 -0.757903488 0.100730405 0.682365120 -0.250978346 -0.706961137 -1.492497237 -0.439541274 0.378042897 -1.586957287 -0.251441147 0.524678295 2.138427884
-35.102186152 17.468324203 -7.000420438 -0.717266278 0.516941460 -0.465512518 0.039983855 -1.776572132 1.091425250 0.071330008 -1.469712741 -0.016916665 0.079616558 -1.892411401 0.697170772 -1.100269191 -0.225793644 -2.146395379 -1.374087571 0.266830483 0.390507490 2.761622114 0.573874103 -0.796005679 0.187876241 -0.046972137 1.916640689
-26.191847367 10.913237018 -12.843252225 -0.668194588 -0.336455735 0.444331948 0.492831260 0.564829052 0.011690801 0.014837473 -0.839156205 -0.217186636 -0.988974097 -1.659232897 -0.192486298 -0.938271468 -0.282704395 -0.673443186 -0.741125584 -0.674490451 -0.259263663 0.508097647 -2.432262809 0.111014700 -1.163900145 0.056551635 -1.002607002
-29.028503993 15.425522685 -5.685374143 0.165916575 -0.236828137 0.956452541 0.039782660 0.007174972 0.201998029 -0.289038079 -0.450637171 -0.315494403 1.095551523 -0.845903769 -0.064621947 0.486172971 1.856453939 -1.070646035 -1.190919347 0.803369160 1.642433905 -0.360642023 -0.074494906 0.025664419 1.617298404 -0.929586583 -0.635708087
-31.799414768 17.816569013 -10.679167905 -0.649800977 -0.240444694 -0.353510044 0.628470913 -1.864490386 1.393381240 0.069012489 1.093223492 0.435404925 1.595527402 -0.191484041 1.055589688 0.857015408 1.476181762 0.147010662 -1.096610269 3.121739614 -0.663111987 -1.384066569 -0.582333261 -0.748396238 0.081434117 -1.341673036 -2.413965283
-25.814006123 16.008614312 -4.050455842 0.163526078 -0.205585321 -0.363837959 0.893653085 1.603039680 0.503911289 -0.177033967 2.297864805 -0.610494321 0.695804713 -1.081481603 1.366625796 -0.277169856 0.042212773 1.134731729 -0.924926290 -0.907305255 1.010217180 -0.257869986 0.332522871 0.830869149 0.329560865 1.914804697 0.301913945
-20.026966924 22.620109183 -8.790358323 -0.480322800 -0.633986365 -0.392036156 -0.462232570 -0.306152098 0.810055712 -1.359921291 -0.824010998 0.190253578 -0.895981565 0.283981950 -0.337636129 -1.189380104 2.114398442 -0.486165589 -0.002803018 -1.299245953 -0.108761119 1.518556773 -0.189566735 -0.467395153 0.112203008 -0.431247536 -1.239928601
-27.487547725 27.476094422 -9.802419147 -0.522647383 -0.479341609 -0.096318662 -0.698422545 0.407636840 1.491634027 0.265710568 -0.924418135 1.230754549 0.732369067 -0.192959529 1.461955988 1.565202199 0.320254699 0.987984386 1.536372502 1.354356844 -1.086738467 -1.067385212 1.785722619 0.520112906 -1.465691617 0.728439117 -0.117584863
-34.135066507 16.951393335 -6.385610894 0.035140937 -0.462401172 0.762272834 -0.451542243 -0.189945839 -0.776895886 -0.266217035 -0.369993761 -0.238973267 -1.961415071 0.177771132 2.036801829 -2.130621547 -0.480237255 0.419476745 0.312588420 0.008535698 -0.102232891 0.316818771 0.025925728 -1.201628834 1.463174629 1.132117149 -0.222487874
-20.763087422 18.182794337 -5.529108192 -0.293775439 0.500506930 0.790581519 0.195370588 0.276193936 0.859889134 0.338953316 0.752892240 -1.312973246 -1.441388817 -1.294328421 -0.416084582 -0.936569718 0.755198533 0.296210068 1.242235168 -0.705968709 0.513476573 -1.224613103 1.452258435 -0.000489151 1.297501059 0.437328826 -0.444870244
-32.740079059 13.625887621 -10.816145004 0.271433826 -0.810674732 0.437558042 -0.278698972 -0.166233782 -0.481019320 1.362320358 0.427770001 1.295146675 -0.208468801 0.912258840 -0.758833201 -0.252922281 0.635208954 -0.746463010 0.220456743 -0.408362574 -0.281831784 -1.513735388 -0.514193111 -1.599800189 -0.651323606 0.476073678 0.294225895
-33.517895860 19.858615330 -12.299548333 -0.891129155 0.146092500 0.291177717 -0.315850198 -0.414001634 1.232888019 2.579869487 0.034729756 -0.147780421 -0.439918753 0.115963927 -1.621718827 -1.776784980 -1.159642966 1.227919383 -0.364739121 0.912268475 -1.564354449 -1.193213032 0.302765935 0.608774250 -0.738183129 -0.395137421 0.475767383
-27.113201308 17.803123898 -8.761850052 -0.244748915 0.044564640 0.625063209 -0.739870223 0.092032431 -0.223850804 -0.982510274 0.254062191 -0.541227098 -1.006115192 -1.077320540 -0.112168412 0.357687491 -0.600860413 -1.777046238 1.613529296 1.539013246 -1.483278798 0.328501884 -0.520412089 0.348723776 -0.743796831 -0.522938543 0.789570758
-30.909168943 11.392591591 -3.953728769 0.905051099 0.298338766 -0.172649590 -0.249135723 -0.115475103 0.438221198 -0.415459483 -0.384226144 0.038321740 0.532035574 -2.616913254 0.106419797 -0.448756366 -0.480059595 -0.551146391 0.143917868 1.496053547 -0.043416510 1.086349987 1.441159864 -0.789881879 0.854877376 0.598186372 1.788136919
-21.592672546 19.490691998 -6.610219948 0.651836673 -0.058967762 0.751056663 -0.086865665 0.618107477 -0.238825580 0.225019092 -0.311623583 1.802791747 -0.907963056 -0.285520206 0.007175322 0.810693813 0.810781577 -0.041541679 -0.754232445 -0.809780590 -1.417897159 0.197678843 0.383946334 -1.718903691 -0.805472873 -1.075716656 -1.699675794
-27.948865797 10.623029204 -11.367563402 -0.191477420 -0.731818495 -0.607284527 -0.242865378 0.532757394 0.703651848 -0.351736260 -0.206929811 0.341417819 0.611296732 1.259640679 2.212047916 -1.049288752 0.076914926 0.653620250 1.113367652 -0.243440923 1.385430719 1.434815898 -1.113689202 -3.107252410 0.357198723 -1.298276577 -0.680342557
-26.722036056 21.691982651 -3.052028438 -0.294488494 0.410261573 -0.381251449 -0.774344433 0.797179748 -0.110176732 1.190937765 0.992612388 -1.069451320 0.893166541 -1.229708438 1.253510087 -0.909783012 -0.536949146 0.187024737 1.680674088 0.937705726 -0.283899793 -0.310224874 1.076130224 -0.125243552 0.861441183 -2.059368257 -1.238781854
-21.758155975 12.012727551 -14.590079267 0.254109324 -0.117881984 -0.841704963 -0.461589692 0.950650100 -0.319547108 1.705729945 -1.371705685 1.240154130 0.195188929 0.446942188 0.906624032 0.221100365 -2.562727358 -1.332642166 -1.597593105 -0.051916637 1.254043542 -1.019902903 0.880032242 1.070841250 0.293921801 -0.076142858 -0.731471773
-26.413021042 14.819921006 -15.803171599 -0.438625342 0.310780952 -0.248604801 -0.805741064 -0.124513243 -0.005627771 0.314241087 -1.201067167 0.599323852 0.596112159 0.301485892 -1.028277468 -0.278773262 0.084841933 1.198774914 0.135020427 -1.955924060 -0.616809879 -0.995963618 0.607499996 -0.957645265 1.561813590 -1.185528220 1.088194261
-23.584306891 9.133583187 -7.400886194 0.165005646 0.653921090 -0.424307761 -0.604254308 0.669453759 -0.456520833 -1.265325139 -0.093896153 -0.468017517 -1.426356195 -1.143375861 -0.413006163 -0.010879934 -0.436875931 0.044553180 -1.146105995 -0.819793018 -1.010946780 -0.161538638 1.004140835 -0.276914127 -0.406657061 -0.873063131 0.060642957
-21.351616329 20.703351001 -12.157969322 -0.278807031 0.233598753 -0.909878450 0.199548160 1.358836784 -0.632553508 0.627904585 1.197435157 1.745864494 -2.147957166 -0.177328081 1.225894281 1.019242166 0.339133686 1.375213024 -0.744540806 -0.460482415 -0.583157470 -0.494040957 -0.260651837 0.360523323 0.781344363 0.752899944 0.825318374
-25.421709595 15.834215806 -16.676117689 0.604340031 0.620741796 0.392856497 0.308409668 1.535798335 -1.488603558 0.114541496 0.924634101 1.013748378 1.627627890 0.985372903 0.118401619 -0.345226276 -0.829231357 0.667965650 -1.241359506 1.557387652 2.174721045 0.749892207 -1.617231015 -0.868319979 -0.277100464 0.419009395 -1.616937560
-25.279033881 18.989394634 -14.633073482 -0.309414849 0.921632195 0.089363379 -0.216496501 -0.723220650 -0.103526401 -0.628105706 -0.262852206 0.520755993 -2.351032720 -0.107954174 0.594933036 0.703935307 -1.417832972 0.285058306 -1.206376683 0.122883853 -1.912380965 0.298408439 0.425912235 0.516361972 -0.451558872 0.199830295 2.062518166
-28.635380909 15.713932650 -4.176391213 0.457904604 0.777846311 0.410434268 -0.129700428 -0.068392224 1.319320475 -1.240911637 0.526426050 -0.079440880 0.341835032 1.898991645 -0.888050544 -2.090953982 -0.800012344 1.149265062 1.059638980 0.807933026 -0.158704471 -0.154537433 -0.762777903 -0.596567315 -1.430376221 -0.017189647 1.611525732
-22.011177164 19.012160610 -9.162595781 -0.410409937 -0.366768486 0.832180601 -0.067231005 -1.545170641 1.120659188 -0.668710249 0.136262069 0.789255146 -0.652976787 0.545831765 2.082234713 0.276610587 -0.234222123 1.371152012 -1.661135981 -0.147681210 0.004840195 0.119596233 1.103066823 0.107625692 -0.129357779 -0.117090440 -2.018209771
-18.308708559 17.596261679 -10.275304430 -0.711561496 0.114835820 -0.061647020 0.690429299 1.560454365 -0.073302524 -1.412007204 -0.974425534 1.599814694 -0.707890715 -1.136832193 0.354851814 -0.187072227 -0.078873344 -0.133359788 -0.377929410 0.868863008 0.935732222 1.774617307 0.181552038 1.636066195 0.726472697 -0.081871315 -0.269995882
-29.883865404 20.600199443 -3.734002805 -0.431552577 -0.349630578 0.830919468 -0.033070683 0.432735622 -0.569011825 0.247233762 0.387333884 -2.570805662 0.490078189 -0.195881555 -0.543044152 -0.740684436 -0.218737834 -1.164034752 2.870864726 -0.204663492 -0.662193634 0.130958620 0.294634216 -0.640655745 1.505720997 1.337181506 1.974120294
-27.575650015 27.042746312 -5.658525699 0.455844715 -0.536834781 0.062170757 -0.707211999 0.256851536 0.388908557 0.278808229 -0.312593509 -0.654718448 0.871177879 -0.740610556 0.059863554 0.431177539 0.632158910 0.247024449 -0.791445332 1.966762320 -0.186973666 -0.926164686 0.618163372 0.070637268 0.670937822 1.583842194 -0.513021170
-34.444017953 17.866788592 -9.694311790 0.884075658 0.179126172 0.419176122 -0.103031176 -1.314284359 0.026458355 -0.472875885 0.177547058 -0.921987812 0.332732821 -3.256959106 0.898749278 -0.671086929 0.770923899 -0.297054614 0.780172510 0.111572038 1.354760174 0.161747214 1.082390003 0.356415782 0.324212962 1.604614254 -0.666847699
-21.940394002 17.094814682 -13.274370111 0.706799467 0.503804518 -0.355434083 -0.346817147 -0.489432979 -0.143314856 0.643273582 1.631265558 1.229617915 -0.343882275 0.907280578 1.058979647 -0.198564869 1.477667952 -0.661840633 -0.396462848 1.263249610 0.748396474 -2.226190633 1.233492340 -1.287827357 2.636273939 -1.642430081 0.237967242
-19.150713508 18.156193065 -12.058981821 0.250229332 -0.344306811 0.901222131 -0.081466391 0.345554606 -0.832500369 1.390803971 0.042874652 -0.805427917 0.090772571 0.718105872 0.050954876 -0.182836365 -1.020654341 -0.453765349 0.529696196 -0.331624650 -0.031761284 -1.315166547 0.072999759 0.290361412 -0.607663743 0.538321521 1.659406311
-23.047838248 17.768507199 -0.124553134 -0.283513041 -0.604705920 0.738138202 -0.095410168 1.693905024 -1.023138323 0.869892895 -0.478123213 1.300536680 -0.383013080 0.134584529 -0.781814958 -2.447098299 1.091160335 0.063731561 1.022893046 0.497273954 1.243196157 -0.619376714 -0.726511203 0.158365691 -0.255833443 1.118086994 1.286774643
-23.125368522 18.826954667 -3.625929795 0.478019189 0.071003827 -0.706292260 -0.517307795 -0.218873582 -0.654518882 -0.187984087 -0.186325698 0.537388500 -0.821474452 -0.200402603 -1.181506637 -0.055881829 -1.174770400 0.500532725 -1.270084349 -0.780526961 2.328677333 -0.018635122 -0.625429372 0.916441008 0.579307160 -0.894611724 0.981350769
-30.577385091 15.951155529 -8.833835361 0.365416266 -0.248171553 0.812225473 -0.381013929 -0.845665963 -0.087217929 1.011693860 -0.650198623 -1.507713529 -0.764753234 -0.590583463 1.751737711 -0.531322317 1.469121666 0.074442158 -1.087328660 -0.422644047 2.015113150 0.730300859 1.006082579 0.345263833 0.227080339 -1.320354196 -0.227625485
-26.631607470 22.968988569 -17.475345137 -0.664117411 0.352338649 -0.267002244 -0.602922335 0.850410129 0.685374352 0.054135327 -0.135228115 -1.688542227 1.188508583 -0.295296778 0.502543530 0.279329615 -0.800790410 1.136972845 1.064460775 -0.268568171 0.912092880 0.503586010 -0.375287790 0.889710278 0.605998416 0.151516800 1.046339831
-33.811974542 21.314335737 -12.608242260 0.234036879 -0.159123760 -0.052759569 0.957665284 0.855498885 -0.149413644 1.190189544 0.661534589 -0.438130321 0.812666257 0.067421780 0.177518725 -0.080970993 -1.276337366 -0.548631340 0.203085084 -1.014112171 0.965971246 0.746770844 0.397304242 0.258026626 0.040892653 0.278740529 0.455968403
-19.668481305 23.496399040 -12.988532218 0.536961828 -0.839850750 0.047613393 0.063684209 -0.032292589 0.122758122 -0.547019028 -0.760603505 -0.682860764 -0.538286515 0.852127163 0.224370190 0.153202360 0.624307413 0.184932508 1.870229855 0.377793553 0.284910644 -1.656194045 0.110808343 -0.645747211 -0.782376981 0.483702864 0.037623701
-22.613211266 20.126038694 -7.736461770 0.534425900 -0.238810864 0.387558069 -0.712149613 -0.496567529 0.239324840 1.092038190 0.016370002 1.073898766 -1.603891622 0.109225578 -0.767518627 -1.208364233 1.004404790 0.445155261 0.473422427 0.471186780 1.206715393 -0.186706004 -0.195646795 -1.035150827 0.188913611 0.106371350 -0.391292199
-25.126299616 17.532294302 -1.031707918 0.731626078 -0.580741424 0.054249987 0.352873376 0.943898176 2.166180953 0.873172647 1.451598492 0.609185908 -0.178330413 0.370603518 -0.105494171 -0.939026319 -0.334451222 1.224796932 -0.780961970 1.231795879 0.189508178 -0.145190514 0.477054965 -0.515779273 -1.465723747 1.239908709 -2.049091200
-25.812986458 27.176551715 -13.498453720 -0.873502557 -0.458158608 -0.140126889 -0.086304272 -0.774152276 -0.213656520 -1.152639459 -1.221932784 -1.567764805 1.658275109 -0.367262232 -0.106428269 -0.630767071 -0.469664566 1.117538438 -0.912416644 1.557427473 1.295480518 -1.765529753 -1.072978483 -0.542850081 2.059472838 0.749181935 1.134951225
-22.289963550 26.121474906 -5.812876672 -0.682960694 -0.592602895 -0.109685796 -0.412741475 -0.891725237 -1.171169826 -1.074509410 -0.044797002 0.974302867 -1.938821176 -0.193756448 0.286211457 -0.470452966 -1.887646525 0.842172988 -2.483910615 0.591370027 0.944050450 0.058638348 -0.551260700 -0.391492054 -1.090291288 -0.920432208 -1.392951531
-24.503554629 10.340393543 -3.807633077 -0.565087157 -0.260256354 -0.173770082 0.763378735 -0.944751225 0.096456308 -2.727456240 1.051106814 -1.848263789 -1.521300589 -1.243503881 -0.833263952 2.273354630 0.671857234 0.337507679 -0.263653459 -0.468407587 -1.409793264 0.176490674 -0.138297539 -0.524867124 1.118865017 -1.695005357 0.686329200
-21.877913884 13.173939882 -14.127606599 0.567383351 0.692133083 -0.330364695 -0.299811768 1.509823984 -0.870376222 2.661082557 -1.965143906 0.590390018 -0.550045419 1.087020719 1.454856502 -2.286922010 -0.953652424 0.501799293 -0.298046033 0.124104223 1.321017207 -1.672004769 -0.978970649 0.510221570 -0.676861508 -0.083416432 0.572962945
-26.696122426 21.904142264 -4.913102269 0.692212751 -0.427961638 -0.578422422 0.055837668 -0.887792023 1.145457119 0.846858817 0.210864747 -0.025465747 1.162408228 -1.081621089 1.323377370 -0.004099773 0.329896505 -0.455674845 0.478225492 -1.702082970 0.161746362 -0.628169446 0.556304640 -0.753112630 -0.072079330 -1.149375845 -0.036447256
-26.311154171 18.490996527 -8.632979410 -0.216417375 0.869367147 0.281552692 0.343645697 -0.470192290 1.064214075 0.417905974 0.422079660 -0.080400302 0.963142559 0.139769646 0.745752085 -0.528432687 0.695462416 0.791551309 -0.244528098 -0.850996050 -1.745626374 -1.117944361 0.608306087 0.504809849 -1.393275806 0.289467836 -0.195766230
-32.493141798 20.273874873 -13.625706374 0.190523645 0.747361270 -0.191470872 -0.607034412 1.108724285 0.810030869 -1.039389553 -0.582670394 -0.497875038 0.147743590 1.114757129 1.423967700 -0.879366774 0.233714920 -0.373842975 0.557001550 -2.421414894 -0.885265441 -0.976377382 1.960675686 -0.961052992 -0.598788308 -0.174485510 -0.476745265
-22.128330382 11.842191569 -4.539514084 0.423424694 0.418709160 -0.741961272 0.308038373 -0.107018170 0.435677429 0.582362365 -1.018495033 -0.641344721 0.797481169 0.932120685 1.409223054 -0.343428216 -0.158734836 0.562469407 -1.918931970 -0.497408136 0.457100862 -0.445115222 -0.088476029 -0.160855346 1.010838806 0.571298826 -1.001762912
-26.341786827 18.606205361 -1.834045008 0.495647203 -0.687629001 -0.520441612 0.103153943 0.123253672 0.365843516 0.376137811 1.212746578 0.653988556 1.761351895 -1.195493797 0.603106808 -0.956882550 -1.451861894 0.538495740 0.536254046 -1.984083768 -1.218551781 0.085855203 -0.698151066 1.174454731 0.156706673 0.647767782 -0.509375005
-33.853755609 18.516190321 -11.539274609 0.484996959 -0.401399793 0.588125592 0.507705076 -1.465526692 0.141126593 0.181966515 -1.061780612 -0.453841609 -0.283264470 0.510318308 0.703390699 -0.315519070 -0.034507789 2.796928648 1.736517118 -0.769132158 -1.447173539 -0.702912221 1.675225208 1.018912090 1.377954785 -0.361054134 -0.096494784
-20.402185192 15.940783377 -7.393768085 0.370301780 0.690636305 -0.617577910 0.067049319 1.000027275 0.197012647 0.968926312 -0.042857926 1.266937559 0.154711227 -0.136981012 -0.552538204 0.114300097 -1.370584477 -0.112964972 2.522396805 -0.110753194 -1.259242865 -0.695294288 -0.464310660 0.803347079 0.620346567 -0.322394792 -1.117683398
-25.043426256 23.420972380 -13.644424964 0.513141259 0.370936323 0.439232307 0.637312539 -0.450243844 0.444589425 -1.448641396 -1.110350089 0.362273661 0.771743629 0.773748348 -1.272315522 -0.255794375 -0.552145207 0.978640752 -0.730581309 -1.442900702 -0.239623769 -1.572944962 -0.771782366 0.982793880 0.831531246 0.489041803 1.098977257
-27.045534199 19.805402173 -0.645028585 0.025181847 0.021850408 0.666798625 0.744491792 2.082083034 0.366103493 -0.341575746 -1.390982303 -0.103137393 -0.114526251 -0.875821620 0.705597333 -0.394084456 -1.170354596 1.601124906 0.439645268 1.008287079 0.908124354 -0.698779069 0.430677221 1.573225657 0.829635663 -0.536705104 0.357296635
-23.021114872 9.017962839 -9.747753183 -0.336079970 -0.786420831 -0.465851032 -0.227102063 0.040093792 -1.291233924 2.287728838 -0.487568282 1.370851529 -0.371691853 0.512370575 0.283921553 -0.794288101 1.042373287 -1.268566666 -0.270851709 1.519795585 1.043108326 0.273145638 -0.097507388 -0.394266614 -0.511530291 1.142760619 -0.589893315
-24.174882292 26.243747901 -12.690651145 -0.617920574 0.188879742 0.606425040 -0.463408328 0.292028827 -0.309579929 0.166908738 -0.433402146 0.128126596 1.391591725 2.720765614 -2.297786947 0.969715190 -0.068393860 -0.079935070 0.781751220 0.721759250 0.736043454 -1.139002573 0.995496293 0.812402126 -0.902897606 -0.300158184 -0.121207710
-30.147260822 18.068135620 -9.364517933 -0.793623955 0.135299467 -0.006864297 0.593134010 -2.397123538 0.771236743 -0.647403470 -1.126066954 0.764679590 -0.345574058 1.657611579 -0.016591429 0.932911375 -0.692643448 -0.159019872 0.846377738 1.213255266 1.132959457 -2.273903411 0.946758207 2.917922987 0.284156367 0.121733060 -1.975759353
-20.430480936 19.257056490 -6.372836103 0.564980462 0.748609519 0.321618234 -0.130163651 0.060305335 0.117300295 0.724901266 -0.302206079 0.015532306 -0.108926135 0.255239450 -0.517530254 -1.274244776 -0.949288305 0.230914062 0.857464519 -1.467634077 -1.992056255 -0.885359288 -1.404367668 -0.577666954 0.761497385 1.130610463 0.962352326
-23.761072749 19.765078170 -9.656513693 -0.512251378 0.292165352 -0.577503882 0.564559295 0.845411140 0.824032752 -0.143811240 1.406259691 -0.681727602 -0.719636001 -1.701363220 1.171196000 -0.265753573 -0.324000425 0.539765281 -1.001243706 -1.042652393 -1.465821065 -0.402278350 -1.503283975 0.597703213 1.417742097 -0.221962461 0.245466183
-22.594631576 12.896174217 -15.079665752 0.763570426 0.162575635 0.586484351 -0.215790346 0.740657807 -0.025040854 0.514790772 -1.571833700 -0.703832589 2.084179533 -0.093010151 -0.030034741 -0.750461766 -0.935510562 -0.648683770 -1.054180461 -0.775659779 1.043751999 -1.060244846 -2.222660497 -0.108418480 -0.860785757 -1.642386989 -1.469152286
-26.248112023 17.580865358 -5.046557452 -0.040725754 0.059774237 -0.286083562 -0.955470904 0.946813335 -1.833298509 -0.388255031 -0.259754327 -0.717715036 -0.117772377 0.840997580 -0.411905074 0.505577018 0.737642701 1.008571018 -0.621857852 -0.787881796 1.043982243 0.111261625 -0.874678585 0.301551788 -0.422916798 0.940814172 0.238144426
-31.364833957 16.437909373 -10.988523437 0.874347404 -0.212733642 -0.309086845 0.307776441 0.526320766 -0.731836629 0.129523273 -0.775796207 -0.093295194 2.039840174 0.395898829 -2.550428818 -1.298994899 -0.097423680 0.267431993 0.611471402 -1.242734859 -0.113811111 -1.394015084 1.082672268 1.595262310 0.122392852 0.285884013 -0.866423552
-26.949395510 20.929049767 -7.745324800 0.159339376 0.165790105 -0.754519564 -0.614674574 0.326984503 1.294581169 -0.614785957 -0.265262094 -0.098834477 -1.700216946 0.896950922 -0.779449250 1.849486434 -1.456012102 -1.118172154 -0.545802977 -0.718897218 -0.455755670 -0.699404500 0.361855618 0.594361436 0.436351816 -0.234715761 -0.584401508
-34.028805357 17.134097449 -10.462392194 0.432529716 -0.314164979 -0.508308244 -0.675160084 -1.381877483 -0.878079890 0.314645320 0.887434313 0.480017912 0.662895456 -0.719289911 1.365114494 -0.397146982 0.416889708 -0.340686675 0.064058004 1.661083260 1.222446054 0.067131058 0.967024127 0.657728053 -0.359371270 -0.823235684 1.365188421
-29.323637862 24.987780051 -3.855181780 -0.850508295 0.285233119 -0.268727308 -0.350803851 -0.183388678 1.356328507 0.894135419 -2.195173661 2.199573735 -0.517255332 -1.640161826 0.430429688 0.088318038 0.880374716 0.718952039 -0.580529840 1.484371949 -0.894877423 -0.282578270 -0.524790802 0.995864373 2.566904727 -1.147008491 -0.631670058
-19.418095094 12.058488297 -11.778237230 0.047834267 0.224130495 0.838825709 0.493810525 -0.575953957 -1.340131392 -0.024137212 -0.172746764 1.991142389 0.478408765 -0.127421212 -0.703980040 0.975037988 0.044390167 0.213410423 -0.718088630 1.566281572 -0.873590996 -0.080499782 -0.047759931 0.861996821 -0.616320809 -0.691798109 -0.056904782
-28.928027920 19.678540263 -13.775683036 -0.222580541 0.252394710 0.660766672 -0.670926389 0.866492361 0.265837398 -1.790767111 -0.541831422 0.472011871 0.226649086 0.812336551 1.036601384 0.505147348 -0.601326216 2.188235995 -1.111651815 -0.872897634 1.418279889 1.182192535 -0.119914129 0.588042678 1.875311741 -0.211528501 1.628679737
-32.496814505 25.110495040 -11.854084044 0.372649666 0.158289158 0.852219241 -0.331359524 -0.433231132 -0.094650102 -0.354293738 -1.251734992 -0.503241746 -2.359739448 0.504893971 -0.456236995 -0.029740369 0.036176329 -1.171705878 0.159140807 -1.510377631 0.530703225 0.568485218 -1.480657616 -0.118589985 -1.648445364 0.703224234 0.518106886
-19.217136789 18.093452255 -2.897416056 -0.963893238 0.064303276 0.248478841 0.070944916 -1.310517152 0.259654542 -1.127074678 -0.152747088 1.017395593 0.492331647 0.384431512 0.442069760 -0.417230259 2.220110288 -1.092741565 0.745397409 1.024170210 -0.658386020 -0.246881214 0.599823602 0.176608922 0.460551174 -0.973800862 -1.947333996
-22.917922081 23.397778099 -5.299498408 0.793095260 -0.570645200 0.188013857 0.100073739 0.725970258 1.209888370 0.828383565 -0.452375133 1.113582029 0.475227641 0.220662821 2.073715017 0.488861772 -0.171524311 0.691367217 0.942695382 -0.186091129 -0.008162280 -0.912909623 -0.190777055 -1.450850033 -0.694321299 0.918525108 -1.430780452
-32.694479663 11.039915342 -10.343575748 -0.179780167 -0.214222067 0.763035274 0.582722205 -0.649676935 -2.816871415 1.330972747 1.461793076 -0.014490378 -0.588823966 0.947918202 -0.584354630 -1.762341091 1.310464805 0.443321391 0.054267318 1.115036627 -1.224502941 0.072101640 1.218578549 1.213974913 0.009785719 -1.411539474 -0.351705734
-21.441146583 23.022589754 -4.473424865 0.126525241 -0.058636208 0.621629635 0.770798129 2.334737870 -0.448322402 1.000861304 -0.330224498 0.851038069 3.184526565 -2.437870624 -1.002058112 1.382383527 0.877605271 -0.689990175 -0.090264018 1.644873460 1.070364150 -0.456446500 -0.053314668 0.273674496 -0.342743511 0.096053092 -1.389861579
-28.476058776 22.297238912 -7.418477082 -0.197508096 -0.135735677 0.794449657 0.558046701 -0.551172534 1.367125422 -0.479335005 0.725410615 0.676102990 0.347420705 1.089261805 0.871692710 -0.603629681 1.231952702 -0.010989618 -0.320226990 -0.958524948 0.949438046 -1.131624607 0.795715213 -0.444515385 1.274674876 0.286603006 -0.243176525
-23.047376959 16.069619921 -12.561692590 0.196433171 -0.055105977 0.149816030 -0.967436043 -1.241832137 -1.203375996 -0.316343552 -0.313189317 0.094088710 -0.366025813 -0.427187785 -0.758938043 0.058547474 -0.452099294 -0.180057513 -0.017992453 2.227782042 -1.849151118 -0.439434934 -1.173002565 -0.995855095 0.736723507 0.200014108 -0.920958301
-26.682678990 10.117533676 -5.115663859 -0.682278136 0.511399598 0.503133676 0.140795958 1.078993641 1.305226340 0.450201103 -0.138312443 0.662284101 -2.726212332 1.403910837 -0.076884355 -0.357103753 -0.914263279 1.252439544 2.043351307 -0.146265817 -0.536791852 0.150114970 -0.352316727 -0.138596604 0.517433703 0.016988723 0.309154060
-24.231968256 12.441818774 -9.450829516 -0.449336105 0.720383402 0.492309353 0.191771528 -0.150221540 0.242819612 -1.281764495 1.653925686 -0.757969708 -0.010995408 0.048785990 0.111376428 0.134741753 -2.845976173 -1.894903569 0.926938565 -0.444462876 0.886985234 -0.155769636 0.618725226 -1.722249203 0.984107994 -0.074220682 0.662155768
-28.314499248 15.919788067 -1.339817176 0.185118294 0.348284355 0.735636543 -0.550697832 -0.563469191 0.617320162 -0.486841405 -1.465225720 -0.313157612 -0.411982326 -1.630267044 -1.214110451 -0.991489127 -0.039050332 -1.242582595 -0.817802365 -0.783040242 -0.160990171 0.445248831 0.324846401 -0.740365038 0.785182862 -0.376390276 1.611374515
-24.427352865 14.043132835 -14.746932289 0.264966262 -0.313891151 0.218704832 0.885117744 0.489843584 -0.885690468 -0.060937775 -0.806957523 -0.731314264 1.562836116 0.271671880 -0.042146761 -2.057445534 -1.650786315 -1.099018511 -0.331044376 0.211180511 -0.036935741 -0.868949688 -0.747248522 -0.475872646 0.438368660 0.979710136 -0.866035148
-25.075008745 15.151470174 -16.427388123 -0.191843696 -0.233134815 -0.950179842 -0.077475305 1.300651815 0.868832532 1.971726593 -1.184245371 0.416408630 0.452504246 -0.681877227 1.085473201 0.265362727 -0.924122996 0.224812940 0.650595089 -0.126808508 -0.641089953 0.087088895 0.411186648 -0.260999871 -0.432062493 -1.930477763 -0.923830827
-28.656920729 20.718975306 -3.689993783 0.692457388 -0.144230329 -0.693625545 -0.136323077 1.371680175 2.471677344 0.362250881 -0.587045080 -0.737215082 -0.651789451 -1.287033403 0.738399432 -0.694182389 0.071972416 0.498275863 0.266132001 0.009596543 -0.051935561 -0.206936381 -0.585769274 0.795191279 0.566596071 0.918734359 1.595507550
-24.087553255 21.078418549 -5.530404856 -0.401606961 0.404496003 -0.765459278 0.298608317 1.169637575 -0.158137228 0.013663231 -1.341729229 -0.107354475 -0.229605496 -1.583860340 0.238136231 -1.217581985 1.809539612 -0.660467082 -0.343890761 0.170496384 -1.003661920 -1.447964855 0.852574493 -0.606405644 -0.076977530 1.555381159 0.063819346
