15.966055430 31.027730806 2.414432219 -0.694526019 -0.097115775 0.032690980 -0.712133018 1.279964327 0.903338035 1.268122728 1.074017703 0.791298540 0.813805368 0.912642815 2.015154052 0.842427993 -0.797772979 0.711853117 0.553778490 0.140316558 -0.941711297 0.069779519 -0.320522352 -0.370898659 0.572475636 0.507884689 0.319206851
20.607518833 35.089150984 -2.444691337 -0.723844273 0.332004818 0.157297638 0.584020310 1.289755147 -0.047092529 -0.034786138 0.190428463 -0.210912799 0.639764523 -0.156953073 -0.875747776 -1.270161181 -0.103214519 -0.063085354 -1.175068109 -1.683146566 0.475821106 -0.505293441 -0.995677829 -0.100347883 -1.083885546 -0.670478822 0.496652762
25.053957189 35.654897465 -1.600194186 0.003247213 -0.491118850 0.870222753 0.038782617 -1.560793471 0.289467946 0.647412803 0.041479902 -1.227333568 0.352342163 -1.339654408 -1.784967665 0.508590878 -0.579504197 -0.529404692 0.717968411 1.632088880 0.942985957 -0.292189104 1.868170660 -0.513029098 0.398898752 1.364004431 -0.721770843
20.861595542 27.633469211 -4.440211154 0.059154040 -0.477007362 -0.575632793 -0.661522232 0.340363592 -0.720338090 -1.480093754 -1.080039383 0.085552230 -0.568628366 -1.195558574 -1.541986669 0.333585917 -0.598165964 0.350101808 -0.081530156 0.031594406 0.809418320 -0.420979662 -0.687129269 0.190949744 -0.795889174 -0.663759643 -0.323117755
25.434254099 37.830620407 -4.871061767 -0.487241986 -0.603678321 -0.569129456 0.272505769 -0.442168590 -0.841444200 -0.222491651 1.557262396 -0.189423357 -1.010187265 -1.769017607 -0.375875677 0.987142410 0.518138677 -0.232919372 -1.304142494 -0.777740331 -1.047735444 -0.896525866 2.589789816 0.748342588 -0.954355934 0.932045626 0.304657035
19.967024003 31.409418778 2.945952375 0.523177520 0.336271270 0.064586624 0.780407255 -0.021840010 -0.732453327 1.660699173 -0.633022124 0.316199229 -1.229800263 -0.779617349 -1.135574945 -0.107679608 0.773376977 -0.761342397 1.125091569 -1.187192893 2.781638773 -0.048333475 -1.658756827 -0.568625494 2.325380564 -0.380207876 1.010413395
23.859596398 31.018999809 2.412319236 -0.825481694 0.139871790 0.509657848 0.198153310 0.447132407 -1.336078683 -1.114839168 0.476528466 1.364097144 -0.701700135 1.432816963 -0.098457565 -0.367190006 0.338245095 -1.002977043 -2.147367359 0.088109785 1.499019404 -1.833020950 -1.029461700 0.037676612 0.303569126 0.257286052 0.260310837
19.143016016 28.987659177 -3.586944153 -0.669397663 0.380748180 0.462597566 0.439250593 -1.020211974 0.268193402 -0.274215108 -0.612701471 -1.261775746 0.061125153 -0.340767441 -1.358223649 0.203147206 2.140362762 -0.668792182 1.244913427 -1.186834204 -0.445058004 0.015259628 0.826654489 0.389296353 0.518103626 -1.833795768 0.758829030
13.091947365 29.955922262 -9.907140957 -0.407390220 -0.538972817 0.541054759 0.500800617 0.454635261 -0.441240289 0.667312526 1.016762763 0.591822338 -0.926012759 2.111109551 -0.816901770 0.610519224 1.679331872 -1.860235772 -0.038426988 -1.149532688 0.594963814 -1.682267424 -0.038188508 0.010603786 1.808315688 -0.685382094 1.093973617
16.040637968 22.792722436 -5.350510699 0.239964759 -0.483916993 -0.807813575 0.235962893 -0.905685463 -0.810776097 0.188291963 0.620980994 0.333369547 0.447593806 0.186260447 -0.594311244 0.186438052 -0.616158212 -0.994125884 0.319627934 1.703565185 -0.538008697 -0.964828244 -2.701918106 0.173019297 0.329217501 0.334900508 2.349453989
13.983074085 36.491198328 -11.468940385 -0.107354212 -0.955611185 -0.065396002 0.266468945 -1.474004794 -0.044508997 2.318744840 -0.074784193 0.060171074 -0.794157708 0.186912939 -0.243270828 0.285024028 1.052741102 0.263106050 0.371410270 0.829633108 -0.072053938 0.124038436 0.387254408 0.809535150 -0.350250225 0.053355223 -1.013318380
12.580185809 28.027771030 -9.258471046 -0.528151141 -0.215668720 0.198882107 -0.796862148 0.354502807 -1.441251285 0.180904783 -0.637022469 -0.198777215 -0.679426606 -0.076201744 -0.573612404 0.017351056 2.016863741 1.328709372 1.388757026 1.175221530 -0.755383076 -0.834628047 -0.054345982 0.207693815 -0.076588849 1.429662716 -1.677250746
26.301792432 33.894580395 1.077895689 0.013021941 0.893002613 0.059777595 0.445873750 1.540255772 0.465347624 0.994775506 0.653416400 0.915114742 -0.686725680 -0.133825020 0.154641049 0.639522321 -2.137426393 -0.410723631 -1.306483953 -0.650042920 -2.586325355 -0.117150158 0.349539200 -0.880759883 0.995978307 0.560666338 -0.746652214
11.653027108 33.791722356 -1.829961301 0.322481779 0.859786864 0.129684442 0.374104258 1.219084280 -0.581839846 0.883605509 -0.324672655 -0.384962551 0.286754537 1.641910877 -0.897175739 0.886558357 -2.077215059 0.495682650 2.634910034 -0.696686678 0.315630407 -0.947275767 -0.664074008 0.987515474 0.607461365 -0.316823042 -0.583560206
24.000198579 28.364673199 -10.733810082 -0.163640939 -0.814932378 -0.159230965 0.532684111 -2.099768766 -0.444904409 -0.922729747 -0.229458906 -0.707537114 -0.147293602 -0.410797275 0.029553428 -1.862652236 0.099444915 0.774710733 0.499083231 0.138449946 0.871855192 -0.022148808 -1.491816362 0.923695867 1.123578400 0.304884652 0.608437486
14.414313674 33.283637236 5.379188878 0.944830764 -0.132459643 -0.293435720 -0.060371755 0.320236146 0.119524586 -0.319574455 -0.039055457 -1.064126306 -0.001889967 0.013897265 -0.688630920 -1.224205651 0.360792205 -0.387632529 1.102637146 -0.318395856 1.440748836 1.089839940 1.184311175 -0.931109503 0.354180934 0.028419594 -0.943849368
17.523863080 34.161360230 -7.092888130 -0.057857584 -0.356940580 -0.105294805 -0.926368677 0.736698104 0.239206134 -1.223271849 0.921965260 -0.432707774 -0.918487670 1.048576855 0.087790554 -0.364477748 -0.135317617 -1.288937634 1.508049140 -1.429533882 -0.716871944 0.446736950 -0.385976508 0.236258323 1.314575831 -0.198419842 0.074412249
23.016115259 24.613688931 -0.654270583 0.556767736 -0.605162712 -0.520076061 0.230886705 -0.971986971 1.165543322 1.409624792 0.040138536 0.266006635 0.969974053 -0.355147911 -0.296676581 1.529729205 -0.824220099 0.179128854 -0.207499909 -0.164197072 0.073926982 -0.040613793 -1.591766620 -0.433301762 0.531943272 0.228440761 -0.645301011
20.086290442 34.057410759 -13.079873753 0.288795149 -0.641755700 -0.047776536 0.708847223 0.002518126 1.246223548 2.014438280 -1.889671053 1.169135313 0.826160957 0.725011686 0.724333126 -0.136931735 1.715647305 0.015841087 -1.531376063 -0.074274814 0.132599631 1.699375919 1.737696733 0.386458687 2.318732974 1.690235596 0.314206525
16.965454281 26.509651088 -11.518771875 -0.062586191 0.742007357 -0.638727040 0.193741632 -0.485939241 1.038129088 0.390581383 1.536373818 1.290876177 1.544591292 0.921612733 -0.238990649 -0.200147728 0.019045378 -0.594368871 0.008324116 -1.924274191 -0.235622662 0.304467730 0.626897391 1.264590442 2.781492945 -1.509292913 0.539131749
14.849734294 33.058717985 -6.259815937 0.280104762 0.877157671 -0.058722392 0.385600082 -0.621536983 -1.385424883 -0.509268465 0.747246503 -0.143390140 0.700573701 1.761254421 1.502838774 -1.675201296 -0.484264581 1.001981726 -0.036716254 -1.220890837 -1.096388084 -0.182457309 0.086026613 1.854101625 0.284541642 -0.768446833 -2.043773156
21.118726010 24.096998297 -1.002711952 0.598124263 0.197450349 -0.151202992 0.761838816 1.854916581 1.234761151 -1.802207956 0.354495745 -1.128040368 -0.329613108 -0.129462123 1.235244358 -0.993732550 -0.533850733 -1.240331005 -0.743889898 2.345475132 -0.432152097 0.816288555 -0.687625382 -1.008106438 -0.254786401 1.171612811 1.506390444
23.268519510 25.611443673 -6.779894958 -0.633782592 0.723086250 -0.163082308 -0.221065740 0.611681278 -1.743266516 -0.391913152 -0.343631463 -1.124913883 -0.821165770 0.195310963 1.014619968 0.270962045 0.774981120 0.669535459 -1.085603369 0.084036810 0.867261446 -0.106452431 0.726680645 -0.220277555 -0.135191591 -0.778403911 -1.416726210
20.494409866 23.354776714 -6.879293506 -0.342540961 0.222615447 0.329465648 0.851211160 0.618346358 -0.945154153 0.488615803 0.999276796 -0.106294042 0.340220950 2.622813403 -0.822823141 0.856793819 0.595448953 -0.342372937 -1.175575756 -0.525301599 2.042353536 0.684786721 -1.910114927 0.767058465 1.314971876 0.675934085 0.864932308
16.351826278 39.635084853 2.105772210 -0.118067104 0.881355791 -0.434134434 -0.144220044 -0.464773113 0.442633321 0.227255768 -0.436557315 3.081113984 0.645875415 -1.668398354 0.760356496 0.560478498 -0.149158852 -1.506824921 -0.281344353 1.896994063 0.051715066 0.004349313 -0.251127153 2.378789067 -0.675427789 1.830307139 0.152993093
24.145749781 28.643317673 -0.790427747 -0.406930096 0.908810281 -0.017018103 0.090455258 -0.845811863 -0.011383615 0.012395296 -0.136531264 -1.439636816 -0.246720703 -1.582152245 0.035997344 0.834760916 -1.032661168 1.599025501 -0.514214016 0.118304614 -0.153732528 -0.804973752 -1.408648040 -0.196083276 -0.405237294 -0.432897536 -0.314349353
25.588602663 29.815222310 -9.431817637 -0.294570436 0.600061333 -0.116526205 0.734558574 0.255089436 0.058038603 -0.495012191 0.614585206 -1.094088565 -2.153696015 -1.544384966 -0.324163433 -0.710493608 0.025234860 0.892830437 -1.255022947 0.671549804 0.135622140 -0.019279222 -1.280070105 -0.613459910 -0.208467682 -0.691466972 -1.840787042
14.573687718 28.931711700 1.848046479 0.833851123 -0.133516474 0.041114809 0.534018004 -1.669487153 1.554874372 -0.454232757 -1.939045464 -0.408297104 0.116485363 -0.953434074 0.656131450 -1.815871392 -0.348311951 -1.714514601 -0.591896146 -0.943798251 -1.000137878 -1.395825437 0.422061425 -2.245804261 0.850711040 -0.754900685 1.163463213
13.334997039 33.239056546 2.600779014 0.181828385 -0.132151637 -0.915122751 -0.334700961 -0.089130640 2.226935745 -0.372162248 0.556416124 0.826692178 1.697238582 -1.089004398 -0.360214460 -0.035227568 1.553425243 -0.350598200 -0.570290351 0.755555433 -0.408230159 -0.307906224 -1.356079981 0.033799116 0.416988333 -1.701008004 -0.607675399
21.885273890 30.504297292 -10.823823913 -0.811591200 0.464406278 0.286983948 0.208054675 -0.707426393 0.164900327 -1.760384190 0.496486733 -0.348910301 -0.949123602 1.144484052 0.216193322 -0.296374731 0.425785140 0.383714465 -0.579748271 0.993650793 -0.971408638 0.018346942 -1.354156997 -0.280156332 -0.580035891 -0.378400485 0.236166678
10.859896234 36.660327356 -3.534697973 0.861470193 -0.414609388 -0.166447703 -0.241377969 -0.432160420 0.081475164 0.476851828 -0.256377161 -1.166746770 -0.582782565 1.673352959 -0.976874529 0.333479091 -1.456693867 0.284861406 -0.142939321 -1.455311575 -1.567659537 0.476008484 -0.547923390 -1.339362392 -0.390626113 -0.712997780 0.197095619
24.683341800 33.944395581 -8.045828785 -0.205703602 -0.941071280 -0.030523523 -0.266719307 0.283967099 -0.780960619 -1.535654643 -0.783409666 -1.101384010 1.779826131 0.714574008 -0.556437169 0.151980336 0.460990111 -0.102719992 0.272877102 -0.495911602 0.160797473 1.390392093 -1.411480077 0.456403713 -2.972493790 0.491471914 0.012580908
14.246313378 31.127051489 1.725828598 0.303044287 0.751358600 -0.249189657 -0.530592998 0.951713145 -3.001253883 -1.263605665 -0.402826874 1.485899015 0.856863124 -0.936850795 1.011018470 -0.725516595 2.459526342 1.274875876 0.616770378 -0.058587002 -0.780554370 0.211157989 0.148150300 -0.097943239 -0.112406391 1.018008644 0.578437743
25.272518380 32.557010412 -0.429629067 -0.003003506 -0.727678693 -0.027781367 -0.685348739 0.329475243 -1.128674822 1.965536968 -0.425045250 -0.536319971 -2.372814205 -0.114728184 -1.305855548 -0.100741189 -1.253108523 0.984757950 0.387325508 1.037660236 1.714027681 -1.181033121 -0.967857703 1.349813272 -1.635861977 -0.936462570 -1.014158238
19.937161222 28.281680845 2.437073181 0.536759621 0.250228785 -0.671853487 0.444845542 1.033529355 -0.804298969 0.673043343 1.076978016 -1.580971048 0.069047125 0.535091694 -0.096076308 1.370247188 -1.110289898 0.474735562 -1.209659291 -0.799447448 -0.357898599 0.952966999 -0.395084324 0.281876603 1.666132655 -0.559665190 -0.133036527
24.027741287 36.496243891 -1.119316368 -0.852463579 -0.151683184 -0.462082443 0.191775581 0.206774935 0.588680964 1.560614135 0.676672641 1.548591121 -0.137923471 -0.906609612 0.061249742 0.907959039 1.451599804 -1.360758714 0.181607849 0.133764450 -1.844084683 0.026218025 -1.077508557 1.627808493 -1.698680115 1.805380629 -1.110448420
9.715499053 28.897790876 -2.929017508 -0.476717147 0.435983835 -0.312079661 0.696609749 1.131350687 1.127094281 0.801777724 -0.169996525 -1.045887876 -0.811632265 -0.012498873 0.709995967 -1.250726489 2.385650300 1.787665359 2.113236468 1.068875972 -0.160158904 1.388685918 -1.080471652 2.029867141 -0.313712649 0.078515745 0.080278955
16.133884706 25.877651389 -9.176298318 0.543128504 -0.664855166 0.510149252 -0.052218549 -0.847447275 0.748031186 -2.907460081 -0.346881298 1.659347798 0.870108014 -0.743513640 2.072209844 1.473851705 -0.175960441 -0.621705651 0.105275683 0.748317308 -1.551599526 -0.056949877 -0.991756150 0.966200871 0.955353047 1.080882272 0.069653289
16.793403126 36.924804904 -6.001800353 0.110085178 -0.624046216 0.773243246 -0.023290716 0.854936163 -0.648557716 -0.638143182 1.011599406 -1.242165190 -0.350411005 -2.361695943 -0.499245025 -0.054058246 1.271925317 1.664181746 0.332580319 -0.179311248 1.253063717 1.066857056 0.143263031 -1.153455837 -0.425490589 -1.959178926 0.142128286
19.992302626 23.785529796 -5.993309979 0.053755556 0.760308662 0.018840344 0.647059596 1.826753068 -1.141049083 0.233816863 -0.938261406 -0.749209859 -0.040813111 -0.662432955 1.810490769 -2.236117443 -0.321522482 0.769945963 0.578654574 -0.681282138 -1.155004058 0.195290260 -0.951864570 -0.478302341 -0.268153806 -0.238730630 -0.622590665
19.995251219 29.713045862 -2.233199857 -0.254771259 -0.699489392 -0.636397613 -0.202000678 0.237787988 0.780322212 0.968547336 -0.504635127 -0.782185868 0.821425452 0.355102890 -0.152796403 -0.826070357 -1.081683476 0.274715638 -0.900034229 -0.930970821 -0.739904984 0.759908049 0.233409708 0.170491216 0.274166573 -0.726891441 0.698709100
12.193717598 36.925743804 0.709307073 0.707510065 -0.619811490 -0.304347462 -0.150452142 -1.620125109 -0.595816185 0.219914264 0.447046898 0.966604820 -0.591010878 0.759728473 1.061348722 1.067590792 -0.724403288 0.035069477 -0.441289290 -0.727699120 -0.066563864 2.295076095 -0.514683407 -1.028797177 0.539680262 0.865996360 -1.002016311
15.997788835 25.237669453 -1.906310578 -0.519974010 0.818921809 0.024177191 0.241680706 -1.198487021 -1.877796272 1.230167490 -0.262011180 0.620077388 0.460985731 0.060494213 -1.439400802 0.358807729 -3.111354941 1.057328030 1.064390173 0.506322299 0.142314294 -1.832841988 1.006760668 -0.498502512 0.956024923 -1.553789819 -1.133172332
20.723776081 31.145884168 3.600963266 -0.964960081 0.010123430 -0.262149487 -0.005215888 1.472752051 -0.427565536 -0.285092652 -1.232251609 -0.230195029 0.468304499 -0.790082626 0.818070452 -1.962339371 -0.496581830 -0.896432671 1.896606447 -0.754991462 0.607494524 0.016181728 1.187449460 -0.341092239 -1.442871753 0.918308770 1.358393585
16.798955450 30.554858556 -4.946710983 -0.398455217 0.418238765 0.027660159 0.815809225 -0.653415033 -1.982030042 0.538683637 -0.541749670 1.221938627 0.026776239 -0.512655986 -0.410726864 1.052680997 0.479127843 0.065674983 -1.973984490 1.354963572 0.046005228 -0.909197417 -0.472949743 -1.652432971 1.873098448 -0.304892559 0.521426244
21.462047104 31.951405816 -4.798366221 0.197063689 -0.182826657 0.222259852 -0.937198418 -0.699859693 -1.346435356 -0.783539787 0.610878994 -0.690276493 -0.823950468 1.153930229 1.851149971 0.655712492 -0.076250061 1.397760243 1.218846542 0.362977804 -0.582074041 0.691400662 -2.548474847 0.886202485 -0.393039019 0.679126446 0.681732401
22.787435942 31.964615326 1.563847898 0.849494737 0.397054469 -0.243233813 0.248080134 2.122392144 -0.532831439 -0.505430591 0.812885704 -0.800248768 0.423081994 -0.006330098 0.355735048 -0.711879554 -1.326001878 0.800001195 0.828308655 0.830437538 -0.186494547 -0.817391423 0.708529793 -0.464315883 -0.314043131 0.538496517 -0.656155249
20.416858551 23.601776709 -0.164704580 0.414580075 -0.814657759 0.017924588 -0.405135540 -1.488154265 0.624158608 0.481448684 0.369972224 0.915600692 1.339297449 0.812271611 0.529006421 0.516561728 1.781471947 1.553252820 0.429318565 0.323702996 2.067954921 -0.895745672 0.951466990 0.399616254 0.549217675 0.140723951 0.525422961
16.972549523 42.024016719 -1.776623471 0.608071014 0.546650480 0.153630059 -0.554815916 0.732791081 -0.681099810 -0.350626627 -0.036531904 0.331391858 0.099191633 1.264181042 -0.807135655 -1.653033762 0.643053149 2.035296144 -0.759704395 0.540534118 0.054574385 -0.444050981 0.529078085 -1.287667899 0.332469550 -0.168653073 0.759123677
14.078416570 35.047798689 -2.223662961 0.489843500 -0.307213641 -0.232245351 0.782135041 -1.786128509 0.738968106 -0.416932110 0.193679645 1.111393998 -0.081912655 1.518864109 0.438285494 2.159559091 -0.778736356 -0.155840094 2.087599762 -0.235911260 -1.055936948 0.114098252 -1.760944592 0.514287422 -1.754956685 -0.146121401 -0.421943055
27.296508585 29.302700235 -5.907506656 0.056406983 0.856151573 -0.040990571 0.511998545 0.465556513 1.649766166 -0.609124427 0.203922960 -1.728864250 -0.235501881 1.031632923 0.566415383 -0.307861066 1.109249674 -1.393165761 1.605270251 -1.271591604 0.373654370 1.198113739 0.879639644 -1.092450406 -0.528575454 -0.111577992 0.103002920
17.380578400 41.032357794 -2.005260113 -0.927626240 -0.056744223 0.316372032 -0.190258742 -1.039856544 -0.152121838 0.395012799 0.550603440 -0.848067124 0.168941305 0.089075561 1.342327445 0.968931833 1.796159667 2.531949055 -0.915220483 2.530798691 0.908736131 0.960848047 1.800181820 -0.647258340 -0.865060467 0.009981563 -0.094047760
13.394221928 36.521346918 2.374656950 -0.662426914 -0.340270191 0.177056002 -0.643473351 -0.095195388 0.208443793 -0.320406534 -0.668995352 -0.748510143 0.602303611 -1.191474142 -0.141320138 0.487979542 -0.274037627 0.764244091 1.238803075 -1.119569296 0.856298878 0.489981688 0.014894147 0.820998779 0.161174998 -0.638637670 -2.418862476
20.886019572 25.256181454 -8.728053313 -0.305760667 -0.904959224 -0.261655833 0.138186261 -0.313978200 -1.832725261 0.348122643 0.142689437 -0.671683067 -0.263824299 2.573896050 0.322263754 0.405943691 0.720750675 0.862966199 0.425865140 -0.081052535 -1.165192331 -0.671797635 -0.373270529 0.397263910 0.626657222 0.392435445 -0.130380648
19.839891165 32.539585509 1.359279938 0.816955114 -0.122136912 -0.258870303 -0.500652657 -0.984690093 1.179936357 2.121012035 -0.245965326 -0.501954946 -0.980981859 0.635769318 1.250530656 1.460147724 -0.896067774 -1.315559789 0.891417068 -1.075395969 0.175130343 0.479179578 -0.154246957 1.040390800 -0.335258145 0.278345392 0.434753634
23.614169743 35.564659051 -0.223400803 -0.488191786 -0.747602972 0.327346971 0.309196599 0.597179222 -1.301452125 -0.058062666 -0.504921597 -0.679896224 0.558003907 -0.740890406 0.722230121 -0.400915575 0.579352292 0.593840184 -0.433932598 1.910938537 -1.633533038 0.800440953 -1.275931093 0.772001412 -0.926143300 -0.639283678 1.221984331
20.427368464 24.192312610 -3.871947719 0.162183147 -0.891089114 0.365080854 0.215343417 -0.750903589 0.446718431 0.933987999 -1.538855884 1.234776546 -0.795886622 0.685409501 0.946698620 0.503835004 1.169312612 -0.960816044 0.102217628 -0.459382894 0.434974330 0.973011317 0.939405263 -1.117521031 0.396311149 1.506852816 0.237045794
13.714347440 37.443224557 -4.030916631 -0.529432282 -0.617761935 -0.525649973 -0.248523149 -2.175870127 -1.317360080 -0.201716172 0.832725100 -0.374271315 0.627061775 0.702846693 -0.078476370 -0.439992978 1.034417238 1.012589669 -0.847306490 0.774674450 -0.229235343 0.630902915 -0.490082223 -0.656777354 -0.064683549 -0.418660262 0.289902990
20.144482182 40.598871072 -6.399567378 -0.100088883 0.611360803 -0.130927390 -0.774001423 1.049454736 -0.282514006 0.053747605 -0.284339183 1.469317956 -0.787930378 0.459167552 -0.682131195 1.445134304 -0.377185105 -0.065925686 1.052050683 0.342711014 1.084644588 -0.414118473 1.247049008 0.080285104 -0.847243675 1.801584488 0.989619245
13.464672263 36.924639512 2.749941360 0.500053165 0.045247267 0.244128437 0.829638972 0.539592434 -2.063918732 -0.236376488 -1.092800575 0.896260975 0.848630676 -1.029435455 -0.146813562 0.533684001 -1.348067372 -0.705809911 1.123275794 1.236887130 1.613828665 -0.502225359 0.294684348 1.656307917 -0.296693720 1.066008606 -0.866696495
19.554115302 37.912030059 3.074922142 -0.655337652 -0.469496339 -0.386729038 0.447824074 1.157684909 -0.212732497 -1.519991725 1.220544372 0.007210954 -1.202710518 0.438192061 0.722323958 -0.492771936 0.131322515 -1.819443959 0.772406781 1.641628742 0.902019604 0.124821937 1.447321162 -0.069338448 -0.251428946 -0.168388414 -0.454234538
26.169498308 31.812491814 -6.779817244 -0.880877920 0.138877518 -0.090204490 0.443430124 1.753325365 -0.292032559 0.766592825 -0.151759965 0.628882433 -0.540351074 -0.643164960 -0.184533994 -0.773179900 -0.741916495 -0.386284498 -0.070893237 0.336072311 0.453211993 -0.091521386 2.183471347 -0.572925331 -0.802641247 0.293002196 0.567273344
22.093487970 28.278857924 -4.400737782 -0.808400434 -0.431118319 -0.400758052 0.004326369 -0.271356239 1.027304339 0.807003465 -0.247705836 0.824582974 -0.037245945 -1.543203974 2.091856655 -1.312114987 1.140789266 1.813129024 -0.781676445 -0.050782610 -0.014639720 0.041273127 -0.970584306 1.116930637 0.426976735 -0.295510726 -0.358455178
21.560430430 30.968993092 0.864787091 -0.693238106 0.452862670 0.192284220 -0.526652740 -0.080417826 0.646004044 0.356251018 0.084271188 -0.545818552 -0.498006036 -0.035102378 0.222507487 -0.970530882 0.325574946 0.531303509 1.753237023 0.162813268 1.042634324 1.177877094 -0.152814178 0.780767339 -2.295658273 0.996502775 -0.855847824
17.249628893 26.588779812 -3.574579068 0.653462082 0.576847138 0.045287447 -0.488040710 0.107298587 0.554018927 -0.513527843 -0.791634587 -0.193299730 0.392939066 -0.916401714 1.460127083 0.845883621 0.383130324 -0.407629930 1.058977564 0.278695312 1.817910145 -1.311366589 1.641744270 -0.617807403 0.274659225 -1.900893626 -0.364630860
25.084550323 31.171566675 -0.448108768 -0.147840513 -0.051704609 -0.678704613 0.717516456 -1.432400293 -0.026366987 1.509899480 0.330458494 0.629554591 -1.257868234 -0.089239607 -0.381017772 0.068037095 -0.750683428 0.268377084 -1.228860517 -0.073126525 -0.364332705 0.741010180 0.531840534 -1.209281676 1.097555372 0.596226301 -0.006925501
12.854389981 26.806361792 -1.106397108 0.037642994 0.970075691 0.170416997 0.168802267 0.464085632 0.577775030 -0.609483637 -0.390974225 -0.347607874 -0.554457860 0.129760289 0.258642125 -0.306738800 0.773240324 -0.233384379 0.714014001 -0.605123655 0.827750647 0.183411027 1.098309597 0.885959039 -0.242062975 0.359733289 0.185659984
25.529915126 36.846204117 -2.107089327 -0.235258986 -0.782529844 0.242057716 0.523171400 -0.459219689 -0.920011562 0.456086289 2.075429413 -0.076993417 1.587885343 0.059512803 1.497088901 -0.627274269 0.914983250 -0.416690118 0.970023978 -0.987444988 -0.629490752 0.808324610 -1.052587724 -0.175896698 -0.406610793 -1.115487132 -1.068093008
20.035747112 29.041373318 0.442575442 -0.399130580 -0.806185612 0.011822964 -0.436600225 0.600025700 2.155952433 0.607402745 0.631773207 -0.043388012 -0.392180350 -0.698139616 -1.595563232 -1.031538504 -1.625408430 -2.508736293 -0.490402947 0.881509413 -0.555766868 -0.751557841 0.943591633 -0.574580661 0.664789526 0.143928883 -1.171610289
15.525803142 37.126268066 4.342758846 0.355036896 -0.278369333 -0.779313486 0.434890571 -0.543473277 0.673282566 0.452298424 0.920267637 1.049773429 -0.088809347 0.835994375 0.408572945 0.704537954 0.529966958 0.014442883 -1.163370157 1.759174079 -0.246206091 -1.620212346 -0.823580135 -0.225945354 0.440211760 0.429742657 1.156259025
8.623112023 31.034692021 -2.708613382 0.557849848 0.822485405 0.031137381 0.106544680 0.455258895 -1.121780038 -0.175670135 0.182970605 -1.364364820 -0.774018284 0.846261318 -0.987162411 0.754667377 0.774892480 0.116902011 -1.383386809 -0.946674124 -0.998841048 0.360511142 0.762728305 0.753507993 0.574784632 0.014874879 0.132162298
21.267633982 32.659212961 -7.597943196 -0.480550920 0.481071611 -0.650366537 -0.338621155 0.156571592 0.607140346 -1.052624081 -1.177991166 -0.756334944 0.609771970 0.439288231 -0.573737081 0.495272709 0.850473382 0.997937156 0.220720615 -1.081667167 0.859207568 -0.951846799 -1.247295723 -0.902564186 -0.694683187 1.837800267 -0.875699610
18.586976111 32.524910497 -5.501370842 -0.925363220 -0.355961706 -0.019299366 -0.128925207 0.005558177 -0.259969018 0.347002275 0.872147987 0.117597734 -0.226391757 -1.025145580 -2.166934953 -1.985464917 -1.668762088 0.036325836 -0.015995860 0.493269359 -1.070495121 1.722405653 -0.454255181 1.305091471 1.771076212 -0.228399537 1.241261452
16.732217187 25.835634372 -7.749853752 -0.263891553 -0.079438537 -0.467789406 -0.839776065 0.755742087 0.565477698 -0.572683115 1.588593158 0.894632504 -1.494741058 -0.294185836 1.176830197 -1.265143880 -0.303439297 1.734397756 -0.317389454 0.018696511 1.894904489 -0.570486575 -0.351744113 -0.425997991 -0.322522061 0.967448490 2.165440743
16.802754355 34.238360416 1.100737798 -0.938719725 0.175333531 -0.295729653 -0.024645565 -0.248266265 -1.062748859 -0.254691800 0.242206850 -0.333096585 -1.984377815 -0.457368227 0.269656976 0.831151394 -0.900916331 -0.629055491 -0.116941994 2.168785900 -0.613326290 0.003507031 0.679095927 0.801395499 -2.389289699 -0.287501682 0.921008518
17.464760922 30.010642148 -8.942394502 -0.467118514 0.834922443 0.125010542 -0.262825364 -1.190351298 -1.956568345 -0.275972925 0.339157271 -0.383201924 -0.214403148 0.360454018 -1.424669123 -0.758795459 -0.383281932 -0.636180949 0.609479104 0.999436175 -0.984595198 -0.630819200 -0.996242645 0.303447959 -1.441566236 -0.791554595 1.146202226
8.909725905 33.723032124 -1.885774649 0.000814790 0.868513506 0.474011666 -0.144901918 -2.517381387 2.130113491 0.647285392 0.925438655 -0.573597243 1.291119712 -0.096782177 -0.345974606 1.845219159 0.228586684 0.008191709 -1.348980654 1.927135325 -0.957850797 -1.158487795 0.392155964 -1.991199699 1.358012264 -0.644783876 2.211971764
9.164296141 28.877963829 -2.849698083 -0.670976976 0.356239733 -0.567755310 -0.317075793 -0.156926030 -0.621958927 0.557434559 -0.282649434 -0.059637736 -1.257589800 0.224143398 0.558160919 0.414787797 0.981062469 -1.289835999 -0.022896457 0.873645305 0.654842512 -1.189245676 1.971212134 0.449883499 -0.528585547 -0.018268372 0.132432540
11.440071266 38.509146584 -1.128884952 -0.709278642 -0.266017005 0.017677088 0.652568987 1.179857692 0.434230456 0.810930167 -0.648544269 0.419223410 0.154238640 -0.872954286 -0.713668443 -0.369612919 0.113625445 0.440443238 -0.719124657 1.267603462 -0.553240776 0.582608250 -0.272403345 -0.378712641 -0.074822989 0.777292449 -1.100153453
22.033975636 40.846522690 -6.976500997 0.942164554 -0.115765321 0.040100569 0.311955588 0.844374664 0.450399482 0.330280473 -0.258183952 1.229568763 0.674730374 0.666670936 -1.230207412 0.518005657 -0.618149688 0.051091596 0.822021780 -0.732502085 -0.398041594 0.799429381 0.104550150 1.749339571 -1.148394768 0.077603638 0.654668290
17.616417062 38.138798484 -5.818383472 -0.690614533 -0.271966179 -0.272785436 0.612106257 -0.728614273 1.057398263 -0.454090274 1.568614349 -0.144204445 0.347295381 0.369995551 -0.203169221 -0.695568495 -0.311866997 -0.827486284 -0.029548040 0.229917982 0.824171735 -1.238250648 0.615006724 -0.800366779 -1.963652562 -1.146086088 -0.791133689
16.404186311 33.617611979 -5.883322966 -0.553590572 0.490105359 -0.517974995 -0.430158250 0.177477993 -0.002477766 -0.229669529 1.456921766 -0.572964337 -1.249082294 1.034699238 0.473745498 0.846308166 -0.525231421 -1.132193128 -0.736241296 1.284581770 0.017259227 -0.731631719 0.931903012 1.458192093 0.487321036 1.320445461 -1.695447362
11.142542822 28.475939742 -5.598536424 0.218889592 0.867094520 0.095824846 0.437095000 -0.765652976 0.372952043 -1.002083223 -0.654278036 -0.353630209 -0.305711775 0.588877701 -1.255236562 0.644924415 0.143152197 -0.223418356 0.547323541 0.824284402 1.101889596 0.826222937 -0.055445674 -0.090082412 -0.448217510 0.010086554 2.373396940
27.112726867 35.835000636 -1.875557705 0.159824911 0.007932719 -0.842891078 -0.513738942 2.504666811 -0.875348936 1.982301339 0.949131237 -1.275654210 -0.772741473 0.886775750 0.947137839 1.283597217 -0.163722217 -0.230777814 -1.223734778 0.772432084 -2.239182432 0.941791116 -0.023943370 0.470364518 -1.081574905 -0.496955509 0.012762671
15.912123280 35.548420242 -2.241190210 0.712890503 0.298123002 -0.512802449 -0.374090168 -0.498001626 -0.015020610 -1.588965235 -0.509736628 1.564564678 -0.735312354 0.504150975 -1.047771634 -1.560929506 -1.420699330 -0.536984695 0.805457416 0.455211062 1.797792752 -0.337520384 0.789706418 -1.157363267 -0.360019721 2.712310172 -0.237933638
15.966695429 39.584308915 -9.917638421 0.364167380 0.652307527 0.631039069 0.208965794 1.378989441 -0.174345039 0.588664278 -0.794215143 0.726509472 -0.000031771 0.483544988 -0.782924341 -1.187726896 1.286243364 -0.565908901 -0.797694067 -0.338243665 -1.064075657 0.311297519 0.329742105 0.227218820 -0.445351776 -2.507083250 0.576656163
14.821827440 31.885425514 0.520507099 -0.528838000 -0.119812090 0.800548650 0.255141708 0.128359672 0.238658671 0.721158541 1.545218765 -1.014965599 1.988864468 1.223927719 1.077742097 -1.043440802 1.258460679 0.092129097 2.044747090 0.204451842 1.430553492 0.943442877 0.574307342 -1.370282445 -0.172614146 0.466670712 1.144686117
14.148761768 32.718835605 -11.305263771 0.170807564 -0.686602305 -0.040817394 -0.705504069 -0.586930445 -0.850512877 -0.237580367 -0.441301476 1.220080607 1.664956889 -0.522663333 -1.025214367 -0.609979116 0.066099064 -0.075738375 0.211325094 0.226231081 -0.768660967 -1.232801987 -1.618345050 -2.173584827 -0.178075909 -0.599575912 1.377705173
18.585268549 31.556960996 -5.832721729 -0.387048125 0.233266747 -0.060887986 -0.889984847 0.099007374 -2.292371986 -2.258190361 -0.260602005 -0.019467542 -1.701897368 0.565469665 -1.694563228 -0.325464420 1.707060354 0.439390778 -0.121764835 -0.846949660 -0.966974553 1.133460497 -0.002885349 0.636311556 0.164414320 -0.005682356 -0.506559875
16.680516892 23.282038449 -7.099459384 0.464726588 -0.166015170 0.139817721 -0.858439961 -0.137915691 0.492839606 0.157421524 0.155211827 -1.999999473 2.146574764 -0.655926325 0.022320871 1.860952664 -1.954427939 1.343044380 1.184177781 -1.631688955 -1.998150218 0.215530304 0.782739432 -0.958685224 -2.055769403 0.473731488 -0.165546988
22.271769636 34.432318489 1.594544777 -0.098307137 -0.518465112 0.517158687 0.673852006 0.097536872 0.595941729 1.575585681 0.194482648 1.016083755 -1.171353175 -0.294463764 0.100727652 -0.967318360 0.497537790 0.240914011 -0.138266744 -0.360548192 -1.460837936 -1.302237846 0.125083998 -0.652108309 0.544016374 1.415701822 0.634303638
12.971376555 29.794972470 -7.576253448 0.231703361 -0.640880728 -0.246824339 0.688958047 -0.239547845 1.445195382 -0.757770317 -0.679377799 -0.777494593 -0.118126829 0.048645988 0.634675732 -0.444809558 -1.109164787 -0.908286302 1.232583605 -0.918500227 0.246021046 -0.856922175 -0.342263443 -1.158099263 0.889221488 -1.314549837 -1.831979268
23.983064835 35.029601908 -3.294242181 0.884051034 0.043711972 -0.349257070 0.307510215 -0.568214702 0.083605661 -0.141574525 0.074380390 1.447917079 0.768188876 0.882097398 -2.027647425 0.128892317 0.048851530 -0.144737668 1.402478987 -1.486122942 0.836776857 0.751060822 0.395641258 -0.593259416 -0.819184030 1.190487038 -1.235528074
10.274825729 38.243939219 -3.171338070 0.552002024 0.050453303 -0.711697007 0.431550229 -0.316291648 1.200399302 0.699188077 -0.782010878 -0.553487865 -0.583635243 0.422228579 0.077059993 -0.471042783 0.426421053 -0.441053970 -1.234655225 -0.364332129 1.894528375 0.719967024 0.034219624 0.392116622 -0.220809313 -1.666506479 -0.798843858
15.077178219 31.908944037 4.947135298 0.890833194 -0.344052496 -0.283073333 -0.088958348 0.370989880 -0.317825532 -0.417706172 1.228896584 0.013529408 0.626854222 -0.568530370 -1.421208836 1.002327379 -0.878479833 0.855006240 -0.473666521 0.866998530 -0.759908005 0.240207144 -0.075943738 0.208614042 1.080309260 0.189400670 0.009878341
10.860295081 28.034749339 -3.236285336 0.618343135 0.193909319 0.710983450 -0.273044826 -0.815888065 0.286789165 2.635184966 -0.653382699 -1.886224314 -0.698439489 0.070473937 -0.300662767 1.883950499 -1.256604027 -1.352432169 -0.230776054 1.152996725 1.368518411 0.242180908 0.631184974 -1.479291857 -1.755133956 1.777275014 0.147093089
21.971054663 30.193139554 0.909323524 -0.506923349 -0.488574472 0.327167689 0.630305487 0.580692128 -0.103265023 -1.013873684 0.190434359 -0.166760445 0.244662457 0.024625448 -0.468067277 -0.129152786 -1.983625647 -1.777273945 1.242973861 -0.069397727 0.439416562 1.219298372 -0.174912195 -1.859154698 0.174050341 -1.022929888 0.577885990
21.964181854 27.127726194 -7.830115773 0.294752862 0.668205143 -0.448525059 -0.515216371 -0.646758667 -0.240714311 0.569226402 -0.836603054 1.287400477 -0.109385417 -1.247208221 -1.212665152 1.666772496 1.209992997 0.696819390 -0.719805270 -0.986133372 1.203690343 0.827234673 -0.468423096 1.027680753 1.117458525 -0.337169551 -0.509673189
20.857032557 33.787147443 -4.138804101 0.452837524 0.496441363 -0.362112538 0.646033017 0.080188670 0.082853791 -1.245301499 -0.256565260 1.321864682 -0.315590471 -0.621560292 0.152352927 -0.017001754 -0.867030463 1.771789328 0.461695307 0.383970186 0.203453927 1.088512549 -0.883421477 0.726029059 1.285527714 -0.067259151 -0.284733328
20.664798984 29.567138775 -5.766361136 -0.940881512 -0.046805132 0.082627665 0.325152162 0.669140025 1.160096899 -1.005390228 0.894939718 -1.014285768 -0.315814297 1.603890062 0.572619931 1.950571010 1.072514058 -1.381436109 -0.439534306 -0.434449289 -1.511301633 -1.001513764 1.446959065 0.094799386 -1.436599463 0.438724430 -0.067165969
25.710791483 34.213694312 -6.336490504 0.342527834 -0.514523113 0.689187727 -0.378101741 0.298856626 -1.285327658 -2.348443967 0.570291222 -1.278678386 0.823214273 -1.127795537 -0.894828779 0.946827326 -0.890102263 0.667640849 -0.829519624 -0.170945841 0.575090118 0.421703783 0.910958348 -0.191995951 1.289357828 0.484969557 -0.418224094
17.090629606 25.822361589 -6.759102574 0.424034291 -0.220194487 0.612131953 -0.630082360 -0.653080888 -1.936505096 0.036179400 -1.353030589 0.920349610 -0.234324878 0.649450996 0.849292586 0.102628899 -0.122709583 -0.000825160 -1.470251325 -0.452780906 -0.180825916 1.903637721 1.527522749 -1.660108285 0.372256506 -0.097324069 -0.490957964
17.547807582 32.381714355 -5.656901282 0.931566255 -0.360336864 0.045882951 -0.015375662 0.543614065 0.366149242 -0.169294805 0.772342873 1.653009531 -0.160439797 1.385954308 -2.751454007 0.383815975 1.071127036 0.597929600 0.267831972 0.476135490 -0.774398066 -0.084874605 -0.424051779 1.145119861 -0.798262259 -0.120513753 -0.398939082
24.682513073 33.223356559 -5.678216713 -0.676699751 0.033008726 0.629823387 -0.379882051 -2.062779659 0.723101975 -0.740940483 0.126210508 1.675631511 0.536727265 -0.680670144 -1.172108280 -1.311724169 1.825382929 -0.284533312 0.995220066 -0.473530166 1.767015527 0.358173632 1.134134643 -0.849191869 -1.245517393 -1.031205012 -0.956950959
19.723814297 33.163462669 -8.334537528 0.692133189 0.041782781 0.222335875 0.685399596 0.965974428 0.660261873 -0.876584102 1.289804413 1.413591472 0.206423362 -1.453451838 0.309301016 0.077374272 0.359340951 0.934497530 -0.983411418 -0.350206403 0.212087320 1.454475703 0.291809987 -2.160658051 -0.197797727 -0.320803017 -0.264350521
22.287121774 30.121504960 -4.266799771 -0.865060263 0.440882163 -0.235297319 -0.043918460 0.098648907 1.008186026 0.346296759 1.021231155 -1.634919040 1.159978760 -0.128951196 -1.109738532 -0.438682053 0.244926325 -0.543896730 0.249387609 0.412350406 0.061761642 0.037820149 0.621432048 -0.345594631 1.982443541 1.701288203 0.036042071
14.974966510 33.705142587 2.535697675 -0.406225124 -0.037347494 -0.690210715 0.597658332 1.288971419 -0.031585648 0.193799552 0.806656978 -0.202413616 -1.316831925 1.495718629 -0.274206862 -1.363978245 0.532842872 1.072053936 -1.574316871 0.748257524 -0.612744647 -0.605973771 0.436980490 0.468829522 -2.848481364 -0.613500485 0.391993162
8.806200213 32.344864519 -2.178996054 0.186802470 0.266287060 0.595644689 -0.734440905 -0.506042145 -0.643725390 -0.431583066 0.091840139 1.087770872 -1.557723316 1.023671766 -1.371724727 -0.034677860 0.130994804 0.872921237 0.080786490 0.834662193 0.023915474 1.635195588 2.007054071 0.322288990 -0.272661457 -0.055930788 0.591077398
16.324737282 32.691408899 -1.896680824 0.376015650 0.652846307 -0.442903304 0.486045877 1.552766844 1.194641313 0.789082839 0.353588847 -0.641833727 -1.493937303 0.134827801 0.092735154 1.665348753 -1.373862127 -1.241943642 -0.261077713 -0.804339708 -1.694260160 -0.260263444 -0.810389163 0.022311536 0.122559159 1.555501192 -1.839547634
20.872016900 34.515206629 2.960284491 0.254164000 0.781710440 -0.413624152 0.391464570 -0.347593534 0.243121285 1.019672990 0.652737106 0.845199477 -1.744072300 -0.339312057 0.037039951 -0.728842190 1.552872386 1.638994474 2.859497109 -1.000495144 0.166963174 -1.715417726 -1.845720913 -1.249314693 -0.502654576 0.209094156 -1.626626229
18.453350736 35.123239786 -5.764019342 0.337325788 0.583676800 0.101025668 -0.731660113 -1.290880527 -0.617178399 -0.289822469 -0.768477714 -0.227697411 -1.027492578 -0.029618209 -0.390997169 0.242603017 -0.047908273 -0.173019786 -0.555112279 -0.055537820 -0.839443228 0.108723360 -0.443541938 -1.550125096 0.975479728 1.196572473 -0.155832741
22.018871868 32.066723140 2.627358584 -0.522111493 0.635036877 -0.558920667 -0.108330247 1.675850045 0.561746815 -0.082753503 0.002683497 -0.861808509 1.441502667 2.490090466 0.832274908 -0.526005574 -1.514807452 0.915453801 -0.933198632 -0.228717563 0.529106922 -0.239736533 -0.068853561 2.303929439 -0.380802245 -0.738482060 0.349970163
25.291773705 33.928481910 2.886375304 0.320203390 0.502360465 0.432037679 0.677087288 0.068345377 1.801218584 0.158744023 -2.238191364 -0.448559371 -0.111782934 0.127103460 -1.290133944 -0.135236458 -0.489541027 -0.189610955 0.615773687 -0.786554791 0.561681106 0.433461727 -0.037366764 -1.523511194 -1.331329663 1.225235913 1.039254959
13.928329779 25.018692662 -0.453600000 0.942786479 0.036842063 0.331350191 0.001835509 0.232245201 -0.029880354 1.193514504 -0.371767305 0.146374800 0.006003088 -1.437291743 -0.303148503 0.493607834 -2.153809753 -0.156420728 -0.909932221 -0.357144799 0.573411989 0.481879672 -0.076167876 -0.315656919 0.183521812 -2.246087124 -0.330955815
25.240172226 33.437549739 0.043914727 -0.427233889 -0.453585932 -0.770606746 0.133776863 -0.701648344 -0.018842716 0.654984385 -1.094456752 -0.644270620 0.022973903 -1.050622101 0.986154508 2.232908604 -0.652174136 1.117164856 0.258566918 0.814011781 1.457088569 -1.556331260 -0.815149712 -0.584868998 -0.617931880 1.293757972 -0.025529751
25.795681911 35.069008632 -6.385825819 -0.037349395 0.549043106 0.204551299 0.809515569 0.187438048 -2.287036217 0.041829910 -1.537380834 0.878877115 -0.823973581 0.582207985 -1.531393908 1.995947528 -0.047305919 -1.142597775 1.367161966 -0.078566809 0.260206572 1.012398614 -1.113991964 0.143693067 -0.417712393 0.371211480 0.398088890
17.030496281 26.406555568 -0.781274687 -0.538503980 -0.462119465 0.341153564 0.616500859 -1.500883994 1.455207588 0.121420384 -0.144625044 -2.721106514 -1.305040871 -0.556129647 -1.075178479 -0.865949963 -2.086557035 -2.348725568 0.139418052 -1.413365550 1.074228104 1.553492597 -1.020065744 0.540780822 1.342624511 0.542678139 -1.105047838
16.138125779 33.500902325 -3.467970825 0.573084377 0.211174430 0.414358005 -0.674749657 1.362568162 0.998187672 -2.348285735 -1.274580127 0.998325562 -0.115275368 0.176110590 -0.580875600 1.814500019 -0.056227076 1.817220018 -0.919815609 0.160457690 0.501612457 0.390407371 -0.894739226 2.127606691 0.587191341 2.434025969 -1.860068660
11.749530339 37.077030652 -8.737089896 -0.222883411 0.287397710 -0.875337263 -0.318606681 -1.665630797 0.953945130 -1.606966739 -1.648266381 0.893814539 -1.168329667 0.287053952 0.149859499 -0.437100078 1.001782999 -0.594698159 0.056031872 -1.136498356 -1.572285351 -0.774300032 1.780178260 0.363458829 0.956943803 -0.888095252 1.058840868
21.334645171 27.866384909 -11.886553874 -0.448089371 0.634486315 -0.327973760 -0.537658111 0.290074241 1.427121036 -0.585852403 -1.247302476 -0.370706389 0.194109488 0.094275597 0.314326316 0.254236083 1.986329886 0.693333633 0.424568867 -0.992300293 0.351784450 0.077612463 1.537243447 0.079052378 -1.032225143 -0.083811370 0.014456051
12.113305393 26.902259386 -5.156642931 -0.697599064 -0.402417632 -0.447588102 0.388690734 1.093456274 0.250077500 -0.301809792 1.967229166 0.303125063 0.106061976 -0.717374529 -1.629011833 1.172107245 0.514260224 -1.770271628 -1.756532776 -0.452651926 0.115919940 0.499035193 0.568508502 0.186583849 0.855665750 1.497812731 1.522948196
11.487652132 28.545716820 -3.030131725 0.780531798 0.077620705 0.618233104 -0.050328599 -1.356592634 -1.512171721 -2.203524869 2.473465374 0.112573446 -0.070753797 -0.829035827 -0.836523814 -0.675481183 -0.431000264 0.818825808 -1.070818324 -0.348267840 -1.124096471 1.060305505 0.073183797 0.640917250 0.147073016 0.517668008 -0.269510688
14.220454114 36.286229078 -0.813437419 0.099606922 0.987368002 -0.052295663 -0.111570849 -0.196871709 -0.213311218 -0.648904303 0.789433180 0.309253697 1.963509665 0.547302797 0.030142516 -1.049413856 0.044265972 0.437618415 -0.629248908 -1.703253973 0.530977952 -1.938246145 -0.296911265 -0.367468222 0.081534352 0.202693886 1.352629698
10.290118338 29.650597293 -4.869013564 -0.578973346 -0.030821741 0.806276758 0.117293113 -0.234254301 0.770125502 0.319392120 -0.584248292 1.169308536 1.691913182 0.719721774 -1.016938225 0.556576981 -1.921640601 -0.714022071 0.102831255 -0.946305255 0.605419514 -0.428431248 0.899007050 0.654597656 -0.723330124 0.895854508 1.208165237
21.856255312 38.297265852 1.298405729 0.574700303 -0.098084341 0.812282778 -0.017196283 0.183053452 0.696449397 1.053073305 -0.144714126 0.330988531 -1.012522049 2.258682387 0.844083992 -1.001621815 1.372192292 2.745236849 -1.211312850 -0.893100501 -0.966243821 -0.388752048 0.956062934 1.291034031 -0.323552252 -0.076664161 0.353740304
21.695254067 39.320520674 -6.774912318 0.325071725 0.444172247 0.758777864 -0.348275096 0.218052482 1.143335785 -1.839126325 -0.634046053 0.700696431 -1.173652914 -0.455164138 1.093837318 -1.273164503 0.112911481 -0.159314807 -1.273886442 -0.783414029 1.849236247 -1.220296795 1.940131182 -1.906226946 1.065633408 -0.274693094 -0.604763069
13.686142446 33.884124780 -4.162706691 -0.500497906 0.017756506 0.776975097 0.381439709 0.081276294 -1.416170268 -0.365465318 -0.700357873 -0.591929535 0.227807311 -1.171312247 0.610207127 -0.158088609 0.083737066 0.714129753 -1.658944820 0.002757079 0.580875411 0.298659993 -1.277134263 -1.058775776 -0.823685610 0.056150749 2.519071982
21.397782387 38.674021050 -8.552975937 0.604723102 0.664647420 -0.275758646 -0.341336997 0.815097348 -0.351008040 -0.418287745 0.952124761 -0.873139375 3.243153724 0.554102813 -2.050574189 -0.054919691 -0.483329928 -0.119593907 0.741434289 0.631377864 1.659483047 0.910798686 0.549061893 0.218091153 1.129543267 0.620339228 0.203477786
13.513766581 36.531012203 -8.917273091 0.146062866 -0.452293994 -0.761369883 -0.440921404 1.450951524 0.211831125 -1.523693278 1.646933517 0.732406573 -0.508241454 1.018254847 -1.096403336 -0.808802755 -0.068369590 0.189029689 -0.855954051 -0.115427678 -0.529902297 0.524396238 0.360830636 -1.605040767 2.713574831 -0.600026296 0.433652958
13.084166629 26.895113543 -4.519335419 0.768730725 -0.046664389 -0.456443563 0.445572419 1.309284190 -0.884425380 -0.657786158 1.217034285 0.842512832 1.253125789 -0.262571112 0.524191598 -0.500037827 0.124059516 -1.791513378 -0.555257113 1.137839583 -0.772513664 0.968781258 -1.076989808 -0.343784420 0.617012623 -0.299110824 1.497931635
11.556436890 31.325895388 -6.485092700 0.024711910 0.031770901 0.925901600 -0.375614375 -1.450861448 -0.968469449 1.298670466 1.289164903 0.314534786 0.401880648 -0.894233967 -0.359178872 -1.428081996 0.035374142 -1.873619596 -1.098175416 1.275960811 0.443360577 0.444764713 0.938247793 0.403904428 0.974052344 1.815413918 0.316329969
26.954785180 33.708401145 -3.620116773 -0.857061811 0.455758073 0.039228642 -0.237045868 0.564187813 1.093050770 0.893054483 1.121744307 -0.255946644 1.102954302 -1.389632984 1.607463926 -0.781857295 1.105700056 -2.412674651 0.415167538 0.963162630 -0.073489429 -1.268874079 1.300824240 0.131054719 0.806968030 -0.187613476 -0.882167668
21.141228748 34.319023582 -5.131799808 -0.338543234 0.329174762 0.880145571 0.048746571 -0.110023822 -0.687654321 2.365748944 -1.727745739 -0.277284587 -1.117508596 0.700390876 -0.627536435 -0.943606298 1.083029293 -0.872700626 0.173919095 -2.426528079 0.347687949 0.604450330 1.540137618 0.586213399 1.312677188 -0.762216165 -0.474406723
25.340968594 30.746610914 0.708865240 0.102283340 -0.116034519 -0.810482222 -0.564971394 -0.984710599 0.079636958 0.689661691 0.491896717 0.617420017 -1.422220938 -0.469291796 0.890034781 -0.480696096 -0.200704551 1.022910651 -0.423700561 1.049783796 -0.631877939 0.663404935 -1.335921659 -2.795761673 -0.632831711 1.218948681 -0.713341974
24.594508367 35.307861052 -2.962308900 0.567586188 -0.035722265 -0.102404396 0.816139191 3.118494310 -1.937973048 -0.587058505 1.914228210 -1.593170925 -0.509869011 -0.315139863 2.451340944 0.747811466 -0.690594018 0.307743913 0.381487061 -0.506569036 -1.977846833 -0.776828486 0.169190403 -0.549923750 -0.269706611 -0.598506499 -1.000640546
20.567742231 39.263424396 -8.774588756 -0.478498318 0.047703659 0.865282870 0.141595464 0.628083887 -0.137959529 1.145133842 -0.210554465 -0.504012585 -1.123439321 0.842569368 0.764885870 0.087748867 0.327174794 1.046120587 0.328876251 -1.341924180 -1.292628974 0.724368137 -2.084336372 1.352650111 -0.413580721 0.889582581 -0.563069965
19.049972300 27.976328177 -12.719949721 0.059842283 -0.349450550 0.696542731 -0.623804006 -1.952006650 0.561240366 1.283842380 1.055820272 -0.138659161 1.361773699 -0.721696050 0.460218250 -0.615154663 -1.387953403 -0.326280495 -0.006485499 -0.482380835 -0.675156211 0.516978978 -1.012215884 -0.208265568 -0.360231542 0.927193265 -0.173347722
24.243593920 29.717774314 1.288902496 0.080232949 0.374240436 0.090113673 0.919448909 1.398318138 -0.786752827 -1.109049456 -1.260749424 -1.044158070 -0.964049637 -0.111604825 -0.002779761 -0.412470285 0.916949613 -0.441481003 1.406962203 -0.724332194 0.554989736 -0.035594939 -0.017801403 -0.041163983 0.960745241 -0.024237827 0.150517764
19.055111339 27.500909792 3.714872096 -0.037371772 -0.874240650 0.167068382 0.454306935 2.177177672 0.439500648 -1.759960385 -1.276643131 0.250800810 -0.232227523 -1.300262065 -0.361681368 -0.618407738 -1.023371588 0.546353101 -0.138592931 -2.112344130 0.026931166 -0.403803584 1.477214623 1.907502575 -0.187273903 -1.382596885 1.041619179
14.564532369 30.544966438 -0.851432075 -0.116729298 0.391114832 0.860195104 -0.305725109 0.116034729 1.249384553 0.823396357 1.088672414 -1.031838817 1.194545434 0.550855311 -1.085875219 -0.255326735 -0.857323450 1.682452656 -0.053801158 0.255839997 -0.280735075 -0.686260453 0.213623525 1.554149487 -0.037842577 1.000035899 -1.549509862
12.538495459 28.765802166 -8.017861908 -0.238334092 -0.541812591 -0.178827386 -0.785911409 0.049421500 -0.862840720 -1.145929807 -2.833222127 -0.371511630 -0.216318420 0.276189291 0.401360330 -0.865891096 0.862457951 -0.276101614 0.286399796 -0.063104622 -0.558558941 -0.046640821 1.162032799 1.061859747 -0.009668938 -0.632621579 -0.284085836
23.791147829 30.282159533 1.905867166 -0.483967437 0.001481291 0.693276044 -0.533986566 -0.315403006 1.087189620 0.302044117 -0.874955089 0.795661945 0.157089747 0.434591192 2.426856072 -0.438072973 -0.699185009 1.681706272 0.716547562 0.357829468 1.330654439 0.008021149 -0.153395001 1.627034369 2.158481002 -0.653011499 -0.440220898
11.773924169 27.233763513 -5.665754324 0.807143702 0.504567342 -0.270679574 -0.143747733 0.823096580 -1.159560901 0.755211501 -0.048130078 0.242220111 -0.175750246 -0.249733389 -0.438908430 0.932149858 0.912590745 -1.981484208 -0.906529983 0.886157477 0.034778547 -0.109024460 0.870500445 -0.632398281 0.272806607 0.284971426 -0.242920436
15.052006158 30.584467341 -0.265645194 0.792637401 -0.261513765 0.212732172 -0.508017247 1.125864723 0.826421573 0.174945048 -0.919255069 1.237311861 0.981938424 -0.848634842 -1.242956475 0.828775350 -0.691988810 -0.189709407 0.790681204 -0.006472880 -0.736768304 0.433771984 -0.364412510 0.620193657 0.461083139 -0.296733731 0.431519969
13.569250805 24.621427768 -0.972013045 -0.130416566 -0.710446865 0.201349861 0.661600336 0.261917238 1.265972054 -0.370976698 -0.936883306 0.359520633 -0.719195617 0.494475631 -1.203973790 0.028663194 -0.366404030 -0.919129596 1.108976140 0.593075850 -2.278593702 0.409769561 0.125770530 0.615276536 0.648286531 -0.214989765 -0.114274088
24.121014605 24.602527012 -4.863605868 0.660670483 0.154567629 -0.635734792 -0.368055205 0.085485684 0.722960694 0.598590385 -0.461312549 -0.689385959 -0.516220440 -0.504907239 0.559039784 1.087679419 0.469790387 -0.623683334 -0.032572020 -1.529744295 0.143453714 1.433922636 -0.219156141 0.749880550 -0.705227387 0.167253391 1.034371529
10.579154161 31.375525879 -8.575078023 0.746596379 -0.385535985 -0.531402262 0.107552255 -1.056233013 -0.927403975 -0.595775729 -0.551664747 1.844181189 1.568318644 0.491576413 1.322761853 0.923707720 -1.610236805 -0.057024358 -0.245275993 0.218146159 1.517943829 -0.383088865 -0.742081804 0.825695803 1.685925858 0.754847305 -0.002590328
21.224213585 35.396221398 1.066832636 -0.917718815 0.169090078 0.332625313 -0.136239217 0.047615153 -0.356848941 0.065421214 -0.279169941 0.262205359 -1.623722901 0.636012354 0.401893875 0.512405795 0.416893053 1.216372936 0.078184333 1.137497453 1.742913079 0.744701077 -0.005984455 -0.542635491 -0.031374026 -0.312625965 0.834152700
9.804260224 35.301364470 -4.075106114 0.509551120 -0.708452857 -0.274163011 -0.404087675 0.465677061 0.763695300 0.446504661 0.485835036 2.483496408 -2.657145477 -0.302060665 0.425233116 1.391911339 -0.044962783 0.064188005 1.598084484 1.112345494 2.440083848 0.636095516 -0.026758781 0.616743922 -1.707170866 0.970040896 0.175052496
19.913667180 24.570113140 -4.627886902 -0.475946686 -0.409502807 -0.538741656 0.561729145 0.507365410 -0.762495577 -0.620575553 -0.577924013 0.091122827 0.818184975 -0.450488459 -0.711694223 2.796425872 -1.284789649 -1.311914120 -0.487663031 0.665821907 -1.281629286 -0.625525645 1.618300596 0.277902484 -0.386478729 -0.624194665 0.197013478
13.110118239 28.949347019 0.441835185 -0.680868723 -0.216112286 -0.430119019 -0.552006242 0.097007368 0.251532126 -1.347129857 1.095543283 -0.007820333 0.987466194 2.062851413 -0.010804929 -0.302663815 0.682347622 2.530334904 2.205682803 -1.244240363 0.697316026 0.754476103 -0.225907719 1.165451645 -1.015969954 -0.042133538 1.109946431
13.269513948 32.555075962 -3.337575271 0.256974815 -0.129830657 0.625474040 -0.725182853 0.089348007 0.568787704 0.879103891 -1.291327970 0.279192538 -1.082381874 -0.600115630 -0.389484739 0.548159628 1.511136210 2.200246212 -1.324594142 -0.742690747 -1.362360745 1.452044180 -0.355408239 1.782767997 -0.630259590 -0.409974546 0.328981106
10.813766314 30.775716601 -3.377503892 -0.495346926 -0.733530467 -0.061716834 -0.461254278 -0.232627685 0.439402829 0.853668823 0.405120607 1.061159091 -2.064694426 -0.745883089 -0.234727741 1.670390454 -0.167314770 0.316402216 0.434404321 -0.149085094 -1.413967380 0.860032296 -1.121507630 0.779658678 1.593639919 0.904737917 1.328761836
21.604087256 28.239296746 2.275162600 0.231600167 0.216758985 -0.844028705 0.432426236 0.284998469 -0.597749054 0.635483678 -1.281247173 1.200260299 -1.630565123 0.054189118 -1.826378633 -0.621766443 2.830332435 -0.487654349 -1.925453314 -1.138275140 -1.210858204 0.725024272 -1.473872778 1.142667120 -0.268840433 -0.716324462 1.101412301
13.921459325 37.526017438 -6.964122314 0.865010038 -0.366935039 -0.300325445 0.164076015 -0.863599834 0.877137886 -1.998844843 -1.742057488 0.999605437 1.052914411 0.723609941 0.139941821 1.450789308 1.511346446 1.148189731 -1.718107273 -0.554775820 -0.876927481 0.224882455 0.067546824 0.183628602 1.562494803 -0.234856132 -0.242860303
23.738837415 31.830605165 4.108398531 0.515501292 -0.412113747 -0.713859357 -0.234148449 1.457644653 -1.408161114 1.435159612 1.175559415 -0.655321200 0.196648881 0.802522390 1.841461337 -0.736243845 -0.890303073 1.214718701 -0.388651694 -0.740705526 -1.344414287 0.464015146 -1.117909102 -0.057008850 1.462991289 -1.157963154 -0.746121160
16.498239339 26.782328380 -6.298201987 -0.396886195 -0.412952425 0.412729903 0.708241252 0.174056023 -0.796994949 0.747140786 0.155547157 0.626516690 -0.541523132 1.404842319 -0.527791220 0.848397680 0.793892271 -0.612221349 0.842344374 1.594792587 -0.357581191 0.313834253 0.330351233 -0.881894477 0.472907904 -0.008900510 -0.613826929
19.784580589 27.711413005 -4.561427868 -0.145886115 0.894537119 -0.402886679 0.127290643 -0.025276427 0.368646131 -0.738796300 1.284364543 -0.375245731 -0.729575826 -0.094551659 -0.299644921 1.451926533 0.281381152 -2.450320463 -0.580028383 -2.198915657 1.590816437 -0.465988527 -0.497845261 2.451159069 -0.188195752 0.590418269 1.364489531
15.579040032 39.884024284 0.009172280 -0.605848177 0.428402067 0.478443496 -0.469586495 1.108061064 0.177982983 0.810760432 0.552499018 0.524761894 -0.075811735 1.809229575 0.684168152 -0.490217879 0.698777244 0.702782243 -0.695863253 -1.005811159 0.715724343 -0.518044889 -0.512438953 -0.934958430 0.118575030 -1.363612160 0.089123898
17.164668208 25.938655156 -7.328924050 -0.498804464 0.237542076 0.755075137 -0.353028904 -0.068930253 -1.037882416 -0.511410993 -0.848619661 2.407413184 -1.696736746 -0.786134919 -0.340470154 0.192545307 0.114170546 -0.236469548 0.741580183 0.435390572 0.353107929 0.620413267 -0.171614767 -0.105566840 1.724516083 -1.444919032 -1.098128868
11.381658554 38.565794384 -1.940925364 -0.156795468 -0.774512026 -0.319096441 -0.523186166 -1.105385772 1.695941876 0.208971072 0.012502948 -0.244112483 0.382080217 -0.308316663 0.322278706 0.670359492 -0.323863796 0.367578693 -0.184665184 -0.237181544 -0.880932282 -1.042708651 0.398974056 -0.362537675 0.518164144 -1.191838532 0.417055310
22.053823170 27.524968706 -8.874465810 0.539556949 -0.337293534 -0.730697726 0.247370580 0.958655016 -0.394566476 -1.408199395 0.143654168 2.733136005 -0.238442479 -0.554361688 1.137773863 -1.232028079 -0.360366452 1.799096680 0.695254002 0.879172503 1.819491754 -0.679571100 1.141419996 -0.608124663 -0.058439589 -1.068166549 -0.740521316
12.677041680 35.758980781 -7.518061247 -0.430601615 0.470764172 -0.766424345 0.074545735 -0.137077023 -0.462563044 -0.203794737 -0.994838416 -0.602430436 -1.816331877 -0.884763477 1.094601033 0.022883464 -1.463676204 -1.702335529 -0.443633149 2.721822509 -0.093553307 0.334518577 0.170838627 -1.179476583 -0.952368500 0.399920352 -1.029501339
15.456716687 38.618594377 -2.906422315 0.767175235 -0.552998564 -0.268994958 0.182418361 0.203438566 1.235712552 -1.438641255 1.710813810 -0.657434750 -0.270383843 0.403535340 0.062678391 0.612085828 -0.082932947 -0.043659431 0.324246630 0.592061905 -0.298073905 -0.391013280 0.882981129 -1.835929211 1.942556745 -0.743120860 -0.785962603
14.715057515 27.883679885 -0.696311053 0.209300925 0.702261848 -0.425116207 0.531316883 -1.142643692 0.202309593 1.043115054 0.736502904 -1.686961655 0.236744568 0.551607768 0.790221097 -0.543318673 -0.694339866 0.355226497 0.360783646 0.778681159 0.707237994 -0.583473489 -0.690820703 -2.235235678 0.266214158 -0.034262148 -0.729793426
21.578557487 33.403681119 2.841034557 -0.708191315 -0.646438446 -0.131703309 -0.251468953 0.161876885 0.539398736 0.994415832 0.719553110 -1.249261315 -0.218509323 0.330810473 0.683565607 0.804577471 0.422890398 0.365378842 0.945781297 1.835691882 0.521813781 0.884933408 0.240295871 0.154178244 0.494602870 0.252075107 -1.651351956
18.180481369 27.960697300 2.021518743 0.934731303 0.349220356 0.049091125 0.043733235 1.090516773 -0.904345788 0.814132781 0.445992184 -0.569698245 1.513069010 -1.176136916 -0.697059067 -0.188134756 0.626236314 1.033235612 0.039615207 -0.852183402 1.761814895 0.563046683 -0.631685561 0.618084501 1.548755547 -1.345736079 -0.033708039
20.791627354 24.341395949 0.788479960 0.229250719 0.704683031 0.455134013 0.493679009 -0.749703880 0.073019071 1.886243446 0.134246372 1.187105271 0.007275722 -0.404240168 0.632396273 0.158590147 -0.433158010 0.374722520 -0.162513082 1.164409719 0.763902142 -0.402488103 -0.536208936 -0.484819343 -0.795299090 0.496404237 -0.259146585
26.691834086 29.940231960 -1.092795550 0.182417576 -0.107605896 0.320925280 -0.923120666 -0.739545640 0.110159770 -0.001158673 1.534424623 -0.033448447 1.372299162 -0.764058750 1.329742432 -0.277095731 0.397160008 1.606029260 -0.504613966 2.096531648 0.757352664 -0.005915513 0.812530183 0.969172123 1.514296213 0.998301345 0.870653608
15.897045757 23.736812798 -4.620233483 -0.529345162 0.690683062 -0.365755159 0.330111754 0.041879909 -0.580695136 -0.523265281 -0.031625897 1.508704391 1.185669323 -1.943854389 0.781740523 -1.073417013 0.562878459 0.082156204 -0.564125424 0.005889190 -0.146905481 0.439730625 0.659631331 1.854588774 -1.648608965 -0.444432426 -2.301632472
16.655880547 28.082159585 -7.900480931 0.108404016 0.382453937 -0.868005515 0.297563408 -0.735089911 -1.751124777 2.749173876 -0.645910820 -1.464268041 -0.931006901 -0.177013620 1.926744420 -0.038712392 0.038748682 -0.016806489 0.902110569 0.530595966 2.150017637 -0.570015364 0.329150425 0.582121735 0.039585810 1.141510917 0.164905219
24.026624658 33.349240694 0.715303089 0.482971044 -0.693873259 -0.012304886 0.533973278 -0.311839647 0.912623515 2.771578308 0.163111526 0.213342050 -0.589428704 0.576572933 0.956237578 -0.494431439 -0.735095382 -1.594158786 -0.581411288 1.790493736 -0.042424142 -0.298309258 1.554643374 -1.257781525 -2.703419875 0.847431416 0.770809956
14.790869556 40.649027160 -5.948564140 -0.255315231 -0.753427192 0.572632126 -0.198126344 -0.353819037 -1.524168364 -1.248511347 -0.322845340 -0.647557789 -0.200090303 0.344618638 0.866683735 2.068566766 0.609617515 -0.089439261 1.168696935 0.945131902 0.459307564 -0.047933627 -0.863690718 -0.990984543 -0.243145197 -0.710831332 -1.842819841
21.753441484 34.978789924 -2.514206475 -0.907871106 -0.297469845 -0.293285111 0.035575140 -0.187240688 -0.316051525 1.245858954 -1.476542867 -0.304544247 1.209469973 0.885175964 0.226754189 -0.071436801 -0.321439830 0.500708945 0.866245572 -1.259839232 -0.032835672 0.357298747 0.962856362 0.635680868 -0.837955763 -1.454175113 1.403556411
12.732844361 39.326695655 -8.154363055 0.881632693 -0.103545529 0.139829452 0.438691055 -1.726582396 -0.233391002 0.833499072 -1.201702551 0.204780596 1.067893010 -1.036932319 -1.784795129 -1.093212225 -0.016631298 -0.853169325 0.962117777 0.818825934 0.611058463 1.199572891 -0.551754299 -0.820822236 0.060208239 -1.303215808 0.693114618
17.659362747 31.746121891 -3.078361294 -0.511820343 0.134832189 0.745319835 -0.405411595 0.730600790 0.926293422 0.100275274 0.157065211 -0.931839492 -0.155191377 -0.337336085 -0.832103468 -0.649175066 1.404008386 -1.803789271 0.634628386 -1.207447643 -0.771317052 0.559455944 -0.547733335 0.350196318 -1.007815053 0.689117101 -0.303743043
22.169334082 36.816623628 -7.198432969 -0.406445440 -0.489420366 -0.673591752 0.376223286 0.304729868 -0.687069107 -0.418676530 -0.561053729 -0.542895153 -0.014206315 0.645477776 0.413204480 -0.047295849 2.093311505 1.201522362 0.747851437 0.679733133 -0.476572817 0.265455814 -1.045316434 -0.245393708 -1.253296828 0.918643072 0.541309219
17.017870605 32.533339504 -0.762622642 0.957150139 -0.103293930 -0.044476803 -0.266862866 0.506069557 0.128642839 -0.305830839 1.289889824 -1.515731520 0.056854088 1.462436215 1.085414353 -1.818821845 -0.149909687 0.845358086 0.805789760 1.716367883 -0.473374739 -0.237518975 -0.053673218 0.136601931 -0.556148125 0.549429940 -1.322230431
17.268555201 33.410144512 2.942796797 -0.761963521 -0.011513220 -0.465882734 0.449702475 0.791197308 1.442383477 -0.256406960 1.916224709 -1.257596226 -0.916708475 -0.678835515 -0.589393826 1.472779706 0.534772396 -1.747817022 -0.628372491 -0.894448621 2.027902606 2.628879351 1.856493482 1.637315681 0.214092883 1.056677779 -1.159937410
19.644212000 24.706124330 1.424573085 -0.532024665 -0.514993400 -0.628580990 -0.237944307 -0.177075289 -0.742354355 -1.158948346 0.703875958 0.244473898 -0.917841599 -0.546892917 -1.116228726 -1.161154786 1.411495608 0.767844125 0.352847050 2.220320195 -0.495777064 0.392794656 -0.537589176 -1.674091078 -0.796249279 1.357324414 -1.839289306
18.957680056 29.403727533 -12.857594895 -0.422348671 -0.289039247 -0.555539011 -0.655327644 -0.487025509 -1.720323407 0.219839639 0.492595147 0.364017231 1.169843240 -0.853032314 -1.004313304 1.912983849 -0.216046056 -0.686203412 1.001984968 -0.089186134 1.234719291 1.848368610 -2.055846359 -1.003571088 0.202723918 -1.319192436 -0.312709242
22.512430748 34.070121313 1.346048590 -0.428706815 0.372728002 0.097420577 -0.817186352 -0.083234717 -1.768923035 -0.080988285 -1.409011061 0.122053925 1.489710011 1.239188707 1.188710986 -0.634510179 -0.465670215 -0.219918318 -0.643184170 1.111633733 -0.744798522 0.789501890 0.395246186 -2.651111775 -1.975959116 -1.324677065 -1.088260783
12.859706224 38.104071512 -9.041700871 -0.498892360 -0.246329259 0.698855198 -0.449477164 -1.452880435 0.134374302 1.748647698 -1.430947321 1.480401105 -0.804985022 -2.315441793 -0.942433434 0.647311677 0.099407714 -0.045938307 0.664427243 0.456818445 3.346302306 -1.251785441 0.515217664 -0.261129179 -0.900468387 2.223540802 -1.147631965
12.479594002 30.390804528 -0.850734248 -0.338551000 -0.581412858 -0.733306188 0.098001754 0.963369626 -0.006793138 -0.524028024 0.796799347 -0.893328273 -0.685790345 1.173038260 -2.143314351 0.231476483 1.340426885 1.699680867 0.195548473 -0.046252534 -0.573970333 -0.498252500 0.691139528 -0.679290964 0.955922029 -1.004521124 -0.429918700
23.599499670 32.774006783 -5.389475099 -0.129962272 -0.282076804 -0.593724337 0.742316574 -0.618587087 -0.015980471 -0.005295081 1.200662913 1.599915664 0.591880175 0.844200879 -0.282412736 -0.775673034 -0.103655644 0.924913144 -0.769848787 1.941411050 0.604415190 -1.145794092 -0.514067809 0.536776876 0.180341572 1.385749398 0.905113119
25.048845533 27.177802246 -8.558903158 -0.938569590 0.118909284 -0.017083271 -0.323505594 -1.697533552 -0.048655658 2.371812478 0.160484296 0.646208517 -0.331045835 -0.177173111 2.000784283 0.212268556 0.864772894 -0.263324420 -0.038097322 -0.391814201 -0.123753114 1.347505090 0.411956937 1.745281987 0.729345095 0.477936256 0.071803623
9.907933627 36.268957804 -2.392255189 0.357297216 0.811551521 0.450471041 0.103916649 -1.014736833 -0.169926673 0.428997826 0.605332989 0.844978734 0.526726350 0.647234536 -1.226153047 0.720534272 -0.475917417 -0.080115271 -0.310102062 0.803901458 -0.571611448 0.496815234 1.186062399 -1.050241444 -0.502969562 0.586145424 -0.292700785
16.613978062 35.844328952 -13.006421405 0.227644704 -0.517322515 0.818299608 -0.104599497 0.137209852 0.722001249 0.137184560 0.042475853 -0.008988170 -0.389016272 -0.688447919 -0.314510740 1.337745361 -0.831540565 1.037732201 0.593363121 -1.819871111 -0.530786258 0.557716889 -0.788350587 -0.878347839 0.076017751 -0.114241581 0.449608846
14.185081620 24.165524570 -4.832402720 0.906779357 -0.167985031 0.379620385 0.073624665 -0.770869528 -1.980443147 -0.778023681 -0.225824024 -1.614281544 0.914361426 0.636478907 -1.246004402 0.351617765 -0.708948498 -1.349781765 0.974039668 0.541830736 0.586963332 1.282377452 0.064455826 -0.488583351 -0.289847160 -0.107426203 -0.533123344
23.855449779 36.769754261 -5.035952813 0.193010822 -0.305977204 0.472289194 0.803783360 0.185732571 -0.398236430 -0.593730692 0.863212514 -0.689211071 0.173886821 0.765883623 2.005683872 -0.725336506 1.377733946 -1.457890900 -1.921177376 0.392700754 0.584388961 -2.957684483 0.095164905 -1.126287938 -1.275214543 0.113299251 -0.156881443
24.381515536 37.962696987 -2.241911227 -0.436011647 0.859597645 -0.098791508 0.247438822 0.047040065 -0.966551161 -0.104666548 0.991637320 0.857372653 0.731111949 -1.000923413 -0.392070193 0.988865309 -1.240370481 -0.178661184 -0.262178102 -1.044882996 1.202720029 0.084007953 1.376522577 -1.019555646 -0.174998574 -0.478240479 1.175310414
19.772355901 37.344343162 -0.169961428 0.669776036 0.133626009 0.722479146 0.107554798 -1.521503556 -0.140568097 -0.088112312 -1.231105499 -0.165518906 1.208096989 -0.522115223 2.419923354 -1.064065675 -1.198159942 0.889167295 -0.904788215 -1.444248933 -0.404204571 0.203102657 1.117421480 -1.379691525 -1.570299223 0.398242165 -0.841464121
19.691207988 24.407902737 -9.675314897 0.218499632 0.767493447 -0.111511036 0.592264306 1.129723882 -0.039439524 -1.360389918 0.219369154 0.814095900 -0.683723859 0.863018481 -0.238297096 1.237884424 0.337950454 -0.752784672 0.127444951 0.520341688 -1.877067011 0.473854583 -0.600660020 -0.864697996 0.424889041 0.465798463 -1.081927003
25.358495055 33.358802950 2.457047613 -0.101865211 0.990009953 -0.093837900 -0.026423868 0.435899352 0.455669523 -0.324123790 -0.308549945 -1.374172547 0.734247254 0.994684834 -0.649633206 0.392010179 -1.539601284 -0.853212361 0.209021893 -0.167742347 0.431555051 -0.258998471 -2.024541440 0.697044588 0.177205098 0.519756510 1.171598045
13.294950764 31.437392214 4.365770751 0.878589736 0.469935822 0.084811117 -0.006890019 -1.226606992 0.359277976 -1.675089390 0.334184325 -0.333738485 0.680474426 0.330183931 -0.154531883 -0.037374074 -0.604875687 -0.213627569 0.083654619 -0.989258008 0.657998204 -0.509884417 1.344289866 -1.704505579 0.870533281 1.158708021 0.332172785
21.523057900 30.488558381 -1.710171598 0.061851020 -0.826295535 -0.553737195 0.082372681 0.651052232 -1.543345238 1.035673253 -0.392887648 0.712471096 0.831308228 0.092638687 -0.208725522 -2.901385579 0.423005932 1.861273447 0.702468024 -1.014788333 -0.310070180 -2.107699218 -0.524680327 1.032945661 -0.708369990 -0.294834319 -2.172050641
13.255920911 24.604022871 -1.295752745 -0.293863052 0.251857501 -0.835795976 -0.389432142 0.099451685 0.191718241 -0.328260810 0.526334664 0.094475057 0.251867836 -1.297979916 0.233265116 0.998644858 -1.940240555 -2.393510545 -2.534050026 0.058818247 0.548877278 1.358516256 -0.459671047 -0.458087084 0.817207806 0.608138226 -1.485323179
14.843393387 31.434006371 -2.408441944 0.537477938 -0.606350029 0.576462832 -0.105582728 -1.647179528 -0.413963807 0.958603292 -1.042526258 0.152398963 0.362199538 0.482426042 -0.244339481 0.310982363 0.365536482 -0.253659629 2.915874311 0.109897054 -0.005707884 0.804788226 0.280016236 -0.391735788 0.163180352 0.691292981 -0.120325298
13.711156910 36.470406693 -8.358140707 -0.755344808 0.104562693 0.111901055 0.637180522 -0.030265580 0.496594797 0.225728392 -0.174072015 -0.699330269 -1.127697594 -1.350145379 0.491191934 -0.589153449 0.716889511 -0.290877907 0.835094122 -0.899248259 0.278596747 -0.171383210 -0.555507355 0.143212006 -0.968817394 -0.761814244 -0.902795129
21.317142996 25.933722656 -2.607304596 0.293444594 0.874756444 0.369655031 -0.109756964 0.597997623 -0.126965573 0.349753716 0.249526324 1.623543886 -0.725600626 1.257699517 -1.187915441 1.694253854 -1.647587785 -0.133393718 -1.221810260 -0.723253556 0.968021512 0.330927403 0.438823946 0.774467513 -1.329664643 -1.930501774 0.534441912
10.720371437 35.555317528 -3.238842059 0.143617660 -0.725335101 -0.064569374 -0.670144578 -0.999627278 -2.220072013 -0.348456430 1.296079348 -0.463850255 -0.521143670 -1.815718452 0.050834721 -1.197717590 -0.362231350 1.533208152 0.883918679 -0.053862019 -0.332976278 -1.014953943 0.295323842 -0.552736926 -0.329656393 3.344867447 -1.357942566
15.247015125 34.640431735 -0.083033576 0.405069155 -0.852460905 -0.205032350 0.259212503 -0.895060177 -0.675325949 -0.255450678 -0.615075406 1.720153980 -0.847398344 -0.268742511 0.907338022 -0.894269002 -1.479581538 0.404917250 1.478175751 -1.936284182 -0.499830220 -0.575077493 0.440650480 1.675881392 0.722991370 -0.327575340 1.045981966
17.342811327 36.290322747 -5.729455032 -0.558470482 0.550076040 -0.288782858 -0.549664927 -0.158282636 -0.405357167 -0.402016476 -0.131971273 0.310648733 -1.804402805 0.211773327 1.465790979 -1.570225103 -0.868009624 1.534231131 0.719607607 -0.844871573 -1.915000922 0.892068949 -0.940123164 0.108775495 -1.726321456 0.728236815 2.363430640
17.078188658 36.718022331 -9.941339306 -0.877256364 0.153866255 -0.153786796 -0.427897263 -0.525265487 -1.618686399 0.893369362 0.018752904 1.805106037 1.619984999 1.032099460 0.865935627 -0.404425307 0.083894893 0.335420413 -0.512939184 1.022330370 1.747407249 1.086606290 1.275972181 -0.079870946 0.691333842 1.274629112 -0.598582226
11.826909263 25.081547027 -6.453756741 0.213206915 -0.309909229 -0.922488229 -0.086686493 0.181864113 0.476701640 -0.206102789 -1.565458794 0.097628477 0.849457390 -0.676480196 0.439040522 0.770218259 -3.212773648 -0.378218345 1.669199584 0.190288798 -0.302170631 -0.619966063 0.291419927 -0.573718727 0.068908016 1.130054011 -0.278966796
15.288372457 30.979915041 -6.802375366 0.613651173 -0.712281685 0.222049353 0.258420442 -0.940124152 -0.243671064 0.266003580 0.362756952 -1.934451452 0.548196367 -0.195910067 -1.400319395 0.414109017 1.657842827 -1.060451162 0.669701333 0.543148896 -0.444539396 -0.467426964 1.088268165 2.603489231 0.179359654 1.450779949 0.373523735
16.558018015 35.651818066 4.256337526 0.236147406 0.258318400 -0.927977016 0.127924446 0.070897908 -0.318616632 -0.362134274 -0.038769638 -1.302302751 -1.794526953 1.073181473 -0.860405427 0.539657954 0.129635555 -1.270160026 0.686763065 0.170967058 -0.599397513 1.211701801 1.101645541 -0.668004800 1.681888020 -1.202480540 -0.468185276
22.966833955 36.476905701 -11.146274862 -0.256601085 0.463474042 -0.289393186 -0.797244805 -0.504181984 1.366160090 -0.119269412 1.352355989 0.440934097 -0.023416368 -1.157241365 -0.456050837 -0.992820428 -0.086312035 -0.783237251 2.220810228 0.253736336 0.098592878 -1.003535495 0.822151854 0.759039426 -0.689257624 1.343793402 1.603485186
15.305433261 32.780017487 -4.708408134 0.003276911 -0.112038607 0.182862503 0.976728170 0.456570645 -0.420392740 0.777460316 -0.868782998 1.642232144 1.436920224 2.324672475 -0.943258359 -0.235185518 -1.048128190 -1.456809045 -0.338987421 -0.074166179 -1.156465195 0.190902322 0.590028134 -0.092511436 -0.269141157 -0.431605379 0.889761978
15.090380393 26.285538012 1.716177883 -0.848132665 0.111059173 -0.157369898 -0.493529693 0.889271300 0.544779660 1.576822870 -1.525557544 -0.802771949 0.524908692 0.269034518 -1.357722725 -0.172491058 -0.666207587 0.537660841 0.536750811 -1.180503163 1.517494469 1.740955548 0.721701680 -1.084888673 -0.601774941 1.550768941 -0.560709293
11.545671615 31.611515263 -10.785998592 -0.625465218 0.424579683 0.639724829 0.138843422 0.369512829 -0.223759291 -2.029549775 1.448505971 0.939046548 -0.080439085 0.135422351 -1.444977763 -1.250656967 0.127055013 -1.471470948 -0.578815632 1.835474862 0.563560200 -0.299514565 1.136817423 -0.077726939 -0.526182921 1.965679067 0.107741403
24.995465080 31.025412140 -9.177301283 0.217263454 -0.284184836 -0.079012622 0.930479756 -0.217133546 0.507404891 1.383019465 1.735660877 0.118850532 -0.721845836 2.015440746 0.906175750 1.721586980 -0.839544749 -0.593389833 -1.253324608 1.065661132 0.294667152 0.451026358 0.029633865 0.910407746 0.906360155 -0.710112448 -0.539568848
20.326833471 29.916480284 1.032674660 0.504277358 0.113107781 0.836790480 -0.180811142 -0.306543865 1.862042903 0.433805455 1.028171429 -0.654002674 -0.313199204 -1.882827542 1.752481266 0.233934227 -0.051169323 -1.355702479 0.223361629 -0.340173617 -2.415917793 0.075431894 -0.031031059 -0.174134810 -0.325392585 -0.464684269 2.029713046
20.773309088 34.615408932 5.451440166 -0.470532639 0.420721046 0.514667958 -0.580266948 -1.208695028 1.399307793 -0.536478524 -1.729410102 -0.257362084 -1.328901048 -0.208690784 -1.142526467 -0.769220026 0.180811281 -0.773087012 0.213643408 -0.691413536 -1.330794185 -2.714242189 1.101740976 -0.729648515 -1.016834695 0.134159986 -1.149858580
25.344231834 33.930664780 0.320094276 0.251241017 -0.061061163 0.955791976 -0.140039941 -0.153931397 -1.309083466 1.953869630 -1.810534190 0.812378212 -0.515487997 0.647794801 -1.488482536 0.422365900 0.248754497 -0.360481646 0.987232557 -1.766630696 1.181335589 0.009386986 -0.216967657 -0.751639304 -0.465747326 0.911635633 0.193655058
20.786621502 31.072819320 -8.551259329 0.053985195 -0.874754249 0.308879432 0.369437543 -0.393782107 0.313096843 0.300309306 -0.915193730 -0.266735061 0.004552247 -0.699357336 0.661084860 -0.938417365 -1.267074593 -0.800592445 -0.512608962 -2.525078488 -0.692050450 -0.115122814 -3.069077604 0.133569854 -2.038043813 0.985014795 0.567358069
18.708078680 37.868607284 3.047252240 -0.576176411 0.539890595 0.505002768 0.348584413 1.098881258 1.338842703 -1.246772130 -0.149834848 -0.380770102 -1.083906707 0.550895223 0.440806139 0.617414994 -0.835898272 -1.296164696 -1.161977796 -1.130968119 -1.127888712 -0.367149342 1.513172749 0.798865053 0.689249855 1.815926563 0.449370694
18.245258496 27.639283876 -4.454588581 -0.048215946 0.362819935 0.925476229 0.097625131 -0.403542305 -0.367331163 0.548805366 -0.614118518 1.297569710 0.119500731 1.129940507 1.128584366 0.454416158 -0.401389863 0.126675384 0.882728943 0.560105972 -0.677730494 0.420780206 0.527873640 -0.528982845 -0.809772127 1.021285747 -0.971568127
20.251839614 36.077159133 -8.383173056 -0.652535691 0.537320445 0.377139197 0.378483734 -0.587602721 0.002744024 -0.050625669 -0.425693028 -0.840782469 1.327986054 -2.518718676 -1.002873783 0.058052913 1.102394403 -1.578649236 -0.297306133 -0.052047090 0.017007381 0.426717517 -0.051002725 -1.718596625 0.312745460 0.538611204 0.024882044
22.059406924 30.891459322 -0.505309876 -0.167689058 -0.776633750 0.321500102 -0.515129190 -0.921724408 -2.228311358 -0.516936761 0.090222035 0.383934473 -1.680131123 0.426302480 -1.185417853 -0.949933820 -1.496406472 -1.411744713 1.627276563 -0.963616125 -0.851666944 -1.571682875 -1.200928423 0.051871134 -2.118612143 0.691658990 0.742713902
14.200564655 31.340196104 -2.053775429 -0.509743401 0.053773450 -0.792059613 0.331529261 -0.442854248 0.571649994 0.711125212 -1.306878845 1.159183817 0.650539110 0.563203176 -1.241911342 -0.621647754 -0.460160342 0.220369277 1.600050588 -0.921407761 -2.152043075 0.974866411 0.805893964 0.644344434 0.500135693 0.089206088 -0.677071119
19.832228671 30.379709377 -9.951049725 0.722092489 0.679225144 0.076243962 0.106876097 0.787426081 -0.602880125 -0.568320569 -0.767584667 0.947305081 0.102610372 -0.144585497 -0.414989715 1.510257910 -0.402525617 0.224086249 1.744959931 -0.882923046 1.478734421 -0.530103813 -0.482069649 0.031779031 1.452570050 -0.438512133 -0.645074109
20.019046332 28.605246155 -2.028350893 0.209667506 -0.922604257 0.041200959 -0.321159467 -1.635624027 -1.199151788 0.251792667 -0.202854875 -1.784834196 0.538936522 -1.215419777 -0.607093430 1.372240112 0.842584122 -0.612646800 2.101270395 0.001719149 -0.674619194 -1.374849142 -0.189545204 -0.505807897 -0.567657013 0.695035512 -0.449194226
19.070787108 29.008442183 -3.371629800 0.138205449 0.937349518 -0.066516560 -0.312810936 -0.445198341 -0.696457754 -0.557393649 -1.272147721 -0.887185579 0.130999108 1.037434723 -1.007916091 -0.734543766 -0.121573956 -0.907693461 0.584395435 -0.297588435 -1.871559295 0.546832050 0.315160686 1.536495286 1.235378625 1.526227238 -0.564871826
19.345032712 29.472909121 4.497942646 0.831886044 -0.451213980 -0.323057264 -0.002357554 -0.256181693 -0.976191543 0.224682339 -0.648950836 -0.250187542 -0.366637138 -1.154808783 -0.482609371 0.664479656 0.545975398 0.869024268 0.119570317 0.624448188 1.272192166 -2.317112352 -0.306615692 0.715139419 0.312530845 0.514648130 -0.107072080
19.630017682 28.917512569 -7.737381800 0.034733827 0.331289711 -0.784302665 0.523364135 0.174445655 -0.418850793 -1.130596865 1.599661859 0.726086969 0.567323187 0.330016078 -0.123175958 0.769285764 -1.393843157 -1.185618243 0.818061367 -1.285245420 1.448643269 -0.447267784 2.555558114 0.849255118 -0.862658316 1.838128852 2.038742006
23.088121050 26.722692902 -1.256869057 0.745867234 0.659372112 0.067326573 0.066163582 -1.226697909 0.263793189 -2.299238233 0.749226808 -0.319996040 -0.010462857 -1.665172414 0.037053560 -0.773242372 -1.270175163 -0.199109196 -0.785663514 0.414995478 0.220729935 -0.216303273 -0.563991526 -0.398678973 0.424203930 0.220445783 -0.556382420
16.181419361 27.053929329 -6.234277514 0.747954246 -0.087063327 -0.462241591 -0.468313073 0.325936040 0.357483609 -1.224302073 0.798134342 -0.910046322 1.351618419 -0.650494754 0.614159196 0.935740491 -1.461642764 0.622621266 -0.693478987 0.484048713 -0.101337509 0.531815855 -0.892964881 -0.562563249 -0.608321344 2.164441497 -0.282543872
12.807932465 26.883109486 -6.126325656 -0.758457944 -0.241560519 -0.566124119 0.214227786 -0.479622925 -0.341012432 -1.367582697 0.655159414 -0.781902313 0.053406277 0.407914902 0.631606413 -0.904728826 1.221417987 0.163314944 1.327627697 1.830843856 0.496275164 -1.239168202 0.260278795 -0.314742390 1.076288136 -0.671129456 0.566588167
19.593206210 39.402845489 -8.686922683 -0.383697457 -0.258517119 0.584180006 -0.666842471 0.116370953 -1.523765299 -0.398480512 0.899214762 -0.507550043 0.468590022 1.310646026 -1.048465304 0.022036050 -0.212502352 -0.358593472 -0.525459290 -1.311373958 -0.414655090 -0.519111953 1.199701857 1.148103595 0.008422640 -0.683316982 -0.317115164
23.757117137 31.204371938 -5.972171178 -0.355202386 -0.130186193 0.040260689 -0.924803707 0.408292993 -0.449092333 1.798091395 0.463269778 -0.798813269 0.154677506 -0.347563993 0.589370073 -0.968450165 -0.919212838 0.394592816 -0.858731183 0.461732242 -1.421212952 0.465997572 -0.044114734 -1.937007197 -0.538510162 0.479221809 0.109520253
25.199529978 35.963351413 1.119529786 -0.510713696 -0.499548931 0.454761747 -0.531802727 -0.085776992 -0.320696996 -1.520684363 -0.100026249 0.135530941 0.472578696 0.134521404 -0.082669563 0.067746866 0.230003992 0.920491867 -0.420273935 0.253489093 1.040086752 -1.877510734 -1.317840479 1.235326638 -0.224999614 1.436162695 -0.287733563
22.075590360 35.873687223 1.204474281 -0.896189039 -0.112204077 -0.428544750 0.024593656 -0.660127053 -1.232971590 1.181837648 -1.788315239 0.640553331 -0.480586079 0.431228383 0.816774704 -0.223019296 1.721170112 1.497670178 0.682260586 0.798194638 -0.113657541 0.910626242 1.253481768 0.105924906 0.671492565 -0.852025246 -0.782952039
22.243125986 30.292129270 -8.445135667 0.587289479 -0.660463850 -0.222520138 0.411537799 -0.494970660 -0.038116747 0.382354190 0.881375940 1.008776330 -1.021539254 -0.538879559 -0.836122136 -1.017663705 1.055112102 0.475959324 -1.427711993 -1.089378879 -1.081024920 -1.021946067 -0.009383970 -0.107834000 0.643030563 0.473884990 0.807866002
21.923262492 29.093795183 0.514731207 0.020982180 0.101895808 -0.957211994 0.270041092 0.724965729 -0.458028886 1.380439090 0.949768139 0.265159994 0.980848969 0.838644913 0.803704926 1.978036010 0.474082137 0.701872745 0.323104252 0.321835149 0.289963060 -0.413696035 1.741635553 -0.797112556 0.499246182 -0.173937563 0.041766134
14.555040366 34.691008547 1.969535920 0.512631068 0.534242827 0.579780874 -0.340070768 -1.008368242 0.100242323 -0.721984224 -0.408751368 -1.108068006 -0.725476106 -0.017263956 -0.051041887 1.444370645 2.489416097 0.134514594 1.558078598 -1.118354749 0.363815218 -0.553572729 -0.690457826 0.417440705 -0.137590886 -0.253654315 0.508661428
21.984096190 25.713773349 -2.089901672 -0.000863742 -0.189981616 -0.498799128 -0.845639208 0.137847115 1.345543266 -0.352276616 -0.326055560 0.362409367 0.422840072 0.418015136 0.482544230 0.606426438 -1.018896085 -0.657404825 -0.106969545 -0.072946826 -0.765926665 -2.716362242 -0.282933304 0.101157217 0.811138130 0.308623826 -1.564062533
16.090597075 38.463761298 -1.499087322 -0.082703888 -0.211053071 0.848666445 0.477893223 0.378053053 -0.787924246 -1.370828850 1.592757820 0.875432183 0.482936611 -0.048096937 -0.326673053 -0.265256206 -0.347640852 -0.203961014 0.415846963 -1.215240682 0.125605817 0.051524336 -0.956746229 0.705476463 -0.088401758 -0.699663577 0.048894406
24.013482925 30.246331217 -7.804054894 0.170687514 -0.107772837 0.918362221 -0.340384517 0.149706343 0.034673017 1.145286624 0.187515493 1.081348539 -0.133540552 0.949574215 -0.654856967 0.913133615 0.377915502 -0.576511970 0.740644772 -1.112365074 -0.491618527 -0.249971684 0.181311771 0.332326950 -0.101885416 -0.608264751 0.981481708
16.980462282 36.433923795 -3.703990142 0.235917372 -0.758224905 -0.447519512 0.411295846 -0.316629131 -0.923138743 0.532390714 -0.135573811 0.110927908 -0.648317280 -1.119975003 -0.536864627 -0.719026467 -0.145323860 -0.268874965 0.802014973 1.002263667 1.275808957 -1.136803989 -0.076262576 -2.059297685 0.407184673 -0.029106973 1.135356621
11.354713076 31.315644427 -10.603423303 0.411448508 -0.432596024 0.338260025 0.727427633 1.388870877 -0.068160484 -1.037019883 -1.629560485 -0.136082805 0.834634713 -0.051402365 -0.033200043 -0.822112625 -0.254043193 1.066490115 0.206787017 -2.213355871 0.422850916 1.348853173 0.073213576 0.497482286 -0.707375123 0.173259530 -2.197992579
12.353137131 35.614026785 -3.701371158 0.560741638 0.691811332 -0.000194361 0.454935005 -0.685600023 -1.402521983 -0.169162816 -1.301183748 -0.329586588 0.375110776 -2.125191238 0.385149903 -0.196590084 -1.331210953 -0.368292404 -0.729453034 1.122065070 -1.432993891 1.139162548 0.694336067 -0.105408483 1.226856990 -1.375582675 1.436116510
12.228819861 31.382012823 0.041947508 0.741179904 0.464696332 0.411507552 0.255677929 -0.093604196 -0.058908571 -0.589828841 0.438572037 1.205772907 0.743595762 0.035902756 -2.493794263 0.259598692 0.372616224 0.672796611 0.276069203 -1.103298902 0.049848799 0.075349643 -0.059707463 -0.044389154 1.032693572 -0.355642472 0.760595381
16.896124837 36.142619154 -12.420566234 0.750281015 0.315680053 0.182659813 0.551416263 -1.046442950 0.276507688 -1.115288695 1.532255556 2.424553254 0.542884672 0.197267004 1.709388000 -1.228649224 0.263830151 -0.585460080 -0.306158738 1.293820399 0.561479242 0.612952061 -0.327622814 -1.703264196 0.500355761 0.295369838 -0.136572422
16.650043623 31.741352588 -13.205213746 0.765514281 0.121589543 0.410704332 0.480131045 -1.158011495 -0.760823275 1.030940598 -1.417403823 0.608258351 -1.699749657 0.196009444 -0.863988319 -0.561319717 -0.572248913 0.381545092 -0.878932712 1.697442458 0.506944919 0.538573499 -0.863581123 -1.283556163 0.226077259 0.219794315 -1.608275852
10.121770887 33.835162226 -1.709286962 -0.631293694 0.744459301 -0.163203943 0.143572606 0.301138476 1.049015245 -1.301454085 0.358593793 1.381260769 1.588295221 1.979537826 1.657622498 -0.473219065 1.274808840 0.200223770 0.138432540 -1.310970316 -0.703316391 -0.163098733 0.110486292 -0.385827363 0.337576003 0.760658901 -1.642487546
22.641993550 28.732638301 -10.487750305 -0.284318366 -0.350960434 0.729813690 0.513187898 -0.092195640 1.983331722 0.687464671 -0.365398962 0.826037196 -0.848350504 -0.318843074 -0.734636114 -0.081802104 2.131932643 2.031740490 -1.028002954 1.353900816 0.188564313 -0.889358284 1.654262984 1.178112485 0.595928473 -1.582985130 0.187714903
17.759695669 25.501620053 -5.901570586 -0.244634934 -0.089063542 0.926349715 -0.272208816 0.237607429 0.488133016 -1.122321529 0.066152579 1.838626775 -1.148817703 0.012233928 -0.937540955 -0.422992241 -0.777839224 1.455715788 0.949439705 -1.962170551 0.102899747 0.833848550 0.726573857 -1.584508093 0.136609988 0.400155479 1.051173816
22.765398908 37.466188020 -2.271352459 -0.510050933 0.833120667 0.166985993 0.133692472 0.184943052 0.396354598 0.172592682 -0.324076232 -0.592562468 0.710568424 0.544804501 1.087889299 -0.027861548 0.001649318 -2.050658868 -1.004463818 -0.810637846 -1.244376898 0.270563930 1.005475365 -0.011259603 -0.895528485 -0.715123966 -0.119600587
17.759666625 32.747008972 3.300312734 -0.598314405 0.420688376 0.094467086 0.675364445 -1.251368116 0.466737493 -1.361235734 0.446936800 -0.850945938 0.287466898 -0.967471182 -1.041550600 0.390318458 -0.878509413 1.717216657 -1.486149655 -0.288778384 0.982315255 1.123600228 0.410982547 -0.582924358 0.787525077 0.744014499 1.014470669
18.934092073 32.220620805 3.398101817 0.419806703 -0.310511961 -0.830070475 0.195774515 1.166695132 -1.370338657 1.933209216 0.670375860 0.346626918 -0.136569313 0.283590850 -1.055087577 -0.736210494 0.841429163 0.977084939 1.615790780 -0.823099643 -0.680240837 -0.749885668 0.362640921 -0.575685444 -1.518738000 -2.792705169 0.950171399
17.690848567 39.534126192 -6.502458624 -0.147235990 -0.635488444 0.742517756 -0.152129493 -0.739062647 -1.724291548 1.323248588 -1.404226460 -0.367228859 0.098479625 -0.700979292 -0.752598021 0.068641600 -0.083584395 -1.734952039 0.179657784 1.073643431 0.199368772 0.041445741 -1.310834626 1.101314895 -0.531297214 0.117277346 -0.059412250
14.760452410 34.064825595 -8.346948298 -0.615268675 0.310903289 0.629658699 -0.358208774 -0.577444615 -2.121964210 0.552233476 0.165879070 -1.157489864 0.282563032 -0.947493205 -0.418712214 -0.089406607 0.313108761 0.354251670 -1.208561009 -0.214695804 0.171837781 0.272029531 -0.896160967 -0.600434478 -0.277567212 0.979023120 -0.328295393
20.979058773 30.754214192 -10.781655989 -0.332389992 -0.104663587 -0.731609140 0.585927037 -1.532975847 0.314649187 -0.812560368 1.758251116 -1.397729227 1.836095550 -1.269259036 -0.628907494 -0.660264862 -0.038748243 -2.946216319 -1.595567264 -0.944147358 -0.922918057 1.552846355 -2.222694917 0.426576685 0.045336531 -0.147142907 0.711529523
13.595969642 30.022617469 -5.943286965 0.930414237 -0.137177854 -0.339869312 -0.000659823 0.418800192 1.341003954 -0.313000835 -1.218639117 -0.364116103 0.723719786 -0.282813315 -0.166918356 -0.788944257 -1.162762636 0.996898945 1.118742043 1.079987461 0.383292104 0.675365840 -0.789373423 0.334968877 -1.090622247 -0.127688259 1.055116763
17.204229817 28.307303045 1.951708455 0.492843831 0.843952655 -0.209679312 -0.029723064 0.148751230 0.043549813 2.946083476 -0.814359878 1.045767939 -0.507769271 -0.190520861 -0.654370889 1.154024428 0.835966644 1.623940905 0.873209880 1.060927787 -2.789870929 0.238787641 1.163138602 0.503873212 -0.907567556 -1.260220627 0.601499440
