-5.932011702 -33.417098463 -23.852413708 0.253644640 -0.394003740 -0.883302195 0.014236615 1.168716849 -0.868377046 -0.367850406 2.287029432 1.486254048 0.853336708 0.604434079 2.687096106 -0.817416372 0.145352236 0.163291396 0.859737090 -0.173829380 0.020035744 0.194080989 -0.823433442 0.129848687 -0.106966359 0.477336190 -0.777540049
4.508311185 -37.694536317 -18.498155399 -0.881753954 0.074839043 0.189995755 -0.425218409 -0.657847954 -0.234488070 -0.106274487 0.117594523 -0.787992402 0.374483770 0.913490790 0.564071604 0.550993961 -0.341982694 1.518865158 0.593240825 -0.831003235 0.119528492 -1.325318351 0.704915064 -0.683663805 0.807646331 0.089088474 -0.340200362
3.965233567 -43.710456604 -23.785656015 0.024548306 0.672075183 -0.034679976 0.739262895 0.630195325 0.292096408 0.810904255 0.361035730 0.528402418 0.679197619 0.812491510 -0.611899502 -0.248926712 -1.184993124 0.298476227 0.609309958 1.002873276 1.471255278 -0.252902627 -2.322082902 -0.799190551 0.185200562 -0.212842872 1.354591091
0.789299694 -34.882859678 -17.287945824 0.823087636 0.199390907 -0.523329040 -0.094322455 -0.498498487 -1.016479473 0.061516621 -1.563122582 -1.233360870 -0.581814678 -0.536110344 0.488649752 0.044501972 -0.448666056 2.301461970 -1.049682374 -0.735290094 -0.675542000 0.939723778 1.700650848 0.879739271 -0.384740795 1.769856110 1.268594286
0.395789708 -38.748316095 -19.553694832 -0.095761409 -0.745588740 -0.591351021 0.291943750 -0.165411605 -0.352434930 0.036304205 0.526723779 -0.013092700 -0.652136924 -1.090546492 1.321133813 0.385393748 0.414721164 -1.084483430 0.340019885 -1.611633522 -1.899552769 0.095072706 0.936966410 1.356418881 0.471977203 0.001643359 0.702149457
7.888890284 -43.520006732 -22.071965474 0.705905940 0.027129796 -0.291267904 0.645076574 -0.256928425 1.721487444 1.333113358 -2.028348424 1.340350871 -1.268326149 -0.941490718 0.030336771 0.500059545 1.772842648 -0.514720939 -0.787485681 -0.313208857 -0.004094631 -0.773082581 0.479873104 0.296368754 -1.683033340 -2.611251990 0.654863073
-1.067717840 -47.650408583 -26.357067405 -0.617623942 -0.669143153 0.150097535 0.385043942 1.600344226 1.059772206 -0.561964223 -0.058908823 -1.073456561 -0.844181740 1.186055128 -0.065476421 0.221103547 -0.871212245 -0.022932274 1.300968894 -0.462984543 1.174788429 -1.212600390 -2.616286566 -1.279555449 0.767132819 0.241943089 -0.051015771
-3.801390028 -35.773156446 -30.635348333 0.046828679 0.338700276 0.935317255 -0.090944101 0.179522659 0.134310069 -1.025157062 0.606099087 -1.192019072 -0.295271253 0.125647785 -0.910363342 -0.872652390 -0.514137277 0.469758726 1.105422368 0.689967536 -0.489249516 -2.122628967 -0.628900504 -1.326140421 0.749554672 1.374503458 0.538145061
2.546610064 -46.676282933 -19.504997945 0.413564420 0.383641666 0.715356645 0.412369267 -0.359584574 -0.302135163 -0.700430443 -0.993147120 0.600661137 1.840477170 -0.717630367 0.665392013 -0.570530515 0.407765292 1.291259282 1.579815897 -0.071922624 1.524524890 -0.080177905 -0.577846112 -0.243240582 1.193040873 0.407472796 1.286793834
8.998901443 -39.834964006 -25.532882338 0.382474012 0.395072631 -0.504051949 0.666005164 -0.940785025 -0.621055280 0.999871673 1.487599650 1.088424108 -0.628557329 1.156548463 0.394764211 0.759238481 -1.003195130 -2.081320364 -0.712980548 -0.729859641 0.796284381 -0.934021273 0.713385692 1.360099268 1.222389168 0.502493540 1.994285042
1.805789163 -50.160780344 -25.985618337 -0.056892991 -0.651233800 -0.084823431 0.751972547 0.469473916 -0.726550025 0.561883978 0.475414605 2.070629651 0.213293549 -0.010388981 -0.667100910 0.510140929 0.298353095 -0.160317340 -1.877522470 -1.248328676 1.258522445 0.554721695 -0.687981243 0.637508420 0.039566653 0.737506635 2.548680565
5.546853744 -40.501435478 -28.137012068 0.036559828 -0.475739054 0.227621725 0.848836899 -1.382894990 1.390339308 -0.842865983 -1.218841357 -1.749526420 -0.268797899 -1.102181006 -0.337651859 -1.222821230 -0.045032093 0.254730383 0.100087170 1.449009878 0.868783613 -1.331249492 0.419336849 -0.309842381 -0.230204161 -1.660854937 0.141313028
2.125819968 -43.827180483 -18.201004745 -0.451797452 -0.254275516 -0.760042325 -0.391865651 -2.109850560 -1.132587929 0.823083695 0.766411340 -0.832075201 -0.890724736 -0.996340798 0.395656320 0.290635771 0.162943867 -0.273831968 0.756853996 1.623794189 0.310413147 0.223626199 -0.449761145 -1.651591636 0.300401515 0.746354955 0.508391005
2.811681929 -36.363066192 -19.974573396 -0.404361589 -0.374166723 0.492485718 -0.673757216 0.305372945 -0.635507640 1.853556725 1.803984366 -0.987659382 -1.120026284 0.386904135 -0.414715627 -0.318510708 -1.078522798 -0.347392570 1.715477583 1.120601018 -2.221794317 -1.208254391 -0.051189403 -1.444024192 -0.598474136 -0.319712910 0.727272941
1.560316284 -34.611086499 -30.050998963 0.260763622 -0.446793346 0.779974760 -0.352161062 -1.892152661 -0.881496846 -0.675487782 0.369876565 0.332768716 -0.081920964 -0.793748005 -0.804352528 1.045052607 2.011259951 0.907190721 -0.374580865 1.093956565 -0.016618931 -0.719315751 2.147667492 -0.948707172 -0.883996710 2.932469533 0.912963825
8.649365970 -36.647892600 -22.532222656 0.499790040 0.556348521 0.270387239 -0.606281271 -1.174194619 0.032564558 -0.148379773 -2.249500655 -0.245573074 -1.453205717 0.792227283 -0.173431930 -1.008195938 -0.491940083 0.536363677 -0.178869184 -0.232036051 -0.265064838 -1.102192227 -1.030450189 1.365549367 0.202217802 1.001730865 -0.316787800
7.054659243 -36.280092076 -25.176459947 0.120796206 0.365983812 0.899527421 0.205704995 -0.045372533 0.307030950 1.060708130 2.440545507 -0.968644618 -0.531842369 -0.587535327 1.328976137 0.312013253 0.957256701 -0.327308410 -0.167597284 0.022692857 -1.519721967 -1.597025348 -0.341586383 -0.066029818 0.161466453 0.006688166 0.255630840
1.066870631 -38.141423317 -18.574623517 0.056183110 0.027114439 -0.729669859 0.680947988 0.370777664 -0.238458839 0.635267249 -1.191761236 -0.107931270 0.986209833 0.091229762 0.032998746 -0.514034345 -0.209027565 0.279007027 0.674331131 -1.246357285 0.987946312 -1.367704981 0.118226174 0.634853978 0.298157649 2.131362699 1.536850827
-3.559754894 -38.306999194 -31.688844374 0.069472272 -0.356298811 -0.636082745 0.680899040 -1.846970493 1.673479763 -0.286029973 0.270912004 0.177525823 -0.256827954 -0.547169278 -2.164069504 0.115163843 0.204748445 0.281676297 1.618334099 -0.287424943 0.219478161 -1.083683797 -1.134578253 -0.141476622 0.748941790 -0.819045241 1.602174273
1.505029534 -45.209583082 -33.086593436 0.077264934 -0.541108753 0.404349613 0.733302692 -0.840626164 -0.544114022 -0.749033363 0.435286123 -1.710497326 -0.558359809 1.008967150 2.826101434 -2.001719065 -0.875324759 -0.627001291 0.128541906 -0.330137198 0.667109581 -1.433633892 0.881253945 0.509873952 0.268294343 -0.060835687 1.353016988
-7.216221282 -43.556574734 -20.901229688 0.523332941 -0.091454086 0.827436565 -0.181954703 -0.058494532 0.529750816 0.258324789 0.028161493 -1.228806107 1.533994742 1.928596949 -0.113954064 -0.492776268 0.273038626 -0.764807436 -0.839328781 0.625307269 1.014008729 2.174947653 -0.214349357 0.139928182 1.302304002 0.673441739 0.051326808
-6.262168515 -38.670680927 -21.194169714 0.286367938 0.074165500 0.311593128 0.902996459 -0.226337277 -0.352789418 1.129304079 0.010603222 1.123858914 -1.153680166 0.149339398 1.292000983 -0.034874826 0.016957611 -1.301102289 -0.155636479 -0.776619145 0.085762227 0.080686010 0.194170437 -0.309590763 0.905803712 -0.600235336 -0.926115133
3.062004478 -37.941785712 -23.069113150 0.127155261 -0.907749933 -0.397196884 -0.045345727 -1.734782681 0.506170027 -0.675062518 -1.445502734 -0.188610480 -0.955466821 -0.265873832 0.645355752 -0.554739244 1.619652364 -0.429306085 -0.779495117 0.896986198 1.269305372 0.834851345 0.937457229 -1.169726538 -0.769626442 0.825495444 1.429324353
-3.477727844 -39.954451407 -32.075201259 -0.644083019 -0.239767817 -0.419811484 -0.592812598 0.244588997 -2.505605167 -0.038232505 0.125074949 -0.334019101 0.861847265 1.196099845 -0.277083196 -2.220608632 0.545402665 -2.307021418 0.390400815 -0.206632322 -0.043000968 0.220189125 -0.435387196 0.238446826 0.430463202 -0.363323810 0.000706357
0.374495519 -46.597088609 -28.062179901 -0.471263286 0.130548151 0.607870967 0.625588509 -1.707536564 -1.306287163 2.322632895 -0.689360129 0.301047968 0.263801626 1.292969120 0.499093286 -1.916866649 0.192924788 -0.000365250 -0.375637847 -0.438728534 -0.829466088 0.660698368 -0.164058819 -0.009340043 -0.705102096 -0.363608509 -0.481223626
4.389665039 -42.081404627 -23.991344280 0.773947752 -0.535848395 0.281669250 -0.185832743 1.265580159 1.710296263 1.003184090 1.396887717 -0.046385102 1.336978647 -0.571511388 0.200780505 -0.976809427 -0.339959613 -0.717201054 0.317710770 0.530426583 -0.969668008 -0.699755634 0.456316495 0.730056023 -1.132092633 0.333527636 -0.122073108
0.883613251 -43.679726728 -21.093799086 -0.693981764 0.322444849 -0.516474546 -0.384282023 -1.117925382 -1.417462706 0.098152510 0.975307807 -0.440469885 -0.824028969 1.557610149 0.700359618 -0.257121349 -0.818132479 -1.295686840 1.632353367 -0.320771547 -0.442296287 0.832241727 1.255527187 0.019344048 -1.153390466 -0.397551909 1.465735887
2.142658176 -41.088328291 -31.960237019 0.074996858 -0.963551091 0.021680110 -0.255880321 0.479817774 -0.505297968 -2.578138472 2.264872131 -0.452802351 1.933890973 1.604648280 -0.609335801 -0.973015216 0.537211477 -0.894497836 -0.399430595 -1.316352356 0.539307174 0.649925424 -1.560012267 -0.305553458 -1.292318620 -0.042239668 0.177699063
-7.601654278 -38.724208524 -24.192552308 0.542148701 -0.092085053 0.808485404 0.209634159 0.939800536 -1.365978102 1.153451645 0.826512922 -1.408552860 -0.163804401 1.968615611 0.705950761 -0.541970498 1.661196030 0.339363068 0.408328274 -0.836432892 1.041595219 0.349912905 1.342344769 0.028939484 -1.540537542 1.732375277 -0.512042807
0.570037078 -40.085652461 -31.993289088 0.299749936 0.600261812 -0.059511631 -0.739117108 0.195075860 -0.541654078 1.466914097 0.836179763 1.957781871 0.835036439 0.380351950 0.257251823 -1.458059534 0.591470809 1.569375210 0.680842341 -0.167186524 -1.051484581 1.060496199 -0.404908233 2.599599546 0.140351884 -0.115633949 0.399526472
-0.735443039 -43.210487673 -29.695042200 -0.054331807 -0.190520963 -0.651649939 0.732189986 0.008687899 0.331846388 0.275444813 0.520473092 -0.739303609 -0.443134617 1.402443831 -2.361284211 -0.304633173 -0.552277670 0.909845658 -1.507836006 -0.007599402 -0.880891812 0.702365402 -1.110789387 -0.810089529 -0.635377516 0.598112584 -0.185925248
9.127308273 -37.612965547 -26.870407981 -0.731742101 0.615315468 -0.293155810 -0.000207950 0.050639080 -0.232645344 0.742898888 0.016878823 0.375358143 0.633847931 2.169054610 -0.199168641 1.774536996 -0.165423654 1.100700942 -0.803808439 0.272851768 0.276838775 -1.229759661 -0.221990542 0.866684331 -0.609421741 0.536586505 0.306295386
-8.628377849 -40.409040841 -26.856916525 0.666466411 0.573847536 -0.371149168 -0.297942653 -0.116283748 -0.074336534 1.796008810 -1.137747005 -1.047146117 -2.291940030 -1.109711013 1.760539626 -1.332749819 -0.105970611 -0.985053449 -0.338222010 0.206531243 0.910020584 1.355972553 -0.943665544 -0.692784129 -0.002244101 -0.212716594 -0.245598155
-0.819309674 -30.746165949 -24.901362160 0.504341696 0.755641634 -0.058671050 0.413766701 0.596347666 0.650620890 -1.261546950 0.415510920 0.217118612 -0.533574058 0.574762238 -0.754442177 -0.713028426 -0.618136932 0.253320594 -0.740143011 0.858377807 -0.158062850 1.418049194 1.152427671 -1.901134935 1.284122356 0.523473231 -0.270130318
-3.429536387 -32.419814587 -21.691556351 -0.930694155 -0.185368214 0.076276864 0.305988326 0.163275632 0.203998502 1.404989352 1.091082254 -0.519954105 -0.349824855 -0.462867793 0.204452158 0.344472226 -1.264063059 -0.941094586 -0.611170110 0.257297070 -0.752150632 -1.036027929 -0.006433341 -0.286765647 1.162834509 0.448050662 -0.249489503
0.648161578 -46.891556789 -22.913579396 -0.158782791 0.509805065 -0.402471709 -0.743574707 -0.306727562 0.828014511 -0.916341649 -1.112911102 -0.194178287 1.411758745 -0.361128797 1.040551364 0.169515183 1.767361546 -0.842829703 1.226457410 0.838656279 -0.302560676 0.167648600 0.119777424 -0.369673711 -0.691769119 -0.867651178 1.277616929
-2.796387749 -35.754258566 -22.454257260 0.654240422 -0.512717489 -0.439614056 0.340337668 0.198077633 0.530624811 0.645665727 0.112599859 1.314416764 1.186202782 -0.384150769 1.797898707 1.721997731 -0.119559937 0.252029052 1.089694510 0.368528588 0.472919823 1.459758869 0.760325769 0.240975420 -0.547176415 0.762896449 -1.388119477
-3.668359365 -35.750462791 -29.266362513 -0.714876455 -0.398447548 -0.118764967 -0.562215340 -0.413724122 -1.309973310 1.682350547 -0.689728568 -0.357845268 1.459712007 -0.430412782 0.240598301 0.621188046 0.461773951 -0.116993925 0.878270768 0.022794071 -0.192664245 1.609842068 -0.968260644 0.530613451 -0.489475118 -1.429811808 1.766347821
7.926546106 -45.776326444 -22.306926853 -0.269376632 0.807999471 -0.518011571 -0.078975299 0.770528607 0.977535809 1.139297011 0.361250576 0.194835901 -1.123269060 -0.579737748 0.122224430 0.412693835 2.122296859 -2.245764257 0.675307839 0.381909822 0.877972923 -0.282374725 1.295541867 -3.901729109 0.233682631 -1.010626413 -0.194245401
-0.029523357 -34.040934265 -24.910998139 0.366874096 -0.891732884 0.219573467 -0.148335272 1.894568607 -0.057181135 0.198309589 0.008195915 0.841329245 -0.552523788 0.602590452 0.892363257 0.983749280 0.446336317 -1.075259898 -1.132724103 -1.473524442 1.487027763 0.487352994 0.055744647 -0.595831924 1.594166085 0.147623552 0.341687986
5.863510684 -44.439518588 -19.795445674 0.678883654 -0.120791143 -0.608061709 0.393430352 -0.974609133 -0.347241854 1.833462845 1.245068120 -0.256945601 -0.900956683 -3.061504532 1.810911101 0.826729654 0.817825611 1.860896567 0.045993218 0.724082746 0.326981731 0.887304061 0.011236800 -1.200114557 1.281919149 0.897795827 0.051575245
-0.467460834 -43.776656262 -20.251991539 -0.634091234 0.370763820 0.642746345 0.217576729 -0.898771843 1.095173374 0.893978991 -1.097227061 0.811077869 -0.781546711 1.788929377 -0.037101387 -1.487962205 2.326913634 0.440475982 -1.126760425 -0.639370043 -0.602197043 0.627218121 0.385138707 -0.929554375 0.116368680 -0.221924903 1.472666952
-3.406577223 -44.646974880 -21.879676575 -0.454513951 0.512834210 0.487002060 0.541522977 1.115575917 -0.850717437 1.248933379 1.542705450 -0.430625322 -0.484467398 0.895780303 1.441121491 -0.028227828 0.185303042 0.072983581 -1.634936053 -1.356264270 0.455864090 -0.280945476 -1.426078717 1.180836509 -2.147349001 0.747984427 -0.485658508
7.758589115 -38.484260191 -31.984528586 -0.483548087 -0.287105372 0.816649415 0.129751628 -0.615149902 -1.568286300 -0.068786508 -1.402200496 0.232121433 -0.562649643 -0.966535793 0.114488794 -0.556493299 1.031608202 -0.774457269 -2.027611583 0.509706944 -0.142208395 -0.497466912 -0.605518591 -0.275617017 1.290793234 1.317727304 -1.213771463
4.090084778 -45.453917758 -20.294235346 -0.527331220 -0.803378545 -0.276593838 0.000739021 0.924862071 1.647450325 -0.198038182 -1.619100298 -0.884886732 -0.946584035 0.062127820 -0.080341059 -0.764009885 2.039249918 -0.513685719 -0.848940654 -0.560133793 0.140611471 -0.194167328 0.824413900 2.144366018 0.120299026 -0.567497384 -0.641147399
6.027721292 -40.659795684 -20.998876061 0.423039917 -0.055029390 0.739088000 0.521304060 -1.668699969 -2.242642848 -0.280567915 0.638793216 0.152821423 -0.384718855 0.856610052 0.630557606 -0.056047170 -2.775006196 -0.432651044 0.541475532 0.401652146 -0.723764140 1.870732176 0.811811108 -0.246124214 -0.789831368 0.708392280 -0.120480552
1.420942174 -36.138936266 -28.536462224 0.792876750 -0.113349155 -0.586703036 -0.119490485 0.504118893 -1.756122693 -0.639571743 -0.237132947 2.366744933 -0.218023116 -0.182832671 0.038234987 -0.488550146 0.956309564 0.154423497 1.007585760 -1.584162931 -1.821244936 1.327403692 -0.044126958 0.310739733 -0.092165127 0.085927296 0.922256949
4.133066949 -40.843748504 -25.469326326 -0.278551510 0.567076552 -0.030890028 -0.774518590 0.664971421 -1.348826976 -0.004323204 -0.087021433 1.973470218 -0.702158017 0.133642480 -0.139680758 -0.121984627 -0.226778055 0.305523903 -0.581341870 -0.334848768 -0.579910674 1.530586933 1.002916267 -0.691989872 0.142874814 -0.917883035 1.373949973
0.994806127 -35.973136995 -28.492092938 -0.429778128 0.094310639 -0.525072084 0.728488552 -0.278288746 -0.844839418 0.711899151 -0.761400416 0.437934854 0.339754789 -1.132353590 1.602936280 1.047723095 0.256783945 -0.036735080 -0.732025150 -0.490370144 -0.082683779 -1.127718643 0.410282496 0.593330857 0.282953506 0.840927026 0.487811693
-0.420041878 -43.818817617 -28.533525825 0.833830623 0.531382419 -0.143362948 -0.042500373 1.104150444 -0.563872741 -0.919680021 1.023011228 -0.811517549 0.840987391 1.224294847 0.600885584 0.347788075 0.178385584 0.446636769 -0.414706888 0.637863511 0.654977916 0.632014200 0.289374228 -0.492001300 -1.091096775 -0.261551663 1.445463549
-2.608860305 -41.612678585 -30.419677314 -0.300610173 0.650527235 -0.217023806 -0.662833695 0.461413073 0.248375664 0.566799334 -0.895787180 -1.557666245 -0.094373981 2.827918093 -0.644584050 -1.559488381 -0.628118635 -0.507074873 0.150170337 -1.103720408 -0.895279312 0.559672153 -0.609623482 -0.627619624 1.204164560 0.646174636 0.037689843
-5.899130316 -46.706230607 -22.650452759 0.729497923 0.374386674 -0.517703887 -0.244233667 -0.049799103 -0.320577703 0.578550350 0.988168412 0.632713496 -0.089159982 -0.307371219 0.367766794 -0.232943694 -1.713822176 0.501428136 0.250296775 -0.457113223 0.168456369 0.788233758 -0.692247640 -0.450041888 0.054359704 0.205294049 -0.689430415
-3.556957211 -45.410925181 -28.414595070 -0.442678200 -0.485484537 -0.425876073 0.622069406 -1.159671173 0.154017120 -0.541352995 -1.159885791 0.805999298 1.804654626 0.833134778 -0.392915152 1.707297316 -0.841089050 -0.135707529 0.470127201 0.767884842 -1.060425001 -0.333165766 -0.530111880 -0.331492524 -0.684215082 0.355174947 -0.109506300
3.949193305 -42.154643627 -20.688509089 -0.384959682 0.026274936 -0.511346930 -0.767880191 -1.717453598 0.253059416 1.311012794 0.942354394 0.160249715 -0.555597273 1.559223052 -0.013566298 1.308131393 0.016473180 -1.218536816 -0.883372083 -1.118836630 -0.666973590 0.747895873 0.018361527 1.248558504 -0.446617700 0.329604688 -2.326704942
-0.418200206 -35.804645931 -33.682082553 0.521387634 0.582183056 0.178415972 -0.597817335 -0.367435713 -0.014473733 -1.335320532 -1.895838368 -1.472611629 -0.035391843 -0.686707656 -0.104965357 -0.381545339 0.904489464 -0.239481319 -0.050735027 -0.322739375 -0.845809590 0.896040512 -0.629836297 0.764537627 -0.520725405 -0.247957794 1.283151748
9.068624912 -44.179653673 -21.718119206 0.576817345 0.739988521 -0.061183830 0.340522065 -0.880263974 -1.291889313 0.721244975 -1.530031100 -1.530041203 -0.227343726 0.952980748 0.326794459 0.530798798 -1.333460375 0.107461499 -0.498074061 2.590983440 0.772513549 -0.516056630 -0.858153320 -0.152610141 1.632093036 1.383305935 -1.177890299
0.433825585 -44.677598037 -16.795724283 0.637822906 0.668478609 0.162026799 -0.346504842 1.513197541 -1.784099280 0.321347194 1.690791437 -0.353498128 1.048456485 -0.335899387 0.534287524 -1.178428879 -1.650341004 0.703807135 0.408749182 0.461501689 0.905629170 -0.499899350 0.708841412 0.127815570 0.571402956 0.246692635 -1.116838717
0.212284862 -35.731958035 -31.796341117 -0.175474423 -0.834395043 -0.522140215 -0.019058702 0.701231688 -0.280207869 -0.033883405 0.626830892 -0.364809214 0.157036970 1.236618093 -0.188166487 -1.766063806 1.893579515 -0.654070126 -0.772453944 2.489147684 0.614682953 0.092440479 -1.561693127 2.005345729 0.823105109 0.094281793 0.489498090
-4.619168257 -45.895768054 -25.255728006 0.058710841 0.963764027 -0.212109119 0.150737052 -0.140605592 0.162429068 0.036782525 -0.357153356 1.539853038 2.496055604 -0.997662551 1.852246924 1.815253914 0.207578833 0.353679420 0.571462688 0.043705369 0.652880848 -1.907041490 2.167356400 -0.651981804 0.768830829 -1.702770684 -0.021209137
0.415042300 -42.652464865 -33.429879130 0.055956695 -0.166551289 -0.968396380 -0.177025330 0.451660810 0.529990194 -0.259748765 -1.372760994 -0.346814398 0.612385342 1.222538419 -0.888619472 -0.668423689 0.143241170 -0.707506448 0.068210806 -0.937265862 0.817919861 0.691366529 -0.912566834 -0.937509541 2.106662196 -0.202346879 -1.044885833
-2.988082795 -39.161103033 -22.849853195 0.809631413 -0.180700273 -0.298041282 -0.472245466 -0.478292324 -0.274932322 -0.339749069 -0.030858386 -1.935719640 1.188804252 1.737622109 -0.025429917 -2.098564944 -1.124434192 -0.023779790 -0.081555006 -1.295790251 0.681844040 0.953076343 2.013244598 -0.337488984 0.337175843 0.157644364 -0.789198941
1.501636228 -38.843326790 -33.116343439 0.054729620 0.520043941 -0.606559679 0.598869204 -0.695560760 1.996129116 -1.476185889 -0.402983778 -1.522396075 -0.313979184 -0.416318118 0.867732498 -0.422108934 0.566740026 -0.498402942 1.808507326 0.082790904 -0.189030731 -0.266615192 0.515382989 -1.591483605 -0.440298097 0.319525844 0.110211465
-2.576938942 -35.736692530 -32.063948730 -0.066514581 -0.424399292 -0.524929678 -0.734785605 1.143297800 1.462960297 -0.190605466 0.234629176 0.351184114 0.455796172 0.159876029 -2.105754904 0.073649356 -0.454938246 -0.773687720 -1.738625461 0.993780318 -1.550404780 -1.735201877 -0.156079934 1.933317895 0.256582215 -0.101055160 0.758063506
3.191354357 -43.960251000 -27.455782253 -0.319252215 0.344065654 -0.171216466 0.866245791 -0.393751939 0.724268634 -0.906279296 -0.151772241 0.016513568 0.376222452 0.212241926 -0.736620283 -0.490412561 1.731748203 0.448191928 -0.423833480 -0.299261335 0.025480015 -0.485436971 -0.494249622 0.539489871 -0.593585058 1.769348714 -1.409563699
2.053151295 -36.180579889 -23.937800463 -0.881106100 0.156376439 -0.445725891 0.022953862 -1.534290924 0.120919277 2.428001525 0.761766368 -0.174850211 -0.150126935 0.160527241 -0.935406072 0.246029637 0.470489190 0.622700745 -0.669842688 -1.833145851 -0.456034389 0.014531317 0.172259014 0.332007655 0.631638713 1.300050210 -0.163080418
-2.605126796 -35.372482892 -28.025640088 0.105713791 0.219639452 -0.913678070 -0.325231440 -1.315293524 -0.746871997 0.538525886 1.034562303 2.262547482 0.617707024 2.133262270 0.754006805 0.078296615 1.571627570 -2.081406924 0.970141995 -0.699025059 -1.232495384 1.188652173 0.525738876 0.504333096 0.164605685 -0.427798149 -1.060880831
-2.986016924 -38.971593913 -33.974828026 -0.151580100 -0.384672963 -0.904373110 -0.105638360 -1.537345792 0.255020933 0.169713513 -2.659979295 0.103836246 0.890548711 1.472637212 -0.573129449 1.187147133 -0.042249797 -0.498746336 -0.028672276 0.123998520 1.570348692 -0.734044602 0.819275987 1.516750094 -1.054125048 -0.923011863 1.545608901
-5.083722355 -39.882756096 -29.606438836 -0.968489910 0.135751645 0.208618183 -0.008788522 -0.002259749 -1.105959796 0.323188542 -0.098435455 -0.450041699 -0.531312744 0.815118718 0.348814382 0.282435534 2.131581786 -0.732838502 -1.727810607 -1.947062452 0.898280146 -0.404181083 0.060033067 -0.155156099 -0.392936047 -0.175397430 -0.591950156
4.012771095 -36.914288814 -26.320567880 0.182602397 -0.182550744 -0.319846723 0.911608285 2.064608483 0.753495430 0.494628122 1.602265226 -2.525459354 0.091778598 -0.731517164 -0.505619087 -0.315634521 0.012097916 0.660690742 -0.791877149 0.673171479 0.810236837 1.010786282 -0.829757600 0.610958787 0.600243075 -0.202088759 0.356917166
3.302765426 -47.692355453 -23.124457480 0.263223326 0.112374543 -0.863496999 -0.415281080 -0.442050484 1.701177518 -0.601953188 1.932160032 0.047554468 0.433396128 -0.894100498 0.444053131 -0.936435486 1.495671977 0.294056549 -0.244043775 0.198968993 0.154704861 -1.406177171 1.897773410 0.745908263 -0.426421901 1.017477977 -0.646986559
-5.872389766 -41.643419331 -29.505401277 -0.048030060 -0.710821534 -0.479297002 -0.512542920 1.434081992 -1.348463333 -0.945855679 -0.103762257 0.581201131 -1.329078888 -1.519029469 0.000983200 1.489176990 0.837658216 1.169749941 1.805249526 -0.500939809 -0.742755042 -1.172263675 -0.809758328 0.144084013 0.690007613 0.265476994 -1.010377357
4.923249966 -36.508182350 -32.826070268 0.351682123 0.577481711 -0.264275061 -0.687745047 -0.557842878 -1.096659462 -0.500507009 -0.173388863 -0.338873836 -0.725997132 0.127270658 1.717540190 -1.670512023 1.516866512 -1.552883911 0.382011530 -0.438129882 -0.607979294 -1.089041392 0.192285294 0.679193634 -0.489628768 -1.927070572 -0.340945051
4.845750891 -37.702193510 -25.726433533 0.422416478 0.072170893 0.304515546 0.850662074 -1.965670973 0.117570644 0.819116060 -0.591843728 -0.012196345 -0.523206191 0.553447176 -0.447566396 -1.201537834 -1.065570652 0.173495176 -0.637259202 0.167421574 0.539623380 -0.434188985 -0.499307021 0.328108181 -0.963831485 -0.672460530 1.300193086
0.810269177 -41.164942728 -34.593396597 0.148262364 -0.383320167 -0.097092149 0.906452997 0.705013160 1.624665544 0.100863352 -0.295795610 -0.187262862 -0.865757760 -0.058983656 -0.050564690 -1.004592704 1.109533731 -0.988167024 0.043255506 1.263947238 -0.324757081 2.068182213 -1.133447953 2.413818834 -1.256380913 -0.507631786 -1.097404228
5.681244898 -48.298368642 -21.860972863 0.026341772 -0.655565776 0.743852485 -0.127369956 0.579518104 -1.174583262 -0.884649012 -0.639450136 1.691949555 0.414240042 1.666086366 -1.246833635 -0.020086880 -0.051056086 1.204279586 -0.557867392 0.132440195 0.612231271 0.065909393 -2.386686080 0.067561782 -0.365921035 -1.504477358 0.851700080
0.127666748 -48.474171040 -28.650657060 -0.590620367 0.366056876 -0.076562776 -0.715058101 0.384642798 2.268427073 -1.393747607 0.359334688 0.065557034 -0.137163891 -0.084905193 0.274623683 0.301035153 0.261142716 -0.402680589 0.198148585 1.197372411 0.259353001 0.004307834 -0.526199419 -0.462981603 0.762045680 0.916717540 0.425284936
-7.121155608 -39.605152942 -22.761384531 -0.403363639 -0.774886842 0.319475994 0.367128377 1.403275182 1.015033567 0.319149544 0.362603561 -1.153108236 1.113453149 -1.540508552 -0.210293197 0.700204233 0.053778236 -1.188049884 0.569825913 -0.102901461 -1.107247466 2.556492417 -0.604357370 -0.414234845 0.833544069 -0.392450650 -1.249249284
-5.015177969 -45.545063669 -20.040299207 0.042257358 0.421544404 -0.409062434 0.808197102 -0.363084762 0.923691186 -0.734572091 -0.486834548 0.277684953 0.056966301 -0.250200319 1.216292042 -0.709090847 0.433037383 0.219300596 -0.058659515 -0.328182708 -0.380317759 -3.448024223 -0.248460404 0.819947728 -0.038202141 -1.862834986 -0.058888634
-0.251554477 -33.743334345 -25.151723176 -0.329682724 0.487609675 -0.560887331 -0.582195420 0.014096899 -0.519118547 -0.454834703 -2.469147008 0.056913151 1.483161154 -0.719051878 0.173002384 -0.848784657 0.440554950 -0.058015623 0.325484004 0.952456698 0.695905098 0.751264931 0.174295568 -0.926113296 -0.329458929 -0.577242064 1.363098009
-0.972345131 -42.905839545 -20.306345740 0.120563548 0.545361015 0.742579130 0.369624174 -1.747379257 -0.420571190 -0.992975583 -0.363827246 0.911687494 0.974098758 0.482251466 0.605550655 -2.939185794 1.981269881 -0.836588376 1.546615230 0.876982360 -0.240123300 -0.441614498 -1.112919475 -0.651842727 -1.381006243 -0.194170852 -0.578265471
5.423598961 -38.389947533 -20.765153301 0.273235331 0.703648545 0.603880701 -0.256025932 1.733924090 0.130971359 -0.648846633 1.477295949 1.329460271 -0.255319110 -0.539352574 0.470413425 0.198392341 1.870061481 -0.584212654 -0.760828146 -0.406406688 -0.377495125 0.954203081 -0.768984857 -0.373613562 0.535346902 -0.744132905 -2.726572356
4.882586254 -35.150997876 -25.941363428 -0.415389172 -0.005950797 0.878198547 -0.237031088 -0.626934630 1.663847008 0.246745805 -1.757581195 0.935040528 -0.083326313 -0.601404812 0.759124794 -0.813305793 1.009530690 0.161100485 -0.312506563 0.450363018 -0.877745750 -0.457679703 1.247957162 -0.962341166 0.737912102 -0.521457337 -0.390408719
0.296924009 -39.471281918 -27.689998304 -0.079547910 -0.306617040 -0.846969419 0.426967123 -1.129236420 -0.615637308 1.317286560 -0.932521975 -0.048961457 1.925058097 2.495857101 0.631776210 -0.687132930 -0.307835743 0.289963566 -1.542393784 0.693847194 1.789520856 -0.366044000 -0.005987223 0.969690741 -0.072537427 0.582568808 1.075744948
8.184612707 -46.117255238 -25.630132158 -0.326958919 -0.426056185 -0.550445502 0.639205555 0.463412741 1.039997654 -0.086884716 -0.392747012 1.429022762 -2.963544108 0.181952835 -0.024022797 -0.008907569 1.764612323 -2.940808580 -0.755756317 -1.298104082 -1.197963174 -0.862301470 2.053195029 -0.617885762 1.123407508 0.901273629 1.112649210
-6.414969289 -39.205566538 -23.990000501 -0.146079839 0.981129200 -0.120259280 -0.039797968 -0.343431142 1.969184053 -1.213155901 -0.689304528 0.889732585 0.604998252 -1.771184721 0.057504956 0.657582895 -0.516511943 -0.929423648 0.647515418 -1.575111037 -0.434661388 -0.832639087 1.033487812 1.677402187 -0.706230266 -0.239776312 2.164541968
1.029863879 -34.046130531 -18.244490774 -0.137257573 -0.417051595 -0.898333910 0.014983716 0.671105179 -0.621313350 -0.524385180 -0.347675644 0.926225105 0.778635185 1.526194144 0.473172486 0.656864855 -2.103520591 -0.478783907 -0.368403821 -0.571996040 -1.322705616 0.534502878 -1.569595964 -0.963023653 -2.223509785 1.725991508 1.253473235
2.740252714 -32.760776673 -22.655386245 -0.071083935 0.076553629 0.321267303 -0.941208763 2.013389249 0.038815749 -0.136080048 -0.204293945 0.846757002 -0.402766029 1.453652561 0.573787838 0.831393660 1.528691289 0.553779401 -1.255899935 -0.016033132 0.724459920 0.289887117 -0.573883662 0.644109602 -1.515064377 -0.220804260 -0.632553823
-4.023988019 -48.063311398 -25.440663093 0.827731519 -0.291181272 -0.140561387 -0.458602765 1.054883016 0.195855616 -0.548084098 0.466607638 1.737168580 -0.796128989 -0.765363714 1.872147552 0.283112929 0.249595337 -1.433554829 1.726762534 0.088872080 -0.486961240 -0.357024626 0.256819155 0.057015121 -0.901151413 -0.707046172 -0.092264534
-0.844039298 -39.982637554 -23.474112040 -0.512523500 -0.317991798 -0.318425738 0.731304264 -0.678341427 -1.729561116 -0.759526223 1.034189443 0.287762135 0.520034863 -0.064229539 -0.988888476 1.186514261 0.101698130 -1.144099142 0.685782829 0.005328640 1.359782450 -1.315890457 -0.287102543 -0.820993158 0.695239710 -0.471352823 0.228982625
0.273421845 -40.359420230 -27.778278671 -0.243410148 -0.056414924 -0.013860167 0.968182189 -0.895520637 -0.907093997 1.115308264 1.360123962 -0.985501232 0.036551195 1.029311153 0.005138497 0.601984699 -0.285210549 -0.907305706 0.303143092 0.595196748 0.265937252 -1.305890672 -0.447674469 -0.881880760 -0.873373568 0.806255976 0.791762328
1.035714798 -38.204705478 -18.667496914 0.748130001 -0.377330459 0.232149788 -0.493993625 -0.070087136 0.262305921 -0.153693858 1.325349539 -1.316063686 -0.659030772 0.123918169 -0.173432513 -0.514425440 0.797074241 -1.190835279 -0.020465187 1.291174831 -0.616609548 -1.065287563 0.201435912 0.007246685 -0.051037084 -0.304982550 1.047349004
2.405990473 -45.291153312 -32.014359151 -0.012891824 -0.062371360 0.042293211 -0.997073166 -1.412624455 1.857180737 -0.617611776 -0.980049885 -0.613675440 -0.531627283 -1.190560464 0.483674799 0.253058265 -0.891069135 -0.359657792 1.012139983 -0.948311695 -1.910333676 0.441838797 0.098184446 -0.029271074 -0.712255905 0.050354189 -2.122468197
-0.101250110 -39.995762054 -19.885013392 -0.502199937 -0.361331305 -0.188443873 0.762708213 0.561295608 0.269857490 -1.353509274 -0.147131393 0.958396854 1.242431797 -0.640332411 -2.024959261 -1.538147787 -0.248373199 -2.231735050 1.758171108 0.983495475 -2.391604815 1.271331629 1.257838886 0.619250203 -1.202452950 -0.756904089 -0.678574377
-0.074512762 -47.284065434 -19.220519066 0.689045878 0.289279347 0.660882251 -0.069049891 -0.596463610 0.105531724 -0.611871451 0.516355767 -0.543814565 1.652652533 -0.270638077 0.469321636 -0.328874596 1.141486669 0.997029373 0.683839287 -0.851556115 -0.872658378 -1.818193673 0.178507260 -1.027770733 -1.132596556 0.355752149 0.020546174
-3.094482991 -40.669810549 -23.057199030 -0.033663888 -0.359006829 -0.735550877 -0.573537921 -0.890347888 -0.507173776 -0.346432114 0.000890133 -0.312870897 0.556369602 -0.802864572 -1.830768235 1.268502349 0.677155260 1.945625160 0.008978385 0.584568824 0.988616272 -0.450615239 0.061429766 -0.048726090 -0.819327217 0.380476934 0.550134993
4.338759859 -41.138529939 -19.422241605 -0.912546350 -0.360911300 0.131550463 -0.140344822 -0.109578378 0.083055550 0.399214547 0.471415579 -1.356784569 -0.851938277 0.315750948 0.078042303 1.048187326 -0.525813803 0.785364315 0.130182453 0.997532079 -0.694652571 0.330475832 -1.433002009 -0.217637903 1.079342016 -2.397543275 1.093779700
5.228248651 -45.158270042 -28.306988920 -0.725841982 -0.454423564 -0.514907022 0.039030757 -0.149393827 -0.000630852 -0.865272097 0.776895450 -1.160784164 -0.967703155 0.020459311 -1.539725779 0.593047972 -0.735324703 -0.959886527 -1.551577062 1.268845288 -0.774271771 1.111122931 1.455791384 -1.262360947 -0.191772265 0.051832357 0.778310814
1.035257656 -44.422725380 -28.786129808 0.686329470 0.057316160 -0.557087664 -0.464025916 -1.276139664 -0.514656823 -0.246458837 0.813351180 -0.078564538 0.103817104 0.611945328 -0.596973105 -0.408386446 -0.716277904 -0.068885733 1.531862818 0.175423009 -0.616361233 2.300469185 1.123907952 -1.233390517 -0.915491082 0.095826347 1.989747493
-4.360150404 -36.143960099 -26.433645741 0.764886547 0.152530420 -0.234647315 -0.580192795 -0.417181658 -2.021889772 -1.270753549 0.610597382 -0.201481292 0.882453970 1.041971193 -0.119237752 1.170542891 -0.745689722 -1.408429657 -0.735536311 1.319398656 -0.326162866 -0.006082207 1.342204259 -0.819067771 -0.224537438 -0.321609000 0.885384423
-2.319798026 -40.981882275 -30.116727565 0.307545722 0.108411616 0.608264706 -0.723655027 -0.365197905 1.934664130 0.411250674 0.791320815 -0.142794184 -0.706845121 -1.001596348 2.784115565 1.472261504 0.366996712 0.581551855 1.106897185 -0.726172384 -0.078693854 -0.447689088 -0.497421552 0.218481525 0.367335745 2.165051158 1.080060942
-0.027999246 -32.589199197 -25.477966198 -0.165711067 -0.207045886 0.243192570 0.933021552 -0.082519813 -0.896213275 0.686169236 -1.869225765 -0.553090189 1.716350293 0.204036662 1.681538067 1.948779776 -0.596220572 -0.655009564 2.899532598 -0.306846471 -0.300755436 -0.684150802 -0.724343316 0.649057747 -0.758145645 1.530239871 -0.615873138
3.521662609 -43.414883073 -23.599208715 0.676091287 0.070776343 0.424224973 -0.598267877 0.245284162 0.563188358 -1.212522292 1.059507854 -1.125157353 1.163330165 -0.172370195 -0.777019622 -0.089899407 0.686879270 -0.748009732 0.077764118 -1.929138758 -0.213900819 1.828793357 0.796965836 -0.948554108 2.735743425 -1.373790543 1.266386012
2.398632466 -33.268496328 -28.926148108 -0.465486176 -0.381707928 0.365877509 0.709757231 -0.291130063 -0.152447368 0.763138014 0.148543922 0.952746938 0.478374775 -0.875779772 0.854649165 1.091730447 -1.134857408 -0.170700789 0.666570841 0.978201510 0.479836390 -1.124487325 -2.003772574 0.012890171 -1.531916011 0.950689586 -0.583716681
-0.661629301 -47.963915614 -25.193048607 0.532509374 0.691226177 0.427033222 -0.237239894 -0.204905621 -2.019225046 -1.714791739 -1.526603830 0.311419188 1.260944065 0.950990288 0.659703410 0.727910390 -1.843799048 1.343016025 0.308749242 0.566082741 0.618698593 0.495309924 0.723753590 0.699829274 1.209788479 0.142596072 1.329001738
6.423592828 -43.429450715 -27.878199560 0.290092286 0.284858790 0.664812297 0.626678981 0.305693278 0.236858407 1.754827417 0.206627224 0.259558802 -0.721060059 0.808882478 -1.923540325 1.614684817 0.020602873 0.505730218 0.477917181 -0.496631447 0.335342450 0.940976286 -0.634420037 -2.761932526 1.006622241 -1.239956235 -0.201424398
-1.515308874 -42.596719927 -33.614877167 0.549361831 0.665415589 0.363391695 -0.351240870 -0.099935389 -1.409198992 -1.410107371 1.731149048 1.006457671 -2.308359353 -1.125266302 -1.178795887 -0.920312768 0.446963137 0.977653871 -2.253917439 0.042886111 0.011968053 0.583260729 -1.074719373 -0.029240749 -1.345866472 -1.113263390 -1.432396818
-3.086841659 -31.241609062 -25.056445452 -0.479629389 -0.715696997 -0.065393502 -0.503445278 1.722275084 -1.626698592 -0.036276062 0.474553674 -1.348497566 0.453140935 0.122855926 1.330675887 -0.088739799 1.804661627 0.363201662 -1.952312397 0.085163130 0.549634982 0.268892425 -1.817067257 1.195299572 -1.207777631 0.838861116 0.400545614
0.648733538 -42.606503822 -34.247654926 0.215808935 0.075073649 0.972449591 -0.046176217 -1.189816029 0.812169865 -1.365182852 0.349582020 -0.749030780 2.270379194 -0.227009023 -0.233724362 -0.466874758 -0.122400377 1.644640926 0.868423394 -1.179893560 -0.476753310 0.332230327 -0.652901411 -1.416891360 -1.696956771 0.472329119 -0.842676606
-6.491490881 -37.039993102 -21.081012557 -0.662073259 -0.566440942 0.301182249 -0.387418264 0.240851827 -0.275284423 0.570515021 0.111532150 1.048989494 -0.132639256 0.159207402 0.390600694 0.741375837 0.917634623 3.077173289 1.780076849 -2.183915487 0.502641643 0.635457308 -0.855841143 1.487456121 1.323895448 0.498728618 -1.262037124
-6.509631853 -33.631019639 -24.433846242 0.361865359 0.531718912 0.662666184 -0.383669114 -0.090423342 -0.206516237 -0.621016686 0.275626185 0.455620546 -0.481497180 0.546352273 -0.979114103 0.049327001 0.941754132 -1.382367460 -0.108967976 1.015778818 0.007088470 0.218003361 -0.366409223 -2.749673249 0.390403967 1.484487264 -0.174852048
-1.094249148 -36.170349769 -31.029231042 -0.266728986 0.246652102 0.813596577 -0.453959247 0.033448671 0.925918467 -0.397397422 -0.650460227 -0.030881825 0.790499745 -0.000680354 -1.269959404 1.232241684 -0.725234464 -0.851962455 -0.900293901 0.997765877 0.468238463 1.366027558 -0.496838042 0.002722050 0.840520250 -0.342914907 -0.554110246
-5.805321370 -44.006554337 -26.892301525 -0.550355214 0.526754809 -0.025697364 -0.647285220 -0.713537214 -0.265531590 -2.219636551 -0.582093757 -1.310495321 0.655428845 1.348081721 1.047429755 -0.143189465 1.161894839 1.335235009 0.334877599 -1.108724414 -2.318242632 -0.768406643 -0.468667305 -1.271844431 1.696138585 0.519622832 -0.940999572
-4.190696472 -36.153646282 -32.024277137 -0.720143967 -0.342252224 0.054116948 -0.601105180 -1.941400427 -0.242259773 -0.930431184 -0.445680630 -1.003194521 -1.278061420 -0.570718809 0.417617602 -1.389950728 -1.013753405 -0.689081075 -0.191439991 1.423877466 -1.291403708 1.323369974 1.045227668 -0.792916502 -1.031860659 0.049672603 0.955895224
0.463500819 -41.550882546 -32.121728703 0.216562983 -0.028566728 0.540625764 -0.812408887 -0.506074762 -0.914426809 -0.506681981 0.820086946 0.349936278 -1.165847352 1.192900209 -0.757454381 0.512212097 1.935621704 -0.605432369 -2.026934982 -0.527987770 0.213358620 -1.396045130 1.670374295 2.104265839 0.570233266 0.580151410 -0.969760380
-4.493635291 -47.480204994 -24.238062513 0.077862797 -0.223654656 0.928676535 0.285439788 -1.535274708 1.005425818 0.310866824 -1.409983721 -1.416694058 -1.632239972 -1.441257330 0.824679970 -0.706874115 -0.619917150 -0.347270139 0.802834568 -1.362220550 1.087594896 1.017930463 1.947330540 0.353361094 -0.228465854 1.257869920 -0.834227592
-5.385468315 -34.226915779 -28.464095019 -0.086963192 -0.474860306 -0.725876542 -0.489947282 1.490290029 -0.422818931 -0.411458559 -1.339473358 1.031357827 -0.674220834 0.360367888 0.936670741 0.709503597 -0.064559311 0.563564275 0.467756715 0.608170146 2.251644603 1.281369109 -0.570219884 -0.969003760 0.094407033 -0.803877262 0.321028218
7.109122589 -46.871220650 -24.133063902 0.468475203 -0.513493450 0.552284700 -0.460257614 -0.581488338 -1.707201555 0.698154939 0.290836116 -1.602258109 -0.555148203 0.581650913 -0.836132977 -0.333875832 2.442197303 -0.247527413 -0.068805285 0.072585195 2.541346594 0.963787452 -0.759286746 0.093299223 0.197973208 0.318891269 0.297827371
-5.263217596 -42.750416467 -26.602343711 -0.885882323 -0.311851916 0.328806349 0.099233443 0.782131192 0.136266979 0.274949109 1.083179898 1.173418160 -0.462512872 1.011137602 0.993894672 -0.621595277 -1.681240826 -0.743227762 -1.090919656 1.552968640 -0.288878655 0.487104536 -0.375979553 0.913287924 0.755765349 1.706592500 0.021766473
5.504638794 -37.246147831 -32.010285052 -0.008150284 -0.860199797 -0.122693213 0.494910354 -0.382137003 1.123553324 -0.204357281 0.114696911 -0.097351898 -1.992614333 2.154390457 -0.299604992 1.205420713 0.108187829 1.870500082 1.291984697 0.048119997 0.572123100 0.433044996 0.653969113 0.038003648 0.286469309 0.781968004 1.499040403
1.326131189 -31.910425470 -27.499758413 -0.127257249 0.021367123 0.983721290 0.125065832 0.032118823 0.218644844 -0.236802462 1.382646684 -0.117376253 -0.555007907 1.020010192 1.315590782 -0.640905124 0.672162459 -0.256063603 0.606031257 0.008310946 0.233394886 0.306296625 -0.411829398 -0.056852147 1.269980109 -0.381934609 -0.032233351
-3.586486643 -46.622902941 -22.048954821 -0.645857233 0.313904647 -0.609000373 -0.336824661 0.745874909 0.720637557 -0.941923716 -0.889941065 1.185061727 -0.653701342 -0.818205325 0.384439219 -0.409832683 -0.232857882 1.426453226 0.005940896 1.441651462 1.216247866 -0.329921031 0.402913370 0.786837666 0.245786706 -0.705004868 0.063898739
-3.884209197 -45.316417919 -22.964050343 -0.778906868 0.191122647 -0.597301383 0.002698659 -0.288450974 -0.075083173 -1.717328949 -0.320190915 0.188269391 0.082905642 -1.483716636 -0.062109099 -1.232671345 0.326375778 2.776959459 -0.237758595 0.320877403 -0.408950932 1.312217329 1.064830151 -1.063553057 0.247692043 -2.210762960 -0.313144258
-2.394319950 -44.399817699 -28.874877959 -0.496448681 0.862902744 -0.094455530 -0.003964108 -0.507564158 0.057118410 -0.820577705 0.199400548 -1.886143963 -1.375972005 -0.657336183 -0.900694188 0.749849549 -0.257414749 -1.059759194 -1.220404185 1.141056227 1.467610797 -1.975144485 -0.220774735 -0.330475490 -0.004271675 1.379453100 -0.518956819
2.137780374 -37.464768826 -31.313593411 -0.393523696 0.328863155 0.232732525 0.826331470 -0.882322028 -0.516967433 -1.447404718 -1.214986389 -0.348256239 -0.765328223 -0.346307210 -1.952838643 -0.012927776 -1.125957711 0.099840274 -0.810516729 0.201950815 0.731537542 0.377270876 2.253426184 1.999467905 -0.637711863 -0.302610581 -1.283587904
3.644822479 -44.422718904 -20.088271421 0.540261513 -0.454374765 0.100388848 -0.701129909 -0.100701480 0.211766927 0.553541531 -0.439397103 1.089733187 0.227517281 -0.053721398 0.497303039 1.329863996 1.027447070 0.900014120 0.863164118 1.312560936 -0.844318845 0.563659548 -0.993070262 -0.761254641 2.038332343 0.461329723 1.074765299
-6.466655825 -41.921782991 -30.308308346 -0.146366759 0.518360510 0.826714830 -0.162547663 -0.851837656 -0.846248824 0.083584596 -0.922886489 0.128346783 0.690249923 -0.766458820 -0.029505664 1.266414177 0.684700700 1.139038772 -1.024619311 -0.614587715 0.705386725 0.505073041 -0.590891864 -0.281270602 -0.744765289 -0.626210195 -0.750507181
5.203016664 -42.455128894 -31.938792830 -0.994334194 0.027368652 -0.033918769 0.096953516 0.351691135 -0.488913500 1.315880897 1.869709648 0.665902288 1.019196773 0.955328364 0.688514254 1.860041901 -0.486806849 -0.084517585 -0.125285515 -0.707099647 1.127376316 0.413355263 0.989954190 0.594290738 -0.753987377 1.131712934 1.115689208
-3.767873565 -43.501751445 -25.170461297 0.213743073 0.691229974 0.318149230 -0.612614144 -0.127972123 -2.000960001 -1.195868876 0.969062961 -1.440301500 0.745118201 -1.432720175 0.777150188 -0.806857708 0.158428615 0.039841534 -1.141949899 -1.191530730 0.187133512 -1.554307271 1.554405111 -0.402946256 -2.476116486 -0.053018356 1.588975962
0.188060272 -45.948280329 -28.275489786 -0.138837443 -0.459370551 -0.025385665 0.876959765 -0.274440575 3.537293984 0.649953808 -0.106949237 -2.139329367 0.379230986 -0.830338691 -0.901689632 1.699893780 2.040710923 0.758419692 -1.258554413 -0.866631910 -1.417389777 0.887489636 1.653891143 -0.192799838 -0.619125055 -0.550324685 0.460923395
-3.751739098 -35.358261542 -28.953078656 0.406919059 0.444473001 0.782056365 0.158897682 -1.318263541 -0.110850675 1.132875326 0.847009954 0.795494899 -1.150209658 -1.570815563 0.874404285 0.101076379 -1.825809712 -1.125723344 0.887296912 0.430714256 -0.526661375 -1.001280089 0.680109745 0.645074077 0.409327908 -1.621320184 -0.541865429
6.503656891 -38.032325549 -23.836738497 -0.103428663 -0.554455821 0.240140766 -0.790071938 -3.073606212 1.266488017 -0.657017398 0.340196851 0.396217474 0.416909688 0.387094859 1.407301801 -0.697302527 -0.308706209 2.042815185 0.385884042 -0.143394383 0.577847632 0.332800792 0.188410660 -0.210088871 -1.627622833 -0.886582998 0.114964232
-2.490552028 -49.066962475 -22.790743059 0.303220518 -0.117759302 -0.405858951 0.854089326 -0.011478609 -0.490952751 -0.488819760 -1.782721361 -1.164308584 -1.166616169 -0.937852857 0.753017891 0.859420732 1.400574410 0.807156079 0.315257622 -1.530118053 -0.303782299 -1.035830787 -0.382074336 0.426832289 1.048401953 0.752493817 -1.089063835
8.856645890 -43.573764916 -22.362601029 -0.940004574 -0.152054509 -0.105734712 -0.286515268 0.635744053 -0.690272449 0.334302822 0.940948479 2.141366903 -0.805281355 0.669161388 -1.150798107 0.287658845 0.254089798 0.338746522 2.129301898 0.270284502 0.348423135 1.332887076 0.182363392 -0.286075218 -0.515598159 0.907694359 1.145212772
-3.494955586 -48.334720580 -27.397892131 -0.348485529 0.146968093 -0.741788015 -0.553812926 0.446291803 -1.395116384 0.737976220 0.192890750 0.574002437 0.049144525 0.601768397 -0.322005505 1.091029749 0.417823524 1.075795055 -0.727130590 -0.581875971 -0.931651487 1.741584983 -0.906142468 -0.675778869 -0.358000066 0.466800215 -0.168232557
-4.046056497 -43.836842340 -23.849859552 0.246668940 0.488092404 0.833798777 -0.075497276 -1.217919332 -0.688084388 1.052628415 0.112134674 -0.750724481 -0.287847223 1.180237808 1.193164129 -0.976441919 -0.809229850 -0.654207109 -2.370682741 0.334616466 0.653748920 -0.202974784 1.106235706 2.208319771 0.265850063 0.860739987 -0.104033724
4.046377698 -38.101654028 -27.309108102 0.244733080 -0.374606459 0.816621639 0.364561134 -0.767968443 -0.074556471 1.701196786 1.106131470 -0.652684927 -0.507737649 0.709380731 -0.254007333 -0.684211080 -0.695261347 0.671439594 -0.937885631 -1.047728218 0.849108136 -0.621039497 -0.439310922 -0.975258541 -0.419722031 -0.280509597 1.368851516
-2.423356040 -44.109363957 -32.665871811 -0.881785972 0.186118205 0.399142666 0.168815417 -0.982262641 -0.200072482 0.315472041 0.048114926 0.371380479 -1.594598097 1.140874275 0.471775472 0.231977067 0.324400172 0.237292313 -1.884530802 0.495114353 0.958631775 0.704251825 1.504256589 -0.104875402 1.120778818 -2.517467828 0.360598873
-2.663542335 -39.330959801 -33.252271752 0.297505315 0.002737945 0.494565862 -0.816631924 -0.313748875 -0.668431703 -1.616084495 -0.259512229 -0.449370905 -0.110359821 -0.053548779 -1.318198464 -0.640467624 -0.159692785 -0.444260246 -0.708773786 0.087770794 0.410685513 -0.525228723 0.120725834 1.197842975 0.096091844 0.045922397 0.833409961
1.954448691 -41.213860042 -20.211555870 -0.800232470 0.238246243 0.532429724 -0.139231141 0.029050102 -0.026949703 -0.339819645 0.118797217 -0.036177452 -2.230936001 1.579548060 1.071369669 0.667322660 0.821972544 -0.915053281 0.391937606 -0.129415624 -0.016414039 -0.340114734 0.881816431 1.269915981 -2.302453396 1.488576502 -0.382389454
4.936383761 -40.636701803 -18.822982128 -0.331803274 -0.137716775 -0.578104334 -0.732622724 -1.553415615 0.620859124 -0.013039647 0.302251825 -0.992783858 -0.026632364 0.074737063 -0.635852393 -0.987016442 -1.058949875 -0.942866716 0.029534879 -0.892056790 -1.009257973 -0.497823163 -1.622251857 -0.015296718 1.844087165 0.602576499 0.168544456
-0.972657378 -32.036089435 -27.313212060 0.407188271 -0.575129570 -0.709110006 0.024221649 0.089997615 0.881859231 -0.513743821 -0.949688670 0.144447916 0.547152490 -1.356162938 0.151952965 -0.938961089 -0.015842693 0.295945183 0.119919554 1.404043101 0.172779462 -0.032224936 -0.921711539 0.414866279 0.037491407 1.490272705 -1.058732149
0.058832008 -37.234274120 -26.740607873 0.699927779 0.665603964 -0.080852259 -0.246039387 -1.440704222 -0.832269165 -0.016915777 0.651356607 0.394138981 0.926320504 0.449768294 0.390961000 0.317264670 0.495506395 0.897746721 -1.609176812 -0.898701829 0.506382888 -0.260762560 -0.303050743 -0.372525819 -2.193707241 -0.006268470 -0.332913175
3.792906292 -36.507757215 -17.117950261 -0.037372375 0.111298105 -0.015228808 0.992967331 1.774483486 1.186408619 1.207744106 -1.944640039 0.642579107 -0.685873655 -0.226776961 0.421119008 -0.102421493 1.698424324 0.040113139 0.621712397 -0.644104293 -1.110564206 -0.409009579 0.381605712 -0.210237629 0.856409901 -0.934855504 -0.654928194
-5.519282973 -38.886401857 -25.418755862 0.566509513 0.487919664 0.111926578 -0.654579113 0.277585422 1.393882635 -1.334396799 0.804129144 -1.299673264 -2.161779589 0.609385571 0.470475819 0.466614551 0.354250060 -0.238998255 -1.491313963 -0.634048808 1.956437780 -1.067189889 -0.001762082 -0.312007299 -0.152021420 -1.023574688 -0.570295912
-1.353168745 -45.527124401 -16.997416850 0.717652679 0.195179146 -0.597775916 0.299238513 -0.113740137 -1.181965134 0.695366017 1.178006666 0.614055701 -1.249823617 -0.883360573 0.755330957 -0.584517044 -1.435824399 1.862474309 -0.932727909 0.855428551 0.436879517 -2.115001730 0.909925243 -0.750959967 0.030968751 0.769451004 1.586964596
5.920478967 -44.022458254 -22.728752799 0.411474752 0.042811972 -0.902485032 0.119901756 -0.324386484 1.012953156 -1.797895157 0.316795179 1.194095485 0.121688216 -0.536851976 -1.366076202 0.533592795 0.161131942 -0.095322612 0.169399944 0.004493132 -0.449133528 0.915671925 -0.583922221 0.524533398 -1.146906864 0.752438357 -0.520657160
3.049254448 -49.650004820 -22.900113766 -0.461158721 0.726779164 -0.499159323 -0.099823102 -0.823867532 -0.300819333 0.707667913 0.984915756 2.556351861 0.183703038 1.150582905 -0.679454027 0.145020191 -1.044274259 -0.805788071 -1.243234317 -0.109344209 1.449687938 0.319464672 2.207285964 -1.336059630 0.375331051 1.014063063 0.075866784
-3.135386660 -36.166937204 -28.340809304 -0.107126030 -0.353396239 -0.039920288 -0.928461891 0.698356252 2.230999575 -0.501571472 1.277701236 0.457548916 -0.661820880 -1.262031008 0.945104855 -1.246044090 0.932859244 2.368908707 -1.959219898 -0.798825556 0.767273018 -1.282383755 0.977060985 2.173523891 -1.061429440 -1.020110280 -1.063172693
-2.775479463 -48.881120774 -25.929649431 -0.310526256 0.778798958 -0.066480878 -0.540949092 -2.078774401 0.162673128 0.910681822 0.255724373 -1.903446747 1.444706228 -0.928159291 -0.672243886 -1.062499915 0.873568170 0.378704062 0.225353646 1.350934889 1.288581965 -0.225844066 0.437714637 -0.883156163 0.713726225 -1.069061000 -0.885509518
8.546716193 -41.892485089 -25.824254313 0.358791922 -0.057178659 -0.891184944 0.271640118 0.606849110 0.333286846 -1.305397505 -0.211624682 0.311209893 -0.847216641 -1.399846485 -0.042691154 1.287816450 1.292042717 1.532877977 0.026653169 -0.407508802 -0.037916933 -0.321974901 -0.079395899 1.117445423 -1.233531148 0.431834430 -0.776829285
-5.050736481 -44.582704094 -25.549730455 0.019347123 0.630379065 -0.771742390 -0.081618667 0.668690864 -0.583714056 -1.369170952 1.329906007 -0.981677901 0.302959617 -0.009343426 1.454825616 1.275602208 1.007345372 0.305045539 -0.214529647 -0.203845617 -0.477938552 -0.333054096 0.253853271 0.816858073 0.355827912 0.904824241 0.102349167
1.293189878 -45.545874282 -17.203496281 0.381480898 0.810925788 -0.441741422 -0.041667821 1.574639472 0.283367545 -1.381942584 -1.156318766 -0.625610952 -0.567127662 0.806495081 -0.691119688 -0.800188327 -1.132547961 0.505302891 -2.213445255 0.214137741 -1.616706782 -0.111628340 1.658875284 0.312372405 1.445224328 -0.053055194 2.206011869
4.896865269 -37.771816589 -18.591911238 0.478624087 0.371364353 -0.793716228 -0.054973178 -0.265175608 0.412548497 -0.112367269 -1.005047082 -1.764661525 0.239076463 0.020919475 0.194668030 -0.532992395 1.342949155 0.757469269 0.650277037 -0.220229251 0.021034340 0.787608148 1.587764469 0.328605697 0.487836210 0.102473128 1.692371301
0.163885296 -35.769485295 -22.956117660 -0.139519660 -0.277273153 -0.812108145 -0.494099407 0.804820110 -0.772381132 0.041714251 -0.505010965 -0.224640984 -0.188235714 -1.030810976 1.912430721 0.387051073 0.901833972 -0.549392993 0.656429855 -0.316209321 -0.353367026 -1.246109050 -0.099500785 -0.634589682 0.189820814 -0.632078064 1.112613420
0.590216729 -39.146859366 -23.424234620 -0.503558915 0.553122780 0.424888779 0.509855995 0.004124897 -0.015476712 -0.483476647 0.751539567 -0.306736931 -0.362690873 -0.181204586 1.631739196 1.206855503 1.269283881 -1.359336882 -0.254231184 1.075619825 -0.773793998 0.792420825 0.186745867 -1.090368530 2.022996743 0.577494162 0.624005088
-2.272975420 -37.443302160 -16.495328209 -0.719837516 0.515874782 0.063295061 -0.460109655 -0.257448393 -0.467864729 -1.114209046 2.147245545 0.385275429 -0.538038174 -2.155208390 0.219927492 -0.152345815 -1.468131836 1.853844663 -1.129759028 -0.742465843 -0.641420256 0.245430928 -1.282055955 -1.043622662 -0.481346540 -1.043033192 -1.101272942
-3.981975877 -39.421593024 -20.434268572 -0.619054347 0.269334494 0.678457835 0.289699176 0.721992209 -1.037603159 0.321722168 -0.499942582 0.973749998 1.788701843 0.525345447 0.320251505 0.684944005 -1.194757046 -0.882011055 0.186151999 -0.305750635 -0.268892244 -0.271807662 -0.046765580 -1.519944679 -1.199858865 -0.180339865 1.040909751
2.697674423 -41.613807282 -20.571124594 -0.277282387 0.612810430 -0.619521088 -0.404686887 0.203993084 -0.410840848 -0.345284334 -1.338306115 0.518765844 0.193563740 0.852076100 2.522597015 -0.183964189 1.090306958 0.667705664 -0.932844994 3.078898669 -0.189427512 -0.224126393 -0.474397475 -1.006150042 0.150259106 -1.749183079 -0.196421534
4.885924214 -48.372493890 -23.179998033 0.497118830 -0.409463984 -0.719957638 -0.258598366 -0.778016455 1.351379554 0.372261738 2.325530916 -2.131989734 -1.008549712 -1.090493056 -2.240586973 1.890201949 -0.270623346 0.266154258 -0.747222086 -2.023541633 -1.245382390 0.293162030 0.766215372 -0.077991368 0.962451817 -0.427258109 -1.018734019
8.152355834 -37.735636052 -26.421852063 0.135010117 0.506042708 0.226151703 0.821308988 0.572162627 -1.211695213 1.214740164 -0.494835378 -1.013134728 0.488909538 0.177887266 -0.457414831 0.590095616 -0.749630955 1.243990948 -1.884138786 -1.583248485 1.347537262 0.075066081 0.320602613 -0.275048559 0.126390013 -1.981540190 -0.288373120
0.077042999 -43.499004845 -26.181744198 0.014726861 0.823052975 0.562127482 -0.079872482 2.320700010 0.308376417 -0.467686539 -0.159349510 -0.614505428 0.562589862 0.816134098 1.581170529 -1.454599417 -1.943199575 -0.808501490 -0.104812183 -0.004085516 0.684517214 -1.124957645 1.358759363 0.269139366 -0.180077967 -0.349714535 -0.739030569
0.849193767 -40.360709542 -31.418727775 -0.252239656 0.807333646 0.143744367 0.513736408 -0.493833598 0.959761520 -1.824559349 -1.054787773 0.435191398 1.110587954 -0.066087446 -0.983071367 -0.778089070 -0.517618903 -0.158888212 0.644414703 0.519196632 0.125915439 -2.139545255 0.462732000 -0.701910968 0.361545469 1.007044890 0.339638436
-0.428909473 -34.024643926 -25.019960899 -0.348336509 0.247670306 -0.751853321 0.502033544 0.218724169 -0.317911508 0.320790274 1.281469277 -1.161847485 -0.170780743 0.035176183 -0.847552432 -1.108447934 -0.863300271 -0.701687505 -0.283965801 -1.159701849 -0.303198516 -2.320994535 0.281811889 -0.675172412 2.007270494 0.543156917 0.194758662
7.859600398 -44.061726896 -23.871150907 -0.233248246 -0.710313705 0.000581181 -0.664115470 1.235183066 -0.629306765 1.742849106 -1.497840237 -0.645472458 -0.904085469 1.676743580 0.937344602 1.235142439 0.776505413 1.195506856 0.074542682 1.719156785 -0.185328548 0.813491470 -0.992761555 1.134732925 0.737909064 -1.219912753 0.799269767
4.292601013 -37.878587514 -20.379257098 0.149413869 0.537557364 0.665970386 -0.495167669 1.443183834 -0.050859152 0.489367736 -0.668265921 -1.171402614 -0.633685782 0.709278404 0.474776753 -0.561999396 -1.335505902 -0.993314559 -0.263538093 -0.136085128 0.161767093 2.370492917 1.396006391 -2.844079473 1.808429381 0.316660774 -1.082569432
0.834626489 -37.052814337 -27.678968029 -0.344343506 -0.369337304 0.384414315 -0.772815075 -1.273475409 -0.414870540 -0.478919930 -0.769892394 -0.465857511 0.984127095 0.895794953 -0.301414492 0.038439384 0.668656117 0.287018316 0.649260370 0.551879767 0.856558222 -1.423048686 0.831951567 1.335168336 1.198304563 1.258181266 -0.491755571
1.548839267 -33.438518306 -28.312344513 -0.421071860 0.282523762 -0.734037875 -0.451737989 -0.397679831 -0.979828636 0.941189776 -2.300473055 -1.133037601 2.156230658 0.272254574 1.307276683 -0.024392546 0.344845217 -0.617466982 1.033868027 -1.210736371 1.339575702 -1.648570508 1.949949950 0.041694280 -0.985285850 -0.104240457 1.277807161
3.987407663 -43.613589991 -30.871365329 -0.661018470 -0.023068968 -0.562791157 0.495770630 -0.384995950 0.763399527 0.029601107 0.609098858 0.049353735 -1.424269172 -0.640777480 0.388372857 0.528691257 -1.613651623 -0.173107763 -0.157915814 -0.585592729 0.887459605 -1.249019050 -0.635806407 0.032282047 0.353146535 0.997082185 -0.663542119
-6.698339960 -36.504590272 -27.476980166 -0.628041123 0.003265149 0.117778589 -0.769208613 0.734229617 0.847245898 -0.328608787 0.764673141 1.252641905 0.713167073 -0.098331844 2.274093995 0.025814634 -0.112685722 -0.386220154 -0.165479744 1.195516498 -0.204704485 -0.003528435 0.114032733 -0.064272212 -0.398994205 0.978787458 -0.465081468
6.047198730 -46.384996333 -23.370659192 -0.178843443 0.685714264 -0.370002144 0.600757342 0.879066061 -0.949501744 -0.650551305 0.220212332 0.544318176 0.976501531 -0.414403774 0.148527268 -0.358254951 -0.973977090 0.403986234 0.122253509 -0.841587086 -1.021073968 0.197642845 -0.802146925 1.574282775 -0.245129495 0.268963498 0.071179592
0.621631709 -39.275777620 -17.416101884 -0.154179395 -0.063964536 0.157556457 -0.973300167 0.306430841 -0.823662493 0.007716186 0.265015908 0.119762209 0.286487564 -2.078984065 -0.456514152 0.791026777 -2.100363274 -0.659478218 1.223213241 -1.270518276 0.767119390 0.029882867 -0.151080227 -0.189547284 -0.233081462 -0.606578816 -1.476316153
-2.578672162 -34.947032402 -21.579110757 -0.485836659 -0.461998381 0.329345468 0.664869761 0.950272334 0.762690756 -0.825276299 1.217003534 1.289549555 0.389494512 -0.209236716 1.123397930 1.190420941 1.353833655 -1.406999358 -1.275618127 -0.297656673 1.212452770 -0.202384172 0.884446709 1.464287534 -1.385672695 -0.056612609 -0.072990927
-3.573376160 -37.638887014 -32.273093196 -0.341495001 0.746605778 0.111345855 0.559967032 -1.567985159 -0.788889575 -0.184659431 0.852757210 1.226032564 0.701652299 -0.526903482 -0.229499993 0.169364131 1.079420580 -0.504794862 0.539019368 -0.620024991 -2.683475761 2.262318357 1.250315096 -1.142752381 0.308349707 0.110662725 0.780859636
-1.639459833 -33.541824660 -23.223973403 -0.875743501 0.456218535 0.039867215 0.152802404 -0.686231387 0.830955313 0.505921940 -0.496584155 -0.155252651 -0.845201900 -0.351146675 -0.119869463 -0.211810902 0.991507311 -0.052963831 -0.523737660 0.222850984 0.276396617 0.613053425 0.002555851 0.124992029 -0.725556494 -1.148120635 1.517691146
-3.141858786 -39.035827534 -19.435012569 0.436930308 0.324320411 -0.179357650 -0.819596858 0.058072234 -0.113829602 0.903874377 -0.876063597 -0.446958942 0.035818254 -0.808358112 0.204514375 0.600544482 0.767084430 0.148076218 -0.376801965 -1.635346381 -0.545895876 0.584773974 0.537678540 0.097117990 -0.357223150 -1.155414445 -0.369078294
1.088332368 -31.077869901 -25.527618672 -0.152913345 0.425327985 -0.705497759 0.545881421 -1.506644643 -0.393657842 2.678086093 -0.288045065 1.515605513 -2.104574204 0.616740446 -0.644946099 -0.482468703 1.124506720 0.603730127 0.867955233 0.565310773 -0.852432790 -1.117567695 -0.663788254 0.750817691 1.303766350 0.692073141 -0.967638855
-0.341501706 -35.710213719 -27.837805641 -0.153044791 -0.564274747 -0.428581898 -0.688831517 0.967896803 -0.021219893 1.660204760 -0.832310353 2.386492723 0.175261875 -3.878172821 1.214963737 0.684081250 0.805098058 0.052285168 0.551543074 0.287413085 1.686585719 0.762832836 2.405036030 0.232938568 -0.638043696 -0.330270439 -0.036043519
-2.345053366 -42.774147348 -19.243277688 0.307268799 0.025580758 0.694162775 -0.650437969 1.693122642 -0.323237905 -2.042332866 -0.706178479 1.450515696 0.570595858 2.094889463 1.575372766 -0.394807405 0.255595630 -2.302908514 -1.041940053 -0.084021296 -0.711034813 -1.028719837 -1.124775770 -0.966545065 0.727343273 2.354218224 0.783699957
2.233447120 -39.312313073 -30.284845014 0.054698951 0.577277625 0.807966620 -0.104635121 -0.025506795 -0.712754540 0.071290068 0.320804950 0.397569745 -0.796856849 0.325782231 0.459555591 0.255168842 1.903807168 -0.061975280 -0.386332998 -0.668001618 -1.358243627 0.948676286 0.138006291 -1.128619451 -0.552856931 0.851093706 -1.062895406
0.160502771 -37.279988529 -31.847329047 0.550529608 0.816047775 0.040011411 0.171412563 -0.513109176 -0.006608736 -0.616335679 0.869102368 0.947165097 -0.142940332 -0.050138423 -0.194112415 -0.545003938 0.653967055 -0.367527098 1.178102084 0.386453184 -0.425282814 1.539353822 -2.332093452 0.751696981 -0.688488987 0.256927203 0.072117244
-5.998918935 -46.681172807 -23.984955738 -0.861150235 -0.369606123 0.324134792 0.129414924 -0.540816054 0.128011476 1.576890200 0.715055739 -0.799124934 0.329711877 1.193094121 -0.012663232 0.977098703 0.932957945 0.693888774 -0.471770236 1.460291250 1.061434935 -0.417763567 0.752513298 -1.819422567 2.113164450 1.169881699 -0.451481190
10.224750303 -41.525192808 -24.427887146 0.850637990 0.463280935 -0.239819246 0.065364468 0.310604442 0.469448223 -1.336553957 0.259759447 -1.331429379 2.770489812 -1.312895640 -0.049375494 3.099985985 0.110340445 0.366354048 0.745412094 3.340844517 -1.052656340 0.065363819 0.814907172 0.904936116 -0.123922134 -0.032468402 -0.466551650
6.406966549 -39.808906852 -26.956840318 0.074476082 -0.134198023 -0.951657986 -0.266066312 -0.543560433 1.524920987 0.134685142 -1.009489473 2.325143192 0.087897088 1.626176467 -2.292780727 -0.112869676 -0.008896412 -0.568040430 0.604131492 1.377600794 -1.259098699 -1.440892658 0.922439295 0.467844607 -0.383654746 0.855587593 -0.875025401
-6.815056399 -35.702824957 -23.753273237 0.648129691 -0.114882145 0.277363565 -0.699856735 -1.183237314 2.173133337 1.882201374 0.744363557 -0.426596032 -0.323385574 0.525921793 0.484977945 0.014986762 1.102967317 0.592585882 0.168592072 0.192847246 0.974034080 -0.742232378 -0.871796221 -0.559942329 1.158311672 -1.050960591 -1.098316622
6.507363101 -36.566713210 -23.684554614 0.508925700 -0.525792761 0.441066654 -0.519612173 -1.220340605 -1.449966325 0.409292585 -0.742549957 -0.822321090 0.284738170 0.249205817 -1.137255489 0.208941966 -0.878637355 -2.174566433 0.416098186 -0.239903536 -0.374327910 -0.015098286 0.539069177 -2.159551768 1.343679141 -0.557556492 0.087612618
-1.238305076 -39.389137949 -30.637434405 0.019942051 0.109410328 -0.230622045 0.966667040 -0.745082437 0.912403681 -0.910038720 0.221623417 -0.563832210 1.754470570 -1.578522909 -1.074539387 0.156868862 -0.298294960 -1.856017412 0.243616571 0.378091684 -2.187281457 0.241746066 1.038964755 0.423965717 0.634851294 0.385142675 -0.394450650
1.278030604 -41.435443493 -21.364510803 0.703490862 0.102138271 0.252736761 -0.656347858 0.146134172 -0.643317575 0.638528288 0.220443894 -0.670519458 2.055209496 2.267035729 -0.268361328 -0.551083086 -0.104349498 0.513349890 0.909127744 -2.001906349 0.725070285 -1.087671081 -0.142012402 0.746860844 -0.903540655 -0.557362913 1.396157922
6.291958731 -47.538528107 -24.785583237 -0.634480394 -0.271708600 -0.004957767 -0.723591381 1.575753414 -0.808580011 -0.786535832 -1.398564693 -0.059374231 -0.839637526 -2.238873112 -0.391320058 -0.932211474 0.908498185 -0.895573866 -1.314517212 2.808081020 1.342438035 0.294904213 -1.528503293 0.001023969 0.822016062 1.293721331 2.939787219
4.009762648 -44.327007400 -23.810157343 -0.077474538 0.603177324 0.782147515 -0.135720581 0.554278052 -0.316316628 0.928552286 1.136890818 -0.025075052 -0.126630374 -2.905539093 -1.979349395 -0.476175207 0.006880234 0.560531460 0.347981111 0.003209205 -0.663494738 0.146237652 -0.931289979 0.010399950 -0.649261932 -1.189331916 0.978372574
-5.524575326 -41.908066109 -26.678352983 -0.413943717 0.331248500 0.756268360 0.383383878 0.395735493 0.530685948 0.118201751 -1.084052304 0.971834133 -0.792693037 0.086143882 -0.866202205 0.435494701 1.215781967 0.232149200 -0.989063980 -1.855752630 0.878818392 0.382213343 0.465618007 0.670460922 -0.131377387 -1.014434943 -1.370594414
3.940314378 -42.486981582 -22.499624772 -0.110652692 0.046746938 0.706021252 -0.697928862 -2.437834458 1.995288159 1.362076315 -0.754027201 -2.641383333 0.629425065 -0.194644397 0.616904377 -1.027187094 0.685896326 0.369101658 -1.000227359 -1.601779090 -0.139523842 -0.031530963 -0.825563836 0.148853240 0.085832767 0.036466062 0.630573322
-0.465381554 -43.379729247 -28.165332661 0.215728418 0.433792912 0.614451371 -0.622683284 0.227332475 -0.434333836 -1.020621051 0.225194123 0.313753088 0.417659340 0.641195071 -1.161638475 0.794238135 -1.026335322 -0.098704847 0.716122160 -0.339202665 0.442810650 0.358715387 -0.676429119 -1.914886285 -0.256443490 0.524699795 0.853993528
-7.702828038 -39.112668658 -20.203490260 0.439558588 -0.764900897 -0.259251339 0.393069470 -0.698069091 1.452408162 -0.237992442 -0.800785892 -1.711121493 -1.489872630 0.700486952 -0.082236562 -0.446670670 -1.319891634 0.578462330 0.109119322 -1.428254560 0.025083134 -0.758260745 0.119842844 0.954191928 -0.200262149 -0.373190042 0.024630662
0.091627752 -44.133785899 -21.299741799 -0.320470254 0.233596822 0.052725120 0.916488627 -1.533855236 -1.804931473 -1.121530093 0.521629572 0.558874776 -0.348027955 0.310410995 -0.589094129 -0.487773091 -0.915778305 -0.999557606 -0.675993141 0.204928027 -0.693747586 0.360536292 -0.185375785 -1.114369449 -0.834309962 0.669031442 -0.692263271
8.707053309 -38.655727795 -19.788885442 -0.558709630 -0.363783853 -0.694030426 -0.271710555 -0.828939448 0.720107211 -1.367374183 -0.180610219 0.662567910 -0.367387867 1.269154086 1.174930155 -1.766760323 0.700205676 -0.014302998 0.293769909 -1.008582455 1.440489625 0.809286439 0.442370545 0.217018553 -2.180049346 -2.000893281 0.197137745
-6.017988864 -40.257202647 -29.607369090 0.017433010 -0.596079030 -0.096061348 0.796968066 -0.900296425 -2.086564558 -1.737492881 0.799465396 -0.693322343 1.284771436 -1.360445972 1.215271235 1.156433379 1.450607449 -0.256349485 0.506226802 0.474160992 0.146102554 1.131411948 -1.731424522 -0.801776755 1.551635149 0.396078063 -0.814015438
3.202600580 -38.066305619 -33.883617913 -0.030758289 0.514588834 -0.335943414 0.788285660 -0.841333737 -0.254191069 -0.355175364 0.026470070 1.011018046 -0.928488938 0.107888037 0.564363394 0.351457432 0.141452494 -1.216221667 -0.951276616 0.929633795 -1.797959987 0.242671549 -1.502687625 1.009675128 -1.663695897 -0.863624743 -1.259358447
-1.621337753 -46.875375343 -29.538815665 0.664722609 -0.299887325 0.256892688 0.634206270 -0.030182551 -0.605515559 0.679615312 0.497860552 -0.229189006 0.677358507 0.447987601 -1.282686105 0.622327300 -0.092338177 -0.290923328 0.599308097 -0.032767515 -0.674224165 -0.546517790 0.273463558 1.521881890 -2.126460156 0.403626205 -1.620723140
-6.163563343 -42.497271273 -30.965831405 -0.371185140 0.628098556 -0.579538512 -0.363110051 0.245456740 -0.723543437 0.420362293 2.031856350 -1.170459567 0.349780147 0.123924663 -0.002147701 0.137375704 -0.075272178 -0.437006969 -0.059820716 0.280355051 -0.143089499 0.039584727 0.758523960 1.488640242 0.491520221 0.392728587 -0.634948581
-1.535056850 -39.625365128 -20.504869099 0.146502012 -0.651341422 -0.129711143 0.733121090 -1.310735126 -1.159288044 0.880709413 -0.531460937 -0.909845682 1.920062535 0.464291416 0.276092993 -1.130678460 -1.278015540 -0.041189459 -1.296851485 1.603778335 -0.986254939 -0.296764159 0.786445959 1.639816941 0.665874772 0.326120001 -1.247510895
-1.289573250 -31.417901459 -24.466416893 -0.175108856 0.831974733 -0.157021552 -0.502492950 1.260067879 -0.994633362 -0.108541619 0.629045017 1.661525228 0.421071800 -0.383876345 -1.522150899 0.859688495 -2.013728308 0.189845578 -1.288138180 1.051667409 -0.401294847 -0.527667130 -0.974386000 -0.377633632 1.974144103 0.231556133 -0.304203455
4.704622383 -42.003951488 -23.636953148 0.460608262 -0.025466770 0.589004847 0.663524500 0.323838131 -1.188593705 -1.152294796 1.399895813 -1.104187349 -1.093357260 0.751518138 -0.857991492 0.018435527 2.179752566 -1.878458880 -0.712973142 0.444908234 0.031595165 0.114871817 0.041843080 -0.468169090 -0.820796832 -0.423445058 -0.062630110
0.503942680 -40.817822073 -18.095053526 0.298440793 -0.646730326 -0.172479983 0.680384916 -0.654673468 0.470982139 -0.249554705 -0.561861828 -1.616829180 -0.339003753 -0.102915454 -0.289721643 0.452563489 -0.700126822 -1.083000402 -0.013879217 0.503646628 0.298245300 1.457908224 0.074278884 -0.292095693 1.742050936 1.572590438 0.794801925
6.687621332 -34.730414151 -24.325926852 0.157362853 0.048745166 -0.970830417 0.174210055 -0.655935352 2.030502264 -0.169676948 -0.002649448 -0.413506059 0.880666171 0.182596639 1.899126941 0.023718304 0.722829728 1.044660656 -1.292034308 -0.279119275 2.047410316 1.433677184 -1.139086671 -0.138097940 0.636560769 0.033732379 -0.591315976
1.078188836 -46.649659162 -23.374251451 -0.716431855 -0.650943071 0.244188855 -0.058054447 1.053488262 -0.042111745 -1.286053232 0.845163397 -0.267891888 1.070557542 -0.495861916 -0.379325440 0.549704538 -0.233470245 -0.060353872 0.243670167 1.114575942 -0.044905070 0.751131232 0.861012090 -0.228419862 1.806995935 1.160598848 -1.272038674
2.077444289 -33.009593669 -19.519112002 -0.190606696 0.310056041 0.245533483 0.898469614 -0.596874480 0.476020094 0.750191807 0.018282294 0.213883598 -0.945217266 -0.327919801 -0.024580189 -0.937630261 0.073714524 0.520993114 0.374477960 -0.838176279 0.702172450 -0.506293724 -0.229319067 -0.103971815 1.718613433 0.280242598 -1.134006000
1.965502775 -32.873950356 -26.628608406 -0.625598736 0.430069287 -0.553785138 -0.342036036 1.823051395 -0.913234160 0.364533941 0.581725289 0.735057467 -0.973956053 0.725296454 -0.916446303 2.201310945 0.250799563 0.938343570 1.348246463 0.616971484 -0.839227206 0.810481882 -1.122401306 -1.402039781 -0.413587438 0.990248324 -0.399473905
-6.467544458 -35.574360563 -29.383721702 -0.351500712 -0.180642723 -0.861669083 0.318342343 0.436212000 0.744400672 1.154960342 0.961759191 0.100155694 -0.722083459 -0.868739541 0.074836426 0.604989619 -1.883187482 -0.103611943 -0.257938092 -2.042375118 1.040017276 -1.946076555 0.262764534 1.059094500 -1.481451325 0.502895407 -0.243316708
1.635665938 -33.735230948 -26.906575783 -0.047091104 -0.667361474 -0.357565514 0.651581150 -1.270997130 0.843525574 0.164180380 1.484522059 -0.134812052 1.435644669 -0.611913610 0.370214475 0.812497130 0.873824565 -2.345603520 0.106345171 -2.707959624 0.000795508 -1.039230595 -0.887470530 0.040029404 -0.136140137 0.102204773 1.323318073
-4.954253840 -39.447487082 -31.649542445 0.193348930 -0.731904122 0.593431152 -0.273444720 0.684590451 1.695552588 -1.293994868 -0.724102318 0.102118907 -0.317671705 -0.930851717 0.281846684 -1.629984112 0.287405721 1.803226762 -0.342260165 0.097487812 2.136768147 -0.281572815 -0.586943055 -0.803824480 0.602456516 -0.286724492 0.520508881
1.506448307 -44.940192272 -17.858571635 -0.269406212 -0.368747908 -0.009206095 0.889584466 -0.040656380 -0.763754420 1.167796008 0.392068001 -0.662096405 1.063840830 0.407829686 -2.954381658 -1.141350053 -0.119778476 2.164961133 0.143192769 -0.399231793 0.964528370 0.354142490 2.878858791 -0.185640089 -0.924654523 1.672759103 0.347341164
-2.829437602 -40.040690339 -17.386930015 0.854839921 -0.428592796 -0.030124670 0.290945748 0.230312996 -0.005495978 -1.008514592 -0.553042953 0.804117391 1.712025852 0.126238503 -0.367688041 0.192525070 -0.515594487 -0.612869364 0.489370886 -1.601140277 0.709733212 -0.897004417 -1.952748922 0.383924765 0.887810675 -1.820239439 -0.928698416
-2.537237890 -37.404976283 -26.049645417 -0.283379094 0.942441118 0.069388147 0.163359459 -1.003550684 -0.953624645 1.159067389 1.157598157 -0.121048808 -1.487012070 -1.144273626 -0.426478407 1.297628992 -1.111454200 1.208652106 -0.900708598 2.330692294 -0.711164354 0.772270725 0.379493280 0.170182615 2.005943498 -1.443182554 0.591863438
-1.744537481 -38.799758373 -17.115432188 0.885791590 -0.019927541 0.242952199 0.394905535 -1.806976217 0.571948555 0.657050718 0.706401567 -1.132013970 1.074255015 -0.080912291 0.615313476 -0.002794604 0.677388161 2.390807012 0.235523333 1.329866481 -1.206076488 -1.358018783 -2.306153194 1.332876108 -0.116481987 -0.020689454 0.012520732
-2.474279295 -46.468363257 -26.118974423 -0.193634774 0.520962290 0.250761180 0.792605007 0.141406860 -1.429073740 0.476977193 -1.670181540 0.008786877 2.055779055 -0.582324212 -0.488370080 -0.548415703 1.076305152 -0.275394920 0.606157877 -0.469053506 -0.412310700 -0.258131901 1.411456564 -0.167226813 -1.455291562 -1.269682242 -0.553895816
0.572047991 -49.721743300 -26.760200250 -0.715692736 -0.254769241 0.118904947 0.639326329 -0.940667305 -0.104656079 0.931380227 -1.043928764 -0.690086331 0.776547990 0.803947802 0.368576592 1.042844038 0.081205269 -0.103186084 1.228155764 -0.196919052 -0.291548741 0.878749139 -1.071244345 0.943526469 0.568674558 -0.132061800 -0.866954621
3.086364289 -40.321503788 -29.562794395 -0.287987649 -0.733284669 -0.598423540 0.145759993 1.167502525 1.060114425 -1.585914809 -0.293116464 0.655518566 0.479043067 0.165507248 -0.753100594 0.496028192 1.453040445 0.709732665 -0.005929841 -0.652835035 0.638201209 1.339296621 1.244959452 -0.515392443 0.253213206 0.516850858 -1.468797317
5.242224795 -47.257604947 -23.332256139 0.915516920 -0.340640545 0.212578709 0.024557690 0.148881515 0.778614150 -0.416350369 0.590023804 -0.174690998 0.354745532 0.225723712 -0.280227755 0.476153252 -0.088564247 0.919802399 1.703238579 1.324962136 1.057840495 0.218485264 -1.031193905 -0.508730895 1.307852475 1.744963669 -0.393135805
1.631623930 -43.272696850 -32.177776526 -0.444948179 -0.377695595 -0.486430793 0.650194001 0.608352858 -0.810561956 1.660313775 -1.406687565 -0.670301389 -1.097450375 0.988069386 1.578722911 0.995936678 0.305762021 -0.650026793 0.058708691 -1.605266807 -0.702451236 0.452330223 -0.518055475 0.223233979 0.312050694 -0.254741785 -0.148105703
-1.370835542 -41.605082009 -31.609883523 -0.407245342 0.393072245 -0.691451156 0.448932891 -0.754876339 1.132587371 -0.057416802 -2.072849619 0.051450017 -2.101903416 -0.940775157 -0.422483125 -0.546939553 -1.128270122 -1.034359486 0.805320132 -1.763694834 -0.989676145 0.008574029 -0.174894219 1.101483168 0.581799452 -0.765751327 0.237655521
1.009704504 -37.632122778 -29.012440136 -0.008677588 0.531903174 0.712034503 0.458269114 -0.353932235 -0.190856945 0.123578340 -0.316782264 -0.694925349 -0.996873761 -0.898218418 0.352596251 -0.145656146 -0.177670544 -0.607704568 0.415431288 -0.329075888 0.242478455 -0.923081294 0.456455997 -1.376796496 -0.193182919 1.974968874 -0.721737879
-2.563507941 -41.908412682 -26.863011743 -0.053792936 -0.605919462 -0.782491275 0.132948603 -0.798324960 1.245480831 -0.160921208 -0.188530520 0.895516530 -0.728847662 -0.068245553 -0.988059816 -1.091525070 0.769984963 -1.065508526 0.331149886 0.141304289 -0.457067263 0.973736560 -0.242123949 1.861634484 -0.552064832 -1.257503287 0.226600301
-1.929142599 -33.538407340 -25.509537958 -0.884117356 -0.197280890 -0.415233116 0.083655308 0.512363744 0.009730045 0.566815856 1.129327686 -0.004223247 -0.906112399 -1.242193851 0.131732587 -0.650381648 -1.681579838 -0.772614577 -1.047504812 -1.110696724 0.717477471 -0.400577792 -1.695740293 0.797153793 0.353035596 0.272286451 0.147473282
3.529496768 -48.776297959 -23.251036191 0.054249160 0.234785040 -0.868253873 -0.433668337 0.209329387 0.575785236 0.475334212 -2.836153917 0.081921814 -0.137823821 -0.206266931 1.719075791 0.864327647 -0.419881308 0.247034123 0.311227433 0.706075252 -0.936508729 -0.944974320 -0.285893192 0.265963882 -0.069610821 0.245639422 -2.037731555
2.387151267 -40.985503298 -17.140825017 -0.551929487 0.346383685 -0.724709171 -0.224028576 2.077672487 0.634828042 -0.063450822 0.356157949 0.128795023 0.604750324 -0.209089321 -0.667656764 -0.568594339 1.876051789 -1.320840769 0.815914513 -0.871842708 0.824646249 0.082852565 0.403269090 0.596387983 0.787245672 -1.979526655 0.711198560
-5.162577313 -44.898915017 -19.195169048 -0.508744622 -0.390387030 -0.761200474 -0.096699094 -0.750917048 1.212986245 -0.674444851 -0.698735118 -0.630770964 -0.430751497 -2.537452718 -0.532297202 -0.758775382 0.802591121 0.271117609 -0.343317588 0.629122553 -0.183319507 -0.326485642 -0.353391997 0.593303356 0.881761630 -0.663357453 1.182196542
8.168575000 -41.180611213 -23.590964415 -0.154345885 0.874904878 0.422346086 0.179840446 -0.159373227 1.630169095 -0.963508677 0.928869022 0.548378162 -0.087796651 0.013686188 0.493620894 -0.848062569 0.874882239 -1.737382297 -0.657646641 -0.531983528 -1.506705190 -1.138300372 -0.872540439 0.200077325 -1.699939700 0.936834158 -0.564703560
9.142774356 -41.441417602 -25.281253552 -0.316245066 -0.128857597 0.654078610 -0.674956257 -0.672183201 -0.798881176 -0.719339794 1.375305798 -0.311260475 -0.039860443 1.864758440 0.462220844 -0.139644031 -0.334181811 0.723189483 0.259192765 1.144473867 0.329218649 -0.488321093 -0.800911077 -0.061743665 -0.278873128 0.158104691 -0.997941838
2.364801365 -40.744036084 -16.153334672 -0.608062134 0.224686769 -0.712087771 0.269642917 -0.612968982 -0.750019856 -0.554424337 -0.378016056 0.052257249 -1.123223632 -0.049391430 0.722814142 -0.756410782 -0.559541031 0.828617044 -0.605089095 -1.195096930 0.817473597 -0.796233099 -1.737128097 0.304176430 0.698594677 0.795269473 0.602057223
-3.520605719 -46.841660439 -22.986912392 0.032525401 -0.454944143 0.053644914 0.888307463 2.066912493 1.730172900 0.874407121 1.448493522 1.507478075 0.001656347 1.503895447 0.418887091 0.197220048 -1.235732633 -0.769138520 -0.774936047 -0.024200248 2.610647304 0.632541653 0.219116217 0.155425636 -1.150088673 0.036636742 1.175088332
2.877524851 -38.241603266 -29.992041265 -0.147073950 0.842292813 0.515782829 -0.053666978 0.297257597 0.610271326 -1.406807958 0.324936864 -0.526195539 -0.321526681 0.234215781 -1.334062996 0.023574264 1.619576029 -1.320000543 0.794058669 -0.707705955 -0.052353252 1.371783902 0.473117952 0.884522484 0.377111769 1.723875837 0.248320317
-0.636374618 -36.787594645 -28.944337223 0.207670906 -0.700324139 -0.355999636 0.582823434 1.507303832 0.861176730 0.635882502 -0.182109300 0.945604530 1.205549522 -0.961804984 -0.209246621 1.174980323 -0.686816152 -0.983586297 -1.591914594 0.772025630 2.139715178 0.718714404 -0.564739071 0.563343089 -0.926965839 0.189913096 -0.092263317
-4.769173133 -44.718536149 -25.062634133 0.575345069 -0.038516819 0.787081736 -0.219081828 0.176993300 -0.041569351 -0.204494444 0.929184910 -0.035035742 1.335428249 -0.780504624 -0.578863606 0.609297260 0.465935555 1.806617572 0.416053722 0.075808508 -1.584758943 0.189718788 0.136065848 -0.434178479 1.836021664 -0.433309324 0.483810467
-4.481328965 -42.761004900 -32.177181190 0.727560346 -0.323632585 -0.101505571 0.596334229 0.831874466 -0.620139232 0.251913946 1.940980048 1.317312213 1.814859688 -0.052375942 0.295844237 0.328774245 1.611671860 1.111300585 -0.092123571 -0.884640586 -0.940312197 -0.125538946 0.825510068 0.350569132 -0.195811104 0.746916007 1.728655764
5.473528392 -48.377227394 -23.757929746 0.827067892 -0.439801802 0.036174602 0.348173053 0.357046829 0.598011423 0.167519345 2.025496524 -1.044030165 0.481264766 -0.591556598 0.698471669 -1.021499512 -0.915787855 -0.783959386 0.132415338 -2.204981956 0.466693516 -1.180405675 -0.350232282 1.553858342 1.724413832 -1.583294363 0.421153836
-0.980579249 -43.945738590 -24.665215825 -0.320734365 -0.574354953 -0.716916292 -0.230817861 -0.878134770 -1.938152805 -1.207108688 1.359153072 0.784578301 1.301057074 -0.373333182 0.020123961 1.239328226 -0.980930415 0.522650385 -2.401093862 0.041182385 0.024063268 0.021959598 -0.117074424 0.662179515 -0.778702159 0.332721191 2.418607165
4.230272642 -48.138803750 -28.487314805 0.214723550 -0.503345787 0.632708377 -0.547920546 1.946871297 -1.354746289 0.066395926 -0.335772084 1.425006407 2.149633141 -1.771110588 0.536868961 -0.945164684 -0.335637164 -0.458364846 -0.146072558 -2.201769271 1.417882934 -1.964285765 -0.290206412 -1.885730627 -0.633395635 -0.932787608 0.718157913
-6.906833582 -45.449899947 -26.835508332 -0.850277361 0.473932577 0.165285007 -0.158420919 0.207038465 -0.845861082 -1.024710630 1.415943343 0.683441313 -0.302713208 -1.314219517 0.700633680 0.391728582 0.021147758 -0.388260157 0.011754253 1.490925764 0.244373520 0.425259686 -0.511268965 0.724750839 -0.755078579 -1.471679559 1.051740751
0.487901596 -33.542000745 -29.435535482 0.469808595 0.862778650 -0.171786257 0.073364614 -0.296691825 0.410955630 0.096502699 0.194365982 -0.199126813 0.081167315 0.186881308 -0.229981987 -0.842972876 -0.153123237 0.235038381 -0.150874578 1.575674208 -1.198129248 -0.784437823 0.091912599 -0.072446615 0.380033448 -0.067672403 1.535164086
2.695041944 -31.747270462 -23.995495335 0.427869823 0.803699014 0.084111629 -0.404871020 0.073233700 1.476076093 0.344931940 -1.131493383 0.883291593 -2.194747646 0.759517554 -0.366075142 -1.201693807 -1.117941123 -1.455912232 -0.377481394 -1.214450361 1.621618306 -0.425898592 0.483592275 -1.279567035 0.887539392 -0.515091206 1.785530993
3.417688129 -41.544848089 -27.015786268 -0.543441759 0.011469959 -0.722162312 0.427809642 -1.134184444 0.446266535 -1.007218759 0.370571616 0.267441886 -0.601730144 1.166285278 -0.389894818 -0.097181173 -0.282414175 -0.581071107 0.428376823 0.450342028 -1.447273112 0.659890832 1.377366681 0.241989603 0.763730440 0.108965580 1.790947327
-1.057256633 -42.309473747 -28.407761560 -0.647919962 0.179352287 -0.039995628 -0.739210951 0.724004082 0.301492154 0.521920723 2.247769709 -1.166864010 -1.609798162 0.059181998 -1.095967767 0.535783419 -0.757276999 -0.685882626 -0.622476553 0.367811331 -2.487834013 0.377085862 0.261089222 -1.021980701 0.231033093 -0.187078488 -0.263763247
-4.925060058 -35.508428198 -25.720860818 0.711715375 0.452592264 -0.002793843 0.537227757 -2.177752396 0.138792767 -0.695664884 -0.091200760 0.017476845 -0.629265868 1.781915087 -1.037268356 -0.861802398 -0.999264220 -0.675063816 1.282732097 0.974405536 -0.102293917 -0.481273275 -0.848312836 0.811875213 -0.891812935 0.523740624 -1.111849541
-2.914543256 -42.148052765 -31.124985047 0.356226720 -0.680206257 0.139417579 -0.625287702 0.460312845 1.458703262 0.486125202 0.290147513 -0.734189308 1.240572608 -1.164131348 -0.976840118 -2.560924215 -1.257946742 0.743140964 -0.066898389 0.915748931 0.844640347 1.293728276 -0.263633104 0.146238797 0.068428096 -0.205194467 0.983347203
2.625191517 -34.296185192 -23.909945383 -0.555319473 -0.509163461 -0.060666075 0.654746119 0.180326841 -0.005283095 0.468816374 1.636115403 -0.168158462 1.631198151 1.024946495 -0.460256782 0.325633185 0.604393484 0.023118785 1.320368536 -1.080337138 0.665771100 -0.390112026 -0.139157885 -0.431763368 1.778699504 0.415499400 -1.880225303
2.865372633 -46.112677379 -21.309176426 0.689402118 0.694614505 0.102195715 0.178301559 -1.156344385 -0.470751174 0.559023242 0.186745758 0.912320590 -0.397698832 1.479323915 -0.918756760 -0.423704020 -0.298902395 0.323331663 -0.225179439 -0.723703809 -0.419385480 -0.210881393 -3.203167493 0.115190476 -0.205709616 -1.778121145 -0.292160735
-5.789857282 -38.475133596 -25.651045113 -0.402333606 0.887144101 0.068939496 -0.215291336 0.562169388 0.949404048 0.732160063 0.311806637 1.402730097 -0.957067701 -1.271727931 0.588731139 -0.711834102 -0.005822310 -0.046453936 -1.036965811 0.418691085 -0.963254420 0.787973576 1.419273623 0.107629065 -0.897264318 1.209852988 0.432594309
-6.814648644 -40.883836204 -25.909786854 0.917453391 0.242784088 0.311982161 -0.044746999 -0.684026396 -0.561673159 0.264398107 1.884689437 0.671673964 -0.629115884 0.705954271 2.230842138 -0.980452452 -0.612985513 0.853123989 -0.740424438 0.232274499 -0.638513553 -0.659837298 -0.545128052 -0.234557545 0.383006708 0.461479282 0.173557263
8.855703751 -40.316666870 -19.838539114 -0.404113205 -0.429105904 -0.642224455 0.490008562 -0.225238824 0.538237412 0.119722256 0.165072971 2.108175849 -0.387095179 -1.392121858 0.265502443 1.145247243 1.007997216 0.216070184 0.000319400 0.442269848 -0.784141927 -0.390151994 -1.646469653 0.759750872 0.113364638 -1.802815909 -1.384616683
-1.631281468 -45.177839061 -32.195079676 0.948012270 0.178581755 -0.212790552 0.155246494 1.304783354 0.004973987 0.645378543 0.809887110 0.768982939 -0.543829114 -0.196282575 -1.128452895 1.239247696 0.420077306 -0.596173665 -0.230070740 2.033737098 0.615584534 0.635189315 -1.154763218 -0.421147158 -0.782861676 0.250751025 -0.696805760
5.283219317 -38.989673852 -19.263550225 -0.452726196 0.062154508 0.148368761 -0.877019110 1.990258850 -1.732204653 -1.476645436 0.665751435 1.955319737 0.566083376 0.162185924 -1.389181762 -0.347923875 -0.095704610 -1.378494945 1.001185417 -0.078256183 0.588755174 1.370900665 1.205147918 -0.109788468 0.827633944 -0.737390882 0.822070537
-3.385175977 -43.891973462 -31.426791925 0.271866523 0.921846483 -0.272409048 0.045617601 -1.080406594 1.075648745 -0.650206613 1.242101248 -1.014046594 -0.408514163 0.233285514 -0.439880433 -0.640014700 -0.658547811 0.445819516 -0.048721166 1.386655633 -1.495721125 -0.231430133 -0.440523312 0.368249264 -0.521101174 -1.327112517 2.871717960
1.874377169 -41.295822765 -31.090176484 0.736819534 -0.389038840 0.326618496 0.446168257 -0.848961578 0.420814630 0.846734476 -2.739680289 -0.445497919 -0.712781662 0.212328094 -0.614664813 -0.923308567 -2.177568121 1.911355884 -1.815045741 -0.458311167 1.257395456 1.182843189 0.295124150 1.338172331 -0.795767126 0.232183092 -2.028678503
8.183420389 -36.051176035 -20.767950133 -0.363555464 -0.855014367 0.222088288 0.295727323 0.279760306 1.857370771 0.271094245 -0.934911035 1.125406170 0.520750641 0.382178002 0.041896298 -0.054329645 0.173674652 -0.277799086 -1.838745378 -1.471943255 -0.822524445 -0.365932091 0.692959482 0.792089979 -0.069628205 0.441447499 -1.115104070
2.513755085 -47.768466317 -21.988410369 0.119396038 -0.241470896 0.736620305 0.620344194 -0.290271060 -2.647318652 0.290689556 0.468255685 2.909018740 1.158975313 0.496890136 -1.107165105 0.606654661 -0.945417328 1.397095661 0.243486656 1.555443123 1.720213512 1.944499965 2.000787055 0.451516637 -0.977029844 0.500356278 1.174549125
-4.031872330 -45.632892301 -21.198312092 0.396391580 0.571410400 0.541258515 0.472655361 -0.048146871 0.655827672 -1.983437482 0.165061378 -0.589481866 0.185699499 -1.142471015 -2.587723622 0.742793183 -1.137836837 -0.348199664 1.931617235 0.234571680 0.449665054 0.085009359 0.925334974 1.084227889 -1.856643252 -0.401827695 -0.160932326
