5.684304859 -43.195930399 -30.771728588 -0.426986153 0.186623705 0.832204825 -0.300482192 0.855124043 0.822477387 -0.564737288 -1.467911171 -0.288851338 -0.734760118 0.691524812 0.098971267 0.179389353 0.968403018 1.325434256 -0.102647885 0.688032896 -0.059968332 0.582757479 -1.866640730 -0.562487551 1.079610369 0.770226892 -1.457416943
12.458931214 -31.773392847 -25.367275163 -0.643149478 0.229083576 0.192851716 -0.704760725 -0.982398421 1.122245404 -0.087352813 -1.282264979 -0.322002379 -0.207820690 -1.517357971 -0.267623744 -1.923871718 1.756302872 -0.567919642 0.809969646 -0.627793008 -0.713350920 0.318494989 0.686581167 -1.100562237 -0.567190092 -0.904917229 -0.651105893
0.702652234 -35.162757508 -22.223248319 0.588366220 -0.203481908 0.775497225 0.104996949 -0.317142319 -2.011301326 0.218751298 0.813292274 0.470147793 0.806139584 -1.941224564 -1.254640695 0.095697262 0.732058570 1.085873801 0.023652447 -0.521629276 -0.554084282 1.830716086 -0.936977953 0.801084770 -1.497226567 -0.763938535 0.385111561
16.277014894 -39.032809236 -33.185988754 0.690458376 0.079069620 0.244424935 -0.676218660 0.226375791 -1.165498176 -1.164144787 -0.098329194 0.564527859 0.318149960 -0.562387002 -1.975398085 0.736699265 0.675633889 0.952219444 -0.166735757 0.629645202 -0.733781007 1.248840179 -0.429296990 0.938858786 0.355499380 -2.651541513 -0.913227797
15.989984991 -39.404281451 -25.863906740 -0.002185051 0.658255967 0.699644464 0.277834360 -1.291456188 -0.404724667 0.784361289 0.923716410 1.152704916 0.910763544 0.437777915 0.517359041 -1.675024398 0.105652644 1.780566829 -1.335917207 1.226057173 0.240216481 0.489692972 0.679056223 -1.806387785 -0.393930249 -1.121123637 -0.423893850
4.382754046 -37.847580468 -21.099405925 -0.047562347 0.088014312 -0.504336010 -0.857692540 -0.345513324 0.547268140 0.240434050 1.580423246 -0.224381482 0.175406736 0.904475095 -0.811132539 0.311100807 1.875086311 0.331954782 -1.114283276 1.345486119 -0.917708927 -1.139416577 0.434726918 0.816543508 -1.418017892 -0.988947442 -1.427726555
10.097108370 -26.749288121 -23.351080416 -0.990161232 0.063610043 -0.105243865 -0.066769950 -0.048384865 -0.247688242 -0.440440584 1.091870157 -0.137024164 0.603765664 -0.268489094 1.234146890 0.961830694 1.494336182 1.290745573 -0.357855828 -0.287600606 1.501380742 0.079243511 0.468571374 -0.940439694 0.106617500 -0.463743552 -1.248899059
7.505332888 -31.743620406 -31.543621812 0.339132680 0.301487484 -0.865486370 -0.212197234 0.631686612 -0.221732959 -0.782253109 -0.773537756 -0.146069991 0.195190314 -2.500939380 -1.407810225 -1.669360928 0.610669303 -0.790028402 0.443774117 -1.542429319 1.645371007 0.124431510 1.245055973 -0.692184583 0.293710542 -1.192259466 -0.351469578
11.351959266 -28.428822872 -22.650648804 -0.065237187 0.819120306 0.055006476 0.567239209 -0.033864514 -0.477427015 -1.227241393 -0.460256078 -0.234556196 -0.934720911 0.957087390 -1.097182623 -1.437874035 -0.503796949 2.068973689 0.808270172 1.286446522 -0.934202669 -0.808707362 0.467803065 -2.024706562 -0.515483332 -0.521081849 1.763071473
13.641701305 -43.423083329 -31.481660823 0.303366256 0.747515227 0.585152791 -0.082377861 -1.196491086 0.802466899 -0.048745204 -1.084763064 -0.665211622 1.579298201 0.540640180 0.001256372 0.348930898 -1.383239846 0.588452993 1.276678775 -1.110908139 -0.522950860 -0.464185018 -1.111751520 1.768416890 0.038024093 0.151399527 0.167092664
0.494535654 -37.754690492 -26.049425764 -0.475878315 0.054103761 -0.368398113 -0.796803264 -1.564118939 -0.500973913 -0.185741563 0.125500042 -0.786994883 0.368869479 0.948951286 -0.602524624 1.909429149 -1.997911623 -1.670432108 -0.090237238 1.299164327 -1.170799192 0.948775304 -0.582937490 -0.777000311 0.735886331 -1.148494302 -1.034692179
8.456214039 -33.575859533 -24.969796051 -0.109860882 -0.385841082 -0.673630700 -0.620708407 2.268500619 1.378378921 0.148728543 0.751869534 -0.670394597 -2.557231440 0.372575445 1.832124354 -0.100934546 0.417667502 0.569921261 -0.448750223 -0.417973675 -0.641162256 -1.374857392 -0.840086385 -0.881051084 -0.477462329 0.304324240 0.275395746
11.414956342 -38.889882324 -25.229372220 -0.821073112 0.478041525 0.004234837 0.311925170 1.410372266 0.070197729 -0.423971026 2.185644727 -1.504639618 0.241765952 -0.549720378 1.049585139 -0.236927118 1.478996574 -1.330174586 -0.410064714 -0.933328247 0.104431613 -0.189916510 -0.021360314 1.770102753 -0.723852270 -0.291856700 1.215925930
6.726239981 -34.612665189 -26.993020717 -0.328043956 0.517794350 0.754476268 -0.234609752 -0.338460355 2.108470384 0.112144598 2.413242703 0.423761787 0.402389714 -1.659113762 -0.596394842 -0.418300628 0.158182377 -1.238800170 1.662665436 -0.446474591 0.021381724 -0.554343661 -1.005316010 0.124837363 0.865178216 -0.101420069 1.612980597
9.937943974 -38.607276064 -35.678433944 0.589796255 -0.288925674 0.740506772 -0.142520360 0.244768879 0.133021461 -0.061677562 0.899240986 0.834319482 -0.215162196 1.395928907 -0.847937788 -0.053777254 0.203435376 1.675459744 2.343987674 -0.395337774 0.195819810 -0.797781028 -0.958682158 0.511845213 -0.641900091 0.481988297 -0.555416992
7.073663017 -32.709697773 -22.750146204 -0.358137632 0.206174865 0.485689520 0.770282449 1.259647416 0.850572054 -1.970390879 -0.274639671 2.295356658 -1.080917303 -1.923876696 -0.364682946 -0.882584117 -1.398966357 1.497723661 0.146274977 -1.141604618 -2.382603538 1.153292610 0.186215411 -0.039852170 0.572269596 -1.743322865 0.647796724
2.676290754 -31.324009024 -32.854012979 0.060388835 -0.770477926 -0.543865890 0.326996708 1.768446674 0.478520634 -1.109907211 -1.303749345 2.034526685 0.612536844 0.803510196 0.984677964 1.247423627 -0.108535548 -1.852695303 -0.011159957 -1.005743894 -0.716712429 -0.959102422 0.587646441 -0.644178966 1.497480818 2.060912091 -1.203348379
12.170073052 -35.565685676 -29.434335705 0.612774132 -0.182369746 0.765764448 -0.069670291 -0.174162545 -0.948363187 -0.412514286 -1.633729449 -0.921966890 0.021810767 -0.168256959 -1.414825573 -1.806185474 -2.523787152 -1.615640994 -0.368128513 1.435600241 -1.991912338 -1.472132251 -1.829916936 -0.215269785 -1.348697426 -0.580704001 -1.827348236
3.069812834 -29.367284192 -25.162817168 -0.655488147 -0.259852662 -0.698003710 0.124910786 -1.186259507 0.523939824 0.499066927 1.530719909 1.379932061 -0.938636623 -0.001611612 -1.587292955 2.366952727 -0.126729333 0.443349594 -1.006184659 1.433364570 1.145419425 0.249483087 -0.352280918 -0.722269088 -1.820935145 0.055473461 0.199335628
9.701415886 -26.697768309 -27.453341361 -0.439071718 -0.542472269 0.373638508 0.611010744 -0.352886882 -0.625282565 -0.193173311 1.418536335 0.982380750 0.414565912 1.097166238 0.344346850 0.748451963 -1.740886313 -1.000424237 -0.450904306 0.057955086 -0.268372042 -1.261789269 -0.391070409 -0.806972372 0.267860904 1.307918419 0.120202651
4.124643717 -38.507510764 -33.181858906 -0.529593736 -0.064131470 0.757521928 -0.376268730 -0.546904549 1.171720061 0.396595959 1.386513786 0.177600701 0.419891328 0.632905240 1.726803687 -1.121408169 0.311889738 1.857104526 0.505890892 -0.615595592 -1.166418049 0.459652709 0.053476179 1.074632025 0.054598355 -0.717364468 -1.705268338
5.115212828 -36.648623478 -35.439992931 -0.585825160 -0.633155482 0.006639218 -0.505844776 0.311597549 -0.874191097 1.304370433 0.383773052 0.342221273 -0.946597531 1.290699332 -0.727143601 -0.417409112 0.622685493 -1.308855827 -0.288302351 -0.395575569 -1.132509808 0.343744601 -0.620893735 0.572033168 0.028811711 -0.230183141 3.180860653
17.236895706 -39.138203073 -23.966841171 0.800791629 0.260368691 0.539304170 0.009587681 0.059315903 0.439119304 -1.626651046 -0.535610454 -0.666303449 -0.182071835 -0.296351847 -1.992063776 0.413714349 -0.611484007 -0.230793864 -0.392112628 0.138174564 -1.056370974 -0.254817141 -2.101017152 1.293448747 0.817957694 0.035997202 -1.694148394
2.780666829 -30.849510412 -29.639581824 0.806412783 -0.382476744 0.155821366 -0.423237128 0.773080802 2.372324887 1.271736540 0.286428108 0.990506239 -0.260093961 0.842507980 -0.286924994 -0.510011561 0.851332484 -0.925349673 0.193970627 2.673266499 1.130146023 -0.050416841 1.237334443 0.308628348 0.509259929 1.322265314 -0.502457198
4.603790372 -29.991496955 -31.636131671 0.084129462 0.807057976 -0.432935121 0.392615381 0.287337590 -0.726831358 0.117441791 -0.904050865 -0.047390672 0.899133251 -1.249397986 -0.003066084 -0.875849205 0.125416524 0.111625812 1.112486543 0.126164711 0.069383970 0.605842123 1.895700051 -0.313149413 -0.180912554 -1.114622014 1.084919957
5.824259353 -30.659819881 -31.929267205 0.476802188 0.863318896 0.065486975 0.151827579 -1.252876182 -0.324344565 1.069505221 -0.833021411 -0.161372005 -0.618043604 1.439334910 -0.191337679 2.094961935 -0.352440446 1.504664650 1.134069878 0.314762860 -0.488089509 -1.316148267 -2.147437460 -1.326535922 -0.949201034 -0.667536176 1.136156323
9.475879106 -31.304318427 -24.907346117 -0.650095890 0.405933629 0.398497638 -0.503778579 0.637983249 -0.503289057 -0.477646594 0.057334584 -0.147545711 -0.074352971 0.797183320 0.165251860 -0.577756868 -0.872065667 -1.575057775 0.212901193 1.220540171 -1.050093006 -0.334842703 -0.625659589 -0.684358982 1.112488297 0.262922507 -0.875956637
14.781864331 -38.410578827 -28.536947741 -0.578565768 -0.288195547 -0.634746513 0.423440482 1.640766117 -0.766353182 -1.413129415 1.732046740 0.937550581 0.200331882 1.199550933 -0.966233515 -0.642756379 -0.659184655 -0.592033991 0.545379143 -0.201528835 0.267708277 0.844544708 -0.011113370 0.172647280 0.373680073 -0.502092753 0.933140342
16.845008245 -34.144863617 -23.868877792 0.242393822 -0.705037969 -0.181924042 0.641147674 -1.569191438 -0.072399259 -0.140153950 1.299020204 0.294337118 -1.070457305 -1.236860797 -0.272370434 -1.098871000 0.605486421 -0.708386410 -0.380759387 0.457334033 0.189309361 -0.302954939 -0.679022621 -0.602163906 -1.036320488 -1.380673593 1.025631865
17.286480623 -39.337409819 -28.289622754 -0.575494830 0.005758148 -0.646769731 0.500461246 0.326714294 -1.239484606 0.142437361 -0.834123874 -1.122025502 -0.449646289 0.057727702 -1.163809130 1.172287306 -0.912825536 2.953218208 -1.785990057 0.463335712 0.410532400 1.147895103 -0.873567173 1.865257319 0.452326941 2.364588136 0.499771012
14.764977574 -39.566309902 -31.082530760 0.300505236 0.916121475 0.233595640 0.125901242 0.285174049 0.045630779 -0.961973253 2.279394815 -0.745550576 -1.037037953 -1.278040041 0.734387848 1.184414535 1.162097352 2.336756794 -1.306467548 0.741944248 -0.445095727 0.627276528 0.770480200 -0.596868939 0.229445656 0.733171627 0.995216085
17.403095316 -39.508559292 -27.524495234 -0.473075315 0.244666903 -0.674257682 -0.511580327 -0.036271086 -1.143916752 0.088035119 0.052460770 0.489452524 1.503363305 -0.940052391 -0.997273539 -0.394142123 1.725109015 0.154226388 0.474476502 -1.023788693 1.294127973 -0.036469059 -0.836837912 0.740422292 -0.159477530 0.582504528 -0.057122074
5.443844069 -36.745865642 -36.161255770 -0.863511841 -0.287476904 -0.146313482 0.387681177 -0.480398169 -0.826623631 -1.851075880 0.377990158 0.680392820 -0.878735438 -0.531766962 -0.631498838 -1.669658335 0.573528626 2.176806912 -0.566679355 1.011115098 -0.490525268 1.654440482 1.377934883 -0.323918335 -0.413397240 -1.061788584 -0.029649234
15.943912598 -36.827130791 -32.893981821 -0.637056008 -0.635722992 -0.427718541 -0.084099754 1.760932652 -0.366374837 -0.226901545 0.059389948 0.142957048 -0.177228296 0.917862650 -1.571800345 -0.226240753 0.796921694 -0.213720920 -0.291780367 -0.461573185 0.857320160 -1.813014547 0.023358403 0.035596146 -0.052722031 -0.551850019 0.162150807
18.364863488 -39.508249662 -28.722163249 -0.019013864 -0.271113257 0.358781639 -0.892979177 -0.384112482 -1.103173290 -0.438005504 0.199539073 0.937021749 -0.369263484 0.628828863 -0.489171070 -0.572911226 -0.438592937 -0.976994768 -1.099179946 0.742666770 1.993874622 -0.003562252 -0.126746736 0.154422896 1.627831158 0.845375585 -0.892044753
17.568736989 -35.076559181 -30.297568458 -0.704524114 0.493045084 0.187703300 0.474678617 1.407574707 2.086922548 -0.782732351 -0.533672680 -0.759479129 0.122529689 -0.480505895 -1.344667720 -0.987250009 -0.294328614 1.029524068 -0.433133895 -0.198175907 -0.549051571 0.585070256 -1.096254564 -0.834307915 1.423961101 -0.284942585 -0.257441866
4.377081354 -29.886705095 -29.800971770 0.763231209 -0.170963140 0.309330357 0.540892278 -0.868723156 -0.851187783 1.201858236 -0.321019437 -0.593524119 0.245719462 2.142787825 1.167351776 -1.628623284 -1.867499985 -0.620890501 2.074959148 0.116625016 -0.828939641 1.013821501 1.123060289 -0.856323706 -0.026132313 0.462457331 0.483421561
11.866419475 -43.900587206 -23.115343337 0.701922069 -0.561440114 -0.255815486 0.355877570 0.562024343 1.048532154 -0.885993767 -1.078813741 -0.137648612 -1.145788136 -0.156038262 -0.223513764 1.352264842 -0.134187126 1.603041535 0.782128529 0.391483622 -0.442796328 0.789956296 0.570424448 0.231349354 -0.456026650 -1.382527519 -0.079142160
9.791270859 -30.574733654 -35.574051903 -0.694837634 0.068564769 0.253277969 -0.669589281 0.710983294 0.196437292 -1.157897588 0.062671178 0.116408434 1.038099121 0.436059130 0.750729853 0.673024992 -0.940825121 -1.084391615 -0.956360348 -0.025153958 0.681937347 -0.420542921 0.350323675 1.358840540 -0.982237656 1.032727677 1.050630224
9.786202397 -37.259696211 -34.805397508 -0.521441573 -0.696811517 0.448183931 0.204165521 0.863088402 -0.302009360 -0.380476890 0.061967991 -1.242066288 0.939803249 0.018427838 -0.268025360 -0.096690630 1.269859394 -1.584159227 0.056105590 0.977746010 0.034168607 0.232801773 0.311570914 0.683454758 -0.799184743 -0.954548770 0.423603727
10.092443281 -31.873161548 -22.478778620 -0.310800372 0.117711959 -0.242457701 0.911461072 -0.470723248 -0.963866852 -0.061111346 2.429485892 -2.292002218 -0.097915803 1.517918748 1.544300008 1.033211940 -0.798335675 -0.051478423 0.879767914 -0.777389078 1.079559236 0.055959965 -0.222361258 2.073119776 -0.528747119 -0.742988106 0.884877928
11.422448775 -39.874305577 -20.764503923 0.463621922 0.773884926 0.058195260 0.427516253 0.180780532 -0.787156402 1.410722741 1.542757178 1.358609660 0.653102098 -2.380976521 -0.461398566 0.155690195 -1.576201571 -1.118467931 -0.745711800 -0.326911297 0.642808881 -0.345828893 0.001520857 -1.026742038 -0.675944957 -1.917830174 -0.589138654
14.870195276 -28.385828894 -30.833418216 0.726505202 -0.031046802 0.070298120 0.682850249 -0.127510979 -0.429004664 -0.749402035 -0.200389846 -0.889205273 -0.819684526 0.343288153 0.769534161 0.366008626 -2.054523051 1.434935942 0.490925826 1.068956745 -2.091841411 -1.764371229 0.540960713 -0.025849985 -0.001031268 1.116175491 -0.177274312
6.669554780 -33.482555539 -21.444166329 -0.744814156 -0.057168747 -0.278887022 0.603494520 0.300580703 -0.287687223 0.607852524 1.456787644 2.301276478 -1.241495013 2.165688914 -1.165473924 -0.882028879 -0.630089572 -1.957198747 0.181148619 -1.183255921 0.399530583 0.001680701 -1.513735743 0.582745776 0.931406774 0.533165539 1.041250326
8.332292331 -39.743393403 -33.201022043 -0.612157069 0.220946800 -0.677693376 -0.342312608 1.190040246 -0.204699469 -0.562051261 -1.353691482 -0.782841244 -0.883041117 1.787614899 -0.313973172 2.298423474 1.067734099 -1.936918508 -0.822144670 -0.000347923 -0.274323571 -2.238099039 -1.303574231 1.264636566 0.509686628 1.090398255 1.438901322
15.196148079 -39.753397174 -26.378570483 -0.522731450 -0.754645474 -0.396234271 0.016138221 -1.376254289 0.041511675 0.617292388 -0.363862051 0.359555352 0.509677299 0.594361273 0.971439511 -1.107304627 -0.857657654 0.373927390 -0.234982812 -1.775059618 -1.731041984 0.182699420 0.888962410 0.767083974 -0.798335691 -0.181146515 0.382808327
7.514427770 -32.938492001 -29.216283743 0.856560152 0.149983573 0.483999614 0.097744603 0.502970912 -1.827845313 -0.050721811 1.563115143 0.208449369 0.844230851 0.781758913 0.645469290 1.484984635 0.843653049 1.153383807 1.188502808 -0.523238788 0.570978151 1.233497984 -0.335718905 0.017474691 -0.981529793 -0.760326315 -0.647634565
6.615858612 -33.549481494 -21.452615048 0.370303041 -0.163903439 -0.298126168 0.864368040 1.634127553 1.144931732 0.200160585 1.016692427 -0.034424056 0.278086979 0.695383894 0.674873103 -0.801789898 0.912452621 -1.516685471 -0.580792788 1.890147914 -0.513900914 -1.027027027 0.386356089 -0.353388048 1.831936357 -1.363381544 -0.089844060
11.678986538 -31.631356722 -31.787861983 0.801341798 -0.474791559 0.053561651 -0.359938116 -0.970430310 1.167469320 0.258180646 0.560088573 -2.076949015 0.283507275 1.011129696 0.894023497 -0.051880459 -0.287093363 -0.754986079 -0.045617840 2.598907834 0.645792295 0.193243172 0.697620085 1.538884835 -0.668163206 -0.876775472 -0.303489931
12.520635751 -30.083871116 -29.567217676 -0.860614393 -0.106078991 0.346654501 0.357660134 -0.689263552 -0.396996411 -1.665091040 -0.237201584 1.377193049 1.272145958 -1.302847059 -0.476882774 1.443591661 -0.884573802 0.269336502 2.518747802 1.340526013 -0.796478495 -0.656246897 0.279618733 0.439124320 -0.703698301 0.446728224 1.391388514
6.187923280 -43.325732946 -26.478071124 0.294722194 0.604203659 0.006542337 -0.740293161 -0.654348024 -1.277785529 -1.417120876 -0.658549182 -0.487281079 0.457262228 -0.141017759 -1.351664292 -0.681441647 0.203466243 -0.522867361 -0.425786156 0.396248975 2.076851453 -1.052803544 0.176661129 -0.950278593 -0.135754005 -0.292576188 -0.715424205
-0.638501653 -36.677502215 -26.403049829 -0.244884732 0.619969461 0.612518206 0.424842068 1.926520788 -2.181485474 -1.586599776 -0.553653400 -0.527531503 -1.447781736 0.047469265 0.514526032 0.183200505 0.856681518 -1.129707045 -1.273671810 0.563039111 2.017499404 -1.237093624 1.555501318 1.695631550 0.824175534 0.347094067 -1.750160534
4.072199296 -38.802945131 -30.003315931 -0.156478891 -0.794033292 -0.116031453 -0.575814371 1.008574765 -0.087512020 -1.635973600 0.039257551 -0.370500196 -0.385499038 0.787120789 -0.271028863 0.523813609 -0.977398864 -0.935845508 3.522493451 -0.605301745 -1.066548810 -0.792252772 0.645543338 1.245506785 -0.539389179 -1.095148205 1.447524533
16.774835968 -40.098458197 -24.402165352 0.000258176 0.855239747 -0.032716184 0.517198763 1.036283374 -1.506236682 0.873316881 -1.150888066 -1.970452350 -0.767458298 0.637589901 0.038016395 0.314321639 -0.182092555 1.341985519 0.850024143 -1.181179522 1.139449293 0.257921804 -0.112228727 -0.608948612 0.333785178 0.221718618 -0.745034073
12.590284330 -35.046365392 -31.025343671 -0.411740483 0.202331920 -0.072815780 0.885567293 -1.007681559 -0.233235514 -1.815532296 0.049483061 0.449479846 1.001044952 0.896231038 1.773112457 -0.914220693 -0.016868486 0.314997438 -0.792683459 -0.781902945 0.566472344 -0.952733336 -0.971527898 -0.732319416 0.359617812 0.411021835 1.182533783
10.743288785 -30.694142223 -27.675462297 -0.638705739 0.002046902 -0.086095714 0.764616451 2.286770452 -0.305151401 -0.347797366 0.420790591 0.340015702 0.030996911 1.199417615 0.422844784 -1.839742468 0.449545676 0.288957242 -0.160740512 -0.642418689 0.348507444 -0.073954443 -0.217344252 -1.416557813 0.837069153 2.080672948 -0.058536808
3.573636392 -39.995593029 -24.783372333 0.616131186 0.264324339 -0.725751399 0.154272206 -0.619184547 0.834767798 -1.046932372 -1.269242531 -0.777540283 0.126433848 0.724883243 1.365644693 -2.297156790 0.393031392 0.464918240 -1.192478129 0.894070389 0.336569049 0.143976827 -1.681400334 -0.076330535 0.319510066 0.938024991 -0.391520218
1.542818529 -40.888809568 -27.897523508 0.490516833 -0.515860210 0.058674287 -0.699884853 -0.113076009 -1.263263586 1.278096912 -0.062396493 0.672151938 0.603858386 -0.586336655 2.296064150 -2.548721747 -1.032023076 -0.450594329 -1.882554323 0.086061469 -0.594347488 0.912236053 -0.311142155 -1.135830863 3.792427459 -1.199425335 -0.004832767
8.046124564 -27.359878068 -22.969623640 -0.717657610 -0.451579431 0.107054946 0.519213647 0.293752986 -0.875249431 0.700277330 -0.827170398 -0.210962220 -0.200613991 -0.433235825 0.113552074 -0.918699533 0.455480605 -0.033641446 1.376425699 1.475044342 0.402795946 -0.930907344 -2.083104303 2.419054864 -0.523722799 -0.073375171 -0.526542367
13.308318211 -33.005042169 -25.945923909 0.431682759 0.669524974 -0.123560060 0.591708726 0.390454230 2.097061794 0.706785087 0.480938843 -2.035452718 1.433791434 -0.229003056 -0.552211865 -1.635938662 0.398499205 0.953893506 -0.480837496 -0.687587116 0.834659267 1.653038902 1.237518757 0.347316569 1.272835002 1.008566824 -0.842203839
2.939888145 -30.642927155 -22.557978535 0.956077809 0.196289172 0.216661303 -0.021063325 -0.417168355 -0.311196116 0.542270117 0.300800831 -0.534518514 0.142743120 1.424287294 -1.769335729 0.491194675 0.530530449 -1.110320640 0.734252480 -0.757578900 0.034525792 1.335411416 0.498252698 1.947443375 -0.029258471 -0.634662180 -0.463992792
10.920611424 -33.315714540 -28.243590821 -0.287931596 -0.918481723 -0.084384509 -0.257615943 -0.424638212 -1.053545925 -0.635172858 0.741123728 0.032680709 -1.124016071 -0.006328424 -0.379270381 -0.596410530 1.362435613 0.346505847 0.101464843 1.095409917 -1.257396877 -0.574506324 -0.450223453 0.985899657 0.622426435 0.171679578 1.226640421
5.371459337 -30.107857316 -27.414988069 -0.324910026 0.087934332 0.258873707 0.905364806 -1.453593895 0.206892018 1.744301089 -0.577739420 -0.067255322 -0.783189864 -0.698621979 -0.459814384 0.450214011 -0.893013304 -0.204451020 1.762381359 1.675716126 -1.970392737 -0.913499923 1.067612772 -0.870442135 0.841194041 0.240840433 1.759045811
10.865747023 -44.200843144 -23.739581689 -0.216524384 -0.220994856 0.317633908 0.896318674 -0.178346713 -0.450974361 -0.107560327 -0.097861639 -1.159913268 -0.480973799 -0.558801276 0.433922020 1.103469207 0.145524828 0.841043568 0.663971833 -1.157945409 0.146273589 1.446947367 -0.474276887 -0.007908866 0.760873036 -0.492610779 -0.683549511
6.178644744 -30.956001251 -21.039681604 0.615144264 0.306564873 -0.724107776 -0.057301324 -1.695901918 -0.474649277 -0.280768732 -1.191979410 1.618654492 1.775008338 -0.187084076 0.502074526 -0.059969280 -0.408535486 0.672770236 0.933556144 0.602139472 1.586063991 0.797330918 -0.141857123 0.712464011 -0.138563006 -0.247440710 1.408079100
8.638023214 -28.581187545 -33.484187649 -0.128669622 0.678286591 0.626989838 -0.360908814 0.325252311 0.938386412 -0.507397833 0.171007060 2.618416504 -1.919896785 -0.758065155 -0.914078140 -0.666850421 -0.262876612 0.101302341 0.731340215 1.363075925 -1.042305799 2.162409062 -0.842476141 -1.231710473 -0.682127237 0.585000853 1.042663971
7.082904124 -27.798850396 -26.242779841 0.092808704 0.516010076 0.838282300 -0.149676089 -0.516626350 0.907823776 -0.813241678 -1.032815622 -0.083921864 0.618673897 0.231402665 2.068272283 -0.534835952 -1.012728263 -1.266376047 0.044955584 -0.468242724 0.825203612 1.941968904 -1.989503659 -0.611615142 -1.189652816 -0.582067578 0.399197813
11.870310199 -38.462805750 -32.172032170 -0.006964020 -0.331263234 0.933051179 0.140113058 0.575760446 0.565495837 -1.231054562 -0.718882542 0.656647058 -1.648862196 -1.669854858 1.713201529 1.782321645 2.633632871 0.658232664 -0.735127105 -0.031472760 -0.379648282 -0.347425446 -2.004421820 -0.409224224 -1.072864579 1.147659213 -0.674759783
11.607243417 -32.297902854 -22.270734216 0.475684824 -0.147252901 -0.139032846 -0.855985046 -0.031483975 -0.971483824 -0.744345076 1.517024015 1.115242306 1.210168459 0.371684086 -0.014979100 1.169626881 0.836387917 0.859405193 1.722841225 0.012462949 -1.194300073 0.331133036 -2.302073577 0.748803305 0.328244978 0.096950875 1.064489635
12.450898960 -28.525260605 -21.922378361 -0.533638652 -0.617483587 -0.556564243 0.155499363 -0.247035486 -1.690870433 0.702661905 -1.948488407 0.139220250 -0.723781645 -0.042398772 0.492025468 -0.680144730 0.515564252 1.663998073 -0.221340890 -0.270142464 -0.591097721 -0.035850845 0.516899169 0.688940059 1.291604059 -2.527075495 -1.817867136
5.546585905 -28.523141102 -32.652751616 -0.462338234 0.189579199 0.803917834 -0.322520079 1.142736937 -0.656537945 -1.089179196 -1.408449690 0.691338396 -0.449070066 0.977523552 -0.930586809 0.900168385 0.909436727 2.483628831 0.273451279 -2.474284529 -0.140514434 0.620741825 -0.735949624 0.736330380 -0.784635607 0.766722468 1.293422762
2.976426761 -35.871238863 -31.307216492 -0.472366388 0.128654809 0.846010321 -0.211150355 -1.541068536 0.710191499 -0.126124379 -0.296374000 0.449997150 0.731853931 0.330077632 -1.541863660 0.951267609 -0.381556469 1.826185220 0.068099967 -0.095002634 0.707463928 -1.023469623 -0.827845104 -0.468818347 -0.204995308 -1.035069221 1.518539627
4.575975793 -35.388565803 -30.535049567 -0.752964156 -0.186422390 0.489634216 0.398183383 -0.843117754 0.761329978 1.744387074 -0.626696794 0.203125183 -1.029582814 0.565798988 1.066579050 -1.028097547 1.273103129 -0.321964080 -0.712629963 -1.518765233 -0.069996719 -0.848450988 1.807238799 1.545834162 -1.263353672 -0.550755011 -0.929124555
10.128180989 -34.271521365 -33.929925889 -0.401670836 -0.224052984 0.884205489 0.081495115 0.733552319 -0.977402232 0.277171201 0.649837856 -0.315114873 -1.346590580 -1.848104992 0.492513218 0.757972715 -1.442656739 0.468073867 -1.151029720 1.231708900 -0.498685709 -1.190645820 0.506323785 -0.720723264 1.070607840 1.427637945 -0.129876850
16.607058424 -32.045082195 -26.741185193 0.374523268 -0.083572103 -0.892400694 0.237421621 0.042172166 0.481248457 -1.841104064 0.246126433 2.118896746 -0.103961880 0.736726012 -1.318491784 0.528878465 -3.119961014 1.168474964 0.767895687 -1.247263142 1.024583434 2.285156536 0.369795043 -0.840549506 -0.030792836 0.662976355 -0.165499809
5.564482578 -36.277390237 -33.645140322 -0.424508082 -0.590830723 0.531295667 -0.434093147 -0.345836668 1.835891363 -0.212637882 0.164388421 -0.340300265 -1.414825858 -1.295403525 -1.541512867 0.034573898 -1.684278457 -0.566145350 -2.022776548 0.286255654 1.176164340 1.422207219 -0.704968902 -0.532241887 -1.103099169 -1.173242200 -0.298273067
5.659647759 -31.225048935 -29.072011006 -0.341105223 -0.284526602 0.729907937 0.519544264 0.582465650 -0.349327235 0.156246755 0.207904155 -0.690808505 0.592829182 -1.482091559 -0.235863546 0.370514737 -0.356712542 -2.511330077 -0.725863481 -0.220717919 1.605698346 -0.872402923 0.003123580 2.288165229 -0.788008376 -1.402607646 0.981314507
8.380814458 -34.648635383 -19.304687880 0.510384128 0.347390695 -0.520650959 0.589703592 0.493796831 0.646747792 0.492197417 -0.584007379 -2.673291528 0.347063895 1.005869901 -0.220869501 -0.067938064 0.472109965 0.654017359 0.501027726 -1.378743890 -1.507701595 0.126635029 -0.064743055 -0.141189555 -0.367542652 -0.443754529 0.626286614
4.195519967 -36.491048720 -35.673848775 -0.187927759 0.126376255 -0.648119081 -0.727085866 0.983094950 -0.759317117 0.125117308 0.081455984 -0.545560066 0.997855903 0.266072483 0.631782289 1.935850816 -2.859882712 -1.801837540 1.053353801 -0.157123027 0.992937654 -1.738568797 0.183215815 -1.398372544 -0.047970720 0.920417020 -1.396292817
12.224850532 -34.524454636 -30.790652812 0.252864637 0.547177025 0.725925413 -0.331193409 -0.759099936 0.127363246 1.048539683 2.002447831 -0.883846439 -0.957649180 -0.772908201 0.438268592 0.518258162 0.543169689 -0.802205232 -0.992411077 -1.674837624 0.159638831 0.662618813 -1.202997252 -1.239586464 1.667312167 0.455381469 -1.213061994
6.369517622 -34.591882310 -20.319740186 -0.378506169 -0.010423831 0.516402947 -0.768083602 1.304148686 -0.348820479 -1.735819489 0.623707543 -1.654575985 -2.403740586 -0.470398005 0.434165684 0.137148664 -1.586353735 -0.026487062 0.980138111 -1.140704240 0.651673949 -0.744458044 0.504378524 -0.629734186 0.051359381 -0.923050152 -1.046984007
16.367210001 -35.319366304 -27.003558382 0.201121121 -0.320200537 0.670415505 0.638408146 0.063074090 0.755990204 0.023140589 0.385945246 0.148259474 1.096961105 -0.350367513 0.029028971 -0.453285055 0.047879966 -1.376365646 0.167338388 -1.460214919 -0.935730345 -0.164975489 -1.274568103 0.091856625 -2.328688434 -1.312464014 0.977020160
6.705150887 -33.721079247 -23.660230078 0.488304705 -0.357089004 -0.400022686 0.688496775 0.243779583 0.989211852 -0.412898985 -1.270561239 0.337136943 -0.787531056 1.152257997 0.600127276 0.111664508 0.794557071 -0.061521638 -0.552924946 -0.416472794 -0.335995039 -0.754232070 -1.064409384 -0.833249521 -0.706665131 -0.057997904 -0.318013840
8.091501528 -38.712203709 -22.303609766 0.140685133 -0.087813938 0.007091324 0.986126827 1.345814018 -0.524828096 -0.498398199 -0.708596896 0.810173384 0.619115963 0.152881652 -2.458814816 -0.151425730 -0.679834731 -0.540496641 -0.495992371 -1.070357022 1.473913952 -0.546955701 -0.024815197 -0.053029675 -1.373693229 0.496166166 0.300544178
3.517627941 -35.799515552 -32.041349337 -0.570895449 -0.753860365 0.143810365 -0.291704501 0.427176100 -0.169921054 0.204615195 -1.401790479 0.385248830 -0.341255268 -1.474708630 -0.422344391 -1.074699598 0.642032239 0.595854714 0.544732301 -1.274620515 1.255825271 1.280368056 1.754874788 0.330668212 -0.004998418 0.123740258 0.510599461
5.337764551 -32.532287638 -28.276592079 -0.293378592 0.505290710 -0.736111665 0.341686870 0.953709143 0.383132475 0.383527394 0.076754487 0.123347201 -0.725775129 0.168384024 1.178380276 -0.667477298 -0.442375908 0.499635127 0.039334849 0.597189582 1.068168784 0.735833961 -0.567984586 -1.659737078 0.266958530 -0.042813643 -1.388627355
1.570491293 -33.119807751 -32.186557008 0.393403635 0.621979294 0.080741655 -0.672202442 0.090145580 -0.712504678 0.885163761 -0.948823204 -1.701407052 2.360256683 0.230904128 0.263211273 0.335657350 1.191647484 1.409564279 -0.011403988 0.211667332 -0.140592125 0.486653568 0.366991648 0.648420949 1.450724728 -2.745241579 -0.915643893
3.469603989 -34.673618637 -23.463155931 -0.299135422 -0.070422413 -0.945331141 -0.109122486 -0.274275432 0.945266023 1.244028993 -2.026941973 0.443799414 -1.341742111 -0.171412242 1.532759347 1.281394608 0.475450710 0.521036885 0.471687235 0.053497856 0.081947120 -2.805579732 -0.455269226 0.797214169 -1.473647481 -1.627221414 -1.044916686
5.459535746 -36.415136161 -24.617863417 -0.864285816 -0.328983575 -0.379684689 0.024887181 -0.662076262 -0.764695946 0.397732223 0.722970342 -1.168219924 -0.143122528 0.069576080 0.698935094 1.356095169 0.053569792 -0.369494493 1.051249118 0.044650030 0.427614543 0.224969346 0.407218611 1.151076003 -2.977038235 0.096418773 -0.653994084
5.646366122 -34.405466815 -24.964238011 -0.463845304 -0.083706899 0.747023501 -0.468824676 -0.880864272 -0.871904969 -0.036440539 -1.417682750 0.496605401 1.183771817 1.644138582 1.904617040 1.327482108 -1.275615831 0.213437418 -0.535249445 -0.584365914 0.010946705 -2.146404763 -1.056599714 0.110991762 -0.050861085 1.724955713 1.057922771
15.501015308 -36.893898243 -29.932172192 -0.342303659 0.298324752 0.161249775 0.876258556 0.904236799 0.771093028 1.387315069 -0.540448745 -0.291889147 1.085538364 -1.587528443 1.439824892 -2.346171881 0.933633664 -1.552885595 0.561184977 0.211851184 0.777028784 0.634639033 0.311053709 -2.880188371 -0.222519941 -1.260508502 0.855094060
6.031498107 -37.266167197 -21.607992765 0.749682997 -0.573318425 0.147864139 0.295664649 1.271460166 0.835517882 0.243919878 -0.608081476 -0.720019598 -1.149199585 1.150956410 -1.327553646 0.607678275 -0.935423983 0.763118699 0.143338067 1.147533276 1.368943347 0.968120718 1.686359595 -1.508772963 0.100368655 -0.122027341 0.187550398
1.068956800 -31.767123500 -28.029462218 -0.401553288 0.457416519 -0.741077623 0.283423786 -0.444077972 -0.197191182 0.801754203 -0.602802181 0.333826640 0.715118761 -0.306292318 -0.660488513 0.778268819 -0.334329743 0.511310804 -0.454776898 1.247199754 2.134100792 -0.199619754 2.506880123 0.638552016 -0.422741450 0.008121328 0.257362578
5.228063923 -37.635210898 -21.742615170 0.432431148 -0.119669660 0.363158277 0.816577333 -1.888116622 0.299000921 -0.609958448 1.863640937 -0.071571585 -0.747505261 0.201058165 1.453959645 -0.366378171 -0.965540927 0.836903682 -0.837227876 -0.196264586 0.684776341 1.367001313 -0.640676652 -0.807728499 -0.943325002 0.321827622 0.982402885
11.773763809 -28.328877887 -32.974977066 0.145032346 -0.317203487 -0.174378506 -0.920836415 -1.096440744 -0.280121243 0.859271006 -0.568761939 1.495200383 0.194788619 0.761510244 -2.002034518 -1.044210834 -0.755108926 1.588097732 -1.070682634 -0.808097117 -0.791428732 -0.936532319 -0.611314448 2.387940106 -0.968163472 0.271877499 0.873534090
16.197860829 -36.502168342 -31.054973680 -0.501769660 0.585360723 -0.403312202 -0.492868440 0.370480022 -0.460338792 0.559573468 -0.285941689 -1.052895127 -0.471701987 -0.118062083 0.568348500 0.934131559 0.341367048 0.692343058 2.174334098 0.807133972 1.980563736 -0.410865293 0.241651587 0.929663371 0.223069449 -2.242674339 -0.182092685
14.600450508 -31.533259369 -21.153871760 0.735834825 0.161694320 -0.336213826 0.565121509 -0.737478541 -1.039409993 0.961549248 -0.113587599 -0.032491976 -1.790456353 -0.959591347 0.188099380 0.680924922 0.589065670 1.315685422 -0.505219229 -0.156946648 0.961331464 -0.068456023 1.365630489 0.863493235 -1.053129707 0.657379152 0.219489242
11.388298754 -34.770818361 -35.957185598 -0.749199749 0.441100865 -0.251325150 0.425400320 -0.706040763 0.873430708 0.690810843 0.493873151 1.716574933 0.312983957 -0.961787395 -0.953665694 -0.931343632 0.786225693 0.955970245 0.257833023 -0.156533282 2.006946087 -0.662676745 -0.067669116 0.594867385 -0.112721652 0.261698319 0.369285954
10.051939501 -31.383976305 -33.905727929 -0.729227570 0.501778925 -0.462781653 -0.047730528 0.713790671 -1.414524889 -1.192929911 -0.390736047 -1.582802179 -0.269420320 0.227966925 0.559914449 0.110534574 -0.071975137 0.809976563 -0.527617527 1.180485284 0.172174473 1.058132191 -0.245696013 -0.714208687 -0.931678897 -0.037109967 -0.559219425
8.675926297 -42.950763837 -21.036946138 -0.195742765 -0.064710995 -0.609364368 -0.765618915 -1.826312888 -0.381226300 -2.030039486 -1.413091705 -0.748896909 -0.939245463 -0.268413081 -0.267070834 -1.469689246 1.116851119 -1.666330267 1.252849436 0.930579708 -1.093256204 -0.970634218 -0.340120652 0.883059243 0.875108174 0.817152049 1.821292916
5.234980896 -29.907635378 -26.515785681 0.048824428 0.840417103 0.343458869 -0.416354746 -0.347030102 -0.036221740 -0.268397235 0.066551186 -1.846577052 0.518402877 0.971268032 -2.674222370 -0.560664050 0.618614778 1.058121190 -1.127702129 -0.125042972 0.449172640 -1.942795929 -1.513992563 1.705789565 -1.633459800 -0.292801177 0.860966456
16.357272673 -29.918649263 -23.581031507 0.899506113 -0.183717432 0.333830685 -0.213760921 0.461754338 1.630539593 -0.024370326 -0.656650205 -1.639358004 -0.637005056 0.583443811 -1.343324942 1.477263066 0.140684858 -0.166484280 -0.912447537 0.621048396 0.117772605 0.591682172 0.609884346 -0.409757403 0.606091566 2.409507901 1.154555313
18.930465482 -34.434738185 -28.517831672 0.595315693 0.248571649 0.743327813 -0.176847741 -2.735167510 -0.975541053 0.154692515 -0.905922658 -2.354958606 -0.761202030 -0.768704949 0.594453109 -0.881163069 1.517446991 -0.156989591 0.265263860 -0.880649753 2.412423298 -0.335500380 0.919900551 0.493678002 -1.050880206 -1.805824899 0.468947270
9.142921700 -34.627703728 -24.390523181 -0.550743682 -0.833079655 -0.023694473 0.045806733 0.556105495 -0.048680160 0.773118543 0.135930739 -0.523226700 0.069330998 -0.937129295 0.161039827 0.446693651 -0.768764547 -0.067892263 -0.823319812 -0.812442455 1.135658980 0.490561462 -1.089197663 -0.237745668 0.540061854 -0.819334113 -0.739423411
7.901981802 -35.890029951 -31.516692986 0.419756874 0.722830603 0.176200625 0.519878280 -1.002403658 0.433675620 0.929075549 2.150955352 -0.199625458 -0.612948563 -0.645220621 0.152588900 -1.539033121 -3.090391116 -0.796966270 -0.285958501 0.660233880 -0.641085625 -0.851609219 0.751846588 -0.905208952 0.029622276 -1.515996459 1.114906772
5.362923987 -34.032477741 -20.182669707 0.795788523 -0.171845691 0.538137123 0.218169938 -1.439834325 1.280299790 0.623450882 -1.247760510 0.006506480 0.064058210 1.231444652 1.438229652 -1.306146989 -2.533738737 -0.071585314 -0.704805990 -1.156537184 -0.331400422 0.225646463 0.893127233 0.945241122 -0.144958347 0.450613750 -0.919100621
16.216543303 -36.308117129 -26.901846124 0.547383238 0.509417000 0.652492990 0.122958562 -1.237632620 -0.178397093 0.392321546 1.226807087 0.638087734 -0.516295631 -0.250808473 -0.117645286 -0.121473952 -0.948996084 2.013005368 -0.372074243 0.694846846 -0.306852531 -0.063754318 -1.577605152 0.972644254 0.018017546 0.192518282 1.730356679
11.502523730 -31.945053962 -18.987625817 0.068305760 0.458362822 -0.139533252 -0.875081892 -2.973540916 0.366378425 -1.826241814 -1.161129711 1.538590708 0.739610756 -1.046324211 -0.850963227 1.100326221 0.143450163 1.513660022 0.441941682 -0.585807402 -0.288927742 -0.410072424 0.337396333 0.855820394 -0.116378362 0.040203781 0.202424812
16.002909279 -32.043747953 -21.235454814 -0.445409661 0.824099794 -0.119957025 -0.328755344 -0.245360833 0.172947820 -0.084346701 -0.580086783 -0.280765401 2.097666936 -0.119485294 0.706793315 -1.144381685 0.884461266 -0.488588181 0.463135499 0.332501285 -2.565045919 0.175565293 0.120294389 -0.781090953 1.309448096 1.115094326 0.137329710
2.479737879 -32.009353857 -21.775412528 -0.231003108 0.925261263 -0.299423663 0.029574131 0.970335424 -1.496252229 0.640617092 0.429527085 0.963000186 -0.539064182 0.463693476 0.755371895 -2.144007394 1.088581115 0.431148945 -0.908235797 -0.859648692 1.624148885 0.282228098 1.554616809 -1.395953201 -1.383895969 -0.762981730 -0.882289179
15.402954122 -37.152597760 -26.132119535 -0.665508627 0.625620175 0.154622340 -0.376549592 -0.326769926 -0.443583604 -2.467382202 0.409954460 0.738562787 -0.321507961 1.005783344 -0.439356365 -0.400431256 0.160841054 -0.280891135 -1.950841505 0.432841858 -0.626803335 1.430786410 -0.432306421 0.708323277 0.124394597 0.039176846 -0.783725194
10.005192981 -36.819178091 -19.853988370 -0.827632373 -0.373182883 -0.297160106 -0.295728022 0.341853314 -0.687023251 -0.897369900 -0.836287797 -0.810833581 0.152792324 0.043463497 0.316430870 1.236817993 1.492410253 -1.324658446 0.022837430 -0.464415894 -2.278889476 -0.814259580 0.039761612 1.198994389 -1.114056603 0.633167926 0.279706044
12.040643763 -32.921820420 -29.464836210 -0.329822886 0.214371434 -0.872650896 0.289382386 1.273987003 1.091549277 1.085413418 0.155703057 0.217460637 -0.495489774 1.499684348 0.235175596 -0.455249622 -0.570674606 -0.805925808 0.706302298 -1.038469743 -0.514334579 0.293293016 0.394562837 0.638281299 -0.288231486 0.548069353 -2.322313582
2.059577336 -35.807500857 -23.266579595 -0.002234068 -0.169458568 -0.068778673 0.983131882 -1.686689640 -1.783478842 -0.329978350 -0.910596840 0.342372897 0.059186886 -1.487836391 -0.272451101 1.398104569 -1.892553670 0.601449947 -0.596633377 -1.429590973 0.833255235 0.358327947 0.094487971 -0.868333660 -0.800986422 -0.710146628 0.338950004
10.783603009 -40.613721235 -28.746665155 -0.002996898 -0.436131007 0.774393295 -0.458362070 -0.009459623 0.306708675 -0.416518228 -0.035672722 0.508989827 -1.375464261 0.601924883 0.543230642 1.377085429 -0.193799336 -1.300806875 1.430588617 0.401307795 -1.415181834 0.129940136 -1.167506722 -0.945221454 1.447684130 -0.026945733 -1.936956516
9.433904813 -28.478256025 -22.602107057 0.545045209 0.582602543 0.590489511 -0.121746187 -0.307073000 0.594225045 0.932122743 0.372945590 0.185764847 -0.667455788 0.488870609 1.680711323 -1.353718847 -0.219556145 0.547066386 1.443263234 0.166861215 -0.688618163 -1.040820287 0.816035030 0.182647249 -0.442697386 -0.333560572 -1.118609659
5.304067307 -30.031113129 -23.701959260 -0.409964189 0.090436546 -0.629728818 0.653599427 -2.991792481 1.085459794 -1.148181311 0.473651674 -0.416645702 -2.151249272 0.705648530 0.267266080 0.113203298 0.845452445 -0.933790236 0.847464453 0.580589743 0.276750968 0.587765017 1.170293966 -0.707804919 -0.871062177 1.210938355 -0.495965974
9.935740723 -26.116441051 -26.702036187 0.623068079 0.170536352 -0.648491488 0.402693818 0.199022700 -0.520413676 0.589820843 1.794515920 -0.275405585 -1.175823153 -0.323414320 -0.576194731 -0.233157681 2.798714552 -0.633706567 0.441676603 -0.982527582 0.115919763 0.730659957 0.617593046 1.127092378 2.489960447 -0.546691284 -0.133292215
9.233811886 -41.751593871 -19.699529611 0.004749823 0.623014386 -0.323413832 -0.712203627 1.215920417 -1.771303979 2.148189985 0.524554784 -1.683976542 1.137885944 -1.280272815 -0.768984591 -0.566688079 1.204355398 1.618035861 -1.294344389 0.016516310 0.860103625 0.778163854 -0.603522739 0.316048361 -1.322784685 1.146279004 0.326566370
4.943929210 -40.762338046 -30.602050848 0.071684266 -0.913410588 -0.257784983 -0.306739899 0.062706388 0.171134818 -0.675734895 -0.140251537 0.121661491 1.040472647 0.232958951 -0.078316731 -1.897345298 -0.292510137 0.679283743 0.020018078 0.778120786 -1.141866856 -0.760394246 2.121572409 -0.833800974 -0.045659966 -0.314036440 2.049212883
9.549015475 -41.217773184 -24.294670284 -0.798501975 0.156215007 -0.535290137 0.226839010 1.032310167 0.003004173 -0.554237558 -0.116051068 0.111168524 -0.076405409 -1.382828373 0.659879808 -0.657548439 -0.364277739 1.636855460 1.928197566 0.492731814 -1.117292363 0.473696224 0.039561648 1.318351812 0.603579357 -1.161023836 -0.466714727
5.975583043 -32.946017468 -30.332389752 0.666377532 0.396565080 0.498101460 -0.388036156 0.562109039 2.179331459 0.101030904 0.785871335 -0.033146002 0.980209463 -0.624140520 -0.265959402 -0.102345896 -0.011867237 0.079148630 -0.136435758 0.887622321 0.033221567 -2.018212705 0.945660417 0.333938486 -1.372260036 -0.125223805 -0.256811363
14.112244125 -29.431881469 -23.990424583 0.769593309 -0.469773376 0.045292687 0.430101949 0.852675682 -1.127562581 1.487523332 1.332304570 0.740911242 1.090009323 0.351003733 1.913123032 -0.401582364 -0.911942735 0.716914924 0.512673222 1.114148859 0.498905671 -2.629959552 -0.670961994 -0.584168888 0.193376630 0.632093970 -0.130064184
5.612357776 -33.582335792 -34.888831605 -0.715968586 0.188515639 -0.620128250 -0.259406612 -0.399012456 0.405446721 0.291939577 -0.037889544 0.530827437 -1.158066314 0.923356357 0.204670010 0.582744406 2.093078283 0.360993681 -1.361196025 -1.845497278 1.242216454 0.799411255 1.027193479 -0.685415956 1.233383873 0.587172913 -1.963601475
14.044454210 -30.176655247 -29.937526314 -0.730907899 0.254314645 -0.339285004 0.534774149 1.518143891 2.258793444 1.066804625 -0.033186327 -1.597981854 -0.060393433 -0.129420916 -1.967098459 0.119491873 -0.430013782 0.238512122 -0.887245030 0.609306034 -1.197299584 -1.141713636 0.261811640 -0.670866357 0.383614566 -1.056738484 -1.129012978
7.799930909 -44.874991396 -28.741727165 -0.067888853 -0.666031138 -0.079706725 -0.738539413 -0.211769561 -0.374593293 -1.060871711 0.208129236 0.270957926 0.117848995 2.056730211 -0.832442753 0.194970628 2.510356923 0.335053955 1.768137345 2.071222093 -1.413671269 -0.365137591 -0.082488947 -0.628983844 -2.048071766 -0.326744688 -1.480661063
3.843130881 -38.714700648 -22.135248582 -0.281771022 0.431502952 -0.738580937 0.434636047 -0.833467175 -1.260583194 0.207844231 1.344100087 0.156459535 0.245519636 -0.610878111 0.853170507 0.372951011 -0.444307547 0.280708663 0.166757100 -0.166431483 1.057398498 -0.926519013 -0.799873385 -0.524521907 1.297494528 2.133698799 0.308379331
15.209799264 -31.162801138 -22.459142809 0.396146077 -0.113206306 0.181254094 0.892972324 -0.407236740 -0.281228952 -1.519394718 0.887908618 -0.797069114 -0.051731613 0.783482405 1.560003730 0.825363519 0.158700016 0.403466742 0.343187901 0.661973874 -0.212403420 -0.531466615 0.269653147 -0.750446520 0.516131832 1.140940556 -1.072326108
10.220741542 -42.180320078 -24.787608646 -0.467606780 0.563209565 -0.664808440 -0.148891313 1.107731341 0.170432544 0.151521392 0.260793652 -0.665932941 -1.006873533 1.174107004 -0.148216763 2.050429358 0.598583348 0.418882449 -1.117089085 0.121644991 0.394816304 0.608293709 0.411309081 -0.858138174 -0.045148492 0.536181707 -0.451018831
11.613403344 -40.617580587 -28.364102000 -0.554002445 -0.198969394 0.114690061 0.800211635 0.093118578 -1.781720212 0.633719111 -2.553267371 -0.295643453 -0.289769234 -0.341610279 -1.776725221 0.558693129 -0.210053322 -0.686395112 -0.438064835 -0.193316527 -0.832848418 0.221036353 -0.901240150 1.509280129 -1.634999137 0.052159808 -0.201467214
5.446160219 -34.109581262 -26.795905356 -0.286826852 0.791937326 0.348412928 -0.411307745 -1.073947983 -1.139196528 -1.747698655 1.230277056 -1.368138738 -0.292464052 0.200732288 2.222714904 1.439326168 0.844753492 0.584753818 -0.563431446 -0.494193616 0.974383595 0.600012935 -0.758275730 -0.411296598 0.005827578 -1.271501875 1.783820408
4.217488889 -41.108468176 -32.862858963 0.273522102 0.257719736 -0.924034851 0.070183981 0.784251054 -0.613697902 1.524823233 1.281821627 1.039952649 -0.429181238 0.606811642 -0.616857352 0.712719937 -0.030879099 -1.126478873 -0.561526949 -1.886858701 0.297912614 1.761364500 0.150214802 0.681291997 1.119952958 0.121687454 1.793156310
4.385567147 -30.800695737 -23.823861010 0.446412036 -0.605087026 0.646351791 -0.129674004 -0.005937908 0.157307976 0.180593105 -0.674889035 -1.778614363 1.655037849 -0.817327596 -0.485582428 -0.331780700 -0.048291148 -0.476246190 0.258875995 0.812473037 -0.513085121 0.006207390 0.416151887 -0.262517084 0.324200467 0.561479835 -0.808932568
10.984433191 -35.855869338 -22.216684852 -0.592655480 0.454766493 0.645529615 0.158866092 -1.599151976 0.426665024 -1.582406578 -0.013471722 -0.287910677 -1.885366545 -1.934007920 -0.480236129 1.001750844 1.292308500 0.937621511 1.525060082 0.733444613 1.032042983 -1.657082344 0.688521073 -0.515774970 1.481487566 -1.131358265 -0.196908112
9.976261954 -26.868732593 -28.180777726 0.327078616 0.034206953 -0.586331373 -0.740314112 0.538215290 -0.237849793 1.366606474 -1.343067444 0.820684266 0.927210156 0.025702712 -0.267719095 1.024775696 -0.736939158 -0.696491708 -0.012993956 -0.550901036 0.145922835 -1.770541099 1.012713227 -0.159339605 -1.407137663 -0.276662833 0.055552001
13.613572816 -38.430754889 -33.567512067 -0.736559948 0.424017935 -0.115527318 -0.514141686 -0.518529719 -1.225721777 1.187728429 1.020849738 0.631626236 0.095102611 -0.337292138 0.621292302 -1.851215607 -0.062420454 0.918131887 0.358503292 1.715547368 0.715787970 -0.459952309 0.438447653 -0.655669345 0.461406690 0.519468248 0.584183743
10.143739454 -37.676797504 -24.609369608 0.702422245 -0.310765140 -0.108883149 -0.631009094 0.941883069 -0.398887498 -0.783569508 -1.252984479 -1.080754556 1.083056616 -0.292279317 -1.399803502 -0.326257538 -1.357572619 -0.453536083 -1.343167926 0.238963067 1.286864564 1.400191153 -1.511473857 -0.404067175 -0.742115333 0.147692872 -0.164247711
17.204394521 -35.648958604 -26.171893620 0.093867408 0.044179738 0.994213561 -0.027864941 -0.395876733 -0.333202964 3.210737369 -1.038875786 -0.750474046 -1.145033590 -0.356958802 0.083088869 1.580816501 -0.185769104 -0.658735283 2.107562827 -0.023742769 -0.957673311 -0.965770102 1.431848759 0.663386112 1.019088794 -0.315214488 -0.873363243
6.329273064 -34.440926659 -26.764653914 -0.549530019 0.454473455 -0.513558236 -0.477209152 -0.232342533 -0.040141058 -0.219338056 0.114593393 0.159725750 -0.748643857 2.066989547 -1.653716194 0.638648763 -0.119296265 0.449633821 0.391182214 -0.852974363 0.055235119 -2.026476065 -0.627930608 0.263921425 1.056935810 1.578651135 -0.746669733
2.850500193 -34.293188633 -21.600711668 0.014957137 -0.624093738 0.105873621 -0.773998751 0.721708655 -0.405498448 -0.585646028 0.546008119 -0.083481913 0.071242282 0.077567345 0.721040961 -1.095917430 -0.337026736 0.105714611 -1.126014283 0.516309743 1.700785709 1.628361657 0.404747013 -0.979499062 3.453305230 -0.127558354 -0.863850367
11.160162660 -41.833313692 -29.387858624 -0.514591148 -0.642205254 -0.128231011 0.553466503 -0.316402652 0.724536075 0.171117559 -1.301331497 -0.498185831 0.495413024 0.151023967 -0.023861913 -2.053279979 0.300526389 1.808818396 -0.723954293 0.982878238 -0.826418386 -0.022517887 -0.277705230 0.779341470 -0.765147631 -0.110540652 1.485237150
10.499179607 -36.191181057 -34.872284795 -0.127881253 -0.115187760 -0.694805720 0.698300205 -0.692413040 -2.145658869 -2.114792414 0.890515923 -0.725922255 1.825813825 -0.145138803 1.399374983 -0.353749159 -1.120546743 1.053538503 0.113864201 0.540110443 1.066492814 -1.058654854 -0.202369212 -1.665083552 -1.362635919 -1.233200467 1.542023680
10.802412209 -27.580151029 -24.865609180 0.266386096 0.188660408 -0.839028093 0.435290199 1.780508775 -0.062938182 -0.273011386 -0.410481625 0.898553124 0.997863903 0.603983614 0.494553004 0.028859345 0.247418428 0.589868925 1.425953866 1.002299955 -0.564722315 -0.893158989 -1.755054188 -0.820284710 0.326076466 -1.293655418 -2.263138029
13.024753931 -39.124719580 -24.595349849 -0.742501497 -0.348321459 -0.341308320 0.459208361 0.147099692 -1.203980186 0.045984009 3.180252545 0.306248559 -0.254492452 -0.656147330 0.648232217 0.939572497 -0.578949957 0.793649047 -0.918346286 1.043156082 0.825997749 -0.386007171 -0.880494797 1.516612281 0.083259918 -0.466053448 1.564806600
7.449291627 -32.656564410 -27.839503704 -0.422409748 -0.740604259 -0.034286501 -0.521440094 -0.558608071 -0.817866571 -1.232528386 -1.433213969 0.358636121 -0.801474912 0.034368256 -0.023183072 -0.285181871 0.698330520 0.913400335 -0.284250592 0.850281625 0.628155684 1.672863522 1.480871322 -0.540707455 0.223158537 0.329426033 1.874041546
12.087162797 -39.633723105 -25.426394143 0.088746277 -0.698300570 -0.700307192 0.118618081 1.625926260 -0.195927223 -0.435666851 0.782536119 -1.213580865 0.924369878 -0.096283040 0.751905204 1.830738853 0.212226060 -0.300062843 -0.451272137 1.762960960 1.229472604 0.327511295 -0.409434411 -1.207158372 0.436401289 -1.980318789 -1.050452877
11.864581993 -32.266700794 -30.794015652 -0.211541347 0.937670413 0.159968023 -0.224576684 -0.789642682 -0.447039583 -0.404689454 -1.172798159 -0.462876469 1.128251981 0.575519832 1.085238600 0.914144319 0.584074742 -0.258828624 2.159126347 -0.774675824 0.474425108 -0.548412229 -1.062177931 0.088165973 -0.303115613 1.307742391 -1.410088963
3.340680150 -42.177443035 -24.039987539 0.653572951 -0.687234999 0.285721610 -0.137526780 -0.492125381 -0.226053725 1.458595757 -0.143855362 0.197244313 0.317772402 -0.676663415 1.278185577 -0.353285333 -0.739572492 1.569552458 0.022009573 -0.261658842 -1.988053080 0.315848428 1.908353892 -1.582924999 0.536869217 -0.291255190 0.155628998
10.002173142 -44.030663256 -30.863118464 0.401112759 0.699370342 -0.364711063 -0.465806312 -0.397734670 -0.548414797 -0.702094642 -0.657920555 0.243994960 -0.204977699 -0.041218743 0.666542939 -0.303639639 -0.416400701 -0.003537992 0.740934525 0.008256634 1.181213536 -0.764207777 0.653306128 0.957871485 0.335101919 -1.436017060 -0.372585946
6.147396576 -37.156393800 -28.638703180 -0.688364830 -0.628137563 0.362737125 -0.004340686 0.138463619 0.989093209 0.160526740 0.603477196 0.439408652 -1.344163732 0.672865574 0.293031387 -0.519742595 0.788803516 -2.494976380 -0.576327611 -1.643343758 0.804517544 -0.660504779 0.000100596 -0.162009703 -0.177100687 1.704178006 -2.125963629
11.481241223 -27.407810305 -22.614289106 0.294922936 -0.482559124 -0.469734270 0.677869360 0.312152618 -0.429189562 1.477332052 0.501557541 -0.773183101 -0.944141416 1.138248107 -1.051631526 -0.566976131 -1.445361075 -0.773399690 1.924848104 -0.025857628 -3.081609718 -0.753910007 1.695787383 2.127098595 -1.209605789 1.161936275 0.411048066
3.505742563 -29.866152650 -26.482946958 -0.112068811 -0.242457155 -0.235256769 -0.934510226 1.987660677 -2.115396928 -0.263515152 1.033592853 0.285418087 -0.903646250 0.869200805 -0.761085743 -1.283382685 -0.177119984 -0.999280772 0.421222983 0.837179831 0.112487615 -0.878941732 1.193791198 -1.751287943 0.031486429 0.133074422 1.799249868
15.853281050 -29.899793779 -28.176394743 0.068512131 -0.081949853 -0.105572682 0.988658039 -1.408354656 0.433963970 0.507547819 1.723059508 1.917815905 0.867177767 -0.363123628 -1.495162509 0.923851697 -0.798472035 0.240651262 -1.496811919 0.565570726 -0.205134694 -0.441260771 1.840572031 0.785753339 -1.482155720 1.055900110 -0.289818023
3.361421806 -39.022430011 -30.231908444 0.128779415 -0.394155662 0.891889644 -0.180527116 -0.376161104 0.852398663 -1.521053694 -0.439149031 0.624116109 0.876983814 0.741361455 -0.139482957 0.372898767 0.396424282 -0.841910096 -0.687794213 0.580098368 -0.563905559 0.777865801 0.736829849 0.911723476 1.262684933 -0.544000038 -1.989448286
4.729199749 -30.482033034 -26.893726381 0.249263072 -0.208795382 0.693151506 0.643283297 0.245517035 0.004447074 -0.418128588 0.658430957 0.035003882 1.704161162 -0.013197412 -0.112973947 0.195171290 0.617947762 0.899479848 -2.403532724 -0.247028542 -0.400528410 -0.286073997 0.130329185 -0.709333267 -0.763104764 0.883257690 0.810833041
5.583857833 -41.777805242 -26.325975234 -0.130267605 -0.153831563 0.863190384 -0.462891523 -0.702109217 0.691169945 1.500723730 0.489225624 0.134644379 0.475979079 -0.960677494 -0.707976329 -0.882229820 1.656641509 1.248933158 -2.516994997 0.988263275 0.464329708 2.040617273 0.628860541 1.012363601 -1.304544597 -0.091255676 0.831847933
10.198982397 -31.546250631 -35.775521820 0.340608869 -0.058039615 -0.321762997 0.881524575 -0.349185228 0.032901692 -2.007215768 0.789599906 0.452586374 0.564527434 -0.947268894 0.517708724 0.931182087 0.476873142 -0.118890747 -2.300981121 0.312718537 0.576225494 -1.191433039 0.563340229 -0.765346297 0.298585009 2.236997723 0.171529874
6.615256617 -36.530152172 -28.177847125 0.749248174 0.543214065 0.133427097 -0.354602401 0.146646753 0.177189658 -0.983161401 0.456789823 -1.072662482 -1.220579959 0.895623183 0.468935173 -0.157754675 -1.495641366 -1.375473454 0.988480577 1.784665953 -0.507326237 0.347044902 0.943031385 0.699378340 0.462034619 -1.770398113 1.643948833
4.966316292 -28.408151255 -28.280345607 0.288943001 0.566521397 -0.234881541 0.735116393 -0.862021208 0.726968544 1.435608041 0.499953352 -0.404199248 -0.105451761 2.516962952 -0.648638971 0.425775973 0.157955231 -0.199619098 -0.826282205 0.638197503 -1.439359009 0.235272718 -2.382423517 1.561851812 0.566049908 1.075039900 -0.249477315
6.439320457 -28.817557092 -28.992533228 0.063699035 -0.081519234 -0.976753866 0.187746989 -0.580761755 0.406210412 2.520674460 1.552419564 -0.380005450 -0.496495578 0.457903296 -1.422956028 1.384759811 0.651625801 0.800332476 -0.144725351 -0.926889502 -0.334869812 2.370106276 0.415926327 -1.383430554 0.928897818 1.099335832 -0.707721259
6.643308702 -32.602676063 -20.218445542 0.285221670 0.337133531 0.565651481 0.696439504 -0.320225469 -1.137386802 -0.380462376 -2.966844250 -0.968424042 0.663065487 -1.242859260 -1.983754537 -0.246955356 0.789064655 -1.790912832 0.720084783 -0.499382135 -0.327662694 0.881153636 -0.571978232 0.394559189 -1.790333485 -0.989294399 0.921566726
5.499886862 -35.565169881 -34.932996403 -0.881998176 0.287163960 0.105385961 0.358482743 0.220881036 -0.927097646 1.574552641 1.253737294 -0.794296190 -2.418508019 -0.336703664 1.756184839 -0.076804294 -1.064739241 -0.265264180 1.402016044 0.281244274 0.436929138 -0.074304665 -0.760316235 -0.613101208 0.751155260 -0.032993453 -0.844101338
-0.113547102 -34.992062660 -26.978212325 -0.934038410 0.274705378 -0.084652284 0.211998101 -1.082209095 0.379105141 0.277661995 -0.176805576 1.669086972 0.250290110 -0.334831917 -0.048449650 1.706445354 0.249522343 0.870019656 0.901958108 0.481936623 0.280062772 -0.274787463 0.969179685 -0.318757115 0.061070882 0.936791491 0.608235157
11.685086214 -39.056118573 -35.009801948 0.447999690 0.652327255 -0.365506482 0.490071874 -0.066184612 -0.324064007 0.196719534 -0.582063748 -1.903815448 0.425546869 1.118680807 0.246805545 -1.196400533 -0.550904048 0.359435065 -0.313303728 0.432874250 0.188337026 -0.020598147 0.791207792 0.579167408 1.578659250 0.231912513 1.194711591
10.043825818 -36.635272171 -35.181080890 0.615919328 0.490738793 0.108484288 0.606671227 0.947399188 -2.371821776 -0.165790626 0.284169501 -0.842703949 1.392143161 -0.392554634 -0.161251878 -1.109482963 -0.301617323 0.099509780 -0.348902959 0.566680401 0.166362009 -0.843774059 0.114337410 0.519952676 1.378976681 -1.517944928 -0.692412793
11.260630587 -41.729607731 -25.266735595 -0.094844343 -0.312790712 0.596808841 -0.732793101 -0.164843809 0.100471070 -1.319180706 0.946605032 0.946770257 -0.836565105 1.299709951 0.385977254 1.555021853 0.274541773 -0.974457565 -1.090179917 -0.371130751 0.603067378 -0.016503901 -2.057568894 -0.171854561 1.074723104 0.561806550 -2.147769507
5.409564496 -28.400574675 -24.526398297 -0.684015050 0.007864469 0.664249812 0.301386378 -0.159938411 1.047910010 -0.567031079 -0.059073085 0.294928530 -0.837935075 -0.636008923 -0.066696923 -1.027506517 0.166240387 0.783571616 -1.241145464 0.249815276 2.178612493 -0.002926714 0.528450597 0.095825134 -0.848878391 -0.378227177 1.621673099
15.252429972 -39.114603331 -27.592084350 0.374637004 0.301300907 -0.762282154 -0.433348354 1.116410887 0.785929410 -0.982818675 0.438592866 0.535827996 -0.408802510 0.138834246 -0.232530669 1.618998799 -0.586454656 -0.933491871 -0.704733958 0.493211994 1.758344897 -0.141349740 1.228226120 -1.401432521 -0.435956142 0.231869953 1.189692939
1.877403270 -39.798081741 -28.447464471 0.819363598 0.107671151 -0.476229348 -0.300426075 0.361412674 0.669897989 -0.853581968 -1.951165029 -2.034490441 1.467379146 0.152971406 0.265646935 0.392234978 0.455086303 1.184182054 0.823701029 -0.297488204 -1.361212635 0.982088280 -1.904007702 0.907495092 -1.751575245 -0.240927821 -0.031183358
8.452591394 -40.175136555 -25.794295109 0.327552469 -0.201996287 -0.867759857 0.314483245 0.460002412 -0.325267029 -0.029025058 0.268436093 -0.286763305 -0.580892035 0.277669108 -1.100439779 -0.420240389 0.537453167 1.076215082 -0.493653213 -0.853717746 -0.372012540 -1.394709475 0.082368693 -0.396137758 0.103448776 -0.943180633 -0.852433177
5.232652069 -38.636502872 -29.161940078 0.061327882 0.012518564 -0.807119666 0.587060492 -0.886921040 2.580437840 -0.887541269 0.994744296 0.188120817 0.933779121 -1.512619247 -1.892838998 2.749956839 0.562736068 -0.367226026 0.154108493 -0.396885310 -2.952422982 -0.044793356 0.555187437 0.050218682 -0.020241922 -0.870007029 0.769501814
11.594375518 -34.117922460 -31.899041737 0.680094455 0.638643242 -0.168388969 -0.318200404 0.340969002 0.148143332 -0.176381130 -1.249027846 0.769542916 -0.345970581 -1.444860158 0.559778269 1.850791979 1.281725030 0.485101225 1.115587424 -0.081791786 1.549163786 1.231666388 0.928612208 0.139352684 -2.282558077 -0.400666657 -1.166818187
9.459111852 -35.088432751 -31.072261978 -0.407495413 0.867264977 -0.241762380 -0.152806741 1.848364504 -1.010739814 1.655432309 -1.527994087 -1.246656020 0.506132596 1.198019273 0.871440059 0.239727236 -0.547620225 -0.753033999 0.533874617 -0.557625143 0.141488212 0.134431951 -0.194497282 0.294880051 -1.098720264 -0.951495439 -0.979302852
1.554033046 -36.225821462 -32.460638290 0.286777151 -0.214092470 -0.111897101 -0.927039545 -0.417277228 0.455671952 -1.725881666 0.273368061 -2.011390090 -0.165506760 0.216097446 0.585811989 -0.330865464 -1.032686618 1.636400192 -2.073116493 1.807823811 -0.145128281 -1.235108793 0.742212903 1.264312606 -0.111119960 -0.810911634 -0.137136205
14.704912300 -33.230817511 -28.190105197 0.638936606 -0.354030124 0.344650688 -0.589608844 -0.785973557 1.535011194 1.622202942 1.197588894 0.472936709 0.385018960 0.945011275 0.261012357 -0.652878561 -0.332444482 -1.505669431 1.206096737 0.845583337 1.089461862 0.605793438 -0.367187117 -0.609770616 0.606502804 -0.365270813 -0.791956883
15.143964091 -35.022155012 -25.996766011 -0.049350583 0.687827480 0.606362853 0.395957028 -0.364485583 0.257925569 -0.353514574 0.574394761 -0.668789723 0.488220073 1.121897754 -0.354659303 0.053704141 0.268701963 0.901963956 -2.049141044 1.237378601 0.290519209 0.338294273 -1.401404056 -0.097306449 -0.002551014 1.093903917 1.374872755
6.069805042 -39.705484575 -27.535838967 -0.196655233 0.749796131 -0.571696731 -0.268877905 -0.699271489 0.536579625 -0.748373726 -0.243156828 0.096017978 -1.316108980 -1.178549896 -1.789883597 -0.801558272 2.315292141 1.457931055 1.921058110 -1.799848559 0.498258224 -0.787257240 0.515205313 -0.832810023 -0.197639640 1.973301614 1.003149521
13.897338730 -30.262351238 -26.756784896 0.441351770 -0.565438778 0.673443609 0.178777262 0.739808375 -0.293486275 0.688188114 -0.205921579 -0.136732441 -0.333481291 -0.711625485 0.119753123 1.179922906 -0.038743069 1.358047053 0.370547372 0.263909476 1.036423604 -0.148051464 1.223312485 -1.147180057 -1.319076269 0.796669205 -0.570832027
10.674442334 -36.395001354 -29.983172924 0.755385903 0.025254836 0.652776935 -0.051347874 0.619695267 -0.654228634 0.748605878 -0.565803823 1.175813573 -0.500716330 0.757005399 -1.108837493 0.664705758 -0.888072047 1.090657823 -0.541888223 -0.270315449 0.095817428 -0.327926845 -1.649951436 -0.154947583 -0.224511853 -0.439869661 -0.891449710
13.614586039 -37.311278056 -26.687406918 0.397542083 0.755609442 0.411503295 0.318872548 0.112849439 1.047395019 0.569260377 0.407918515 0.939637328 -1.723768132 -0.290894226 0.191900578 0.337093197 0.328320865 -1.217577611 1.998763343 0.378099484 1.270154819 1.768430662 -0.794842895 -0.308188790 -0.179883475 0.453740231 0.232336343
5.427934298 -38.895727419 -30.779208677 -0.521700988 0.216724973 0.638643616 -0.522487030 -1.459381559 -1.949539039 -1.090827900 -0.463179945 -0.362940178 0.363934782 -1.418573711 -2.113196954 1.750605383 0.278486455 -1.126573212 -0.656237125 -0.147731876 0.876738996 2.555722008 1.228356127 -1.842392859 -0.022358271 -1.226259255 -1.256657204
13.694619385 -42.122089596 -26.698730652 -0.618627906 0.714106986 -0.278338598 0.172853555 -0.087130773 -0.259471036 -0.788448080 -0.997828742 -0.692204334 -2.788329865 -1.217656390 -1.123069501 -0.789409551 1.315058811 0.689646017 -0.832008865 0.342555686 0.085291902 0.808528522 -0.301077163 -0.063179340 0.230023455 -0.638894343 0.607890643
12.114005816 -34.828700068 -25.232778479 -0.285497523 -0.228302624 -0.124520067 -0.922422804 -1.691867793 -0.616577948 0.348667687 -0.365087901 0.834851594 0.931440559 1.805592874 -0.415851361 -0.845640817 0.771849419 0.599348579 0.395719422 0.507454133 -0.154523342 1.427316409 0.045215037 0.383396333 1.679290287 -2.646241322 0.715771319
13.198920173 -37.061190297 -19.706435292 0.195513700 0.598328844 0.569230346 0.528917574 -0.133303855 1.427391441 -0.468127186 -1.009419407 -1.470104324 0.273698701 0.616962364 -2.064327029 1.188238992 0.630720869 1.449070388 -0.661273698 -1.709055436 -0.200338568 0.649828791 -1.470919410 0.720952743 -1.443374990 0.197967336 -0.516383175
6.511308566 -43.320087961 -23.891101698 0.525521852 -0.162491328 -0.132155041 0.824595899 -1.121589921 -1.585712257 -0.305307108 0.973744131 -1.445005303 0.776324122 0.117967506 -0.358230129 -0.119515895 1.333176451 -1.853448763 1.957211263 1.726692236 -1.038249184 -0.314194058 -0.058990487 -1.227971643 1.115778049 1.039484321 -0.139003663
8.463992213 -33.786694932 -20.465932173 -0.567309153 -0.223360443 -0.002155835 0.792632191 0.477616030 1.513660191 -0.464826095 -0.905225580 0.697298759 -0.105638382 1.086670454 0.025335159 1.388152261 0.776903448 -0.647983191 0.613973506 -0.008895309 1.084489729 -1.951396055 0.835260932 -0.916145883 0.057593781 1.117891412 0.421279316
14.682099860 -41.705126321 -27.231070267 -0.335052933 0.063791614 0.474706145 0.811371825 -0.142246099 2.215519896 -0.099545988 0.638619532 -0.427807867 0.488822232 0.159614054 -0.179002681 -0.947656229 0.997304342 0.775776908 0.389036595 1.499648547 1.205858935 -0.452070219 -0.764440570 -0.616656127 -0.093250290 0.080091083 0.407861918
11.819419406 -34.683831590 -19.698221599 -0.123827091 -0.136793732 0.888415754 0.420323416 0.381715108 -1.912731151 1.083721263 0.668634282 -0.193807422 1.080644384 -0.808436277 -0.339775450 0.918795753 0.018898349 -0.668880413 0.285015925 -2.205615524 -0.955215924 -0.173536042 1.658277495 0.519172582 -1.033873802 -0.158651082 -0.068571812
3.454017762 -34.696872521 -29.620630643 0.112100329 0.397258248 -0.095392687 0.905825389 -0.102072076 0.667594686 0.737739123 -1.547282937 0.208721275 0.197594248 1.702652277 -0.340951391 -0.085370051 -1.294004810 -0.018088870 -0.315260836 0.813432768 0.038148247 0.415052171 -1.320809608 1.745641872 -0.506638924 -0.680467930 1.394307913
8.473178500 -34.925408067 -24.832020184 -0.923547180 -0.382383809 0.029034667 -0.000464934 -1.168757443 -2.485712093 -0.379444453 -1.462731969 -0.099761296 -0.563437640 0.031122397 0.603169101 0.050468319 -0.422017625 1.554169569 -1.014787924 -0.630470319 -0.167806248 -0.510425020 -0.911105270 -1.479055447 2.107098594 -1.052553943 -1.661067627
6.622755107 -44.085039619 -26.936911583 0.730355112 -0.586435000 0.259303387 -0.235450962 1.268200913 -0.147555719 0.619635960 0.843183971 0.621422280 0.945723937 1.178988048 0.052678972 -0.082540175 1.162885336 3.296240029 0.366846924 2.112437196 2.243511790 -0.493692999 0.493603287 -0.972750995 -0.357895079 -0.511584884 -0.390530216
9.652016415 -36.726485769 -28.192634336 0.279960329 0.701656522 0.386293986 0.529223295 1.073812541 0.068524635 -2.186539756 2.355407217 1.405909581 1.739104547 1.095342785 0.163202258 -0.297941043 1.122275257 0.310974286 -0.102247059 0.598742351 -0.743306314 -0.092863845 -0.682106784 0.245152906 1.427350231 -0.650146884 1.617136104
10.426140804 -41.918748594 -23.666337074 -0.588394268 -0.297382438 0.361301115 0.659406836 -0.053146315 -0.760281082 -1.484880096 0.413776285 0.869206763 1.358703209 1.530872587 0.510170605 -1.559276177 -0.549214725 1.666065570 -1.702252652 0.376299035 -0.755587469 -0.501424444 0.151147630 1.483600686 0.552985838 0.400786429 0.696788467
1.776998330 -38.410452785 -26.414855968 0.792250265 0.126256532 -0.298089944 0.517243841 0.830773481 -0.035410914 -0.422993213 0.223593579 -0.495552439 -0.542628454 -0.464818920 -0.160750216 1.238525301 -0.346878030 -1.022430587 -1.567455726 0.010776361 -1.404919965 0.599755785 -0.520448511 1.076034892 0.883193222 1.227688523 1.096664619
8.897608865 -38.730631833 -19.740665102 -0.097929383 0.570792045 0.357838129 -0.732501298 -0.767741976 -1.314164345 -0.240148760 0.487454311 -0.391144623 0.193363438 -0.432895784 1.490668302 0.831946083 -0.652015831 0.158055107 1.253885642 0.230431094 0.135146200 1.268710190 -0.217115961 -0.791325114 -0.013258508 -0.989708762 0.477776063
16.653915314 -30.808109746 -28.617499671 -0.199566937 -0.954555070 -0.145657697 -0.166677809 -1.020788028 -0.960739760 -1.341328905 -0.197799830 0.321627058 -0.484920060 1.173471315 0.208981265 0.058142844 1.555237935 -1.467647771 0.075932888 -0.789722772 1.185959855 0.457701949 -1.134910137 2.017919984 1.433398048 -1.096636896 -1.871683022
15.981428783 -40.298844670 -25.549269278 0.380289328 0.270778069 0.842688541 -0.268207545 1.892884425 0.314660437 0.489834526 -0.185565834 -0.583457165 -0.501201318 0.486247694 0.063537398 -0.943607915 0.955362008 0.405790819 1.901649620 0.482976536 0.754067151 -1.883118635 0.393994206 1.775558539 1.006433056 0.413656263 -0.311685339
11.681115871 -35.801255804 -19.705614074 0.492383556 0.527870450 0.389416277 -0.572071836 -0.607533527 -0.388032841 1.041330004 -1.958671389 0.962790770 -0.591285568 0.276666506 1.496006812 -0.136508002 1.549061156 0.495168574 -0.759051752 -0.525238033 1.249646875 0.704227113 -1.272502161 0.134942675 -0.457998447 -0.801045621 -0.517267814
13.072554734 -42.909631474 -30.665461153 -0.715081090 0.250287949 0.557811298 0.338912280 1.314204558 0.835332105 0.602032236 0.565208640 -0.817913116 0.974820515 -0.684202458 0.167325333 0.035818921 2.115051992 -0.738911266 0.246088067 1.263620099 0.134695787 -0.585144882 -0.821809686 0.451966678 -0.273290047 -1.986078143 -0.008914127
11.433640917 -28.719365101 -29.769247537 0.300238760 0.941734481 0.151538627 0.005375780 -0.418321977 -0.260580233 -1.973055176 0.832453528 0.129213326 0.479952443 0.972460510 0.465695417 0.359517709 1.472503847 1.242961407 0.520853124 -0.954400098 0.020495826 1.522195743 -0.929827527 -0.373292014 1.405753275 -0.060152520 0.978791296
11.098579106 -34.014446539 -34.057840378 0.448846639 0.738977203 -0.409316855 0.291391661 0.461658504 -1.513590851 -0.495425109 0.071610716 0.170425880 -1.006321792 -0.653765373 -2.105627104 0.112350518 -0.086379314 0.716792668 0.281657324 0.670084244 0.473568924 0.663875771 -1.764064168 0.398654094 0.128647605 0.244721737 2.341858135
4.391093785 -39.476000418 -27.547030503 -0.337796207 0.356001987 -0.841033977 0.227636020 1.225322223 -1.902157058 -0.710985240 -0.201812489 0.868338425 1.129071660 -1.070812849 1.721839516 -0.437331684 0.178541600 0.653286958 1.072503088 0.173168787 -0.597841848 -0.482476383 -0.184771477 1.110031748 -0.571956321 1.703465363 -0.598442623
16.708115558 -30.523348688 -27.597156007 -0.129214558 -0.449432073 -0.428862046 0.772911221 1.254886520 -0.984049952 -0.019182054 -0.186293329 0.030004816 -0.096204537 -0.519250314 1.976612514 1.833063438 0.213405660 -1.366670633 -1.682771950 0.636576447 -1.018719962 1.459132505 -0.553417722 0.313129982 2.873709427 2.325848021 0.756364882
3.820167465 -41.789268781 -26.393606891 -0.546961119 -0.556887935 0.622734967 0.053949261 1.944516822 0.776644553 -1.240907252 -1.133849357 0.917705203 -1.129158170 0.979546659 1.306306334 0.350176328 0.050360089 0.636149916 0.242426283 -0.544631539 1.291783272 -0.745537987 -0.122531429 0.770760376 0.908706651 -0.501715168 -0.753513445
8.195468309 -29.643570954 -34.197994393 -0.055246472 -0.210904700 0.426558906 -0.877789573 -0.202888314 -0.581034110 1.771133577 1.855723865 -0.077185001 0.257317861 -1.011554455 -1.380037834 -0.381573592 2.433541275 0.772022415 -0.631990241 -0.227221838 1.260530716 -0.187250503 0.032683515 -0.232693991 0.431886911 0.957749264 -0.195238238
5.695703812 -38.268591405 -27.545016342 -0.736822582 -0.507452568 -0.346620227 -0.281848882 0.703357566 0.604524880 -0.202738669 -1.624617749 -0.359098404 0.596398420 0.910473092 0.686262407 -0.064015319 0.728482249 0.392085457 1.474366402 0.908708199 -0.144360523 0.398893821 0.092393945 1.721366430 -1.210709575 0.476802872 -0.516598277
11.223661179 -33.542611810 -28.998334048 -0.353861248 0.258728664 0.026959999 -0.898395711 -0.239165253 0.068813247 -0.286647650 1.022606054 -0.781795926 -1.327816911 -0.077875943 -1.241977924 1.400233939 -0.064856927 1.341217875 1.345374870 -0.272888430 -0.099522150 -1.331293442 0.660247150 -0.278628184 -0.211234346 0.935289829 0.732083016
8.839603303 -28.928709562 -22.437685177 -0.288973074 -0.814786592 -0.499312488 -0.057484012 -0.866739872 -0.008310272 1.351431969 0.517735282 0.976790363 -0.697559755 0.206997941 0.577211078 -1.648600591 -0.780728692 -1.080371651 -1.098862025 0.059112567 -1.237561959 -0.659607082 -0.639399398 1.808572247 -1.274238800 -1.104108137 0.148355115
10.658814243 -30.934687469 -35.640317255 -0.138556796 0.321698288 0.753157542 0.556835652 -0.374851739 -0.116678175 0.940833155 0.166957404 -0.132912180 -0.239848990 -0.143856484 -0.797131146 0.904424762 -0.897805413 -1.093139068 1.240413859 -0.507475546 -0.948392077 -2.199251417 1.801478297 -0.471988476 1.579758249 0.766299218 -0.578290210
14.742955051 -37.860388647 -22.718997755 -0.422984129 0.059046204 0.631367042 -0.647281724 1.367424775 -1.121589452 -0.136326963 0.603123403 -1.193460201 -0.380346233 -0.760790045 -0.958449960 0.019176692 -0.470670498 -0.384448272 0.937435803 -1.746343936 0.180101347 0.339733156 0.440173917 -0.266870209 -1.528687945 -1.056589310 -0.053023264
14.207229092 -43.499444776 -24.676855179 -0.093513564 0.738916892 0.559062058 -0.364289247 0.876678585 0.274383666 -1.406114901 1.404588639 0.585384678 0.213635221 -0.637355736 -0.526662362 0.876261011 -0.938038788 -0.753773038 -0.703988706 -0.538032157 1.218066754 -1.043026201 -0.761668883 -1.305559213 1.118205846 1.185262944 0.523048127
18.076727422 -40.182893352 -26.380746120 -0.359814721 -0.308095969 -0.877975973 0.069053825 -1.207753160 0.716916201 -0.150589510 -1.316608151 1.996593264 0.350192445 0.066553018 -0.647738787 -1.813888821 -0.288051197 0.812799759 0.515305121 -0.685524193 -1.200648128 -0.710929519 1.633682659 -0.821384969 0.063663107 1.076872808 2.937677235
13.850439055 -31.610090915 -34.546349782 -0.847000817 0.317311722 -0.262365046 -0.336255068 -0.446099628 -0.692030903 -0.829311653 0.229021469 -1.539582650 -0.057955750 0.828848609 -1.762399821 1.192263448 -1.183501189 0.334229052 0.032782104 -0.676929037 -0.553036329 -2.494456985 1.350106252 -1.045361024 0.445417435 0.411807920 -0.321374346
4.201921760 -42.412598008 -28.408764261 -0.069208322 0.192953664 0.265323258 -0.942116054 0.406262521 -1.575416455 -0.110486732 -0.441904398 -0.175655360 0.843306392 1.002369762 -0.781494980 0.653587290 0.643660005 -0.028026250 1.929110949 1.433265525 -1.629416118 0.744106834 0.769993880 -0.814265622 0.406391334 0.303574618 -1.054985542
6.922449970 -33.059966591 -31.172305793 -0.081529754 -0.951523991 -0.251859111 0.156594964 -1.187222887 0.567897572 0.404080051 -1.143339835 0.249792542 0.988753678 1.282797589 0.036418953 0.844012471 -0.271656087 1.307366395 0.398163857 0.566694324 -0.547539218 -1.915936510 -0.473241698 0.913743592 1.459102642 -0.713675513 1.541900515
7.547710226 -41.115618347 -34.513323737 0.018643606 -0.407120918 0.383968712 0.828536663 -0.032336744 1.556642290 0.945060016 0.717950856 -0.135562765 1.250396925 -1.445062230 0.294225676 0.626146501 -0.022505971 -1.862540672 -0.722469539 1.910585426 0.134881605 -0.281477856 0.881079050 -0.241353941 -0.141656195 -1.156973705 0.545573892
13.520253254 -36.626937651 -29.260368444 0.344323940 0.872246978 -0.320193131 -0.134545875 0.439390539 -0.048857357 -2.623003357 3.282512075 0.022469630 -0.295858594 0.267637452 -0.548567659 1.806396782 0.305278694 0.461559380 -1.378786435 0.117219921 -0.533325198 1.918763281 0.943161347 -1.124342575 0.558810084 1.546761775 1.278334434
7.191579647 -30.121500189 -32.322484629 -0.771069291 0.550101428 0.070908945 0.312749883 0.133433347 -0.874809258 -1.362693384 2.030701998 1.530558634 -0.099687062 0.558660313 -0.869232358 -0.643718292 0.155698473 0.371724628 1.231056445 0.312706638 -0.710790924 -0.834957891 -0.547640458 -0.691187210 0.806483742 1.091735852 0.394648451
4.185568060 -30.619810588 -30.505876847 0.836655096 0.239791981 -0.320377808 -0.373986786 -1.407929387 -0.434000314 1.162647700 0.287223270 1.388556052 1.083718499 -0.108171297 0.179442675 -0.427166833 -1.292754642 0.069874958 0.319356876 -0.270860313 -1.252383270 2.188383253 0.214071382 -0.873839379 1.622687707 0.808965825 0.226385210
1.297722632 -31.281796813 -25.489416350 0.365175292 0.546456682 -0.740507618 -0.140287447 -1.735832329 0.161382699 0.040257977 -1.077759226 0.567510751 -0.063768741 1.201459247 -1.085503180 1.139298374 -0.076332378 -0.197871494 -0.783365040 1.406176514 -0.480994504 0.756846971 0.321652130 0.775091613 -0.548957858 2.635456380 -0.214368643
9.548903303 -43.599887114 -30.716752300 -0.139760110 -0.310662241 0.829411738 -0.442755296 1.542958638 0.962697728 0.987232446 1.051174982 1.868179919 -1.682680791 -0.350049205 0.246903434 -0.035248007 0.606450509 0.803931343 1.434658730 1.116674390 1.050688367 -0.577421892 0.605989708 0.197993325 -0.267502531 1.397511248 1.711048406
1.133317240 -31.471308235 -24.573222956 -0.221821444 0.286518859 0.924566906 -0.117805890 0.612560848 -2.804877534 0.349050065 1.093352599 2.334412811 0.816888835 2.673969263 0.784973591 -0.593369019 1.134752700 0.350190758 -1.062511434 -1.154464613 -0.643636113 2.125920505 -1.319463094 0.261505045 -1.978457760 -0.392042509 -0.409209567
6.598643768 -36.102650957 -28.264324902 0.179185243 -0.588601486 0.345708645 -0.708467693 0.001872779 0.325040360 0.369824127 -0.208980254 -0.096912028 -0.302722221 -1.635929340 -1.825311975 0.676088304 -0.340941659 0.296117648 -0.478527448 -1.504393052 1.611878120 -0.225295064 -0.544799162 -0.433287861 0.263902547 1.365373842 1.577353475
7.786679138 -37.655618763 -18.663906754 -0.761287658 0.071809565 -0.643340318 0.037386148 -0.165624209 -0.440186039 -0.268486719 -0.176152240 -0.816297171 -0.897862647 0.215151325 -0.521243383 0.619545555 -0.009211007 0.085065726 -0.132657657 -1.994098989 0.001928858 -0.396893127 0.301248061 -1.260096291 1.205449577 -0.679086565 -2.044090194
12.591946526 -31.489305694 -22.249999885 0.263015436 -0.068617057 -0.268059875 -0.924261047 -0.166253263 -0.971106699 0.815586475 0.680621097 -0.783260135 -0.395636537 0.832108637 -0.165437649 -0.781341912 0.625731419 1.656863176 1.882977668 -0.633348471 0.301190559 0.220129910 1.252419153 1.186648733 -1.108189465 0.113962218 -0.661678839
15.966086613 -31.515207825 -32.612670233 0.060082922 0.562013398 -0.183022617 -0.804384053 -0.076106422 -0.770297672 -0.662718126 -1.459884525 -0.037622896 0.575354280 0.390395949 0.832829713 -1.911912096 0.804092698 -0.452172988 -0.602042194 0.641426261 -1.918340942 0.306892138 1.642353573 -0.727643534 -0.621610771 -0.970370461 -1.215351434
10.104759144 -38.805754802 -34.726351905 0.704698729 -0.541859152 -0.102230164 -0.446472119 0.558667778 -0.269605253 0.557453306 0.280157684 0.826824516 1.112196333 -1.589307366 2.009795566 1.357973699 2.005732121 1.125437620 -1.116153612 -0.940153310 0.605144553 0.554263012 1.178908790 -1.500413067 1.437657451 -0.175009624 0.222136409
11.064556560 -30.444142038 -25.948861432 -0.459757083 -0.451308282 -0.458242521 -0.612338184 0.077003449 0.874029950 0.743009310 -1.375709411 -0.670895275 -0.572323100 0.582508495 -0.358104179 1.474462857 -0.190011096 -1.722441388 1.578477759 -1.766662889 -0.073714886 0.896773097 -0.825926316 0.527795663 -0.430046215 -1.923749787 -1.034352370
11.339579691 -39.225495494 -35.120169378 -0.519293362 -0.531798214 -0.647479708 -0.168211446 -0.425600190 -0.276136049 1.724873506 0.505898323 0.038139561 -1.585215031 0.367293587 0.309635341 1.234708042 -0.786537581 -0.624299823 -0.407773300 0.946181327 0.392625803 -0.855041971 0.496683993 0.555482276 0.409068370 -0.065797785 0.438489254
8.802967652 -31.836368353 -22.587957482 -0.760479063 0.416681991 -0.340973980 0.363021292 0.072873700 0.360763326 0.701325551 -1.082098736 0.729240050 1.535497080 2.810938241 -1.648016590 -0.792046198 -0.126740769 -0.038361295 -0.588567342 -0.086656989 0.809365462 -1.198532826 -0.066902768 -0.435754776 1.335437661 -1.647457881 0.670545130
13.079397511 -41.589575541 -24.587147158 -0.004755321 -0.196057490 0.973908104 0.114200928 0.853592911 1.091647894 -0.481063340 0.523002421 -1.027435161 0.191304129 0.038776939 -0.704013718 0.237424789 -0.242208603 -0.446983855 -1.666804000 -0.933291400 0.067401749 -2.452840244 -1.680626777 -0.694787956 -1.607756601 -0.502318997 1.027454957
9.821160935 -39.396442176 -33.808512222 0.760992967 0.261437463 -0.457668765 -0.378258454 -0.550615250 -1.099585607 -0.604292124 0.450907218 0.583019841 0.600006702 0.288316513 -0.509346739 1.256249116 -0.713425743 1.322397360 -0.029346609 -1.529495102 -0.442380931 -1.556180119 0.156458898 0.671656645 -1.705998038 -0.259001724 -0.146965699
5.640341654 -37.200483021 -18.602359910 -0.525252158 -0.297827351 -0.783786600 -0.145215717 0.508747113 -0.791941804 -0.674362463 -0.168999340 -0.575770567 0.173289309 1.505553316 2.640310145 0.049051207 1.113807949 1.080470169 -0.680721441 0.647715600 0.364228823 -1.095091245 1.543957062 -0.369392677 -0.366312700 0.614344129 -0.225390458
4.018791168 -33.366827484 -22.971603213 -0.922459516 0.369683855 -0.109114034 0.022280399 2.435264956 0.706875148 -2.205097754 0.529165663 0.041442836 0.650746864 0.975726360 -1.190643289 -0.537085024 0.273180617 0.453222431 1.543876278 0.211101239 -0.047108075 -0.044377513 0.716363067 -0.042489236 1.156643078 1.664240703 0.258838718
14.712934915 -39.106367659 -24.535995200 -0.491614833 0.779653342 -0.253280409 0.293776374 -0.629531575 -0.240107861 0.100133706 0.675651208 -0.363412369 -0.853328410 -1.247886046 -1.830015215 -1.094933973 -0.760912837 0.591443065 0.554761415 0.831303044 -0.702780897 -0.410095724 -0.043959748 -0.983354326 -0.102095567 0.387598030 -0.122138285
13.996055094 -34.473162435 -27.466301270 -0.633330399 -0.148879243 -0.691094118 0.314827725 -0.526512412 0.353740910 0.055288735 0.758305187 0.235540546 -0.360067297 -2.447709875 0.325242988 -1.406345730 0.087152489 -0.175207717 0.304705991 -1.941509349 -0.840100692 1.426968343 -0.527194052 0.095749153 0.029390381 -0.061647729 0.880854489
15.834923936 -30.767839174 -26.506543788 -0.733619184 -0.249169419 -0.293854296 -0.559792056 -0.039491720 0.818510774 -1.863181253 1.204775887 -0.778482341 -0.789405638 0.091537929 -2.055612845 0.739254442 -0.343103834 -2.509324871 -0.958074978 0.506715728 0.245949197 0.086315663 0.301273998 -1.530970298 0.141742217 1.057084561 1.051153148
4.409571530 -36.639438152 -26.559027507 -0.509243963 0.403971748 0.753051435 -0.101936008 -0.301606371 -1.039658809 -0.509713756 -2.026235394 0.595805553 -0.427034420 -0.414138647 1.112437110 0.068056671 2.696610592 -0.637405268 -0.907633510 -0.935778497 -0.172709933 0.345630032 -0.251808296 0.071924361 -1.065224239 0.453421793 2.198070173
13.129449587 -33.293490627 -23.027457464 -0.200510603 -0.696830587 0.677840722 0.121468463 0.628205213 -0.777539385 0.315154861 -1.922019481 1.677989302 0.469242596 -1.598191593 0.154490653 -1.304442832 1.173926550 -1.194688906 1.234243894 0.020504280 1.824238390 -0.505647473 -0.063075383 0.728880492 0.136140325 -1.213721599 1.170384255
2.906676982 -37.849407592 -25.219266799 0.408537822 -0.328968660 -0.799945807 0.291484432 0.822168189 -0.928921962 -0.057815060 1.263661184 0.899954644 -0.712559648 0.630811335 0.858923327 -0.428889353 0.710858608 -1.038218997 -0.159115087 -1.233882608 -0.602281027 0.067497965 -1.015451847 0.181577615 -0.462887105 -0.087592004 -1.286378064
6.561102593 -38.983420133 -33.248736369 -0.621232816 0.106982289 -0.776195389 0.012053881 1.113759660 -1.311133004 0.254563213 -0.998922823 0.265314911 1.160573749 0.297404514 1.569360474 1.055920390 -1.495120774 0.123200584 -0.281043293 -0.268506309 -1.055638765 -0.681422530 -0.314372809 0.279241100 0.084874232 -2.761731912 -1.177890280
3.193354831 -35.285193599 -24.474532341 -0.502660520 0.449758992 -0.101255883 0.731297817 1.067578582 -0.352640754 -1.489859458 0.863948950 0.291591669 1.743587659 0.212463029 0.341778885 0.922767005 -0.832744461 0.255266565 -1.005459819 -1.091948482 -1.424658780 0.028281289 -0.403302577 -0.250658422 -0.386338229 0.619176287 -1.416743128
9.301293907 -31.856648113 -33.200221638 -0.282927700 -0.617557757 -0.722819589 0.126910108 1.167710309 1.137919602 0.271800021 -0.077620812 -0.682557907 -0.606762481 -0.249955089 1.252246824 -0.188754436 0.158032587 -0.582931572 1.443234737 1.209428786 0.169380344 -1.288309396 0.069534594 0.205542137 -0.681901211 -0.798099567 0.141259808
11.837515006 -43.033415764 -23.835403055 -0.777678364 0.149942326 -0.554897451 0.254602593 -0.409739562 1.370989232 -2.204432550 -1.157045926 -2.345360994 -0.254539654 0.004668802 3.123597684 -0.635522546 0.630256004 -0.730198590 -2.217016440 0.471070742 -0.877565787 1.045841397 0.388845204 2.930244844 0.340523727 1.792735922 -0.551933121
10.615130785 -26.253112840 -27.403841287 0.204071517 0.299379041 0.004429144 0.932044735 -1.033863833 0.839841496 0.246923754 1.434831751 0.268394222 -0.888257904 -0.499617749 0.792920851 0.496808238 0.818800170 -0.616736469 0.235933986 0.309277926 -0.014048090 -0.217111413 -0.450374052 -0.454963127 -1.372806688 -0.447557868 -0.689096008
16.381801697 -31.065752671 -28.870025477 0.140695146 0.872918323 -0.380725182 0.270678432 1.048349480 0.484528741 -0.006805914 1.025824435 -2.147303089 -0.264955783 0.677030380 0.515733404 2.657879126 1.226865774 -0.173969807 1.040946999 -0.127009184 -0.697583132 0.143872996 -2.656752588 -0.501005705 -0.250829599 -2.119204644 -1.132212064
0.542287289 -33.822702489 -28.947853346 -0.414331237 0.636467070 -0.635216541 0.140496410 -1.338745588 0.777747387 -0.905588077 -0.021202063 -0.126442168 1.414487456 -0.267957231 -0.854435137 0.823573540 -0.742510655 -0.334181015 1.811206462 -0.089439756 0.992236521 -1.102658536 1.935832144 0.671247514 -0.694550685 0.621301594 1.222880684
9.643416327 -32.533622243 -27.028940028 0.262079001 0.363079706 -0.388241060 0.805454284 0.135328406 -0.719511417 -0.436966408 0.294709119 1.274308811 -0.573537707 -0.039673379 0.572285615 -1.084160857 -0.568084326 1.870972796 -0.049292577 1.321002525 -0.449489210 1.714481638 -0.331436952 0.232894065 -0.650973139 0.016521775 -0.608456210
12.722458180 -30.417080922 -29.734474366 -0.004394134 0.152767798 0.301436004 0.941158343 0.777135736 1.060664892 -0.279817603 1.721430385 -1.022928092 0.667468908 -1.831910719 1.659187190 -0.551993286 0.325541218 -1.080349484 1.483636872 -0.161874583 1.014107111 -0.214066298 0.435652215 -0.514691029 -0.831166615 0.100058297 1.180311555
6.022540467 -32.819776574 -23.601345412 0.631334034 -0.604555848 -0.309686272 -0.374197778 1.537947301 -1.690983709 -0.440067698 0.756828105 -0.025889633 0.431438708 -0.027919500 0.266581662 0.441609177 -1.498573771 -1.691646454 0.101663276 0.852206185 0.573617689 0.996651783 -0.842991194 -0.985062749 1.691102555 -0.217959384 1.744052862
2.620953255 -35.612984880 -27.840628005 -0.542795787 0.187954769 -0.604963956 0.551420303 -0.997803212 1.400257975 0.829012130 1.392630898 1.360850252 -0.727926490 -0.044084222 -2.292838990 0.883704589 -0.500144936 -0.405928118 1.183201245 -1.099099883 -1.160379662 1.091670122 -1.002642435 -0.141039801 -1.224984343 0.411479489 -0.032983655
-0.277264107 -33.224991848 -27.319017685 0.091338866 -0.186062386 -0.951617064 -0.226854499 -0.276215142 -0.669969002 -0.643481110 -1.425037051 -1.119801298 -0.340606155 -0.115640781 1.172570245 -0.462938807 -0.795474764 0.730358818 0.498818135 0.840276819 -0.629443382 -0.438295001 0.939653091 -0.720901877 -1.951280992 1.077952759 -1.323750089
2.866814706 -32.181378957 -33.154321830 0.716150385 -0.545917710 0.233047797 -0.367139216 -0.295444820 -1.328687802 -0.260296845 -1.094992982 0.442113544 -0.735680240 0.892997433 0.226895585 -0.377361378 2.228077821 1.776169047 -0.110420550 -0.120076010 -1.260023978 0.301192764 -1.450872368 1.441030568 1.540755236 -0.527181123 1.138424992
5.394349859 -29.158876556 -31.194600517 0.381706558 -0.011334672 0.919205532 -0.096087560 -2.796104894 -0.079322607 0.001640177 1.662970286 -1.060140291 1.842252626 1.040794226 -1.192387955 2.044635523 0.179194590 -1.160077733 -0.494013101 0.124125309 0.137160195 -0.488291982 0.581243332 0.664006224 -0.687846925 0.522273775 0.271680731
9.134489095 -31.432944735 -35.479678777 -0.025000425 0.818465287 -0.474247336 0.323386791 0.321994446 -0.595122019 -0.923014171 0.557330536 -0.958718615 1.087798576 -0.522641725 1.042096726 -1.518039818 2.153125389 -0.293538528 0.262768389 0.362500165 0.069779933 -0.769761507 -0.251251138 -1.021892663 -0.482241407 1.154414675 -0.519670735
12.341279798 -32.986899803 -36.285883287 0.307464541 0.362599570 0.544287128 0.691186393 -0.181807795 -0.625242123 -0.887327362 1.016282658 -0.124214775 0.337200160 -0.173255649 0.302349249 -0.796818386 1.613416783 -0.223091777 0.850352708 -0.702364096 1.225685263 -0.433433987 -1.466869065 0.667676937 -1.843129565 -2.142364408 1.302224196
