-26.788824674 2.325427704 -28.984300136 -0.248288719 0.519213933 0.787922814 -0.218968591 -0.494726026 -0.322043156 0.028449067 0.428544351 2.099270653 0.688817156 -0.338010811 -0.550587079 -1.257240590 1.118471996 0.178411732 -0.376333217 -0.409719688 0.905954242 0.510848768 -0.302898645 2.193346024 -1.770075128 2.558775052 -0.269431946
-28.397032401 2.518412524 -20.872246873 0.333522282 0.076670074 -0.920716785 0.187523836 0.143570308 -0.796689963 0.974860238 0.091591377 0.129065154 0.843425731 -0.674977458 -0.639444930 -1.906839913 -0.014231114 0.617760878 -0.317379336 -0.420596898 1.457101235 -0.687419008 -0.017071481 0.441832707 0.319393950 -0.318802847 0.360652435
-26.480148741 2.575172481 -20.825857388 -0.641185703 -0.474336602 -0.591033595 -0.120685423 1.952138235 1.168105215 0.726173820 -0.435618190 0.894456853 0.225763800 -1.063898802 0.336837847 0.381758200 -0.571190421 1.597616124 -0.952668198 -0.049751280 1.849353228 0.688837622 0.946565853 0.028789259 0.776896871 0.658921730 2.012393810
-25.008691807 -0.331603699 -14.579521545 -0.079880045 -0.358371756 -0.197273684 0.908995026 0.357295520 -0.140938804 1.068010731 -1.277442648 -0.100856646 1.102896909 0.434455808 0.716132015 -0.325140984 0.497437884 0.045673469 -0.953642623 0.732608381 -0.414855625 -0.059173021 -0.786205131 1.275142534 0.297713724 -0.707710899 1.557808454
-25.262894984 2.389851576 -21.654873151 -0.696370646 0.391727001 -0.111980643 0.590828414 1.448668935 -1.062497630 -0.230000161 0.508539686 -1.464037045 -0.809282860 -0.919451968 -0.259540312 -0.413796670 -1.212966280 -0.184305331 -0.139056184 -1.109859793 -0.639704904 -0.676856948 0.282201448 -0.360779329 0.102993838 0.380747160 2.473983295
-20.314599028 3.105230434 -27.484294961 0.517658594 0.351892672 -0.777305661 0.063222122 -0.648671396 0.281744679 -1.099871037 0.826989743 0.134659578 0.426441697 -1.151712780 0.208933738 -0.512332909 0.076058857 -0.657363538 0.249225522 -1.246220257 0.249748582 0.533087655 -0.508015399 -0.104195003 0.724347324 -0.604562983 0.086650967
-29.123528597 -7.157282182 -18.140619737 0.072400477 -0.116936644 -0.306343829 -0.941932827 0.324748700 0.427257890 1.393181024 -0.607100409 0.577073155 1.064758560 0.561958572 0.456269912 -1.459865225 2.008419187 -0.159323722 -0.779289971 -0.397838924 0.084814675 -1.391724856 0.045445105 -0.593691495 -0.099024629 -0.607408171 -0.322351765
-19.802372047 2.577811310 -29.386678758 0.479434302 -0.375336535 -0.728226122 -0.314566290 -0.257657287 2.219766368 0.072047659 0.817121521 0.302791022 -0.483389689 -0.863700158 0.081631586 0.958005837 1.685786449 0.672624132 -0.786689864 -1.395788553 -0.072577187 -0.561096464 -1.935965333 1.091247887 0.406817289 -0.258738959 0.397154080
-15.536643607 -1.917906755 -15.655865019 -0.908657587 -0.103676814 -0.271381549 0.299907591 -1.240948610 -0.299170859 0.660745651 1.339852100 0.931907848 2.390519402 0.299065898 2.470637503 1.193085578 0.704100065 0.011322565 -1.201669355 -0.286825859 -1.236703763 1.344311808 -0.097552985 -1.530066784 -0.735379595 -0.272908289 -0.696267079
-21.617096111 -5.744163483 -15.201485630 -0.484834100 0.677618278 -0.551912519 -0.034087166 0.803177585 -0.100111182 1.093373061 -0.388733442 0.563151325 0.271156661 0.672012871 0.580947484 -0.257631196 1.291044683 1.449075385 1.019855813 0.027514799 0.682565063 1.354405263 -0.189163988 1.379643449 0.561564021 -0.469527674 0.726410542
-20.824640565 -9.324989434 -25.575984498 -0.904385260 -0.090186391 0.406646246 0.092695992 0.347602336 -0.735789102 1.263938715 -0.036227415 -0.522421131 -0.696466644 -1.909644949 -0.746337003 0.686889466 -1.547652631 -1.491277393 0.802497784 1.750654986 1.174466187 -0.345681935 -0.627747410 -1.478616359 0.926659665 -0.390030969 3.034633956
-30.550002678 0.819214664 -22.843606661 -0.633286764 0.381887509 -0.181589138 0.648178362 0.428772622 -0.908398729 -0.126429720 -1.487271297 -1.063037097 1.539632545 -1.358062170 -1.646274151 -1.264012251 0.466398275 -0.025165281 -2.272191503 -0.614013104 0.651589672 0.781809033 1.154844777 -0.822170530 1.110635124 1.493250576 -0.473338099
-25.804519148 -1.215950931 -27.310863259 0.246447974 0.675898826 -0.132978101 0.681719149 0.341900543 1.999291630 -1.065563506 -0.079410403 0.688929644 0.260664163 0.087260850 -4.238885237 -0.325167644 0.133384869 0.796027952 0.100548317 0.961566504 -0.271322705 -0.503755015 0.277931043 -1.134088538 -0.387435594 0.070183861 2.229293840
-23.915934473 -6.892013794 -13.409449672 -0.238594222 -0.553942709 0.465318291 0.647841926 -0.131703211 0.099938886 1.022594647 -0.131777564 -0.070545667 0.027646157 -0.071580468 -0.536771220 1.988156163 2.260034220 0.659033990 -0.064557370 0.653840054 0.578174688 1.025407139 -0.371574712 1.074718046 1.011138647 1.970382633 0.266142454
-18.569470300 -4.794564095 -20.882353342 0.976408789 -0.152758704 0.140796739 0.058880678 -0.219143687 -0.072032324 -0.514958782 -1.185049326 -2.088371228 -0.185456771 -0.666559547 -0.400945738 0.833205635 0.105406043 0.383172511 -0.576002226 2.200067843 0.298116105 0.071364860 0.113492288 0.968865584 -0.413035789 0.887012125 0.996887979
-20.435000463 -2.299395583 -16.900504353 -0.278365318 -0.169208160 0.918675409 -0.223420770 1.027123255 1.503028547 -0.451263951 0.611393175 -0.054188211 0.101071465 0.527597147 -0.298982912 0.757986862 -0.268103607 2.194343254 -0.311349133 0.329985139 0.489644647 -1.018786159 0.576522865 -0.322173184 0.702366902 -0.854505164 -0.212229780
-30.504843487 -2.047287540 -21.676868673 0.120377034 -0.279444577 0.529066957 0.792154185 0.349812568 -0.469016429 -0.697721331 0.309124588 1.977362308 0.483245104 0.057459010 1.198761577 -0.986825612 -0.299457342 -0.595037617 0.602079405 -1.774440194 -0.932427410 0.961840561 -1.135567789 -0.392119724 -1.520890141 1.036512865 -0.288490042
-16.957233786 2.948454940 -19.562726670 -0.451885443 0.686056002 -0.146013025 -0.551186815 -0.615998253 0.942916790 0.755963384 -0.684216483 -0.664232109 0.961771125 -0.157332105 1.436493084 0.092750617 2.213492078 0.129673587 0.539640033 -2.104308426 -0.759331811 -0.039716739 -0.591308520 -0.139651700 1.469121919 0.265159394 -0.852389941
-18.784294165 -1.615591895 -13.991156008 0.758545095 -0.473873753 -0.186086513 -0.406724496 -1.126329458 -0.400433492 0.180396416 0.057925874 -0.566131986 0.252063689 -0.494273535 -1.468745537 -0.154321951 -2.164873384 -0.119793301 1.175410620 0.133995880 -1.132163939 0.970729601 -1.949078821 1.235515171 -0.064225132 0.242513736 -0.156739213
-19.876532658 0.696306544 -29.565037041 0.471393411 0.872909361 0.114115828 0.052868500 1.268647344 1.060900103 0.896111806 0.681873271 0.877178053 -0.775636621 -0.542335499 -1.739005629 -0.449246224 0.491282560 0.843133484 -0.683017669 0.860856838 0.063043320 0.912315594 1.451380755 0.022344783 0.044581752 0.578327253 -1.073297291
-23.934723787 -2.594378763 -13.637382471 -0.023380773 -0.388649489 0.170023293 -0.905260733 1.972318256 -0.175896759 -0.291251714 -0.775488554 -1.851457140 0.921861024 -0.517778589 -1.022831077 0.851733626 0.437560529 0.655565083 0.480939569 0.698288649 0.038564230 -0.569441461 -0.049190253 1.242874180 -1.485316367 -0.054284868 -1.136270733
-21.029841537 -2.224906098 -18.102628251 0.635452377 0.336472201 0.044829798 -0.693525071 0.172776138 -0.199402598 0.832415567 0.691187030 0.448693116 -0.027436057 0.192239778 -1.016199520 0.830979239 0.788843031 -0.336923141 2.065675696 -0.439336941 0.389827798 0.567998034 2.022278790 0.842633396 1.494729699 2.352557336 0.266976473
-28.148425931 -1.466415015 -20.410040168 0.477227926 0.822635328 -0.183481605 0.248714946 0.264363227 -0.679128051 -1.247705311 0.937922947 0.808402580 -1.555060783 0.708870085 -0.033983269 0.535235446 0.253425709 -0.874585119 -0.383178220 -0.495394691 -0.327880866 0.806205029 0.231827592 0.280753133 0.490875458 -0.327507274 1.170246657
-26.749645384 6.304915766 -24.864643503 -0.353387402 -0.069353900 -0.199146100 -0.911399041 2.032661541 -0.202311000 1.120112137 1.175120370 -0.854241785 -0.365611928 0.368224675 -0.039766716 0.944847637 -0.417667316 -0.290101302 1.026224291 1.181095378 2.311797155 1.343449151 -0.097519334 0.645966968 0.281886695 0.291086768 -1.171339184
-21.615558641 -0.901984841 -21.113301079 -0.511328995 0.751116428 0.341226554 -0.240689029 -0.405967895 -1.277371994 0.506857765 1.683571705 -0.138841568 -0.549337441 0.776275062 0.695830343 -0.027157296 -1.254715635 0.058712865 0.140267293 0.118774170 0.861079031 -1.023202555 -0.983861094 0.224010435 0.681462800 -0.728641528 -0.881332326
-19.955265620 2.444592544 -19.686309950 0.454881770 0.086934944 -0.650307868 0.602183167 -0.121623543 0.881908108 0.639359265 0.358071050 1.642860969 -1.400816907 1.214223492 -0.325822228 0.018801537 0.465257490 1.521935853 0.214620216 0.019325615 -0.836532981 0.811850576 -0.218996958 1.024868023 0.479235743 0.008885114 1.160707979
-22.204117938 -10.242626311 -25.049819170 -0.308945255 0.904435427 0.246349734 -0.160814167 0.530598440 -0.491939680 -0.029794081 -1.592722116 0.013987151 0.791043009 -2.076230035 0.553054123 1.726104799 -1.319675227 -0.270850150 0.078052291 0.547497327 -0.305002328 0.837256542 0.275122824 0.871434210 -0.597527450 -0.629674285 1.685734392
-22.154524172 -1.517138925 -29.048643331 -0.479342675 -0.733829257 0.380070961 -0.295417139 -0.269538101 -1.271108304 -0.318412649 -1.190354968 0.063494712 -1.342135606 1.288520425 -1.068103768 -0.780832681 -0.047766029 0.773641160 0.942523534 1.777590752 1.348057441 -0.507510562 0.263072268 0.731863785 -0.977152823 -1.850930286 0.143233491
-22.784567290 -9.169757139 -24.232230668 -0.174149361 -0.023241828 -0.720438068 -0.670895526 -1.027052207 -0.479869789 0.069332621 -0.303948859 -0.486874947 -0.831925966 1.082510791 1.440667148 -1.811928506 -1.132637587 0.667750711 0.505792694 0.804366253 0.744162920 1.411833687 -0.486403777 0.463624351 0.981026832 -0.224387796 -0.730773806
-16.109199179 0.405402493 -20.481281931 0.010204441 -0.977324694 0.014041086 0.211033550 -0.839747470 -0.616341756 1.647959645 -0.435186275 0.277877300 0.368041374 -0.698878090 -0.632954778 -0.390674797 0.799807778 1.456873888 -1.241359215 -0.544346426 -1.471255499 -0.362095293 0.878975700 -0.355506013 -1.019682019 -2.360071924 -0.525871945
-19.005911583 4.206220957 -19.805572597 0.486744068 0.168879209 0.142671204 0.845106474 1.298890769 1.946898289 0.201586192 -0.995021013 0.263911386 1.533016335 0.354590473 0.013365873 -0.642051771 0.149027487 -0.330979450 -1.029946982 0.424131489 -0.810699990 0.998669793 -0.095955522 0.382602213 1.311876830 -0.319607606 -1.077991997
-16.933439673 5.982581264 -23.583641029 0.399765987 0.793318503 0.288896216 0.356891980 1.192995913 0.411975443 -2.507099688 1.038694472 1.074621762 -0.907222741 0.374415727 2.150531758 -0.895420943 0.879222428 1.199292813 -0.064841431 0.657761561 0.305003358 -0.859774176 1.227941112 0.537113226 0.978112345 0.427970220 -1.046000896
-19.895616933 -10.025101617 -26.685773900 0.807702427 -0.138579504 -0.326902933 -0.470687776 -1.261961487 -0.563443001 0.172387206 -0.806334754 0.836293771 1.378561262 -0.019062445 2.069756093 0.003824002 1.084404308 0.681908363 0.404865590 0.942860791 -0.412075702 0.194869474 -0.887184657 -3.032146417 0.722541163 -0.589270170 0.045493095
-27.231454824 -1.801852021 -26.849121627 0.030131586 0.951411881 -0.258628267 0.164374387 0.238212704 0.184794385 -1.090823352 0.997696902 -0.600948257 1.220035278 1.693975623 1.227088108 1.114992098 0.164651336 -1.023291219 0.521007057 -1.352993592 -0.221500515 0.081601580 0.647970045 1.152967365 2.102427968 -0.323172691 -0.322424954
-30.548243596 -5.032190776 -19.097639435 -0.189785965 -0.272985894 -0.919956889 -0.207700052 0.494879632 -0.009122154 -0.515637850 0.263567639 -0.081025937 -0.296203014 -1.384774593 -1.369743840 -0.079437516 0.669324544 0.065867370 0.400256897 0.826140648 0.141003029 0.639013396 0.503868144 -0.742264158 -1.762227436 0.870984666 -0.392204099
-13.266560362 0.171487021 -24.613943983 -0.659715987 0.709930902 -0.228716787 -0.091986751 2.478774127 1.131227948 -0.270346063 -1.710453920 -0.921321857 -1.310365878 -2.022748422 0.817919326 -0.391797124 -0.450011798 1.334617808 -1.134680584 1.180299721 0.299847553 -0.112697837 0.211424110 0.579214410 0.988656945 -0.940383247 0.460659015
-18.504050105 3.483187641 -18.425630591 0.582479080 -0.289430582 0.759004461 -0.029330659 0.189711438 -2.419621697 0.358571195 -1.439352158 0.242405688 -1.673512169 1.137146178 -1.731607328 0.963355046 -0.736482874 2.668393446 -0.938123025 1.611360206 1.300835225 -1.481005295 -1.097499664 0.182739138 -0.077973423 -1.507948436 -0.503552426
-22.914889133 -9.097733497 -18.594065965 -0.811254558 -0.121783409 0.444386689 -0.359937931 -0.145235361 1.175662006 0.447559443 -0.490431785 -0.435332525 0.592575215 1.486138227 1.162066555 -1.761049252 0.457671258 -0.783865625 0.660610114 -0.459234015 1.501902189 0.683937914 -0.049877907 -0.065731224 -0.788562510 -0.127747531 -0.281686460
-23.860034347 -9.636649784 -21.142736436 0.202237282 0.189230321 -0.617885040 0.735873661 0.341680800 -0.295786420 1.320990511 -0.365984314 -1.134359543 0.598550334 -1.162333376 0.118464250 -0.814160485 0.705748175 -1.167862932 1.103621706 0.938003703 -0.593656872 -0.808786327 -1.470369372 0.831460883 0.509934598 -0.221669788 0.006135613
-25.506227265 -2.248624185 -21.944887063 0.460847119 -0.587828976 -0.654668003 0.116132828 -0.392559184 1.107215948 -1.208292961 0.386483784 2.484962910 -1.269499162 0.520786638 0.666168882 1.199109955 0.168669991 -1.924715115 1.364574163 0.449188638 -0.336968198 0.153204428 1.449568246 0.188544211 -0.875988814 -1.528891062 -0.557496896
-24.839963555 0.452167080 -14.038745344 -0.663230929 -0.074271239 0.710562293 0.222956825 -0.005829728 -0.849717085 -0.679251826 -0.410214005 -1.044801014 -0.578222842 0.789388763 0.929373465 -0.379117225 -1.330241324 -1.274937021 -0.309619257 0.285817742 1.380875493 0.510227412 1.146550482 -1.667912388 -1.013304561 -1.217968231 -0.606085779
-22.307910643 6.237324572 -21.268942676 -0.657055304 -0.397896021 -0.202201727 0.607512589 -1.413041426 -0.897394400 -0.209272172 0.412775236 -0.227882799 -1.462788148 0.244101423 0.187280903 0.115513367 -1.688412109 -2.499203628 -0.782148720 -1.159933590 1.279551927 -0.482012104 -0.064017623 2.338266462 0.253659855 -0.487576543 1.867369759
-25.838230075 -3.947589880 -15.911293930 0.876647435 -0.160242417 -0.426965271 -0.153337209 -0.413381588 -1.987598544 0.268683122 -1.647130768 -0.422361463 1.112272097 -1.250190471 0.007107813 -0.885211139 -1.121014208 1.672093918 1.321442694 -0.924314574 -1.088966738 1.512167730 0.776363264 2.650945585 0.272908953 -0.864739880 0.226801937
-23.529941287 -4.942130008 -14.562486547 0.795757362 -0.332160961 0.431638208 0.264816491 2.042479527 1.399377386 1.424925542 1.701466976 -0.233365402 -0.331308861 1.684591574 -0.809904984 -1.835007062 -0.836350744 -1.338039275 -1.353310049 0.451362177 0.669092405 -0.115720118 -1.212265050 2.082510207 -0.549193330 0.765105399 -0.580962631
-24.486058810 0.886659244 -26.848501327 -0.705831087 -0.124120241 -0.685979274 0.125813660 0.380321433 -0.291238590 0.904655941 0.666761145 -0.436506762 -0.209783087 -1.152191407 -0.616166089 0.052304658 -0.352309199 0.208829017 -1.366308209 -1.238813522 -1.358601976 -1.470137003 -0.194095218 -1.157353413 0.613169610 0.650437609 -1.183682657
-23.651127109 0.607889893 -23.041871837 0.759758083 0.382006460 0.503486536 0.152774433 -0.769379948 0.248836845 0.132552262 0.605726039 1.302757754 0.443346675 0.270661506 -0.158076171 0.752305977 0.226360619 -0.362113584 2.267242278 3.122639510 1.080196985 0.130393837 0.552970287 -1.690554365 1.943033306 -2.048110525 -0.802098411
-12.701761627 0.486082952 -21.431026929 -0.611749269 0.420516830 0.591278985 0.315146934 0.436476990 -0.862278578 -0.196324130 -0.263802789 -0.730898162 0.718691826 0.334836943 1.656577200 1.015292116 -0.653413067 1.002639173 -1.124888021 2.501543425 0.906678730 0.719835513 -0.998093865 0.132798287 0.003540729 -0.247356472 0.264126403
-29.766229985 -8.117347827 -21.624976874 -0.507875848 -0.427271610 -0.365290606 0.652735679 -0.319079432 -2.068682813 0.457624584 -0.652562369 0.636262607 0.666976284 1.179044857 -0.998010421 -0.554982395 1.789060378 -0.357693867 -0.436781449 -0.291505439 -1.340083864 -0.732089321 -0.931569482 2.473406162 1.102677193 0.214970419 -0.865427938
-23.636230739 0.478118887 -16.438651847 -0.249936648 0.062699853 0.534344170 -0.805032117 0.305899429 0.031216352 1.712544756 -0.466542241 0.766746784 0.342237493 1.352096464 -0.548045444 1.443696549 -0.518076057 0.648926189 -1.936679382 -0.168845386 -0.634477740 0.433509808 -1.916942293 -0.527084998 -0.199848059 0.626338894 0.611595004
-24.713342683 4.977047164 -17.445671959 -0.392638893 -0.012972214 0.204434710 -0.896589577 -0.843364260 0.368175561 0.442713932 0.771737910 -0.794675027 -1.058884925 -0.832292109 -0.566437956 0.231383053 -0.338869802 1.229355927 -0.567526543 0.523496183 1.341096060 -2.137695686 -1.457408526 -1.234481746 1.490158714 -0.131734895 -1.824848579
-21.089664349 -10.782112512 -20.549517103 0.421380922 0.709791882 0.531495220 0.190122156 1.374997844 1.713431894 -0.445072003 -0.514525744 -0.349510723 0.147970314 0.751567456 1.060183468 -1.986590667 -2.240657157 0.794069681 -1.584378335 0.641917325 1.618276734 2.429314124 -1.255507006 -0.443394167 -0.499453623 -0.324159435 -0.614177091
-24.478395507 -1.721028342 -17.117271432 0.473068972 0.814734596 0.311585205 0.123806080 -1.013248515 -0.142664918 0.034376053 1.310812485 0.022600901 0.167720429 -0.160410040 2.445949985 2.465346565 -1.079516382 0.434765125 -0.014324129 0.359309479 1.465642339 0.735763389 1.535970695 0.368548408 1.413740498 -0.507218975 -1.662360559
-28.840700742 -3.573249153 -20.560247737 -0.454672184 -0.213427525 0.568884239 -0.651223940 0.567020291 1.182678213 0.111974790 2.410242017 0.840455620 0.597751207 -1.047733677 -0.765697970 0.514185078 0.548577432 -0.293934731 -0.302322463 -0.395536633 0.766919783 -0.718367300 -0.093155368 -0.430828857 -0.541654156 -1.619379644 1.592550932
-19.967676679 2.454186401 -26.023146267 0.663782830 -0.193956660 0.669537845 0.271094526 2.259693826 0.094489631 -0.193907124 0.628014982 -1.365510612 0.459738890 -0.042509383 -1.012085348 -0.373445704 -0.304321662 -1.806649863 -0.207100437 0.326673062 -1.214676264 -0.081380524 -1.062831503 0.627562309 1.131035996 -0.029583053 0.770751352
-30.434773802 -0.926718787 -21.133922756 0.634732834 -0.049245083 0.074065792 -0.767595864 1.475099430 1.564742616 0.609971240 -0.508794307 -0.669908533 -0.201726995 0.664576605 0.468847688 1.026336683 -1.370277534 -1.094521193 -0.131580073 -1.296374981 -1.272039876 -2.250571419 0.397040708 1.019216756 -0.220579671 -2.041654224 0.284717562
-21.738897868 -0.403219612 -30.551325989 -0.805571969 0.442530330 0.266249088 0.290399954 -0.751311965 -0.364117943 0.526129255 -0.575018557 -0.298353229 -0.286800398 -0.047587346 0.056769987 -1.239592864 1.121676166 -1.226637044 0.181995208 -0.673410571 0.433354166 -1.676887574 -0.518179809 -0.403900091 -0.026411690 0.882630290 -3.023332515
-28.067147649 -1.666125830 -29.334430749 0.870935342 0.133970484 0.366952962 -0.298109147 0.778170963 -1.600780115 0.944434549 -0.856415116 -0.146915440 0.343245819 1.622237814 0.487920072 -0.279352796 -1.204387048 -0.486136814 -0.263722576 0.705930294 0.989370208 -2.976956788 0.583551786 1.263724910 -1.020780706 -1.181632133 0.324339128
-27.589040661 -3.592989948 -14.014006138 0.780534496 0.344195549 -0.008630903 -0.521747862 -0.022977140 1.770235558 -1.200479241 -0.270219273 -0.974401135 -1.233118921 2.122536896 2.253392621 -0.803642163 -0.235151127 0.207943504 -1.178125021 0.891756780 -0.512482223 0.216553824 -1.735988494 0.687329578 1.247993403 -0.124246476 1.045552145
-27.167756525 5.446633549 -17.780377838 -0.214598030 0.640984310 0.596657695 -0.432534848 2.347015399 0.118888147 0.451008151 -0.327671208 -0.098459612 -0.532172722 0.543304694 1.344500086 1.093810974 -0.588843000 0.061568671 -0.316563909 0.964232587 0.978785869 0.348844457 0.754385141 -0.821263852 -1.479277306 1.536272324 0.578477631
-18.597125987 -5.096211154 -22.669514493 -0.123417711 -0.192800201 0.607902367 0.760296563 -0.159785112 -0.300646262 0.727605034 0.315601083 0.632336920 -0.022793716 0.505554718 0.839388414 1.606605713 -0.815625942 -2.155407327 -0.598464099 -0.789805003 -0.944601362 -0.247708429 -1.410168439 1.539074546 0.448426561 0.503607295 2.173648200
-23.264773823 -3.255634895 -19.483686553 0.223455143 0.548027161 0.715259028 0.371669952 -1.017419546 1.321770797 0.112150751 -0.953463014 -1.335922448 0.709426969 0.608821173 0.888821395 0.524457455 0.428473026 -0.374102604 -1.641848981 -0.796631806 -0.437267748 -0.108116636 -0.510593064 0.696995886 1.361715695 -3.219288878 2.537973525
-21.630477330 -2.595496441 -31.713920971 0.498347407 -0.132439283 0.659170127 -0.547361344 -1.742733632 -1.383794322 -1.660004584 -0.298702661 -0.270164514 -0.307901604 0.252841905 0.289771489 0.031349724 0.928149570 0.256253858 -1.079092269 -0.560080491 2.088071163 -1.859333685 0.545442930 0.252717292 0.037235017 -0.659323869 -0.462315582
-18.280097986 1.290392378 -17.951589570 -0.634583370 -0.125638842 -0.590028916 0.483099064 1.114214636 -0.300555299 -1.318708690 0.376805032 -1.015351737 -0.137034514 0.531923904 0.706037288 -0.962020748 -0.225444537 0.739538288 2.004959421 -0.295102216 -1.234234106 -0.606938178 -0.120736263 -0.597845883 -1.593496802 0.448113014 0.196002589
-26.222620147 2.408783266 -29.171668307 0.268186068 -0.395008542 -0.697483218 0.534379683 1.685123228 -0.949254951 -1.838892026 -0.583313398 2.171200943 -0.043367848 -0.606115326 -0.115938343 -0.349014005 -0.873967903 0.343974594 1.950291146 0.314415919 1.096261998 -0.188819655 0.197433781 0.203793492 0.848726171 0.428178936 -0.779781143
-19.253319393 -0.595505661 -15.039395116 -0.300294058 -0.723523633 -0.415731694 0.462065135 1.327796282 0.215886863 0.701537137 0.626631444 -1.005808933 -0.238206124 -2.346255295 -1.250952244 -0.061895870 1.021723590 0.426918220 -1.461895302 1.425784496 1.266613642 -0.729277111 1.676501465 -0.575140892 -0.461664179 0.021521803 -0.191411301
-30.022188125 -2.459969171 -25.822773863 0.177231589 0.880268937 0.390424724 -0.203184883 1.577974745 -1.258453850 -0.291248100 -1.002066062 -1.530731604 -0.391932514 -2.486210821 -0.218663560 -1.275952276 1.142267449 -0.061567408 0.539163731 -1.070680262 -0.588124410 -0.203616779 -0.981702669 0.050177344 -0.577834989 0.440443641 -0.918271593
-26.248362181 3.670180392 -26.098131558 0.370420793 0.754235092 0.206651329 -0.501211622 0.307153982 -1.579223160 0.132223486 0.710758006 0.370598784 0.584231603 1.070539137 0.528657153 0.184580302 -2.022739630 0.042319689 0.381007642 0.556417791 -0.471599044 -1.000657161 -0.543887069 -1.375246802 1.939418211 -0.415185793 -1.011192151
-29.833066993 -5.313923791 -17.534577033 0.213335553 -0.837240281 -0.317550086 0.390741086 0.056680608 -0.632077935 2.206360997 -0.832021783 2.115707539 2.188279421 -0.818438985 1.005386264 1.509694494 -0.793075803 0.726098562 -0.231820612 -1.621794849 -0.662403194 0.288599473 -0.588494691 0.090838137 -0.884601512 -0.694064318 1.947937691
-18.197127462 -9.635409868 -19.432611593 0.897424462 0.363721123 -0.189825816 -0.162180270 -0.373382603 0.137359038 0.272843616 0.237457191 -0.882707999 -0.412977330 -0.247885443 1.146604027 -1.447668444 -1.728756493 -0.808283471 -1.110264770 0.786115339 -0.770201826 -0.404633440 0.129136861 1.712680616 0.143389337 0.894076771 0.440747521
-18.430626621 -3.151331866 -20.704381763 0.742290528 0.445235745 -0.060547628 0.497095452 0.827426295 -1.186748424 -1.415020587 -1.100670585 0.159267206 -0.191356995 -1.310415990 0.128295182 0.470723630 0.226967108 0.804903743 -1.296638967 0.252268754 -1.189274403 -0.265529346 0.858693208 0.787767995 0.248974996 1.679481936 -0.921687316
-18.198425180 -2.729051387 -24.401169491 0.060349353 0.877083860 -0.462588189 -0.114429131 -1.323489718 0.382574766 0.230143069 -0.315250939 -0.639293910 0.029518864 -0.047864784 0.567768113 -0.082883958 -0.064284768 -0.454014796 -0.814730949 2.129569831 -0.720635351 1.028560061 -0.317138978 -0.729907446 -0.946334163 0.031736307 0.345876423
-28.040116599 -9.773165986 -21.377138032 0.525921304 0.439447408 0.389105604 -0.615540077 0.868618811 0.736853298 1.032765946 -0.749110608 -0.787524251 -0.201353047 0.464194487 1.066284232 0.205842543 0.567405320 -1.243393055 -1.910195263 -1.636287631 -0.320895820 -0.181504567 -0.008614017 0.608587805 0.359564769 0.728643485 0.796820242
-18.621991412 2.329945972 -20.546613940 -0.309362598 0.116690446 -0.935100139 0.127537656 0.281266969 -1.027993868 0.328134868 1.678256617 0.904352031 1.223496981 -1.349904480 0.100453290 -0.999952418 1.056534998 -1.145039410 0.079758998 -0.136356762 -0.636312667 0.094610027 0.944712980 0.071728433 2.305100437 0.018225807 1.391542613
-16.079801581 -1.912965508 -17.903498067 -0.098300331 0.277211043 0.416471893 -0.860257080 0.517338446 0.540532184 -0.008793582 1.140433329 -0.314634539 1.261362946 -1.113290172 1.866945333 -0.302877465 1.076304394 0.375587130 0.997274087 -0.103077924 0.822439815 0.987225155 -1.989880212 1.347746712 1.779284186 -0.282565571 -2.474691829
-17.239958983 -5.696699787 -15.128286950 0.530905950 -0.368157622 -0.377373008 0.663466992 0.022249490 -0.583792539 -0.491521004 -2.353531601 -0.404695829 0.892543076 0.826930214 -1.445434940 -1.810335060 -0.395328401 0.132724912 1.589942524 1.112837561 -0.270152387 -0.667936671 -0.180521666 0.466384574 -0.086073886 -1.348324093 0.378575874
-19.446825715 -2.234292809 -20.273048413 0.481389625 0.533041158 0.613162456 0.328881369 -0.922052195 -1.511860580 0.072067286 -0.292868569 1.065546585 -0.943903493 0.587512999 -1.444746007 0.438939379 0.804950571 1.256694466 0.486876219 -0.379408193 -0.892173355 0.039742389 2.091246512 0.639170786 -0.149255831 0.289147811 0.117538430
-29.535413723 -1.537674650 -19.486625755 -0.851442920 0.319886224 0.281720159 0.305534794 -0.950831337 0.206738292 2.275902900 0.597207048 0.794307468 1.489955928 -0.534248496 -0.218935777 0.198550968 0.918315880 0.277190710 0.627096875 -1.172996758 -0.769699637 0.065377809 0.625768163 -1.337979588 0.884054905 0.034093761 -0.620645757
-26.717543109 -6.158832194 -15.245638891 -0.064857419 -0.961584053 0.229800804 -0.135429742 1.276928252 -0.155336104 1.780227776 -0.838892798 -1.259821062 0.744571255 1.081490158 -0.238652661 0.433370144 -1.827871804 0.056597418 1.435986724 0.087953543 0.599101356 1.656378955 0.813084194 -0.072383488 1.022391635 -1.630413620 0.823214433
-15.216807887 0.011918187 -16.447821847 -0.359672283 -0.787944976 0.365662340 0.340689913 -0.544107040 -0.147762175 -2.017392006 -1.557073335 -0.784681981 -0.508220443 0.315154842 -1.507106330 2.030255904 -1.146627192 0.241612137 0.913656078 0.083231909 0.628726195 -0.705518169 -0.540207646 0.256161470 0.878618318 -0.978897474 1.633680896
-28.239972944 1.202301242 -27.129087306 0.676464128 0.218184104 0.477041657 -0.516936396 0.360911380 0.242967529 -1.604774900 1.469671036 -0.234124320 -1.169014234 0.392636085 -0.382964243 1.908289716 0.989310320 2.354633945 0.375981989 0.080990326 0.075759146 1.300034236 0.872088067 0.016348193 -0.332986366 1.429899172 0.152608581
-21.765039409 -0.402660460 -29.020477822 -0.052573996 -0.004291621 -0.723044123 0.688784983 -0.349669455 0.764829975 2.149161915 0.051776710 0.202138517 0.878771163 -0.601072755 -1.054923132 -2.104581993 0.754422807 1.375916371 0.440483988 0.984548333 0.532756237 0.000759284 1.197850483 1.052885114 0.120120713 -2.501062485 -0.562119553
-21.576423100 -0.498953715 -19.111819265 -0.261607069 0.192923334 -0.857693450 0.398377051 -0.776119531 0.611289040 -1.638737864 0.324304327 1.576578332 0.114799612 0.237877680 -0.434997833 -0.310422135 0.445654524 0.686310297 0.035919824 1.210819766 -0.232375420 0.085861304 0.076075074 0.269797484 -0.863008925 -1.466374143 -0.167182061
-22.997506195 0.121803510 -12.370601898 0.532143688 0.433077361 -0.648164124 -0.330379120 0.927071040 -0.210422501 1.097080079 0.477631703 0.292728635 1.178678537 -0.313499389 -0.013917671 -0.325484312 0.786449138 -1.364797134 0.582157398 0.463390493 -0.044769563 0.380251154 0.011108186 0.385804822 -1.436517188 -0.771598941 0.069549425
-26.086796638 -3.324630424 -24.940281480 -0.300682955 0.845942652 0.411800568 -0.156176442 -1.663574776 0.182464215 0.266901835 -0.135364767 0.632773323 1.157708468 -1.735875550 -0.801089683 0.604330562 -0.674449755 -0.325291647 0.999759678 1.608874944 1.260662300 -0.194867296 1.548172514 0.354877801 -0.191499205 -0.487821892 -0.085031422
-30.668858314 -3.949973153 -21.009515602 0.381835853 0.859492576 -0.339060332 -0.022627059 -1.250550035 -1.512535248 1.661243670 -0.020488070 0.179424251 -2.638004338 1.799785831 1.414016945 -0.121552151 -1.311248427 0.117440204 -0.595047015 1.202332606 -1.604516165 -1.934578803 0.161775031 -0.643791634 -0.618054828 -0.094584093 2.378847108
-25.560397064 -5.687326429 -25.750491697 -0.128489819 -0.510327491 -0.640991325 0.558736377 0.190889371 -0.678388885 -0.644115578 -0.344160792 -0.202495482 0.949689902 -1.076810554 0.901148014 0.819617730 -0.772888751 -0.043023514 0.609603270 -0.440573155 -0.877628209 0.776516784 -0.170404363 0.499781324 1.111191241 -1.393560274 1.269494008
-12.626480503 -3.115757678 -19.996135266 -0.756845769 0.136027423 -0.608233047 0.196808493 -0.569425362 0.167911040 0.787106789 1.213383352 -0.859396260 1.461811375 -1.632402019 0.532071962 -0.417389900 2.231879147 1.717828222 0.841721083 2.070032329 -0.069431193 -0.013890668 -1.153594965 -0.019215510 -0.055338431 0.217369416 1.043409087
-24.439811176 -7.570516772 -21.487578242 -0.145132574 0.054404793 -0.367720243 -0.916928829 0.785977341 -0.572068461 -0.140365615 -0.166468062 0.271565439 -0.397838028 0.858256348 0.475271642 -1.718584209 -0.212383954 1.956104471 0.404669018 -1.803152153 -1.093673641 -0.250122003 -0.499179763 -0.511124768 -0.988423936 -1.304575898 -1.498750999
-27.187522957 -6.522712692 -17.396435116 0.024550902 0.909421569 0.064410698 0.410123060 -0.379408484 -0.292112152 -0.218703878 0.243215745 -0.805013423 0.055699829 -0.108898740 -0.731166626 0.751213964 -0.574664462 -1.709459866 -0.924347356 -1.253074388 -1.267187729 0.462590475 -0.760068760 -1.596320362 0.159752760 -0.654168882 0.894852939
-23.558144003 -0.581151303 -27.116193930 -0.475407683 -0.208176346 0.787307821 -0.332861140 -0.432783728 -0.932184464 0.714052110 -1.017295575 0.847044955 1.153156916 0.903008001 2.703480240 -0.043884648 1.097963471 -1.420345464 -0.495227707 2.384419439 -0.550014352 0.525266132 0.482440298 -1.527545837 -0.430446514 0.029205767 0.610833778
-22.849239798 -7.132405589 -19.125859824 0.534469727 0.521746654 -0.539744659 0.388327495 -0.629899571 0.432919438 -0.208156553 0.305565504 -0.479155320 1.264369190 -0.578108962 0.272938896 -0.076016460 0.161962539 0.795369353 0.884454117 -0.464460476 -1.333986081 -0.237573747 0.355616584 1.816448923 0.052997792 -0.754955072 2.013976677
-19.681336395 -8.621767286 -25.769432151 0.253648303 0.209608608 -0.752742438 -0.570180316 -0.941111689 1.035461246 -1.038257219 0.028439782 1.001697857 -0.181197694 0.254783941 1.894231078 -0.001149856 -0.595429768 -0.353066730 -0.082097693 0.206180512 0.962557743 0.058671673 1.879372544 -0.204313601 -0.586192478 -0.045830785 0.404007268
-25.755749520 -2.927355262 -21.601395570 -0.451925057 -0.490653462 -0.037638434 -0.744047224 -1.227961589 -0.717965262 -1.317996794 -1.838025156 -1.171537809 0.168876466 0.095136247 -0.664371054 0.633615339 0.571819465 -0.690807467 -0.206203583 0.360381201 0.055236501 -1.513298903 1.168814826 2.162004629 0.552220113 3.272046590 0.724637380
-28.009414868 -0.709785597 -13.891002513 0.335186277 0.917932860 0.001512814 0.212243105 -0.459814764 0.570212743 -0.154775185 0.601696028 0.555681845 0.499877682 0.561485418 -0.805586628 0.861498855 -0.117091995 0.993152027 1.102355455 -2.141929728 -1.357283839 0.423091458 0.683082174 0.151406729 -1.788882968 -0.486005047 -0.707886898
-12.170361839 -2.813125848 -21.431786393 -0.936253569 -0.158928408 0.270572208 0.157992706 -1.021730793 -0.139501298 -0.695341155 0.877920833 0.488725467 -0.192241232 -0.292681633 -1.201034755 0.021276842 1.632085786 0.038007223 -1.561680414 0.112760207 -0.285320981 -2.854805848 2.474151357 1.202599353 0.949582123 0.960547542 -0.729330337
-14.057657840 -0.516075008 -23.695027619 0.651935315 0.118094843 -0.326952372 0.673896208 -0.081627366 1.072389828 0.735739649 -1.470093188 0.141070260 -1.781661278 0.334308311 0.276641611 0.366681930 0.212844790 -0.621061571 0.269807184 1.801944129 0.107302975 0.231253969 -1.134159224 -0.195718076 -0.643317411 -0.406361300 0.945646951
-21.714466784 3.224043439 -16.169060633 -0.763965612 0.060080659 -0.621535811 -0.162604103 -0.867230801 0.742950799 0.276225872 1.840835088 -0.836670319 -0.949126510 -0.157083890 0.369376101 -0.065170366 0.049895777 0.277857927 -0.153900684 0.337525045 0.167357911 1.239026348 -1.787530537 -0.004016781 0.341753577 -0.467015096 0.557851337
-24.150090216 5.771052601 -20.727777524 -0.647583675 -0.106926829 0.605574941 0.449978919 -0.714183533 -2.005198595 -0.505677328 0.410770762 0.072991195 0.102142694 2.113830336 -2.161123667 -0.262300103 0.799295753 -0.646779343 -1.005016565 -3.231909356 -0.797014194 -0.107321805 1.164540917 3.004352708 -0.763647950 -1.016258649 -1.212337839
-23.053086830 7.960838274 -20.306167039 -0.303323709 0.172902447 -0.657485480 0.667691781 0.815006007 -0.593927550 -0.889024621 -0.548246213 -2.016029720 -1.858300407 -1.146577312 0.693899060 1.398528376 -0.604576099 2.288334010 -0.414224830 -0.735987064 1.946280771 0.445975140 1.304404519 1.481283760 2.174894978 -3.254848408 -0.123712661
-21.310702667 -9.284365944 -19.251928308 0.325594301 0.071177653 0.911396910 -0.241407884 0.457947834 -1.040964431 1.419027168 1.223370289 0.828491487 0.078325523 -2.220281689 -0.456374119 1.764063333 -2.409137538 0.330267302 0.241062527 1.576966035 1.014945388 0.278724981 -0.526367115 1.527559676 -0.591085915 -2.852532160 0.516043434
-15.297143118 -0.046963968 -16.294609393 0.400093390 -0.210043704 0.213511583 0.866152253 -0.175097060 -0.033400742 0.605875010 -1.072533275 -0.375549412 -0.174215195 0.086896824 1.590933812 -0.669646771 1.457270062 -0.377385509 0.825464224 1.545298980 -0.804661695 -1.320969080 -1.329504805 1.110184747 -0.248120753 0.758039735 0.362109611
-19.219798910 3.401150722 -15.585514969 -0.178393030 0.266553854 0.638623640 -0.699488967 -0.265927218 -0.047254706 1.069743286 0.015130941 -1.011592222 0.853298831 -0.463431361 -0.598142203 -0.201162107 -0.176105861 -0.936656887 0.246145578 0.188809280 -0.016189661 1.761981687 -0.899368648 -0.171153151 -0.289812591 -0.796328948 0.128195146
-25.029676184 -1.211598226 -17.075682957 0.429932796 0.740061625 -0.170781442 -0.488160098 -1.248618315 -0.008670682 0.368838416 -0.989880519 -0.920077740 0.303530173 -0.417592962 -0.308556648 -0.879830928 1.126237389 -0.203364969 -0.913657209 1.359789319 -0.802889995 2.653845345 -1.022176458 0.081233009 0.557215234 0.497192723 -0.745817120
-22.415047058 2.103403291 -18.626730270 -0.600256153 0.527524690 0.380316830 0.465584967 0.486133250 -0.193130169 -1.424605894 -1.130905282 0.698336805 1.453224045 0.685657364 0.697018162 -0.930571297 0.656315037 0.848912424 -0.538718511 -0.814351626 -0.361914200 -0.233294410 -1.024561068 -1.268463724 -0.267907398 -0.076366789 0.195721551
-27.663998637 1.238206210 -21.024421412 0.243826743 0.802676879 -0.380849829 0.388859557 1.437124235 -0.267319363 1.587387334 0.990010435 -0.704452717 -0.495844078 -0.927041368 -0.065890885 0.136767993 1.046031096 0.297455060 -1.173784457 -1.253920380 -0.043809487 -0.930615265 -0.123657532 -1.924192537 -0.561736728 1.398984476 0.300581264
-21.791680114 -2.455800216 -12.729410633 -0.366227554 0.319231095 -0.564844759 -0.667022702 1.457539541 -0.225610926 0.416915450 -0.768834569 -0.480009116 0.540295069 -1.053326952 -0.716862275 0.092203043 0.590870546 1.723201048 -0.998146450 -0.643546361 0.982890123 2.002316689 0.074262163 -0.820646693 0.280197913 -0.982862306 1.619678586
-19.108168462 -0.993101802 -20.734729958 -0.546407407 0.769737625 -0.327221660 -0.043230996 0.992465700 0.496557087 0.208411478 1.656262956 0.237116400 0.237719289 -0.544110329 0.352449196 1.927029370 -1.194440975 -1.901277701 -0.147578997 -0.512401671 -2.322285122 -0.538141131 0.520878186 -0.204484077 0.560245070 1.059987271 -0.542187122
-20.533598657 0.378830759 -12.280600398 -0.099219549 -0.560966124 -0.730083452 -0.377426340 1.353130354 1.103434437 -0.142743410 1.276163543 -1.389469530 -1.445053980 -0.378824257 -0.543106872 1.374905846 -0.284090379 -0.013293046 -0.735934037 0.937166524 0.164855886 -0.436340825 0.312323625 0.371433463 -1.248526872 -1.814031151 -0.209295208
-21.074747446 1.557832613 -30.115355400 0.104483994 0.560714439 0.804465367 0.165885158 -1.989896447 -0.423148944 0.624286006 -1.497458796 -0.741942059 0.292708857 1.649683630 -0.124792985 1.122256978 -0.006421316 1.285073377 -0.474762135 1.306620157 -1.023536395 0.243291079 1.934608114 -2.412071609 0.048572576 0.595041482 0.556473082
-23.838974652 -0.940813517 -22.041004622 0.411075645 0.632962247 -0.258359026 -0.603014280 0.210600911 -0.588488176 0.923273550 0.598251131 0.313606413 -2.236758313 -0.189276026 -0.040158833 -0.535639533 0.189214061 -0.669967067 -2.177401119 -0.283739514 1.015885001 1.114249351 0.058713426 1.121632324 -0.789835247 -2.009298922 -0.002372367
-24.969260426 1.868393064 -17.739152032 -0.047232844 -0.008654926 0.025364695 0.998524303 -0.248719449 -0.542358545 -0.617903004 0.275311401 -0.240596176 0.645654395 -0.270560837 -0.987165800 1.268201015 -0.314119851 0.448649402 0.528612879 -0.110250662 -1.110301344 -1.070235412 0.754773654 0.252082384 -0.529593367 1.146063041 0.810768366
-26.101490665 -8.868920293 -18.447524927 -0.494796223 -0.477605143 -0.717720553 0.109303396 0.352946048 0.750028294 -0.132730417 -0.541118613 -0.153427621 1.821518639 -0.996672781 0.211268146 -1.555781031 1.095127790 2.310301321 0.378233796 -1.308941875 -0.246875113 -0.268570738 -0.107243487 -0.720550858 -0.197257593 -0.078013867 2.043159094
-19.053297900 7.563720952 -21.395032820 0.381202062 -0.585395431 0.378774402 -0.607064353 0.619637807 -0.978382095 1.281623513 2.356771554 0.670253775 -0.924515573 -0.698906132 0.556463394 1.120219341 0.115597434 -0.540072216 -0.317119259 0.322103058 -1.069343115 1.199731767 -1.255074593 0.776346882 -1.091231956 1.017159607 -0.192804298
-26.094405416 -5.858042368 -15.323308200 -0.268546040 0.270362681 0.587520466 0.713867457 0.073593351 -2.052300716 -0.165775598 1.226124651 1.331912680 0.453383250 1.776695868 -0.180857376 0.830837060 0.621009343 -1.393900556 -0.306931659 -0.477517013 -0.170661981 0.022614469 0.539176287 -0.292431591 0.385772091 1.453929128 0.300568515
-12.689767792 0.129367945 -22.969256653 -0.291135115 0.165842611 0.930074124 0.150660869 1.513436246 1.746305783 -0.365924118 0.554194044 -1.877982681 0.048695291 -1.440656478 0.854245029 -0.637596178 -0.264621727 0.714731923 0.593001777 1.089608707 1.177098083 0.863508860 0.585308770 0.605504094 0.886685972 1.625966685 0.372360653
-24.515262961 7.909974169 -22.080874689 0.752308436 0.636157920 0.121825423 0.120389721 -1.384395642 -1.105771518 -2.592035702 0.737928251 -0.146455142 -2.813623313 0.116022438 1.670639725 -0.306686932 -1.378056281 -1.874174546 -1.172838441 -1.162381163 -0.978626614 0.603342684 -0.204135502 -2.103225439 -0.421550266 -0.867514885 -2.971919138
-20.098838177 -1.947799879 -27.073768468 0.203939529 0.427913818 -0.812157763 0.340144382 0.349168747 -1.890990273 -0.108069545 1.484897055 -0.008955454 -0.808723171 -1.027746317 2.435717917 0.461135962 -0.402360536 -0.935281580 0.345592385 0.408660434 0.035323305 0.418331350 -1.304973753 1.120816845 -0.380843498 1.494369210 0.880396842
-26.268525430 -1.537327137 -22.517225405 0.051291182 0.655124185 0.489791903 0.572961961 1.187926719 0.339008616 -0.008952900 -1.497988762 1.022846576 -1.532783707 -0.425635590 1.058518777 1.529954151 -0.750509154 2.320431959 -0.282999190 -0.508313048 -2.077116599 -0.974682894 2.243219728 1.980204282 -0.502023580 -1.831581840 0.332026727
-18.341337522 -6.441548662 -25.317811994 -0.140856950 -0.722673477 -0.435232785 -0.518145527 -1.128519587 -1.262374507 -0.299018784 1.592916892 -1.864002560 -1.582366258 0.384451897 0.219604416 0.277065569 -0.308744021 -0.854754338 2.072646412 -0.780889771 -0.418806446 1.256009868 -1.321999879 -0.694279322 0.680799088 -1.414561235 1.827247039
-20.046552526 -3.721733817 -13.910184129 0.160389214 0.556758180 -0.629412455 0.517818106 -2.524961106 -1.762351901 -0.567185797 0.269223377 -1.508824892 -0.226642191 0.545082896 0.090303974 -0.386306925 -1.129557616 1.395370750 -1.994405499 0.219065789 0.197518496 -1.037185359 -0.220265854 -0.494402291 -0.364610839 1.232586342 -0.768910587
-26.646381347 -3.446846224 -22.204631980 0.911497308 0.326342478 0.193237784 -0.159161564 0.087445801 -0.383027729 0.430404111 -2.049075943 -1.030481712 -0.141082350 -0.595204540 0.683405279 -0.738463046 -2.263198465 0.110604732 0.479782395 -0.239192448 -0.953186419 0.320136640 -0.186680514 0.786687805 0.255068124 -0.912941355 -1.149908905
-18.605099306 0.393958730 -15.278471891 -0.416946976 -0.372194567 -0.464968404 -0.686608190 0.302710554 0.030482086 0.918781277 -0.912008594 -0.388924194 0.236147777 1.225907451 0.582402510 -0.424672577 0.009109788 -1.208030012 -0.761746986 -0.792797179 -0.331632499 -0.177856046 0.126939238 -1.063282359 1.142591221 0.475712381 0.324675802
-17.631187523 -1.550702450 -27.544209557 0.332458309 -0.449072928 0.685127944 -0.467337863 1.027197308 0.732346848 -2.484300819 -1.149749331 -1.710431643 -0.191723298 0.120018913 -1.212944853 -0.188084559 -1.350206818 -0.928026725 -0.079178951 -1.275791641 0.702803751 -0.168890656 0.062193813 0.643259186 -0.906843071 1.066898691 -0.978458146
-20.179551109 -3.731720888 -26.518298406 0.293280365 -0.174445001 -0.022065746 -0.939717336 0.399295471 2.072964068 -0.008546743 -0.017578927 -0.443721176 0.684104791 -1.077981906 -1.864017191 0.230217580 0.226822364 0.094162265 -0.958157756 -1.027671080 -1.252339720 -1.767251215 -0.393807467 1.103955256 -0.361748566 -0.537409596 -1.044716033
-29.381627073 1.390626380 -22.941719765 0.679740253 0.697357266 0.225166140 0.030761031 -1.268995535 -1.191020338 1.202417080 -0.099866082 -0.580153641 0.395100856 1.675888745 0.793326509 0.987050521 -0.456633164 -1.257419277 0.237943217 -0.077689959 -0.552335430 -0.960308160 0.803264842 -0.397050983 -0.181456017 1.077226673 0.639425431
-12.538473230 -3.000805453 -21.177243754 0.317404649 -0.913103332 0.186277132 0.175491947 -0.701086427 -0.580902470 0.278672602 -1.551004009 0.545801882 -0.528741618 -1.519139204 -0.605673262 1.202439545 0.236958068 1.441459381 -1.136195489 -0.775808047 -1.341711812 0.037863420 0.269381833 0.620490777 1.308666280 0.677287160 -1.833134326
-23.283796546 -2.073867344 -17.320435123 -0.096904720 0.931498762 0.139232871 -0.321766590 -1.921100003 -1.986666750 0.530244004 -0.347509593 -1.711473321 0.929412379 -0.100524384 -0.348901529 -0.176307254 -0.783861421 0.516972597 -1.322864817 -1.262635553 -1.636745398 0.010106887 0.843333926 -0.273077781 -0.201228154 0.243923102 -0.612011997
-21.338188294 1.208478784 -21.704307552 0.133693577 -0.902751714 -0.065432782 0.403588803 0.885145331 -2.398335441 -0.221198929 0.974474131 -1.203866123 -0.582748345 0.137514155 -1.495123733 0.950721229 0.523169113 0.166103044 0.341413665 0.665567079 -0.261840438 -0.272900675 -0.064060420 -1.872112259 0.260624271 -0.558525306 0.081987853
-28.603627804 0.900667623 -17.425386618 -0.140400057 0.290897990 0.893083374 0.313158539 -0.640321006 0.999883563 -1.271140720 0.866453923 -0.348042372 0.372934790 0.462726856 1.071424579 0.613885339 0.426753020 -0.522750541 -0.271670419 -0.831823998 -0.679673367 0.791818081 -0.445667809 -1.429648380 -0.808989123 -1.461128759 -0.503709297
-27.962477035 0.600879096 -17.964663397 0.576614247 -0.308149303 -0.367835128 0.661254365 -0.217522511 -0.320840615 -0.205343962 0.347673463 -0.550667023 -0.035537435 1.527030924 -1.720015885 0.897825878 0.040557935 -1.861074522 0.456960176 -0.628502116 -1.610924089 0.876873571 1.593982471 0.300501880 1.909898771 1.403047211 -0.123966349
-19.193920309 -10.097211460 -20.995741359 0.787185090 -0.079786639 0.156720377 -0.591111199 -0.478060970 -0.315862435 -0.386938861 1.292731453 0.913948984 -2.064223833 1.252416213 1.090726128 -0.407082681 0.380486403 1.606428133 0.382589064 -0.120460405 -0.069832587 0.774002988 -0.507364859 -0.999624589 -0.671922356 0.330654461 -0.444726203
-13.965840249 -0.911654948 -22.169052292 0.792643253 -0.118680332 0.519721844 -0.295839244 0.538514824 0.283369753 -0.201617314 0.239649732 1.963664064 0.353706856 0.652043335 -1.899837429 -0.060238087 -1.807386235 -1.248399415 0.000946515 -0.435092347 0.831700467 -0.472332125 -0.273826235 0.482361650 0.896183425 -1.430185050 0.446269307
-23.418498238 2.876526702 -17.322822353 0.237282774 -0.057027078 -0.901687570 -0.356937422 -1.156513698 0.136701273 -0.654928168 0.254537408 0.674532342 -1.854943859 -0.334182777 1.434519749 1.549264640 0.581634085 1.791950515 -0.534677459 -0.761205852 0.361755611 -1.480552160 1.598269202 -0.751102668 -0.600500433 -1.383138078 0.007587265
-23.346289275 -7.369881001 -27.437594645 -0.788152966 0.528651081 0.004120653 0.315160209 -1.821852465 -0.216709680 -0.922163353 -0.242284318 -0.041043714 -1.320008443 1.069179666 -0.108473842 -0.088492588 -1.294885813 0.566810522 0.506932870 0.392971400 -1.365732845 -0.460141584 -0.183982096 1.406945063 1.931588263 -0.679936927 0.156200440
-16.163711008 -5.038440773 -20.231453417 -0.800006713 0.433360884 -0.398990963 -0.113990418 -0.535667302 -0.173300571 1.982459372 1.015511934 -0.463966305 0.661678352 1.608788822 -0.508507402 1.004645695 0.716925473 -0.969527484 -0.090228040 -0.006871426 2.005623458 0.245231699 0.202563934 -0.020026604 -0.822251665 1.710716098 -0.392767056
-13.713730349 3.057382043 -23.275489936 -0.700992377 -0.549747807 -0.395021989 -0.224376166 -0.079946830 0.628546883 0.844588682 0.477369331 0.289330942 1.784988191 -0.830751276 0.282094096 1.709348265 -0.681591081 1.034063695 1.035230917 0.126296176 0.157804810 -1.405100183 -0.882307564 0.179448795 0.010610781 1.216682182 -1.328454364
-28.547248891 -2.908391794 -26.951823540 0.476664456 -0.771821369 0.058366545 -0.416744667 -0.139807525 -1.634913651 -0.921089518 -0.067488821 1.121079746 0.652781809 -0.537639607 -1.989288813 -0.679682005 0.850909962 0.793709984 1.612945705 -0.420661637 0.748715609 0.154471105 0.561426573 -0.161133783 -0.779380261 -0.064416940 -2.502941536
-21.764709486 -3.875909342 -30.357954663 -0.470129692 0.477777282 -0.337948702 -0.660679662 0.907017755 0.342936828 0.640998254 -0.361433131 -0.618451542 0.218096143 0.695196951 0.051951109 0.615332765 -0.249546949 0.878804422 -0.719506025 -0.334070692 1.056974523 -0.467370715 -0.169651763 0.579259119 1.743496735 -1.121711138 -0.546212654
-19.382425824 -4.701856577 -17.973219388 -0.797353294 -0.587596153 0.125219240 -0.057259306 -0.765733053 0.587077123 -1.287193566 0.674907128 -0.951446140 0.488642014 0.850646000 0.772404886 0.498445696 0.946679861 -0.588064596 0.168077268 -1.099044278 1.743825362 0.638569197 -0.404423003 0.717452626 -1.302289319 0.347525102 -0.777020641
-24.555167544 6.578416241 -25.817996029 -0.472509887 0.469069771 -0.664573528 -0.339190187 -0.653373062 -0.299425705 -0.758638512 1.854816879 0.231754492 -1.879959004 0.742053434 -0.494701654 -1.183577492 0.213435331 0.824806633 -0.510347915 0.777261438 2.441281751 -0.118516666 1.458989139 0.811559560 0.157903265 1.465822044 0.988793804
-21.172096710 -0.141686206 -22.897194742 -0.657081826 -0.531579975 0.528880917 0.077143894 0.151465644 -1.103262472 0.499061927 -0.872993876 -1.057003249 -1.547513674 -0.447510222 -0.080017417 -0.317449864 2.527587325 0.098875659 -1.891583736 -0.027618839 0.514125618 -0.764360678 -0.086498414 1.850049355 0.965218537 -0.039564974 -2.120757758
-25.701845318 -8.860329174 -17.392275422 -0.373060901 -0.541914635 -0.099357494 0.746513350 0.148829445 1.205546058 -0.641035925 0.678614606 0.265125157 1.890114195 -1.125822979 0.781515882 -0.160977274 1.204592406 0.205317735 1.998228464 1.865177866 -0.924397531 1.469355911 1.325602143 -1.500893436 1.662758215 1.577424853 1.906966735
-18.681364420 -6.827530872 -25.195874625 -0.429748877 -0.112661109 -0.875047598 -0.192132974 -0.021899412 -0.434126551 1.791723435 1.189877997 -0.136026867 -1.028416420 0.324991436 -0.591281498 2.067268828 1.776958960 -0.384960670 0.673946339 -1.314877690 1.740734413 -0.883841224 -0.102814214 -1.135526415 -1.039126889 1.515034221 0.971661705
-17.123339004 3.639682158 -26.072535716 -0.487199074 -0.124345396 0.797658218 0.333041517 1.906983993 -0.583962123 2.129671078 -0.303159317 -0.835337552 -1.319219398 1.032167303 1.058504932 0.022868653 0.844787186 -0.234638531 0.178091385 -0.409860490 0.454247983 0.757194578 0.449173549 -1.098061876 -0.126554445 0.635078129 0.165795217
-26.380602838 6.173957447 -22.083982387 0.585459075 0.347432116 0.684395590 0.261019679 0.041182015 -0.737112790 -0.661422252 -0.522039482 0.426213665 1.357978401 -0.602451043 -1.469931208 -0.052733460 -0.846163988 -0.124452991 0.961696529 -0.363543695 0.310469399 0.101536376 -0.228258024 0.455975830 1.410357774 -0.294408759 -0.112443848
-20.255885933 -2.250598580 -14.222591709 0.066445518 0.508366397 -0.292616671 -0.807170418 0.081050791 -1.481870377 1.654706706 0.789985670 -0.654540844 0.189994551 -0.630536705 -1.920845563 -0.288805459 -0.955585679 0.302453020 1.186237402 0.938920690 -0.640118288 0.054229294 0.537299119 1.550698071 0.556385500 1.018076073 -0.296132503
-26.740291635 -2.156216318 -18.820943759 -0.175079190 0.422353211 0.638601128 -0.618994056 0.319345181 -1.237306165 -0.359418389 -0.723483464 1.460705113 -0.977822193 -0.221196621 0.949648479 0.114873669 -1.144926305 0.151173082 -1.969910649 0.753946213 1.064867903 -1.995525187 0.009389367 -1.902889775 -0.896213774 -0.802047864 -0.907146159
-19.183754459 5.103337300 -23.359021203 -0.056801758 0.427124130 -0.238230794 0.870393375 0.886586007 -0.907291388 -0.833679213 0.863235264 1.562164635 -0.009853394 -0.109552657 0.634470436 -1.208741310 2.508995990 -0.559881966 0.857250603 0.772049154 -0.660628201 0.586240292 -3.034364800 -0.221613176 -2.363678141 0.962921635 -0.568853252
-22.917719633 0.228692984 -26.218861203 -0.324731179 -0.612793353 -0.161590959 0.702084275 -0.218457328 -1.604282806 -0.290392195 0.700184306 -0.198364345 0.332902961 0.267157352 -0.103606922 -0.612872490 -0.971602872 0.733883924 0.917948004 -0.830189755 0.476696650 1.315878638 -0.168757655 -0.304335262 -1.418963318 -0.063116990 0.156482689
-23.651211609 -7.599849846 -15.455709960 0.222960163 -0.962213943 -0.065205968 0.142060815 -1.649771520 -0.367567237 -1.851045522 0.365322140 -1.341662720 -1.180577520 0.491051875 -0.078578764 2.044306803 2.240549248 0.234613061 -1.690215560 -0.529541655 0.118066094 0.280820261 -1.516298128 0.695045844 -0.060297337 -0.296429052 -0.041430877
-28.889226721 -4.399021902 -26.777141850 0.161125518 0.650143326 -0.113494296 -0.733806015 -0.973228153 -0.544962211 -1.180243319 0.272719473 -0.010720591 1.701386533 0.434652939 -0.794613032 -0.760896084 -0.800151510 1.021161020 -0.483671046 -0.153666146 -0.785873358 0.288387542 0.506755216 -0.669332946 -0.918842893 0.668830380 0.392779631
-25.358924800 -2.365280973 -17.856510921 0.790769964 -0.185358987 -0.419817314 0.405065838 0.534445849 -0.891255537 0.168552826 -0.944693311 1.747359136 0.251555009 -0.045328482 -0.268636036 -1.539500448 1.634433681 -0.396350428 1.014277891 -0.193317977 1.042041103 0.075287895 -2.693107656 0.506306205 -0.577922050 -1.126229268 0.508296173
-20.410919708 -4.873627266 -18.216679205 0.137836696 -0.571017236 0.637229332 -0.498877881 0.367773789 0.399094379 -1.163619522 -0.261934414 1.263810170 0.161620513 -0.867395861 0.903771931 -0.225083526 0.095582313 -0.324773872 0.819046371 -2.904354432 0.963317787 1.385831680 -0.399489439 1.758858045 2.464063764 -1.530878052 0.761024046
-18.739359662 2.300945810 -25.393215105 0.357534925 -0.131023152 -0.160641704 -0.910601973 -0.692894903 0.179332863 -1.569978257 0.298768118 -0.696071492 -1.872487330 0.396486015 0.080765787 -1.399965739 -0.613048395 0.858362213 0.191558794 -0.768522662 -0.835987529 -0.547097979 -0.806263171 1.162191128 -1.372429351 1.872264842 1.182079731
-22.298345747 -5.883328472 -25.899637435 -0.843428002 0.482262580 -0.017046229 0.236138593 1.018373222 0.129854516 -0.072036678 -0.877621536 -0.877577160 -0.622921642 -1.369415497 -1.013711439 -1.115108173 -0.088088110 0.291424181 -2.251792000 -2.131227098 -0.366710474 0.162033447 -0.710134602 1.687829807 -0.533329047 1.992331859 1.546952156
-14.085563033 -7.286163581 -21.939988610 -0.400744728 0.186334103 0.619561050 -0.648712086 -0.436784169 1.026759237 1.031126409 2.297296391 0.725506061 0.612349786 2.278794888 0.345421938 0.001193423 -0.486314645 -1.026094934 -0.469211230 0.254708410 -0.411856212 -0.237611395 -0.736844110 0.507984228 -0.654977234 -0.198052542 0.477775432
-18.440121050 2.058968454 -28.359779136 0.389311100 -0.099406272 0.409040004 0.819293315 0.428452112 0.782339108 0.120377552 -0.376011931 -0.369927664 0.067070498 -0.981627679 -2.343348598 0.633558082 -0.205285511 0.765799556 0.266081266 1.490109260 -0.673134029 -0.542502246 -0.601972574 0.620125911 1.309517137 -0.626812110 -0.621689626
-24.422974929 -0.087378032 -23.089014562 -0.017667174 -0.324177099 -0.599717549 0.731393151 0.216442558 -1.025923148 0.402570589 -0.677176984 -0.764191881 -2.525364230 1.791080594 0.192148930 0.696367690 -0.206950705 0.246516186 0.176873140 -1.318375519 -0.178209367 -0.851721252 1.836290705 -0.749998952 0.528210464 -0.954565183 0.056681077
-23.906319586 -3.637969633 -15.801242949 -0.311496594 0.690075528 0.601651933 0.254520311 -1.093715723 0.103815198 0.319745992 -0.355891319 -3.146847851 -0.813226593 -0.159299192 -0.699321882 1.667385004 1.009788079 0.632700240 0.615439629 -0.827627197 -0.914874440 1.560318119 0.268666169 -0.338358336 -0.600664434 1.634449739 1.585138853
-21.242524816 -11.062765631 -24.335405508 0.431965077 0.652823634 0.464423363 0.414171963 0.227400760 -1.304002633 -1.219995886 -0.310135535 0.469786333 0.343718859 -0.544304042 -1.567866103 -2.064549808 -2.085741181 -0.783790984 -1.672325488 1.035278894 -0.154525245 -0.263893961 -0.595470089 0.073530122 -3.591615275 -0.090085865 -1.243879372
-17.566124343 -0.035161932 -16.936110302 -0.448790095 0.761775109 -0.428792022 0.185535806 -0.002521517 -0.159319218 -0.076277178 0.898468573 0.719120671 0.156783754 0.996913046 1.651617420 -0.458210730 0.127470881 0.343235319 -0.660922922 -0.956663328 0.870279666 -0.448852215 0.841647319 0.711891541 -0.817045909 -0.554093689 0.957785843
-20.426946863 -6.669047122 -30.202671269 0.263712157 0.080682872 0.940600074 0.198034526 -0.676970825 -1.554382277 -0.470694743 -0.928126395 1.258488409 1.352617787 -0.476853123 0.009022810 -0.270994986 0.395809887 -0.292404509 -1.087598290 1.138050697 1.438257370 -1.595596062 0.141067745 0.631741235 -0.138336910 0.936527608 1.644699491
-22.309991836 2.897351818 -30.420726864 -0.275378162 -0.010334012 -0.350366531 -0.895155500 2.320410717 -0.659587845 0.350503838 0.874819207 1.007064422 0.760866163 -1.951175566 -1.007595821 0.307732690 -1.192660688 2.073906650 0.384091528 1.142520960 -0.404439751 0.882824860 0.578693030 -0.706627688 -0.273996831 0.867916026 0.566927335
-19.579775070 -5.014032173 -26.219704082 0.254230091 0.648128913 0.656739337 0.289809276 0.258839287 -0.662519648 1.196088979 1.349680342 0.333424581 -1.140281789 0.931355301 1.259281116 1.198729478 0.727871708 0.207612561 0.195864176 -0.182987471 -0.439444791 0.907415687 1.317885045 1.239174531 -1.103079107 -0.493697105 2.212770838
-23.510557567 0.599640580 -24.283368779 0.694457354 -0.269933946 -0.458600631 0.484303737 -0.585032456 -1.156806314 2.015563674 0.664785199 -2.480909337 -1.308414313 -0.816293541 1.260208677 0.161957036 0.973703847 -1.056326366 -1.351335228 1.183211292 0.584247634 -0.221693524 0.486337715 0.432475943 -0.273653076 -1.063741856 1.152450828
-23.852134170 5.350632875 -18.511044821 -0.379603320 0.067544834 -0.909190442 -0.157199732 1.045356975 -1.229144066 -0.364250096 0.125603635 0.940892792 0.249278642 -1.571490635 0.891225896 -1.225426866 -1.407354641 1.714372918 -0.455894877 -0.226982592 -0.526965295 1.667984223 1.583396663 1.601243934 0.598047866 0.406409903 0.590203442
-25.078571953 2.834922876 -20.989314727 0.131845244 -0.095680156 -0.983744520 -0.075556991 1.277444772 0.125512977 -0.323263109 1.918734459 -1.300947912 1.086858336 -0.705341170 0.796284493 1.012819363 -0.383605638 0.140015468 1.740883362 -0.616790887 2.348354733 0.838717213 -0.214391085 2.053506804 -1.071407157 -0.402632998 0.551696892
-26.435320156 -7.908901959 -20.286039215 -0.667813896 0.713875217 -0.196054800 -0.077261182 1.544472409 1.226312904 1.318235540 -0.481992667 -0.244693846 0.180020986 -0.036228067 1.231086519 -0.205954183 1.279688819 -0.018183434 0.060838295 -0.791896957 -0.630013824 -0.824131558 1.804906687 1.492546170 -0.224976611 -1.141533208 -0.792535586
-20.676223495 4.859079533 -27.177314609 -0.517539200 -0.439824574 -0.418386193 0.603042713 0.692718918 0.985549094 0.978504663 -0.596767152 1.457119225 0.960581481 -0.312294363 0.131490021 -0.707130651 -0.146098631 -1.308736699 -0.221274587 1.227018181 0.770951618 -0.150574727 -0.592108108 1.182964970 2.265757393 -0.785424069 -0.615775682
-13.995318233 -0.891029463 -26.612756012 -0.299556231 0.836441866 0.352873022 0.293447951 -1.038211918 -0.124601609 -0.583004263 -0.378877119 -0.404627856 0.253190598 0.188312433 1.788895532 -0.064092391 -0.216057010 1.677420651 -0.186623243 0.450372179 -1.359474492 1.746689274 -0.729830274 -1.173696935 -0.306147344 1.499842757 -0.576970233
-22.863500553 -7.742688681 -29.234659518 -0.101520477 0.351487265 0.186007780 -0.911894402 1.951440566 0.759685039 0.360469485 0.352752809 0.027974408 0.681126934 0.847359375 -1.700492848 1.177007970 -1.186864258 0.165054117 0.645798792 0.445678202 -0.980277308 -0.849502968 1.177965918 -0.981184877 1.191441870 0.105394796 -1.741634245
-22.745225431 1.285786336 -29.522648301 -0.281532495 -0.260785528 0.049208132 0.922121967 1.193197630 -0.232740268 0.031322308 -1.239306613 0.921792127 -2.124754991 -1.326969607 1.557804600 -0.712757817 0.042588048 -1.114391152 -0.634422097 0.499153314 0.501375242 -0.113229148 -0.304951963 0.700548653 -1.728721156 -0.233284749 1.462266003
-14.966738139 1.726579181 -21.028031394 -0.708364599 -0.489740170 0.135999549 -0.489773707 -0.247283027 1.751377725 0.807452208 1.186353285 -0.737026930 0.908584660 -0.569211549 -0.643600765 0.534279070 -0.029982585 -0.592451939 -1.052329987 0.093563047 -0.513256168 0.450867261 -0.175587779 -0.185154757 -0.509375390 1.554284012 0.904954340
-17.251259748 0.564775991 -23.111762084 -0.204079728 0.705194026 -0.295393293 -0.611388299 0.481873191 -1.300726177 -0.526089975 -0.320561346 0.771688158 -0.031236953 1.206664248 -0.468056420 0.391863229 0.261144087 0.303471455 -0.571919925 1.077969995 -0.784252323 -0.497441597 1.873975847 1.652489651 -1.306165001 0.288629176 -0.012840280
-14.198372688 2.120251205 -19.733872852 0.638370261 -0.218406249 -0.729968546 -0.109215576 -0.679587399 -1.207610925 1.358070305 -1.123319700 -0.360954546 0.534570467 1.040887937 0.686188635 -0.480899655 -0.069701395 -0.013460011 1.939433791 1.032933399 -0.950239191 -0.697278899 0.633703323 -0.770021428 -0.715741043 -0.374265932 -0.212665742
-18.186942473 -1.831612442 -22.318042835 0.292826097 -0.754688503 -0.063524460 -0.583663245 0.488973596 -0.015534212 2.058094829 0.256529550 0.042394729 1.149228681 1.209297356 0.104046358 -1.175117205 -0.773048086 -0.392327890 0.396078598 -1.764024230 0.320232091 0.080227788 -0.148744398 0.987915064 1.078627381 -2.062471692 -0.678348328
-15.056703322 -4.697303745 -26.575786957 -0.811699896 -0.338729286 -0.150247813 0.451476849 -1.035572892 0.451542303 -0.513006669 0.451883720 1.270328719 1.795056532 -0.008948280 -1.182154579 -0.449220695 -0.375346364 0.042977471 0.267882740 -0.789273885 0.890400829 -0.672311979 -2.130762839 -1.638435255 -0.146433271 -1.043975093 -0.417477114
-25.583213977 0.292833936 -27.878464831 -0.580238598 -0.313890458 0.358643324 -0.660432370 0.310248053 1.365907140 1.782402070 1.064454089 0.063531872 3.219902292 -1.215741595 0.551142924 0.925357489 0.581622094 1.388265854 0.947243841 1.416082170 1.365084386 1.672547968 0.175993807 0.158608505 -0.770775441 -0.806683561 -0.457018629
-25.199820234 3.640769044 -19.231937511 -0.216222385 -0.159110879 0.873957834 -0.405128760 -0.124523844 -0.034920473 0.499431817 0.757695941 0.004782137 1.065786815 -0.415825001 0.413335916 -1.159391609 -1.430159665 0.975903630 0.447637737 0.725581471 0.994152146 -0.348883976 0.415541931 0.156540061 -0.872667244 1.598367560 -0.559245553
-27.331495451 -4.713405265 -13.796811836 -0.967225805 0.197952100 0.128862637 -0.093185989 0.204636525 1.054524467 -0.090955112 0.788239646 0.745858422 -0.300949045 1.076868727 1.470617983 -0.283608374 -0.803404604 0.024202849 -0.132921734 0.699007764 -0.057365029 -0.985166387 -0.435984884 -2.602253367 0.367325233 -0.777478490 1.630772736
-24.618909688 3.377677025 -23.209587435 -0.717817303 -0.660714843 -0.209169502 0.066650850 -0.848265351 -1.357197664 1.146776835 -0.301839032 -1.158623052 1.977163279 0.279166724 -0.056531341 0.023784343 -1.417945092 -0.056861915 -0.698080365 0.305342860 0.334113874 0.488286440 0.286978445 0.618866810 0.386348570 0.601524560 -0.667264245
-20.803668572 4.830893606 -16.096130098 -0.323302576 0.053084024 -0.699092587 0.635552583 -0.039598099 0.658100274 0.051485080 0.279520723 -0.427202075 -0.527688130 1.145051008 -0.276403685 -0.207589942 0.700921141 -1.732914872 1.953152558 0.471782044 1.259606339 -1.220668517 0.519305465 -0.485067457 1.094085499 1.181619005 -0.774503586
-21.082804469 -1.639320039 -25.216690252 0.840489135 0.220565015 -0.394643073 0.298640138 -0.205851170 0.708158611 0.589698722 -0.381826805 0.429925110 0.174521922 0.639104890 0.533885102 -1.817685421 0.258903599 0.185898295 -0.415267244 0.298225087 -0.562189335 0.733163643 -1.658632637 -0.617522527 0.508340244 -1.041075888 -1.021042421
-19.786870308 3.038311867 -17.987893197 0.845377916 0.227299449 0.241387462 0.418811691 0.692256287 -0.574277529 -0.413175297 0.594774247 0.419701190 0.440743984 0.015696698 -0.712363604 -0.903857904 0.386484008 -0.832223474 -0.247541550 -0.527762154 -0.699496886 -0.224348475 -0.938388048 -0.325910342 1.651024333 -1.634418952 -0.580634318
-27.045014049 -5.027363872 -19.818582216 -0.537138213 -0.444957207 0.303521831 -0.649130281 0.448409886 0.911067808 -0.298307103 -1.534454375 0.292297180 0.147896564 0.192696170 -0.775340249 -0.072597643 1.113479090 -0.386427636 0.922440210 0.940085598 0.918869030 -0.315144075 0.352308818 0.065938129 -1.072462602 0.234355362 -1.027832348
-26.228819967 -1.958058090 -18.529165110 0.189324621 0.513417598 -0.058266756 -0.834963199 0.317800139 -0.460148343 0.478654416 -0.045045682 -0.992325263 -1.659249715 -0.253435375 -0.476083888 -0.729497513 -2.379389479 -0.107465066 1.648000574 -0.486306627 1.570219510 0.769387339 0.146763588 0.456257640 0.283183496 0.311415392 -1.136082014
-25.301902835 0.999969696 -13.732846400 -0.664805743 0.744660731 0.000549548 0.059274086 -1.871326031 0.024957809 -0.057651573 -1.867855703 -0.686585144 -1.101715294 -0.595834753 -0.649748256 -1.449507442 3.007913751 -0.057009235 -0.651718686 -0.236486371 -0.155444202 -0.592362046 1.268573638 -0.955091606 -2.404150323 -0.005963055 0.376638109
-19.602299271 6.508154858 -25.716529210 0.206741842 0.379620939 -0.330177167 -0.839123824 0.822637023 -0.121447317 -0.108343994 -0.010422424 1.008401004 -0.179885984 -0.087360072 -2.518534102 -0.013765527 -0.447051233 0.337677061 0.247439860 1.370222794 0.165293031 -0.266669648 -0.210624327 0.048748171 1.786734946 -0.152531663 -1.097539339
-14.856714373 -1.456896530 -28.205317982 0.378525992 0.785197579 -0.079966627 0.483516467 0.454172906 -1.392127398 -0.602627958 0.000944855 -0.310931598 -1.950980398 0.131631829 1.267781088 0.690220423 0.838818165 -0.335426467 -0.334184122 -0.289125916 0.751334065 -0.191962087 0.551711821 1.125638493 -3.407548984 1.401474273 -0.449097580
-22.957554737 -7.253524660 -20.155418201 -0.290621054 0.775298244 0.398969962 -0.394049496 1.679941239 1.033273067 -0.621137570 2.184353027 0.018508163 -1.200841305 -1.202735250 -0.424508277 2.606572066 2.368131662 0.518589698 -1.246187617 0.939623806 -1.460392139 1.622421579 -0.504225419 -1.435903523 0.572910018 -0.913812137 1.309643614
-23.428999601 -5.224686454 -28.466821987 -0.117047972 -0.006613882 0.316116865 0.941448966 0.501743560 0.543459824 2.455385538 2.284388138 0.531310893 -0.525805466 -2.252748123 -1.386860866 1.579178739 0.531875640 -0.092697061 -0.513738706 0.339263140 -0.141728648 1.501931005 -0.985235792 -0.435597422 -0.770922963 -2.307577351 0.481555379
-23.629935951 5.592024016 -16.279824018 0.517414431 -0.518546931 -0.342058410 0.588546881 -1.817140629 -0.721020267 -1.311472663 -1.955210158 0.604341818 0.015299398 -0.558335655 0.906830205 -1.352418332 -0.486634742 0.313455511 0.277609266 1.027234812 -0.851555221 -0.811848182 0.054208528 0.996044657 -3.104538106 0.548801333 -0.006987186
-22.170415299 -0.421762855 -24.270543472 -0.674304316 -0.580557316 -0.016482224 -0.456064938 -0.148467263 1.429893828 -0.459607720 0.041485950 -0.199966239 -0.708609201 0.391430318 2.066016916 1.039046599 0.263995293 1.031458956 -0.299260752 -0.251963195 -0.633231470 2.051868975 0.459135520 -0.327625284 -1.256928702 -0.447973027 -0.616578228
-28.500932854 -0.987335782 -24.143207047 0.314417469 -0.945775354 -0.062155424 0.052795253 -0.185060355 1.724067007 -0.756329665 -0.557934066 -0.434951346 0.203567635 -0.325511641 -0.723014203 -0.566589126 -1.318328759 -0.497306329 0.734661031 -1.473059744 -1.048724509 1.485075395 -0.529053775 0.853640405 -1.934351241 -2.117020494 -1.500360906
-23.146328759 -10.485091074 -18.697390672 0.305854159 0.169619021 0.678694113 0.645799444 0.442035183 0.416956134 -0.605868783 1.517444175 -0.071010709 -1.606530776 -0.981202718 -1.047315057 0.127767051 -1.337406864 -0.408310681 -0.039788164 0.058342380 2.671571074 0.182883868 0.626499678 -1.914538734 0.782727330 0.628596605 1.130970365
-24.656678725 -0.441246282 -26.738231585 0.674456555 -0.388538171 0.347819155 -0.522655030 -0.700479880 -1.091882269 0.260308620 -1.194415638 -0.576091500 1.944726676 1.755825432 -0.082609577 -0.082222243 1.919844006 -1.089404421 1.043643377 1.530551605 0.503888899 -0.888936300 -0.649189424 1.738507119 -0.499154251 -0.328492513 0.482530338
-18.017064770 0.841737164 -29.640902247 -0.397800024 0.247721886 -0.429830713 -0.771773650 0.047185181 1.713365737 1.483203078 0.185561571 0.996380218 0.453123495 -1.594542830 0.020716457 -0.773241456 1.178879033 0.835863323 -1.593443613 -0.462455131 -0.037460330 2.496908293 0.055576659 0.122977459 0.241766520 -0.171086555 0.648736323
-27.205486313 -2.041231443 -16.312558534 -0.511733330 0.777549169 0.340624772 0.132367116 2.248149099 -0.488554798 0.951471114 -0.109954489 -2.502324530 -0.110304277 -0.251604956 0.680002762 -0.975790807 -1.462064532 -0.148606092 -0.167960196 -1.579832164 0.300245874 -0.711154582 -1.144658039 0.259430808 -1.886008303 -1.964185808 -0.177735017
-16.203804487 5.056679670 -19.434465586 0.678610800 0.625480576 -0.354680670 0.149876796 -0.395465747 0.729361921 0.656779430 -0.170119386 -1.926942677 -0.217872443 0.931459975 1.008981358 -0.233340183 -0.847661327 -0.042847351 1.561903725 0.784336805 -0.796968203 -1.555046967 0.246784849 -0.993921503 -0.623157762 -0.899563597 0.098967697
-25.952358364 -4.786485657 -27.154011617 -0.518011122 -0.250981244 -0.009151704 -0.817673002 0.814726371 0.652314625 0.261225716 0.887359456 0.860631059 0.057095690 0.934152610 0.205925537 0.461199113 -0.184193416 2.752260613 -1.417017923 0.360177585 -0.354580982 -0.967419122 2.022241651 -1.055834108 0.269902120 -0.759715046 0.262804489
-24.639659939 -3.872590475 -22.489508732 0.118867294 -0.740625026 0.324304714 -0.576343291 -0.824133054 0.806242504 -0.955862617 2.396303296 -1.240324310 -0.510164733 0.691583754 0.602812318 0.566356434 2.086325908 -0.595060635 -0.372862028 0.324483303 -0.829664667 0.536760634 0.964102844 -0.464463635 -0.040097115 0.713140198 -1.162414892
-30.402761913 2.290199368 -23.071180064 0.672403587 0.668879525 -0.316973429 -0.001201277 1.122382960 -0.099692216 -0.171244108 -0.685429141 0.475297559 0.260647135 -2.167081971 -2.072259571 -0.564359363 0.169045777 -0.621072283 -0.508902786 -1.934635570 2.181985391 0.366137995 -0.316404780 -0.648217950 0.379952306 1.824975039 0.019191304
-25.194848125 -1.483628601 -24.423582877 0.165983537 0.523710697 -0.835427753 -0.015396129 0.060588774 -1.319904450 -0.472495907 -1.218475614 0.193784538 1.508300210 0.395443882 1.515198073 0.207810783 -1.516167529 -1.509820875 1.542647821 0.551127101 -1.178078081 -0.370913129 -0.487296858 -2.541723854 -0.717242648 -1.468885482 -1.089012415
-15.653394901 4.496874749 -18.044022572 -0.126203839 0.398953305 0.907997777 0.021186999 1.384323356 -0.102723343 -0.881803808 -0.733435719 -0.895608480 -0.043882292 -0.269576349 -0.648695171 1.301072129 -0.691240382 -0.625783323 1.209619189 0.939473618 0.594149821 -0.646513427 -0.183494823 -0.224901065 0.291582981 0.040231307 -0.153584333
-22.881779489 -8.825257126 -23.100021385 -0.192246759 -0.539572791 0.694282458 -0.435745632 -1.136138846 0.528331387 0.858851579 -0.236537445 -0.393785406 -2.168260670 1.043709507 0.607365867 0.530703082 -0.803632842 0.436326705 -1.451063121 0.731001326 0.572730765 1.212065722 -0.983979814 -0.949636214 -0.615257655 -0.293599325 0.128532563
-18.444955305 -4.706169725 -18.256490698 0.127084345 -0.827063598 -0.078682454 0.541871244 0.348193525 0.013853745 0.894459090 0.974359204 -0.485231868 0.096530033 -1.482917920 0.015210228 1.261440307 0.207146112 -0.492976176 0.646392777 -1.091266150 0.644612286 -2.066853141 0.095804386 0.837476155 0.914974567 -1.297381218 -0.961146156
-15.664008205 0.947345367 -18.683406751 0.944111849 -0.076166029 0.304147071 -0.101715840 1.646935206 1.377687661 0.899242356 0.484805501 -0.398903692 -0.209210271 -0.357660386 0.485635512 -0.697432346 0.765826495 1.906986028 0.907986698 -0.902654368 -0.721137702 1.473808981 -0.392205707 -0.764540509 0.866996629 0.700374439 1.511517373
-21.277201170 4.826368893 -25.806746136 0.920861263 0.132384234 0.340426093 -0.136378240 -0.379158186 -0.330472704 1.203034695 1.452536428 0.427349260 -0.022166275 -0.897846192 -0.105890522 1.545189625 1.340376241 0.498656350 0.530450183 -0.735047534 0.172808893 -0.313634895 -0.664227692 1.745560578 -0.149325543 -3.372528903 0.405925702
-28.844048087 -1.948777040 -15.756596092 0.191618014 0.529674508 -0.678678683 -0.471298948 -0.144725756 -1.254403245 1.482795778 0.194851674 -0.131390178 -0.559550337 -0.313599490 -1.295869966 -0.127614330 -0.449466647 -0.672668977 0.448298219 -0.234635134 1.896162322 -0.130992886 0.681246762 0.483368940 1.487285801 0.705370949 1.063677732
-20.821972800 0.793377346 -25.386345064 -0.074565449 0.571784314 -0.749279593 0.325703520 1.700089386 -0.103329509 -0.150226909 -0.431681910 0.026038136 0.854601003 0.318426759 1.005566951 0.146705718 0.380346645 0.357023692 -0.132005041 1.392632187 1.089461840 1.615009110 -1.118895170 -0.345454443 1.607163155 -0.000392893 1.257648519
-23.016567132 -4.508319928 -20.182893819 0.081055635 -0.349645591 0.915041861 0.184055258 -0.935986650 0.628648336 -0.594818054 0.464603276 -0.350572476 0.329117308 -2.312050727 2.280089587 -0.999980550 -0.932577929 1.456437324 -0.008872813 -1.151864690 1.202046089 -0.758856191 -0.314670855 0.865355222 -0.791790044 0.528377843 -0.228624653
-21.761658915 -5.505317142 -16.761721341 -0.735485966 0.428372500 -0.043445059 0.523134708 0.570927024 0.593082003 0.078642155 1.157461277 1.735468618 -0.119190909 1.183468766 2.014429751 0.752733223 0.680578388 0.959406184 -0.558874471 -0.740012523 0.389678273 -0.868074942 -0.016000204 -0.444901779 0.697990980 -0.324083854 0.778228634
-23.697295973 -6.683164399 -17.237768712 0.322344927 -0.015270084 -0.944331195 -0.064024741 -0.633068267 -2.126278073 -0.462625737 -0.776085999 0.832533586 -0.140375063 1.163833777 -0.316207863 1.910608161 2.302790576 1.431359750 -0.144150335 0.523203174 -1.250214188 -0.598861165 -1.012882679 0.303916522 -0.289980146 0.325528835 0.933694704
-23.073580322 2.349329177 -28.549814917 0.460085939 -0.188555020 -0.861602497 0.102024851 -0.646878767 0.985356372 0.923126883 0.101283263 0.547922339 -0.512385908 -1.011225945 -1.063995076 0.015597632 -0.496094720 1.523347667 -2.829672643 0.947987072 -0.577373229 -0.834065814 -0.019793568 -1.067476283 0.464975426 0.471158562 0.877390132
-26.001016422 3.324822143 -24.146170508 0.481486053 -0.450709214 0.068330605 0.748574187 -0.991292236 -0.349011069 1.014518628 0.011228698 0.751146815 0.837523522 -0.335907202 -0.061967591 -2.206738952 0.296519326 -0.169919419 1.721208037 -0.564817001 0.968211942 -0.773172754 -0.086199482 0.048066074 -0.503562385 1.003702349 -0.159019805
-17.105466513 3.759196181 -25.960079537 0.303100076 -0.561459886 -0.753022110 0.160781971 0.268253891 -3.071908057 0.920545889 -0.815950122 0.301585154 -0.195864696 -0.875175870 -0.543892271 -1.227527231 -0.680860978 0.778019915 -0.020382296 -0.882730177 1.242353775 -1.357832916 1.315218853 1.518000904 0.974926807 -0.738912366 0.201053267
-23.404788135 6.067772835 -27.437847158 -0.198098660 0.396572663 0.153980928 0.883049782 -0.559061639 -0.528480875 -0.827065420 0.892579240 -0.488878140 -1.288832886 -1.497375360 0.058647357 -0.536303131 1.101002778 1.130968890 -0.208859120 -1.005934815 1.725200933 -0.446731987 1.162371192 1.327795662 -0.950528342 -0.292481140 -0.714028384
-17.364279967 -4.086046859 -19.658000960 -0.112396272 0.986165409 0.051652219 -0.110349049 -0.482366571 -0.569066871 0.558103120 0.259151204 -0.268942343 0.715083369 1.357753471 -1.501829499 0.694464254 0.793331694 -0.042544501 -0.637772432 -1.915473648 -1.123570972 0.936026397 -2.326248293 1.486669019 -0.345740620 -1.056596401 1.450870967
-22.404733978 4.954385848 -26.676179987 0.633086012 0.517817495 0.378212424 -0.433615620 -1.683933946 -0.013487757 0.910299419 -0.170304095 -0.478818898 0.794073564 -0.149340679 -1.888864372 0.440923747 0.793890790 1.267464193 -1.375899174 0.679347560 -0.595861199 0.205223215 1.071632266 -1.109248559 -1.301213908 -0.133326771 -0.854944107
-17.442646288 -8.378909393 -19.910780404 -0.673872206 -0.527834149 -0.510254025 0.083235757 -1.106441431 1.317704913 1.936121329 -0.017138480 -1.271200249 -0.182852694 -1.688126545 -0.568415362 -1.324309903 0.271993429 -1.867243106 -0.973028549 0.811652598 0.228591224 -1.296481888 -0.527514869 1.035103888 2.164444157 -0.921352792 0.420793069
-24.280247346 -2.855552275 -16.089110734 0.460209133 -0.512665591 0.332454247 0.644092943 0.454088533 -0.786795225 1.457978727 -0.680633117 0.185703766 -0.909264187 2.044466016 -0.968650718 1.105923850 0.359541211 -0.522243101 1.553127167 1.445556892 1.604330162 -1.240466116 1.219329681 1.047715271 1.643866584 1.138472850 0.329881755
-28.772109517 -5.936199699 -22.053879276 0.324707088 -0.478521649 0.509360655 -0.637286483 -0.271576377 -1.053650285 0.677884120 -2.736386085 -1.176402074 -0.765737557 0.073425511 0.719964798 0.009572706 0.169708210 1.116373263 -0.655163626 -0.234195777 -0.700017834 -0.639124636 -0.233804465 -0.005733320 0.990348968 -1.636502852 2.708157245
-21.090217518 -9.916526369 -23.389357297 0.192710102 -0.972271907 0.103902229 0.082185653 0.339994789 0.047458612 -0.058013895 0.635903875 2.197569854 1.783783629 1.020103208 0.087034859 0.109741758 -0.376127493 -2.897249873 -0.454471642 0.968489194 -0.471449504 -0.251744027 -0.183045421 1.751183220 -1.658886453 -1.623336786 0.443685174
-25.282282531 -2.155985925 -17.065253935 -0.838147846 0.189301610 0.176482155 -0.480132417 0.045341969 0.510670377 -0.241691963 -0.410664169 -0.935673975 1.116603297 -1.034196618 1.960576202 0.637272360 0.940804965 0.005095668 -0.026726557 -0.235494147 0.323634329 0.376648850 -0.499167001 -1.353413961 -0.118380708 -1.934857997 -0.679519921
-19.553873042 6.667074290 -19.324797800 -0.676421027 0.083977645 -0.045094670 -0.730321039 -0.904559377 0.255404023 0.291802894 0.096240072 0.804881424 0.492285849 -1.205968388 -0.860775304 0.831042266 -0.668033127 0.026996836 0.373129913 2.032017780 -0.288063038 -0.634243109 -1.169597738 -0.047793020 -0.891415970 0.200939481 -0.041653753
-16.587367992 -7.300257729 -16.543516815 -0.663028821 0.379202003 -0.561198658 0.318833326 -0.759020732 1.150157179 -0.744038479 1.475694595 -0.906608513 0.088586644 0.334454050 -0.203061251 1.571381691 -0.246144868 1.453662551 -0.806772068 0.595385653 -1.565869429 1.471517967 -1.348788433 2.217184403 -0.101920760 -0.046719477 0.559282915
-25.679251508 -1.087176034 -14.835955234 -0.182705898 0.923095434 -0.308114906 -0.139923475 0.248210830 -0.367968140 -0.266843353 0.045883389 0.141602432 -0.652027253 0.080857588 0.467680745 -0.089808945 -1.427395514 0.032896247 1.010346235 1.908517675 -0.789606967 -1.430925145 -0.513233352 0.134923629 -2.718079981 -1.810022057 0.382594475
-19.975778095 -6.913526503 -25.026690849 -0.117484635 0.376626951 -0.664580539 -0.634572461 -0.146769445 -0.447401070 1.015041543 0.355482253 0.419408668 1.694531960 -0.011848027 -0.905520057 -0.379356140 0.668833142 -0.841043428 -0.506754947 -1.145436267 -0.920435324 -0.432608978 0.416878151 -2.964185074 -0.465444207 -0.388573280 -0.473317374
-27.867395058 -7.214292776 -27.510706121 -0.249579190 -0.557429806 -0.704724517 0.361034063 -0.922209200 -1.415744302 0.844273862 -2.041839928 0.211092913 -0.443580009 0.474069853 -1.091035763 0.013471519 1.597235853 1.252365542 0.750824751 -0.223009484 0.416036658 0.758238801 -0.157171643 0.000117418 0.830891278 -0.450356599 -0.706051699
-19.681027254 -10.912604755 -23.600108034 -0.443209940 0.604029033 0.614225297 -0.247873275 1.374239306 -0.300297416 -0.449487591 -2.642754539 0.679778107 2.380964205 1.220890155 -0.608308976 -0.906839279 0.794301616 0.042638361 0.183344354 -0.857196504 -2.076853538 1.023444556 -1.197948468 0.484448595 -1.135779558 0.629836138 -0.792758920
-23.561385375 -6.159399316 -21.058137232 0.064068518 -0.540486039 -0.492990346 -0.678771380 2.254915658 -0.253268445 -0.428636446 -1.181214214 -0.147344816 0.885381545 0.250542919 -0.497029716 -1.934758793 -1.601211278 -0.931585932 0.697424935 -1.178673052 0.995506341 0.548387056 -1.193080297 -0.172543991 -0.998932728 1.163177709 -1.204810288
-18.760324351 -6.806635099 -22.251919258 0.431184034 -0.838604266 0.220076868 -0.249778676 0.563686192 -0.079314175 1.071388308 0.359009148 0.689604134 -1.460902002 0.938802808 -0.271554736 1.150552071 2.295616887 -0.883422210 0.825637246 0.113550776 2.054953330 0.275307527 0.652503551 -0.727006662 0.665851933 -0.402609723 -1.005395370
-29.019851752 4.479303607 -20.199612421 -0.032339085 0.950587198 0.020856289 0.308063594 0.788068033 0.319547340 -0.096158113 0.650385570 -0.229275080 -0.234932420 0.640523735 -0.060076551 0.200269077 2.404293087 0.238856542 -1.632256459 1.904795355 -1.499422886 -0.252476090 2.007692580 -0.163852627 -1.200963550 -2.131256586 0.229063770
-23.609757478 -0.128389921 -21.197006041 0.037487026 0.820984313 -0.499667270 0.273700748 -0.067364500 0.731706135 1.289222161 0.872197566 0.527236347 1.852007826 -0.565769219 -0.950030327 -1.398114233 0.113727950 -2.198675870 0.039232012 1.241681750 -1.882768129 0.253893679 0.388920734 -0.986556490 -0.100272727 -1.248306669 -0.181864552
-20.631966237 -8.344458007 -18.226648625 0.655913589 -0.146944767 -0.419080084 0.610374051 0.599348340 1.470450293 -1.144779577 0.491593455 -0.745185038 1.613469737 -1.303569522 -0.445598422 -1.925662183 0.447178089 -0.819661022 -2.148508427 1.065093398 0.409438224 2.765290982 -0.672388383 -0.327543949 -0.567473746 1.396370462 -0.197762449
-21.763642444 -8.660444926 -16.399037793 -0.810550157 -0.071876885 -0.422960545 0.398680993 0.522966417 1.552070490 -0.473510831 0.488488698 0.633637546 -1.015371265 -1.649453038 0.682279471 0.172835479 0.747491520 0.025057909 -0.236876341 0.171485129 -0.123592249 0.109871902 0.813647770 2.251512338 1.259777896 0.442696577 0.166170405
-14.905309787 -6.035522730 -26.424451315 0.710357945 0.415328963 -0.316198358 0.472135616 1.025168280 -0.953520561 -0.428388764 -0.734456889 0.065978642 0.384968884 0.262717327 -0.478371018 -1.140250636 -0.754378709 0.507553065 1.307204160 -0.216026440 -1.858441547 -0.203163966 0.927759592 -0.147207040 -0.214894522 -0.891805741 1.133088484
-23.204084057 -7.236650979 -25.501620491 0.757231237 -0.166722769 -0.211285856 0.595115669 1.069856700 -1.901147287 0.796009650 1.881054473 0.244423701 0.094706271 -1.136996337 0.293300646 1.012135163 0.225331113 -0.298927539 -1.138724040 1.157068620 0.535245557 -1.144370881 -0.834474811 0.012502212 0.646581512 1.279886299 0.738538639
-17.995472419 2.326054517 -29.010438945 -0.310230372 0.846243272 0.228904034 0.367739559 0.072811218 1.077295147 -0.136607193 0.276287826 0.947664182 -0.249797629 0.954636444 1.471402201 0.123659380 -0.161617339 -1.085388012 0.844535377 1.012645735 -0.072008021 1.025679376 0.764749479 1.949374652 0.471709582 0.594394449 -0.621841116
-25.589348409 -9.864732461 -20.783444313 0.153510805 0.017941283 -0.700586954 -0.696627922 0.411892558 -1.049489944 0.078810969 0.104038256 0.344767081 -0.269769991 0.916101318 -0.183447432 0.038985453 1.479647342 -0.109688650 -0.058164766 -1.808699007 0.737292135 0.058476659 -0.877710678 -0.645000177 0.558356356 -1.134658351 -1.184055161
-19.425301217 7.840707070 -22.623046471 0.708124236 -0.243960764 0.023451318 0.662188227 1.845342297 2.166546458 0.605179595 -0.671092387 -0.152299516 -0.451385865 -0.045994418 -0.756649594 -0.632361877 -1.081764885 0.472171984 0.672471315 -0.808078644 -1.637714854 0.044525350 0.419075697 -0.663233869 -0.042524610 0.045883055 0.617045485
-12.885176306 -4.842495653 -21.770787298 -0.425907091 0.381064646 0.213271912 0.792406446 1.229025333 -0.759646679 3.105331755 1.917265197 0.599468628 0.406302995 0.429203433 0.794797087 -0.244233113 -0.907780650 -0.686580404 -0.310281644 0.613816133 -0.941841599 1.317457578 -0.987801600 -0.733014521 0.245165605 0.529456957 0.743901638
-25.926659555 0.019987730 -14.820849344 -0.597562850 0.592057558 -0.445559589 0.306370920 0.468760776 -1.108591247 0.364677127 0.484521790 0.592018619 1.586208624 -0.812587913 1.192441464 0.858331630 -1.163003866 -0.879582620 -0.952766139 -1.853264893 -0.395324382 -1.490700614 0.435987677 -0.724672255 -0.088314305 0.919076729 2.243374762
-21.960905318 -9.788095145 -23.158383471 0.886855495 -0.341077274 0.289211613 0.116233673 -0.653037786 0.143706870 -0.901043028 1.502544388 0.576352468 -0.096125739 0.342499863 1.435071959 -1.503986515 -0.398519641 -0.170009560 -1.763372823 0.432928808 -1.925310349 0.778588156 0.088968662 1.387816183 0.633413518 0.246363361 -0.928120017
-20.269533444 -4.935767278 -16.925240112 -0.098531494 0.693291487 0.712330620 -0.047154496 -0.824680424 0.100104994 1.924832214 0.562220240 -0.074700846 2.403204196 0.071380011 0.489268853 2.146299415 0.477233375 -1.109146791 0.331330387 -1.345182792 1.657890652 -1.119979383 0.019916158 0.889219303 -1.171131752 -0.974855962 0.571880180
-27.230479655 5.069869491 -26.747837556 -0.445292294 0.644055895 -0.556783450 0.277306629 0.852006143 1.073438758 -0.064307755 -0.542978177 0.421194566 -1.893360158 -0.220245328 0.519651645 -1.144777273 1.012372311 -1.291253041 0.718668812 2.051112603 -0.189671444 0.351941405 0.083360475 -0.788810454 -0.436436476 -1.071801646 -0.080282610
-23.187669602 2.678044545 -15.887981183 0.495641634 0.710148404 -0.382729298 0.321787041 0.729285580 0.960881979 0.689393016 -1.007717334 -1.098128878 -0.160643142 -0.105625659 -0.005231362 -2.133091032 0.507863366 1.695609283 -0.217471902 1.047307908 -0.204584245 -0.324590077 0.228787348 -0.544599198 2.062747243 -0.189226740 -1.868166940
-26.252383478 3.765313263 -24.599329180 -0.223371454 0.545620965 0.793725715 -0.149674463 0.400375561 -0.194524744 -0.732223755 0.987200430 0.121022103 -0.575496431 -0.878220091 1.211258386 -2.072231846 0.089471931 -0.719456616 -0.797562667 -0.804980271 -0.653786698 2.247718647 -0.174749558 0.661579685 0.422109088 -1.396765486 0.499417546
-29.202524981 3.174535263 -24.141871185 0.383338598 -0.682411192 -0.622211854 -0.014795072 1.242708137 -1.102898517 0.160406419 -1.191373861 0.412674724 0.219726301 0.921996991 -0.998331987 -1.452514374 -1.431157595 0.867181291 -0.910155340 -0.195120726 0.942017585 0.692428405 0.147782582 2.500057736 -0.948483162 0.777146125 1.626222915
-20.430015151 4.158971734 -19.025535690 0.142701025 0.666755101 -0.683977737 0.259323174 -0.037729612 -0.801791805 -0.570067691 -0.696567532 2.182558262 -0.163262361 -0.325127703 0.263637576 0.297909718 0.465774759 -1.252225840 0.700721288 -1.082437668 0.253565201 0.783503087 1.655239557 -1.821916086 0.613377873 -1.907550680 -0.906024832
-27.228249351 -5.967647216 -29.225567104 0.446045857 -0.883774593 0.016796909 -0.140368893 -1.128809531 -0.062177335 -0.702291925 0.015776934 0.824137292 0.528755033 0.958866690 0.339971136 1.636362446 -0.507173124 3.369554501 -0.455221535 -0.082418586 -1.019928984 0.907193900 0.869579945 -1.729496299 0.829526088 -0.331358542 0.048717982
-27.742230023 0.469155210 -17.503198955 0.084042384 -0.785239769 -0.550693129 -0.270319182 0.197120585 -1.647525339 -1.697963258 0.720998573 1.383877275 0.509129567 1.353254193 -0.399616524 1.419957463 -1.134434391 1.553703694 2.045431414 -1.205048311 -0.162995965 -1.800738889 1.084575177 0.622988459 1.415557770 -0.121019872 -0.241091236
-24.138954325 -4.558748806 -27.767870179 -0.051173882 -0.839464744 0.487973206 0.233585805 0.585228208 1.684219502 -1.398287145 -0.002964083 0.225746746 -0.868296361 -1.131702678 0.140436503 0.867147655 -1.535581156 -1.870611009 0.161110498 -0.357826006 1.278874531 -0.370968481 0.147118514 1.089894615 -1.031153473 0.395378214 -0.016854421
-15.612189987 4.856166022 -24.525757389 -0.379299101 0.581283950 -0.718737938 -0.040705508 1.271402187 0.942469876 0.955125795 0.955964780 -1.258035662 -0.112165121 -1.359379862 -0.122551404 -1.233401694 0.707242564 -1.317032795 0.591701205 -1.160011525 -1.481721106 0.178149297 0.120239330 -0.258241634 0.632262705 0.191531753 -1.844349258
-24.993512186 -6.400102813 -29.758878211 0.462751926 -0.365562719 -0.716671373 -0.372299204 0.843691556 0.616864864 -1.832591011 2.665653025 -0.285505075 1.128766987 0.482231272 -0.500080777 0.207097926 0.266239317 -0.925899337 -0.007091659 0.983098742 0.281506700 -0.454300018 -0.606734423 1.678271098 -1.506043828 1.743067003 -0.414257806
-13.742781296 3.434475286 -23.247522419 0.490559699 0.027360058 -0.155583873 0.856969234 -0.101431675 -1.004680758 -0.407904392 -0.556235062 -0.453386411 3.360718357 1.026221556 -0.614744130 -0.371062833 -0.939514796 -0.812870697 -0.658448050 0.156756622 -0.869054840 0.248163663 0.730889303 -0.346704690 -2.111677433 -0.091422769 0.010654917
