28.378516522 -26.914169056 -16.797675321 -0.251279869 -0.741473418 -0.399889178 0.476617501 0.346566162 -0.492184917 -1.008234789 -1.677496059 -0.862756879 -0.123988345 0.269815358 -0.049282439 0.260036050 1.260603741 0.466208464 -0.195925250 -0.565935645 0.466038277 0.688327775 0.869229400 0.860256091 -0.647152569 -0.666930416 1.033432452
26.664241875 -21.000166840 -8.644484072 -0.699490201 0.029049972 -0.531207359 -0.477166952 0.145811397 0.811377813 0.305833192 0.076325550 0.374889363 1.171229000 1.292842134 -0.433334693 -0.345351982 1.026666041 -1.256368537 -0.796798188 -0.741705927 -0.220940158 0.358332596 -0.673805880 0.411170194 -0.395087613 -0.232572973 -0.062764087
31.290673153 -28.508346562 -13.097011844 -0.260136390 0.932088397 0.166597543 0.189170658 -0.895636199 0.535182286 2.088536026 -0.783424469 0.982317006 0.677558975 -0.938997935 -1.322375703 3.713020884 -1.300551661 -0.052181824 0.925722211 -0.691184387 1.540632099 0.316711373 -0.075769660 -0.481633060 -1.043832659 -0.204813533 0.936763751
25.090545702 -32.426225139 -5.899842681 -0.183323113 0.304792163 -0.850576649 -0.387316070 0.152933947 -1.046924231 0.009700039 -0.595004764 -1.517325964 -1.484930019 -0.113122573 -0.913990878 -1.161661299 -0.074740226 0.103506877 1.024808771 -0.049653254 0.347910668 -0.265432899 -0.259605002 -0.720971218 -0.072836576 0.784761658 1.956394518
23.396890537 -36.771128088 -16.505186710 0.196141956 -0.822833684 -0.223932675 0.484073567 -0.109090413 0.443432777 -1.238053249 0.026541290 0.339415386 0.439275582 0.892172239 1.161517349 -1.040331328 0.702343661 0.901190039 -0.596539583 -0.154569085 0.543179525 -0.884861305 -1.134519061 0.954932365 1.061290536 1.063218843 1.180198018
25.221863117 -35.625270067 -10.744524712 0.930490004 0.047066501 0.107994667 0.346857678 -0.701059442 0.477523717 -1.140746824 1.279105788 -0.081065741 -0.837287782 1.440253609 -0.897620526 0.213773410 1.123062915 -1.513608275 -1.251337043 0.203073114 2.201258514 -1.212687003 -0.278571365 2.230801685 0.222096364 0.502456503 0.648603758
35.551912748 -25.600965204 -14.899880362 -0.187284938 -0.298941496 0.186431159 0.916952429 -0.755787932 0.005190781 -0.554547662 -1.296189703 -0.488372538 -1.039309264 0.639448891 1.035725162 -0.368374861 0.340314397 -0.039588289 1.970773009 1.500607697 0.886878916 -0.478761917 0.859302411 0.713827172 0.753225634 -0.236109623 0.050643850
31.600050138 -23.544542566 -12.922307995 0.126594160 -0.121202035 0.953331369 -0.245852163 0.461384101 1.810224792 -0.037360077 1.482140485 1.646542847 0.465804167 -1.353628722 -0.175352970 -0.381065839 0.566662104 0.425643794 -0.846389737 -0.887855816 1.013999263 0.004628931 -1.719897963 -1.698317556 1.736515165 -0.082469571 0.731799531
35.280812686 -26.823413671 -16.867896357 -0.308169240 -0.848212710 -0.011000843 -0.430634299 1.145526543 0.140407481 0.683988968 -0.763151610 0.470360636 -0.800308791 -0.186615007 -0.870986335 1.300540743 -1.944880081 -0.288334955 -1.582055631 0.385319512 0.667882815 -2.308850299 0.695849261 0.618497084 -0.976297954 -0.037386525 0.435452678
25.948110032 -23.198380765 -12.176755199 -0.087314574 0.101116881 -0.990895591 -0.016657388 -1.590173909 2.020183393 0.968797040 1.210216413 -1.045401145 -1.543174136 -1.075080340 -1.193234304 -1.332425283 -0.014238888 -0.709958296 -1.057811434 -1.137880874 1.636250329 1.386432453 -2.632096509 -3.199115307 1.159875921 -0.417795359 2.014497964
20.180647803 -26.600577773 -16.913851746 0.268082151 0.594931234 0.604881480 0.456406817 0.836098711 0.656041784 0.086578507 -0.046669035 -0.238803049 -0.090756403 1.039393080 -0.467157361 0.430879156 0.639684109 -1.155642020 1.167249565 -2.655172890 1.478081779 -0.779848592 1.101018040 0.178318837 0.380622549 0.652005233 1.175530730
33.281384473 -34.819647894 -8.412040125 -0.728160707 -0.136501575 0.671425125 0.018374075 0.801818627 -1.053977827 -0.731400919 0.460068039 -1.276035580 1.023566718 1.948839040 -0.592354173 -1.849594727 0.382245225 0.205047568 -0.929087529 0.984531576 -0.336193508 0.791822980 -0.949706070 0.698541664 1.529168668 -0.108460987 -1.672140682
25.932348129 -28.897630717 -9.689830233 -0.467167312 -0.694037315 -0.138288625 0.530040719 1.035439179 0.710890071 -0.738844497 -0.947897369 1.650364209 -1.787097822 0.902540854 0.339237973 1.423430019 -0.688215895 -1.028071378 -0.403642302 1.577029255 -0.878866233 -2.016232843 1.074633544 -1.045419613 0.015306196 0.757836508 -0.438001947
33.636530471 -26.074866308 -10.714913301 -0.885347287 0.102255320 0.022525478 0.452986351 -0.458600326 0.252616368 1.168908211 -1.574449811 -0.569066807 0.690369185 -1.554166975 -0.216486598 1.589198086 0.276187992 -0.443530310 -0.300259461 0.323055032 -0.320801309 0.192385119 1.563061437 -0.808631549 -1.346916947 -0.345598758 1.624243755
17.562975442 -27.554303801 -10.023388461 -0.355689260 0.305952569 -0.069563021 0.880363085 -1.265093467 0.896789390 -0.763862141 0.250154574 0.291516771 -0.865413969 0.678464682 0.090571561 2.058844347 0.608526762 0.488577319 0.694639533 0.339612492 -0.733345743 1.773245070 -1.205289853 1.123109456 -0.511389129 1.158280008 0.751293110
19.575656505 -27.624285316 -11.486715009 0.777891223 -0.157842439 -0.067681434 0.604475171 -0.241861015 -0.421903721 -1.216099679 -2.231871558 0.790089574 2.708344854 -0.729103578 -0.914330557 2.234466382 0.188031091 2.126145470 0.964792234 0.617353452 -0.719923291 1.751760673 0.232396573 -1.101072396 -0.395703047 -0.273249017 -0.824108622
32.641610172 -33.597688783 -18.727228383 0.770258714 0.247904853 0.038328040 -0.586323852 0.450425606 0.073735956 0.495723119 0.963345944 0.503887749 1.151674581 -0.922888061 0.171052411 -0.255682151 0.434789946 -0.728734868 -1.323490267 -0.439567762 -0.712858521 0.768234462 -0.744003007 -1.833491715 0.668449060 -0.476092970 -0.804232623
31.287494088 -29.541307800 -15.745962277 0.306296305 0.265185853 -0.136248223 -0.904043947 0.026083728 -1.551070382 1.645928578 0.289674980 0.055920937 -0.903831368 0.120567667 1.293623541 -1.871123945 0.603031273 -0.665887511 0.027982398 -0.047403096 -1.339690729 -0.481562833 -0.064918491 0.679994852 0.551647098 -2.365361870 -0.936009902
34.622744962 -31.935029403 -16.696338708 0.466104906 0.473287207 -0.556154797 -0.499436960 1.805116686 -0.486435553 -0.109195460 0.743979678 0.726281575 -0.253527222 -0.776510366 -0.408961964 -0.360221593 1.285366402 -0.697614578 1.697546176 -1.002296158 -0.759601470 0.191226236 -0.504600160 0.273879006 0.120374961 0.769418098 0.108608160
25.946925151 -30.736831294 -21.055604678 0.152689474 -0.011590480 0.711710662 0.685579696 -0.676463059 0.088113139 2.162205453 -0.136720029 -0.160733777 -0.967034494 0.588973487 -0.052171332 0.502299191 -1.644347969 1.626720572 -0.599753187 1.771887450 -0.844453437 -0.286061342 0.054510889 0.441904813 0.957252405 -1.366091613 1.277693882
18.484240623 -25.445167956 -14.195234552 -0.240561018 0.677447524 0.549644782 0.425541846 1.416888413 -2.731384365 0.754855333 -2.096398145 2.273508378 -0.187099146 -1.298247802 0.592720301 -0.532851203 1.983819361 -0.403587751 -0.939217199 -1.013041836 -0.203380391 0.431592974 -0.657505610 1.955869286 -0.192940124 0.873403657 -0.024744812
35.268071403 -28.271126447 -14.220097893 -0.749362356 -0.059648276 -0.263500269 -0.604537634 -0.314036494 -0.384767380 1.992122199 -0.753383618 0.163982380 0.377000088 1.328656226 0.391074019 -0.560177423 3.406938319 0.297824431 0.644395249 0.758834624 1.573960237 0.032187362 0.990585427 -0.129777718 -1.851676996 -0.971067988 -0.841499493
23.218861098 -37.505323006 -11.330618707 -0.436438503 0.798810420 0.408983908 -0.064463241 -0.271507147 2.081076997 -0.741684777 -0.396119761 -0.733782917 0.082019724 -1.027545758 -0.784849328 1.301577829 0.772226661 0.612310411 1.606800437 -0.205134574 -0.184792437 0.954282494 0.846145073 1.089342104 -0.179543580 0.333372176 0.098090288
34.069066002 -29.101404342 -13.917133962 0.235794098 -0.410832510 -0.621058455 -0.624423084 -0.237330754 0.069152204 2.121421242 -0.093311626 0.055957178 0.452618048 0.069132655 -1.041172542 -1.637110328 -0.634284666 1.047576741 -1.604496688 -2.533142043 -1.300141419 1.912089268 -0.060099452 1.861430842 -0.027371250 -0.808575575 -0.609486182
26.857354063 -37.133145813 -11.684313317 0.595508087 -0.260459639 -0.088274688 -0.754810224 0.471796288 -0.186207129 -0.113094701 -0.104527945 1.984244221 1.275746867 -0.340877188 -1.058167878 -0.158892775 0.636642755 1.058774263 -1.081348180 2.015865353 -1.173590439 1.819441585 0.176733508 -0.327749151 0.326230619 -0.189067132 0.510702017
24.334128220 -22.928376870 -13.806708166 0.257314824 0.613618000 -0.740960366 -0.090773171 0.655827286 -1.435173590 -0.592327502 0.745731380 1.613821963 1.013703244 0.289182053 0.219343626 -0.855518371 1.844896354 0.062488478 -0.000332066 -1.276891399 0.484495367 -1.082704174 0.673376618 0.008540216 0.543519970 0.054809078 -0.539721713
21.726746458 -31.443817876 -8.932490146 -0.558018914 0.121385774 -0.721813122 -0.390981076 1.048211510 -0.518026241 -0.548217306 0.972791004 -0.451321669 -1.136921565 0.320504567 -0.636012958 -1.757183753 -0.938109053 0.152201235 -1.368410616 0.758025388 1.526598304 -0.875219160 -0.797753093 -1.259796321 0.129512574 -0.698204556 0.149804652
30.874389491 -38.276131677 -11.909156842 0.214173306 0.019686683 -0.554451541 -0.803943853 -0.436135443 -1.049446113 -0.648747838 -1.038381129 -0.177865992 -1.477384271 0.377062798 1.610567273 -0.023767580 0.373793437 -1.799956433 1.455413098 -0.268451421 1.223351406 0.384090730 -0.761890818 0.419884131 -1.152527177 0.624426175 1.334557494
23.438912922 -31.322179366 -19.929368776 0.362550314 -0.090366286 0.922784122 0.094131127 0.743648118 1.612628883 1.964006797 1.214010481 1.022453704 1.909056391 -0.724879459 0.948356386 0.901603876 0.119427448 1.733012127 1.460796874 0.898009417 -0.335597304 0.000626631 0.556944834 0.447524064 1.098973601 -0.653713036 0.033599117
32.358081577 -34.604009581 -9.101057441 -0.690877382 0.345386087 -0.295311937 0.562305747 -0.830717610 0.534311264 0.481299646 0.197086239 -0.732250276 -0.242549508 0.151857545 0.863925183 1.319459222 0.181908249 0.549499608 -1.334526861 0.866871496 1.024055683 1.088286378 0.498704174 -0.290562337 1.084201897 -1.745848209 1.018900798
24.793706653 -36.701080330 -12.433546780 -0.883998250 -0.346193453 0.304051901 0.079054601 -0.123505552 0.030860022 0.065204361 -0.494034981 1.697864375 0.818738393 0.841398170 0.876983132 -0.708928633 1.018505183 -0.662255698 0.700137288 0.364117071 -2.744694690 0.732001251 -2.145349012 0.426309774 -0.061890640 1.742148368 1.479351006
18.761442191 -29.715366398 -14.600513134 0.445181945 0.188945477 -0.101126268 0.869417115 0.055084268 -0.657471453 -0.300608755 -0.505219757 0.204483297 0.196331449 -0.740463007 0.089592642 0.190756105 0.116435724 0.761139357 -0.457396072 1.405587257 0.376070272 -0.404180898 1.112389390 -0.357940150 0.374095634 0.826386146 -1.479474972
26.651575563 -25.834621481 -17.599497049 0.179832899 0.765918437 0.612738387 -0.074704387 1.316941736 0.631458848 -0.694817843 1.125830301 0.986236410 0.814423085 0.701367397 0.380274347 1.100718520 0.473207799 1.192363503 -0.029257200 -0.417550618 0.107572103 0.630151706 -0.727939001 -0.003730876 0.415218768 0.404120008 0.090567484
21.472921539 -26.479637990 -12.759804614 -0.144453134 0.211849252 -0.960061288 0.111962090 -1.089555391 0.246274878 -1.093014981 -1.267741490 0.953075742 1.691646403 0.783068801 -1.365217136 -1.796131506 0.135392122 -3.089294039 -0.917262588 1.142847035 -1.646663123 0.027275691 0.371434517 0.994949707 2.293326640 0.847365619 0.725189733
31.166961570 -29.660997908 -17.869091104 -0.834847122 -0.055069394 -0.523205021 0.162031324 -1.102351857 -1.432078769 -0.966287656 1.250137993 1.340443688 -0.216261160 1.395093774 -1.388140122 -0.555885456 -0.012295401 -1.251802556 -0.752165404 -1.121821642 0.903418742 -1.164244253 0.369011359 1.246780473 1.902361085 -0.252807715 -1.128602096
30.122900582 -26.159564656 -19.414325748 0.444928374 0.131061733 -0.807720844 0.363934886 -0.236699480 -0.406559864 -0.330032826 1.118024937 1.361922265 0.035369567 -0.451134809 1.555943531 -0.453829611 -0.329518181 0.913186136 3.620833374 -1.386482333 1.189748248 0.390529436 -0.166591928 0.160564291 0.518961461 0.226323755 0.649866208
30.108435815 -36.016650503 -15.959517347 -0.279792138 0.928465557 0.216580684 0.112964049 -1.596666974 -0.050561105 0.142042786 -1.887802978 -1.403991130 -1.087003142 -1.028288099 1.729364516 -1.872447637 -0.082439620 0.181778204 0.552317118 0.258340274 2.081007697 -0.372825100 1.186139643 0.101943240 0.551076910 1.014648032 0.939979126
33.044847259 -23.183549891 -15.428162170 -0.222138561 -0.702798813 0.003958258 -0.675805165 -0.451949941 0.694004132 0.364323846 -0.631588289 0.413189880 -1.216203653 0.766972259 0.943790363 -1.471016150 -1.582912824 -0.764535745 -0.534420862 0.118641112 1.175009807 2.711658301 0.924106511 -0.552869715 -0.127408579 -0.324811337 1.707226963
24.571057898 -29.858380687 -4.421838199 0.175705499 0.790825931 -0.566980403 -0.149181589 0.488124023 -0.073466149 -0.337873023 1.107438262 0.562901535 -0.520753662 -0.560681777 1.549860492 0.537532903 0.938910384 -0.633363967 -0.161671224 0.689926430 0.316946036 0.388527058 -0.559959708 -0.240169722 0.942260220 -0.597509656 1.048326968
23.614681282 -29.908547523 -14.666040996 -0.214534255 0.787317613 -0.284304780 -0.503266154 -0.781241193 0.312415906 -0.698530280 -0.840989325 -0.497607501 -1.262288228 -0.640331226 -0.437242822 -0.005373941 2.813785910 2.052689606 0.751194500 -2.159787011 1.228144913 -0.082673385 -0.816713913 -2.037103702 -1.519617727 0.102530772 -1.501835945
28.962916880 -23.161684935 -13.037139166 0.392786513 -0.626102439 0.664914568 -0.107717728 -0.227680219 1.285150507 0.695293179 1.121827287 -2.038401205 1.771664495 0.785048964 -1.531974366 0.530798372 1.684424629 -1.945822303 -0.125110328 -0.253549832 0.520645679 -0.343922048 -2.873348475 2.171890462 -0.279643831 -1.520558412 -0.738131297
24.278844488 -30.659840616 -7.312870183 -0.927715083 0.327438268 -0.106055273 0.144503235 0.591603595 1.999226391 1.061740811 0.832783080 0.818784808 1.017419290 0.576357173 0.341074050 -0.198387311 -0.011973327 -1.185488835 0.918712174 -0.995784540 -0.538783984 -1.875176889 0.885450648 -0.014947555 -1.761776605 -0.139898496 -0.181120306
32.884233808 -34.968288532 -11.612869714 -0.649607238 0.308882283 0.174320648 -0.672468946 0.351653872 -0.777923884 -0.685244732 2.063583177 1.783998863 -1.498385293 -0.167124973 -0.785033407 1.189801917 0.875207661 -0.219520249 -1.103470096 0.827011363 -0.926891258 0.133241571 0.358854327 0.087153982 -1.232804633 0.189088848 -0.244954285
36.221999391 -27.944719052 -9.589838194 0.750349678 -0.144688313 -0.332446725 0.552738480 -0.784069287 0.181172537 1.210681917 -0.539792899 -0.634517997 -0.371651351 -0.050453989 0.970202424 -0.606964451 0.126700197 0.064178654 -0.461788766 0.402111564 0.274116231 -0.692962193 0.549695433 -0.795736392 0.907719099 -0.237671535 1.807446584
25.172935540 -24.316087584 -13.406857649 0.436150819 -0.382801753 0.239080333 -0.778508751 -0.786515586 0.442669745 1.684932247 0.199967114 1.099807693 0.590646812 -0.065123410 0.742339462 0.373366935 0.383529163 1.669608150 -0.330191764 0.272122242 0.878421970 2.366395098 -0.452250875 -0.112610057 1.459293438 -0.379228794 0.545498479
26.029732464 -34.121925312 -11.371340482 -0.564549420 -0.664235430 -0.095792902 -0.480519476 0.635160044 1.671457210 -0.238244015 -1.256814157 0.192077635 0.550815793 1.312474985 -0.721358493 1.795278584 1.304435350 1.164016560 0.157136940 -0.126225329 0.168270321 1.182991649 1.251131684 -1.107591144 0.171575477 0.773684586 1.465488120
32.178483155 -23.185984353 -18.433371465 -0.668892042 0.348578541 0.088880182 -0.650520368 0.760390058 0.747880003 -0.652654004 1.541321127 0.889942435 -0.285926243 -0.806741619 0.375071346 -0.529368308 -1.545377108 0.319174461 -0.580332481 1.160190037 0.767737104 0.793062734 0.660529597 1.051234674 -0.765958282 -0.238262255 1.759498509
20.346127610 -25.647586579 -12.296124479 0.232833413 -0.323609749 0.457426456 -0.794875065 -1.572067925 -1.196417169 2.035964155 -1.121184803 -0.502959833 1.323293841 -1.025263620 0.552551872 0.793671285 -0.080496781 -1.387701995 -1.436284977 -0.274129581 -0.021961656 0.960301436 -0.520249945 3.393659950 0.376379517 0.436440584 1.329570869
34.098006337 -33.848687278 -14.250214124 -0.154991611 0.858775919 0.105643933 0.476781797 0.014161802 0.202714751 -0.440902696 0.440023098 0.780131665 -1.035896437 1.370015340 0.184650147 1.911485840 -1.524410305 -0.403503810 -0.165885704 -0.677854036 -0.370938153 -0.211947831 0.932518520 -0.057110047 0.575238562 1.272450179 -0.346617770
31.726732472 -32.509687747 -14.973882027 -0.622309858 0.718110723 -0.301387907 0.078821062 -0.058727682 0.587121011 -0.793125979 0.355707794 -0.508607047 -0.504793345 0.551925198 0.529286916 -2.878358341 0.697002328 0.476646984 0.105927720 0.137841207 -0.192652825 0.879755462 -1.834337032 0.670543742 -0.069558127 -0.769784779 1.300819547
24.121974719 -29.570343779 -10.952488271 -0.243358779 0.339302848 -0.255940749 -0.871862613 -0.759111609 -0.469850010 -0.830922516 0.645217509 -0.390665355 -0.978899189 -0.600762484 -0.523618193 0.208295965 -0.968081408 0.145481221 -0.565063487 -0.162064792 -1.257784853 0.869186700 -0.888251971 -0.260717189 0.217782395 -2.117267869 -0.074426164
31.482779947 -33.268872417 -18.512129139 0.349907833 0.550500540 0.667537681 0.359036361 -0.979231967 -1.893866667 0.261907797 -0.100440468 -1.863096001 0.197080434 -0.365981606 -0.627830010 0.177576147 -0.567095285 -0.310715005 -1.034605612 -1.058240299 -0.679822506 0.024632917 0.786153725 0.756128143 -0.760403060 -0.617946986 -1.055642343
27.538126157 -26.168378861 -20.044823582 -0.547169692 0.039479082 0.501283345 0.669150012 -1.730432983 -0.176089577 0.890813066 -0.175956252 1.526849271 -1.824228172 -0.524635625 2.638136860 -0.227667185 -0.310093426 -0.550616847 -0.852117010 -1.812023053 -1.567959982 0.983274147 1.482493736 0.984207859 0.006193669 0.969442860 -0.876776824
30.031167814 -34.931731086 -5.229645587 -0.826378022 -0.238138513 0.300778121 0.412215884 0.861458866 -2.142886701 -0.971016940 0.041397879 -0.414049212 1.525160875 -1.447425770 1.757844225 -1.054517006 0.004770747 -0.731245689 -0.741953272 -1.265255968 1.707210481 0.239829624 -1.227965138 1.639619809 1.799742406 1.061596750 0.031660330
28.861144724 -25.308306845 -13.639421527 -0.149631726 0.606412163 0.760078116 -0.179320641 -2.196913986 0.263958560 0.310708867 -0.659707663 0.726477972 1.167386410 -0.816375327 -1.075906894 1.087545563 -0.546692431 0.203617324 0.344570870 2.267388911 0.173947273 1.359486985 0.800293331 0.456276712 0.787853919 1.227930894 -0.488385372
27.118034261 -32.391083051 -7.295359045 0.124314813 -0.827925550 -0.207512009 -0.505988021 0.257558836 -0.047502929 1.530200496 -1.795809840 -1.361585412 0.881583054 1.184919048 -0.204957155 0.445934500 0.360040711 -2.184389113 1.711808043 0.762214959 0.896319375 -1.235520947 -1.760828587 0.332688953 1.540737867 0.710254617 1.559267558
30.961535298 -30.255027727 -16.924227902 0.006520103 0.217970406 0.818689538 -0.531219192 1.235676491 1.473768168 -1.071443421 -0.453974260 -1.430251669 1.588632224 -1.253923680 0.068504219 0.803543753 0.119798950 -0.278547002 -0.294593136 -0.025319308 -0.508630094 -1.000149831 -0.288284916 -0.054849344 1.792963735 -0.182910710 -1.105768760
21.687241142 -24.037955936 -6.458016818 -0.198145081 0.333957562 0.497652918 -0.775598122 -0.797609792 -0.457174228 -0.711209305 0.478598392 -0.403825677 2.151917781 0.267357428 0.224914001 -0.158627641 0.020719619 1.057577073 -1.269987915 1.388004884 0.328218526 -0.304274486 0.430932990 -2.417269374 0.088797789 0.623037726 0.372421873
29.156579430 -36.494570936 -11.019781070 -0.134869545 0.930387353 -0.287185978 -0.183613160 0.038898433 0.996020489 1.124613593 1.190510592 2.668759918 -0.924745408 -1.189633517 0.977496971 -1.316801719 -1.211922757 -0.350801759 0.074913595 -1.205741060 0.418411599 0.244455695 -0.298058262 1.412617280 1.339301851 -0.296214275 2.134457360
17.643911012 -31.763180522 -11.836642931 0.303409067 -0.925009431 0.061639199 0.220229652 -0.309731138 0.404915751 0.459932677 0.748098408 0.846897849 -1.398399626 -0.921325785 0.395930960 0.397966363 -0.292757170 0.278126095 -1.188255482 -0.328813080 -1.062112506 0.212802215 1.364677218 -0.511765253 0.402811351 -0.695792386 1.000173819
20.777424257 -24.399467030 -9.841728179 0.417095245 -0.269765937 0.835502101 0.234934321 1.764701845 1.049318165 0.886573041 0.805665000 -0.319829978 1.325409434 -0.886023961 0.500398027 0.059560367 -1.326095699 -2.101293296 -0.120770956 0.342937060 -0.048267685 0.773253130 -0.520455736 1.018788509 1.750815468 -0.832486649 -0.388064518
19.659410027 -28.032636224 -10.827895963 -0.056082244 -0.893926421 -0.444239511 0.020039786 1.860958957 -1.608880395 2.034234016 1.603955828 1.028398270 -1.138060087 1.514927585 1.063425774 1.216850808 1.813117149 0.985486994 -0.020302713 0.325892609 0.537233482 1.656861830 -1.603844126 0.235122625 0.183064174 -0.110885334 0.275171113
26.909069931 -31.054567360 -3.913326026 0.392946748 -0.290829304 -0.445510706 0.750020919 0.194186656 0.076425874 0.372284954 -0.919231842 0.089894137 -1.688512276 -0.597195142 0.825028233 1.556956029 0.591005369 1.386725297 1.133044491 -0.385100412 0.867226961 -0.255615994 -0.191647958 0.350640742 -0.116594488 0.750329409 -0.188387574
29.401208822 -28.868828920 -21.392683592 -0.923516294 0.128128437 0.005561024 -0.361482827 -0.892111548 2.051021077 -2.700010321 -0.686268624 -0.791157464 0.061209411 0.971498001 2.482236941 0.823807611 0.903239937 0.445726187 0.109517156 -0.650307631 -0.164165552 -0.376072246 -0.571212836 -0.310635918 -0.146843171 0.496726484 1.187328415
24.040975157 -32.438235662 -9.378354933 -0.687517453 0.326639252 0.169668917 -0.625970454 -0.091374115 -0.907347037 -1.787643115 -0.592696913 -0.941665214 -0.959014603 -0.692766818 0.108970151 -0.050879456 -0.093507088 -0.102197697 -1.031187289 1.307381241 0.277869923 -0.500554654 -0.644880667 0.161768200 0.296487017 -0.499482989 0.260097910
32.426359902 -28.127169341 -12.112043031 0.446829846 0.711159826 -0.429587580 -0.331736796 0.482462614 -0.014231333 -1.300496955 0.971217422 1.640038060 -0.596562491 0.906974606 -0.833213376 0.115542729 -0.094233812 -0.711456147 1.007442195 1.086441892 1.363219658 -0.138908712 -0.876641512 1.105900040 1.059765113 -0.166684653 0.873391210
26.171846654 -32.819226801 -20.704566655 -0.420392739 -0.741462796 0.430886506 -0.296377609 0.731975276 0.853375465 -1.207655350 1.831061523 -0.713954804 -0.114859016 0.647601711 -1.302001135 -0.054244575 1.191104645 -0.804973213 -0.087199497 0.022728204 0.865411937 0.049993473 -0.404316035 0.629568017 0.476415330 0.165926485 0.290597339
18.768129227 -33.087303081 -10.670264747 0.618214247 -0.784288376 0.046441191 0.023368878 1.780582579 -1.452868059 -1.001479792 0.045434723 1.464955548 -0.979921092 0.553183809 1.269146038 0.869802127 0.148042088 0.575631735 -0.804744342 1.099808238 -1.487553814 -0.150118756 0.034865986 -1.764873065 -0.471175732 -0.314767142 0.749511800
35.647005988 -31.361886219 -14.445056183 0.416367205 0.836467789 0.318267317 -0.160205814 1.130797301 -0.555233310 -0.567673222 0.193881308 -1.276176299 0.232933580 -0.992294226 -1.010283097 0.508569875 0.914279916 -1.963592821 -1.056895014 1.137074029 -0.452534684 0.296526842 0.102815184 0.106867267 1.241770434 0.061623866 0.100910406
26.043422725 -23.792292748 -10.491428646 0.693422812 -0.030977956 0.361843750 -0.622313644 -0.440538139 0.617385774 -0.901644502 1.296597756 -1.819050219 0.592054748 0.321655183 -0.519439497 0.575039571 1.448773804 -1.535955241 -0.187233421 -0.583144984 -0.019906079 0.775610833 -0.408636785 0.118627052 0.807283995 -0.066270981 -0.310673227
17.074344257 -30.888896560 -13.246118146 0.751089174 -0.126402598 -0.608072119 -0.223910103 0.101101036 -0.126514565 0.298132008 2.775772653 0.300060181 -0.045979246 1.140562075 0.355849169 1.943354517 -1.017795758 -0.230901455 1.542937308 -1.247021432 -0.289344459 1.140574033 0.000145316 -0.724092163 -0.642451186 1.019608468 -1.209398981
29.832811709 -36.413525351 -11.681834419 0.016741818 0.736941500 -0.480480115 0.475158706 -0.095713045 0.411231254 0.062504164 0.217962070 1.012217483 -0.411818357 0.079330427 1.836008851 -1.090598944 -0.373686192 -0.574916283 1.462912882 1.876484412 0.388670213 0.714861758 -0.559016115 -1.083408374 -0.691851953 -0.733998616 -1.445451170
32.809792231 -23.877389260 -17.837952923 -0.766113523 0.007034663 0.344258808 -0.542684491 -0.011727501 -0.360440835 0.325979850 -0.514237796 -0.103428643 0.427303958 0.860504788 -0.724079254 0.539699883 0.900834835 -0.890248975 0.670512709 -0.667017700 0.106845599 0.774828698 0.133859889 -1.083408688 -0.491683799 1.817790607 0.995587768
17.795473721 -27.522032126 -14.555273534 -0.343236136 -0.425994813 0.716135094 -0.433437309 -0.906051233 1.319177135 -0.237792251 -0.270993750 0.250791264 0.131783147 -1.865058275 -0.937126350 -1.194483199 -1.601594285 0.197650265 0.218235468 -1.039040353 -0.452063236 -1.341568789 -0.317647741 0.671104348 0.444638218 0.283430627 0.760503439
25.206126837 -25.732960697 -7.944417556 0.272979430 0.418950502 0.733530658 0.460321064 -0.348546550 0.231120691 1.258053188 -0.775797372 -1.203213977 -1.201333919 1.307619072 0.159600243 1.506569914 0.679310584 -0.134916894 -2.607930018 0.397690098 -0.728022348 -1.463195274 -1.336542382 -0.505777516 -0.435034792 -1.031329938 -0.325226419
23.838919380 -33.086906543 -19.968757461 0.701004998 -0.002498628 0.695981867 -0.155547391 1.494561090 0.207136423 0.210672310 0.255897267 -0.504657868 0.711403558 -0.000686500 -0.870690560 1.131021034 0.508095728 0.519741697 -0.344042225 0.081771428 -0.972237263 0.972461205 -0.987962426 1.373915910 -0.873732664 -1.726504947 1.404724815
29.367678934 -32.897974542 -9.679158517 -0.146570286 0.721270002 0.641328022 0.216760474 1.674311194 -0.474098368 0.008156561 -1.205190347 1.212695321 -1.162131875 -0.590224337 1.115766037 1.612761543 -0.939701132 -0.696305657 0.345334299 -1.258472163 -1.191231303 -1.495115821 -1.956006593 0.875733706 -1.979236501 -0.667239202 -0.887118592
21.531988400 -34.756836716 -14.094689626 -0.292752516 -0.734564783 0.079170389 -0.606994723 0.330200465 -1.278464120 0.258918908 0.370936122 -0.694766366 -0.405156843 0.796097453 -0.451399135 -0.047570000 -0.392550714 -0.124020677 0.972188745 -0.334491872 -1.318564716 -0.010277027 -0.391392710 0.408651990 0.571479605 0.976309262 -0.330148308
29.578856377 -34.136535859 -12.992781019 0.073646173 -0.036327185 0.996218116 0.028390867 0.559821226 0.356642159 0.615702521 -0.275217755 0.798308761 -0.916470169 1.646534632 0.391169680 -0.184702275 1.441940900 0.618350032 -0.969834680 -0.376393788 0.966230424 0.402329927 1.114463774 0.444453650 -1.961930995 -0.227613970 1.728265844
35.977733717 -30.927921057 -12.275158192 -0.163563089 0.466003131 0.737060618 0.461334850 1.216726791 -0.112366977 0.459812351 0.753258869 1.375238229 1.404974272 0.005606198 -0.020784628 -0.159038928 -1.586658538 1.045911375 -0.505132771 -0.083904272 -0.289848092 -0.103659900 -0.457318277 0.068358526 1.044705155 -0.037305032 -0.529301115
23.222612642 -30.725191701 -19.070288791 -0.101448726 0.788694600 -0.577864879 0.183687681 -0.984416464 -0.923811536 -0.505915974 1.455184895 0.972870343 1.096121744 1.580351000 3.217594224 0.606175406 1.309217828 -1.176618337 -0.378309203 -0.369678836 -0.949093189 -0.216626608 -1.405998150 -2.387675934 -0.046820178 -0.007047332 1.165675738
27.603400263 -31.318475964 -20.153492306 0.691088099 -0.176123549 -0.204866718 -0.670378522 -0.032404316 0.234402776 0.074220356 0.655503966 0.325628218 -0.630965498 0.371915856 0.177762964 0.976399033 0.364002989 0.995510702 -1.599117599 -2.904728365 0.989489415 -1.104722836 -0.099470981 -2.016718828 -1.026740760 0.544310787 0.465765065
29.528342080 -23.872117819 -20.525857490 -0.064101403 0.627951833 0.321313086 -0.705921672 -1.150419842 -0.739542194 0.089857549 -1.346724778 -1.755135286 -0.987176946 0.372127830 -0.907264111 0.507036346 1.913308881 -0.014246470 -1.247917950 -0.066264283 0.819771551 0.820825457 0.108009687 0.863523896 -0.306097577 -0.693323738 -1.448191799
24.720226194 -36.333356574 -15.368563095 -0.126897961 0.086026176 0.338249931 -0.928484458 -0.911787479 -1.341175747 -0.046211458 -0.464988269 -1.660997510 0.222040408 0.779148773 1.045504513 -1.035307492 0.419673029 -0.374696086 0.298826457 -2.092289736 0.229036763 -0.218725535 1.016276682 -3.387255158 -0.256144354 -1.153509398 -0.174858176
26.987683088 -20.786447604 -8.992756395 0.003275109 0.463517450 0.015490104 0.885946332 0.042628528 1.396211988 -0.234789107 -1.339953519 0.291080884 -0.366729738 -0.234541304 -0.483969518 0.447949346 -2.047383381 -1.639923652 -0.108936390 -0.890975932 -0.336890592 1.874574083 -1.032755682 -0.246895987 -1.915516157 0.629141549 0.144231486
20.521231983 -23.285238281 -10.636785116 -0.332293617 0.027216285 -0.844254518 -0.419612363 -0.814996330 0.807975607 -0.864971187 1.255868595 0.675481427 -0.117682927 0.096224004 1.064535344 -0.608730815 -0.978550544 0.791526812 -0.411139852 -0.390751332 0.350496701 0.409763325 0.584150387 0.160191603 -1.826816436 -1.660753332 0.716814644
31.200201050 -28.245301527 -16.268668445 -0.041310253 -0.328058438 0.441392672 -0.834172424 1.940268198 -0.656682390 0.139470066 0.044164443 0.364082480 0.448722051 0.875074842 1.229151125 -1.356909941 -0.335481581 3.047985022 0.806110846 0.538454478 -1.644773090 1.394098538 0.739641755 -1.097389983 0.835196755 -0.644088300 -0.109673949
32.517845530 -29.554272043 -16.400896786 0.253205062 0.608023034 -0.724510917 0.203172632 -0.008529718 1.493011488 -0.619682744 -1.464632858 -0.183519790 0.148273943 -1.987302523 0.001259876 -1.942794555 -1.292617126 2.249932427 0.365291317 0.794315027 -0.691848566 -0.020520080 0.125617007 -1.016864707 2.199447212 0.942414598 -0.100969142
22.230968905 -20.997379626 -15.055255521 0.836708323 0.373791749 0.062252802 -0.395377667 -1.288768403 -1.853826606 -0.093352225 0.518291667 1.469420460 0.534528961 0.162505150 -0.900042989 -0.916855619 0.116208218 0.118221317 -1.673320135 1.535153156 1.219844400 -1.052717817 0.131458449 -0.096034563 0.294171204 -1.218798781 2.542079663
26.674503335 -24.845342159 -14.130487397 -0.631617553 0.094666263 0.189004111 -0.745905498 0.715452377 -0.908918663 0.142053447 -1.047980088 -1.004957581 -2.575012561 0.509955069 -1.187414822 -0.164143238 -0.127975252 -0.483939082 0.891886908 -0.653903724 -0.788474509 0.041166263 1.064269839 -0.256616314 1.420709527 -0.593101194 -0.365041119
19.744134177 -31.718432055 -15.855512126 -0.703354043 0.088498557 -0.702805505 -0.059376065 0.473880387 0.005925047 -0.408992184 0.480511529 -0.015764900 0.474191564 0.140273075 0.251614633 -0.058693832 0.390180554 0.231686441 -0.047997028 -0.964947980 0.103843542 -0.320066432 1.697674952 -0.932749393 0.031768145 -0.807808122 -0.312621927
30.635372185 -22.433100776 -8.544772925 -0.390056784 0.865815318 0.255423641 0.181599298 0.317964970 0.975514939 0.666349475 0.522444541 1.186631686 -0.096935856 0.336740787 0.698664602 -0.559141101 0.104111697 -0.130986666 -1.943794837 -0.014298579 0.201734492 -2.608016170 0.625005270 -2.105739865 1.297417968 -0.083803896 0.716258559
24.808434933 -28.001845021 -14.269764987 0.468311357 0.870212541 0.133616253 0.074574146 -0.002755307 0.627493720 0.038974784 0.317829822 -0.055149239 -0.071144233 0.317822315 -0.281276301 -0.710048571 0.130211111 -0.236962792 -1.534504787 0.899720196 0.928031984 1.920627872 -1.339771566 -0.183488245 0.031304000 -1.668724760 -1.172519439
28.114509985 -25.763269948 -13.929408991 0.345429537 -0.850530484 -0.395313426 -0.031680052 -0.351332980 -0.590705571 -0.552236443 -0.390226384 0.461746351 0.374892669 1.106576621 -0.823674322 1.181243777 -0.821354948 0.212281116 0.081976980 -0.125765197 -1.201455454 0.780430987 1.764172186 -0.406047819 0.481372078 0.840839467 0.721459080
22.325434960 -34.309410485 -16.169610854 -0.914031962 0.043815326 -0.359605071 -0.182510225 -0.723562431 0.907287672 1.008956165 -0.582273535 0.152153669 -0.028212607 -1.617567265 -0.440700494 -1.757267479 -0.948903292 2.818205292 -0.347523281 0.358675328 0.305497335 0.465316216 0.316157092 0.841697661 -0.849201562 -0.558820227 1.712330362
28.209420029 -33.259243322 -11.677043739 -0.323382672 -0.483105738 0.659449662 0.476611620 -0.259791092 -0.502079230 1.034918936 0.368489193 -0.776794121 1.079092957 -0.450557613 -0.861305213 0.685720364 -0.487199203 -1.502799394 -0.089538417 0.578433584 2.627843190 -1.490726159 -0.221344015 0.539496213 0.827228930 1.256312755 0.211487662
24.585643488 -28.323512220 -9.638408786 0.121444920 -0.565345993 -0.806010297 -0.126421677 1.097436428 0.909595204 1.012521462 -1.044805341 -0.104621699 -0.847362191 0.243025743 2.569402058 -0.849002037 -1.194920419 0.137542080 -0.392792076 -0.012813365 0.936941945 0.833153445 -1.272139535 -0.195142735 0.622408739 0.392610863 0.111494508
23.128948743 -24.229134868 -15.712793667 -0.886994763 -0.229257290 0.395674738 -0.064209709 -0.048439094 -0.813356252 0.857772762 2.090463929 0.935287833 -0.129597911 -0.333211916 -0.177256432 -0.031391454 -0.167779764 1.492328606 -1.587625787 3.127095024 0.781308031 0.611883217 -1.093012422 -0.952908921 0.053910426 0.469729707 0.422458841
22.010921744 -36.412077551 -11.612530979 -0.713042337 0.395974697 0.560245227 -0.144568150 1.562857456 0.221664554 0.453003979 1.268880847 -1.191678466 0.374315857 -0.866202185 -0.493522587 1.150720996 0.922817490 -0.137886352 0.591065159 -0.568906473 0.658821284 0.371241191 -2.561418787 -0.460266930 -1.532498562 1.285594956 1.610262195
33.840814054 -34.900096420 -16.527232179 -0.224240194 0.602951687 -0.254595798 0.722043335 1.176158485 -0.509342210 1.692629491 -0.259377028 1.722021443 1.042023652 -0.548370286 0.318578219 -0.024489631 -1.843245869 -0.196102625 0.984632797 0.529830373 -1.552740292 1.607114699 -1.488028987 0.142371747 -0.559410000 -1.027145703 0.873321758
32.548265765 -29.155132989 -15.920890333 -0.234536840 -0.473179423 0.350238492 0.773580444 -2.375631284 -0.924078917 -0.992055108 -0.964616468 -0.488179133 -2.146423396 -0.430414162 0.474432484 -0.245700325 -0.563840526 0.610627993 0.451231091 0.571240977 0.345403938 -0.159945430 2.722585769 1.295246019 1.831384609 -0.393287208 0.487058795
30.254942633 -25.782986155 -14.056109024 0.689691077 -0.476195116 -0.540887086 0.070750191 0.108449442 -0.368378609 -0.521569477 0.437209011 -0.010405969 0.477833263 -0.485107160 0.235080933 0.905407388 -0.349878887 -1.649724667 2.015616549 0.108650666 -0.404411526 0.704844279 0.139697392 -1.493893560 -0.102874372 -2.364310640 -0.522762923
18.836387084 -25.198164012 -16.353621931 -0.604969704 -0.521470198 0.418154639 0.432697571 0.979018712 0.233148533 1.427882496 1.263150887 -0.343086601 -0.786323831 -0.181621745 -0.253730124 0.467196850 1.039229515 0.103116838 0.219822121 -0.382660438 2.027562048 0.439134609 -0.981895570 -0.541412467 0.279605102 -0.436915390 -1.503596655
19.665661628 -27.234741401 -8.531591581 -0.159798137 -0.393932964 -0.901126887 0.085156967 -0.302949653 0.003510229 -0.040592037 -0.467428864 -0.564759695 0.464666610 -0.087463004 0.018273377 -0.109090155 0.335254951 0.257557340 -0.275631687 -1.074272110 -0.331511589 1.147630259 1.721139488 1.893500832 -1.885434400 1.544247494 -0.168614674
22.606988288 -24.076337985 -14.479166852 -0.016863857 0.476653216 0.811029150 0.338746275 0.985553262 -0.276178035 -0.364383344 0.343370464 1.193574017 0.310230995 -0.720541353 -1.323609385 1.746619951 0.300820088 1.148340503 1.074503363 -0.321246302 0.086837193 -0.133823985 1.361301983 0.210902483 1.012021535 0.726152168 1.448780381
36.475737602 -28.607575861 -13.919310199 0.080625336 0.144203974 0.983473758 0.074054958 0.865005288 -0.065049627 -1.223769488 -1.004434343 1.333659920 1.567515677 -0.293059650 -0.190702539 0.670117435 1.353178408 -1.255111000 0.771885297 1.080265817 -0.518120721 -0.412420527 -1.662447604 0.301601708 -0.301159327 -0.468069366 0.584946115
21.129698086 -28.846520790 -5.519323713 0.574002688 -0.624361996 0.215896289 -0.483820013 -0.144770290 0.412514556 0.700416485 0.597421916 1.092453862 -0.093107988 -0.034264712 0.878471091 -0.180875323 -1.516055470 -0.012580958 -1.382627663 0.609661595 0.042369392 -0.398697767 -0.283928625 -0.663698473 -1.442713404 0.707371435 -0.955331204
23.287254077 -37.362571696 -8.576080273 -0.522996178 0.061780106 -0.201547981 0.825855089 -0.607048645 1.069449086 -1.223285539 1.469756338 0.755348461 -0.041545359 -1.340913097 0.656519214 -1.100156098 -0.555707052 0.403694656 1.009138265 0.509739187 -0.553862344 0.165826288 0.572368631 0.188094463 1.463115411 0.132628991 -0.246593323
22.167887062 -35.330728304 -15.625712048 -0.099251167 -0.942270738 -0.317812312 -0.035642614 0.040868265 -0.408091633 -0.860281860 -1.168331324 2.086127023 1.360022177 -2.314324163 1.667656738 0.009628136 -0.002298585 -0.374424453 0.742877753 1.004617599 -1.074779297 -0.552896454 -0.838274264 -0.084591353 0.702747847 0.850515173 -0.351002485
26.561348156 -19.912811203 -10.984505675 0.304880617 -0.633891842 -0.510758288 -0.494322682 -0.237286668 -1.659625142 0.622355766 0.906632006 -1.897222967 0.859840156 0.857040926 -0.448547781 -0.141037148 -0.867128196 0.214278344 1.369208158 -1.473149387 0.025542478 0.222645768 1.173785821 0.021041828 -1.338604958 -0.601617053 0.854078936
20.451659595 -22.178571110 -10.097050893 -0.702784804 0.252423144 0.664609129 -0.025899449 -0.268210046 -1.484755569 0.851662269 0.191091550 0.597765109 0.555192487 -2.609147826 0.266945079 -0.429871394 -0.801815943 -0.783009296 -0.388561226 -1.196083849 0.924937468 2.365763240 0.307536270 -3.080431163 -0.738752423 0.047988544 0.559428686
24.412056558 -33.105598970 -12.536619159 0.813346366 -0.393296167 -0.046021964 -0.426225049 0.405846063 -0.942810552 0.659743116 -0.480126498 -0.011541824 -1.031898612 -0.650611386 0.772380920 0.943714455 -0.179840753 -1.142615227 -1.490940721 0.030290195 -0.880005523 1.238570260 1.716398311 -1.217677015 -0.278326686 -1.182339230 0.236782479
19.948830587 -30.963487759 -15.760927077 0.622529227 0.737572491 -0.194589355 -0.174868994 0.618097442 -0.763037301 1.342886005 0.100586160 -0.011765856 0.100880637 1.653355329 -1.219610255 -0.716141999 1.633853096 -1.521328745 -0.058870154 0.127325895 0.002754062 0.658575453 -1.185089483 -0.978958425 -0.297589427 0.063958021 0.111529497
32.895161709 -31.896890661 -13.827915397 -0.741775682 0.474274812 -0.207074720 0.426558672 -1.081400138 -0.527962711 1.130018513 -0.354642544 -0.639429442 0.432907452 -0.595014409 0.308343731 0.350012866 0.511189098 -1.175834119 1.523009272 0.635325016 0.376654038 0.552279175 -0.375553338 2.990723008 -0.037531153 0.665006744 -0.875407051
23.246028751 -25.236156768 -14.449112622 -0.771892175 -0.123929906 -0.001281213 0.623556098 -0.532602819 0.571677096 -0.259223490 2.403568860 0.831838697 -1.893112154 -0.214186010 -0.835987257 0.314357181 -0.477651488 0.785009800 -0.361940237 2.325203328 0.945541242 -1.788844819 -0.652249062 -1.185248798 0.223801172 -0.680975806 1.075798643
25.176144201 -21.118248249 -12.370356962 -0.522455669 -0.613237794 -0.583645476 0.101673209 -2.591361574 -0.909001975 -0.099630050 -0.774697986 -0.809157256 -0.305998732 -0.249001963 -0.397905691 -0.452088759 0.911053604 0.284412842 -1.585455333 1.476376660 -0.665283985 0.084319159 1.130553628 -1.041704081 0.417637347 0.565227484 -0.064746017
22.509669862 -34.453756057 -18.708070745 0.888872795 0.315993805 -0.331602327 -0.009641917 -0.736198130 0.708019218 -0.462318020 -0.117195065 0.564472550 -0.669247715 0.148581415 1.179469294 0.347587832 0.635675999 0.428421294 -0.705106981 -0.838983006 -1.041216350 -0.262638325 -0.439601466 -0.879926039 -0.626612269 1.173094961 -0.110448042
24.538685088 -26.306735832 -9.674676105 0.086094518 -0.013210985 -0.408459601 0.908611005 -0.675619305 -1.658843870 -0.978842966 -0.757075970 -0.630029731 0.580957154 1.401359771 0.188251176 0.112271819 0.453148564 0.085671921 -0.615067063 -0.196167123 -0.255264869 0.099709633 0.640317203 0.824622600 0.381694069 0.557371479 0.548823041
19.851023671 -33.378331015 -11.140608827 0.764223882 0.523246478 -0.041385436 0.374782906 1.279088374 0.984703353 0.247714678 -1.210822643 0.580867871 1.002478136 -0.343183977 -0.169098409 0.143814758 -0.459157030 -0.329151241 1.091793844 0.495348628 -1.354437088 0.202984993 0.451366021 -1.109792776 0.323509735 -0.067497266 0.608262664
22.512945876 -26.910113548 -6.852222076 -0.419694393 -0.075201967 -0.894340524 0.135485452 -0.477381403 0.910059900 -0.592505428 -0.553733269 -0.586988944 -0.147985812 -1.301234229 -1.671592109 0.034066896 -0.236634868 0.151974784 -0.156308858 -0.196458113 0.979115555 -0.453701887 2.057176912 0.078833325 -1.182410775 1.751883420 -0.805894040
29.342093239 -36.617958173 -13.893358220 0.276930100 -0.630001010 -0.668827299 0.281208980 -0.618920536 0.579135178 -0.485607166 -0.557598288 -1.147733610 0.714248544 -1.758426570 0.756376276 -2.753728857 0.076594670 -0.210652167 -1.156269462 1.323512413 -0.616854032 -2.465765358 0.362253632 0.421071852 1.012590980 -1.826400716 -0.375841087
27.936738027 -34.345481620 -7.798056186 -0.783685527 0.433772732 0.224741766 0.383626577 0.443325894 1.434002258 -0.764347324 1.912634335 1.300658703 0.326078478 -0.349612464 -0.019198654 -0.735676587 1.077039516 -1.639249667 1.429634022 -0.404455494 0.647437906 0.726876807 0.167850167 -0.537825757 0.161995563 0.786212100 -1.514837105
21.070972073 -34.428146699 -11.167266488 -0.656732969 -0.598608344 0.437690504 -0.137101714 0.163989882 0.297131804 -0.375079081 0.592214018 0.329971429 0.054177558 0.663373237 -0.581311883 -1.498352232 0.660041519 -0.427518891 -0.067459483 -0.688270159 0.258336073 -0.166768190 0.553597820 0.752700201 2.004918463 1.405807577 0.160055372
30.625140106 -29.785524013 -20.795108484 -0.444280929 -0.411450591 -0.694157441 -0.389189305 0.582843939 0.628990428 0.565951324 0.733064161 -0.964029150 0.265638126 0.913640915 0.975943659 0.096157741 0.270737867 0.241342745 -0.116388650 -0.921722782 0.649220137 -0.378338172 0.746170124 1.127881343 -1.003764915 -0.861203456 1.078979810
29.303372299 -24.809476647 -18.857207962 -0.385180001 -0.456455592 0.401528118 -0.694305285 1.294367456 0.885844634 0.406941755 0.040660649 -1.713671135 2.583997895 0.991319529 0.287060870 -0.509327317 0.401172830 0.052913807 0.607139162 -0.182963563 -1.523257410 1.724121636 -0.049962951 0.402681838 -1.132705114 1.100651546 1.432436442
17.846952386 -28.835625845 -13.731832173 0.557280737 0.580337363 0.420548079 -0.419268456 -0.718283176 0.042067179 -0.017123617 0.478507388 0.018304970 0.981730179 -0.583713820 -0.482018496 -0.290012611 1.386029051 0.089008307 -1.024753424 1.635103039 -0.168559076 0.984901594 0.698478058 -0.201340893 0.157259501 -1.583025460 0.798285570
27.114060056 -30.222013202 -13.770260715 0.001082269 -0.315723921 0.796940776 -0.514978284 -0.446818150 1.700046930 -1.407052251 1.596391922 0.510355837 0.169394432 0.359030499 0.612981446 1.526155719 -0.263355741 0.199237868 0.913859646 -0.053126041 0.882088842 0.410417170 0.074441122 -3.055538153 -0.384834210 0.056222837 1.070305007
35.937992227 -30.044625498 -13.824054292 0.114855815 -0.950124663 -0.012817365 -0.289667017 -1.529585743 0.025747521 0.257819219 0.082042116 0.974179952 -0.505054574 -0.566960858 1.371731033 0.562404185 -0.161690608 0.381150438 -0.597228458 -0.706735934 0.463451465 1.118816672 0.375441459 1.384329692 -0.071923865 0.221913219 0.719766450
34.867504718 -25.877969616 -12.100332908 -0.072039079 0.916617882 0.265885565 0.289701390 -0.957460570 -0.673377759 -0.607952233 0.016309298 0.018743032 -1.257536473 0.585323458 0.319959713 -2.045026368 -0.169829744 0.521631511 -0.605660367 0.537382483 -0.751520195 -0.346282055 -1.763472067 0.591314018 0.094563520 -1.038610037 2.375609948
24.190782793 -37.441741604 -16.598310076 -0.209150150 -0.486667966 -0.292929372 0.795991764 -0.022431418 -0.026569333 0.461612311 2.226175449 0.286725127 0.488284611 0.419675055 -0.539966513 -0.812998427 0.343861963 -0.591965154 -1.302725171 0.150210147 0.196020166 -0.205100786 0.425159735 1.401833042 -1.168245198 2.270295437 -0.356035966
22.519871903 -31.158835768 -17.185977026 -0.234947744 -0.497613492 0.510198039 -0.660967723 -0.466766551 2.088459952 0.389312799 -0.699154123 1.208183332 -1.712876321 -0.786784929 1.350661769 0.294536097 0.350896620 -0.899536749 -0.450450127 0.445123646 -0.620415083 0.708580498 1.397996298 -0.474239501 0.760593553 -0.198550139 0.965388276
27.368089044 -35.746575385 -16.488709060 0.421582348 0.316049012 0.838106943 -0.141273135 1.102999575 0.873417971 -0.117899974 -0.499533401 0.496990335 -0.634144751 0.710809221 1.157074435 1.146619101 0.045622740 -1.085681397 -0.087187570 0.515260229 0.995463178 -0.692394600 -1.535632733 -1.316642805 -0.380268643 -0.582203891 0.848491058
22.677882090 -25.782124332 -19.507667979 0.446260988 -0.624483820 0.602301004 0.219327587 1.702382971 -0.353079617 -1.153162438 -0.791040959 0.769657058 1.294525323 -1.565903974 1.013778282 3.263681357 1.214686294 -1.076198253 0.339441934 -1.286519471 0.162479904 -1.880243220 -1.017637893 0.859623414 1.313928793 0.942266031 0.438912660
29.502066086 -37.769853943 -8.718505768 0.271552458 0.362924641 -0.357445751 0.816564451 0.410248832 -0.559056599 0.358193786 -0.825494666 0.276110443 0.713113097 1.340780999 -0.276516946 1.362128459 1.302986896 0.086578436 -0.366594075 2.489299396 -0.456445285 -0.129258047 1.541470328 0.286469390 -1.041238808 1.270934198 1.013484309
26.288643725 -33.527171132 -6.656579199 -0.182707750 0.128532273 0.472736452 0.852418665 -0.000892348 1.272610380 0.975901989 -0.244040525 1.210732232 0.900365595 1.334730295 -0.088511991 -0.038802407 0.208996133 -0.471677395 -1.040232671 0.291776178 -0.163043056 -0.983939288 0.383842065 1.378861068 0.300876915 2.046963706 0.555328714
25.427638201 -27.125619461 -22.334426632 -0.022877975 0.232949704 -0.779021561 -0.581666951 0.598635608 -1.738044891 -0.849815052 2.865609168 0.130315481 -0.601241532 1.503879102 1.010711659 0.416332460 -1.739427337 -0.219423892 -1.021203486 0.176126593 -1.553799824 0.530632326 0.141238282 -0.348904174 -0.759052257 0.915608698 -0.250647544
23.495656060 -25.931154928 -20.212576724 0.761115039 0.405702170 -0.122114629 -0.491118787 0.593294735 -0.226746190 -0.375039930 -1.568365076 -2.014662889 0.386677178 2.223310999 0.544937889 -0.135812164 0.857097284 -0.421528217 1.980974046 -0.331095276 -0.373080137 -1.708640502 -0.265675901 0.554554266 -0.279414701 -0.073598554 -0.632862253
29.422637766 -19.850702067 -12.802617916 -0.259521660 0.117158100 -0.136594762 0.948822617 -1.346238902 -0.614298917 1.683998062 0.667464624 0.763027943 -0.271182867 0.731555970 0.070140207 0.734000914 0.959435619 1.076805401 -1.983618438 -0.603504259 0.316941521 -1.253971083 -1.647304685 1.061556725 -1.487378463 -1.186154480 -0.763713080
27.983572410 -37.893701375 -13.602358365 -0.209545889 -0.266765156 -0.513061892 -0.788475978 -0.424657261 -0.232935690 1.211516192 -0.516694474 0.096894642 0.196346749 0.854388976 0.756819399 0.715406846 -0.168742861 0.686278917 0.010777129 -0.073185439 0.313581169 0.671343140 0.794995461 0.054412586 0.426418424 -0.262171840 0.610351961
33.921571005 -26.067167369 -12.129692747 -0.466696328 0.185064101 0.842513649 -0.195234645 -2.574221365 0.615054388 0.418234501 -0.495833519 1.493840641 1.333604097 1.881075528 -1.886500362 -0.427349452 0.086706437 -0.090601205 -0.341373605 -1.104199402 0.563444368 0.807350932 0.115227460 -0.092170956 -1.289015134 -1.680492212 0.907328190
29.021958820 -23.289252991 -15.948790115 0.370120400 0.507424325 -0.771891567 0.098563952 0.167484835 -0.013362812 0.324711831 1.372255559 -0.854336991 -0.508989009 -0.066308761 0.463995827 0.790249980 -0.908895287 1.080459520 1.422933599 -0.304407485 -1.493823352 -0.384807872 0.957913698 -1.605462033 -0.019712096 -0.597992667 -3.493102214
30.405304388 -26.607450243 -4.588821345 -0.292298906 -0.785922217 -0.032308139 0.543915253 -2.224916135 0.744619279 -0.345145191 -0.394378506 -1.026744810 -1.447445063 -0.984549943 -3.022339827 1.451034683 0.613864652 -0.702971688 -1.447901655 1.239198065 0.627951202 0.698941420 1.005579296 -0.072652675 -0.110398480 0.066405372 0.599505800
29.284103137 -20.628813725 -14.901342654 0.031774511 0.930277109 -0.187163282 -0.313918441 -2.207647565 0.283035818 2.643598095 0.323298075 0.781904165 -0.162875727 2.001329217 -1.180778384 -0.253662644 0.551792034 -0.056744502 1.720140018 0.948188071 -1.519209775 2.066788764 0.229487160 -1.929252153 1.335834949 0.612896722 1.977931504
17.850757309 -29.000670758 -10.379248953 -0.840568506 -0.054228034 -0.506084051 0.185426106 1.495445060 -0.843545522 -1.340522141 0.248451260 0.984035562 0.887951408 -0.702073175 1.236920776 0.146463168 -0.084250425 -1.352986081 0.514212863 -0.041312837 1.507871355 -0.612352820 0.578841200 -0.084234050 -0.530279833 0.217838800 1.555157329
20.375146129 -23.636396492 -14.367323473 0.188095490 0.095758113 0.754906248 -0.620940438 -0.248865516 0.416724236 0.344128756 -0.619961116 1.387158007 -0.474706148 0.131850221 0.004137003 0.306461003 -0.230415465 -0.268590027 1.057770609 -0.902205524 -1.586131947 -1.515864978 -2.842970765 -1.452818723 -0.622413199 0.299674483 -0.862341421
31.801777661 -32.752686442 -12.877978427 -0.053286648 -0.330136750 0.112317625 0.935710965 0.134521071 -0.274316255 0.018679342 -0.171717591 -0.347456638 -1.526473750 -1.301032628 -0.582572688 -0.269531798 2.396891164 0.643236871 -0.140135161 1.326105491 0.221745116 1.923136774 1.435906109 -0.082729360 -1.345978678 0.961757759 -1.460993850
25.664356310 -20.232598890 -9.850080850 -0.793833714 -0.519041240 0.054079102 0.312249381 -1.610323037 0.431987186 0.353310366 -0.583668686 -1.571540439 -0.647893556 0.327821604 -2.575340296 -0.562489545 0.500361951 -0.615412246 -0.133092648 1.273710806 -0.302762489 -0.771666459 -0.319904884 0.387824347 0.092563218 -0.005439928 -1.936974250
27.768675264 -35.443299591 -15.767766797 -0.152749661 0.449558533 0.208076719 -0.855142529 -0.401272073 0.294491713 -0.772481336 -1.125907774 0.695371507 -0.700377477 -1.487082644 0.330627051 -1.963811828 0.707428450 -0.357359683 -1.393060312 0.377648495 -2.071926655 0.955637733 -1.205580408 -1.227304318 0.245722594 1.037301964 -0.187618620
28.183215363 -35.238056113 -5.820612304 0.158315496 -0.526088032 -0.717513224 0.428184960 0.949634271 -1.094307971 1.097788312 0.493033107 -0.214796700 -1.351438877 0.441087935 1.358252466 0.252414023 0.001765756 1.055026847 0.379546588 -0.053281020 0.861412609 0.918443858 -1.635680883 1.591291099 0.937090151 0.130542500 -0.425965868
23.094944557 -29.870398993 -21.569505096 0.022302412 -0.695062951 0.284902957 0.659712363 -0.165134863 -0.797734417 -1.387332799 0.100497156 -1.000260227 0.840493858 2.238987749 -0.710385190 -0.700279015 0.449968451 -0.269455666 1.427094150 0.576419401 0.659653495 1.733697484 1.265109081 1.085516255 0.274079153 -0.306332367 2.606091109
21.012008573 -29.676807721 -10.621431926 -0.088247668 0.471012612 -0.470621798 0.740860710 -1.852710230 0.426515467 -0.155479090 0.929788748 1.543609614 1.892049689 0.399481746 -1.027621506 0.884513758 1.349145494 0.485637412 1.078252982 1.047332298 -1.316679086 1.030220828 -0.146391117 0.359394583 0.857024948 -1.775434275 1.762960398
33.541170299 -28.593062978 -19.211407798 0.398367951 0.769854785 0.321445959 0.381181167 0.089407678 -0.148286384 -0.096462852 -1.123094000 -0.843627656 -0.711003155 -0.827760344 -0.406179664 -1.815178977 1.312217530 0.858709809 -0.347775277 0.055883212 1.077698696 1.499260412 0.811342199 -0.306436268 -1.148699252 1.005781796 -1.137932778
28.171079620 -26.020662540 -4.430202164 -0.675056232 0.661689505 -0.032095125 0.324709078 -2.379837857 1.074065329 0.224105721 2.603682683 -0.647055020 -1.149356473 0.560341571 2.006804203 0.810153358 0.110541040 0.524873290 0.599693940 -1.758527843 -0.860377520 -0.229753240 1.197355529 1.464375504 -2.083632313 -0.000511579 0.011101057
26.212581382 -23.050908452 -5.554270147 0.670682144 0.307952121 -0.378116592 0.558908576 1.167599964 -0.892601534 0.225902836 0.684872449 0.029627071 -0.648854929 0.640571450 0.777437934 -1.057647568 1.877862512 1.034282768 -0.316846200 1.725537311 -1.240312371 0.287413641 -0.193397317 -0.229717482 1.439947210 0.897152553 -1.852964555
35.289589044 -30.101331391 -8.339316856 -0.273650010 -0.216722888 0.937060524 -0.008027198 -0.734905860 0.514986870 -0.195558280 0.068946645 -0.156495903 0.708988223 0.661264853 -2.219451427 0.581254924 -0.455770589 -1.117004649 0.719222781 1.180828010 -0.183656600 -0.008159404 -0.022843235 -1.329403490 -2.331703285 -0.898974062 -0.315385241
25.826532837 -24.131170569 -14.162426782 -0.890541783 -0.097858593 0.084561953 -0.436128771 0.350283655 -0.456955411 1.230070893 -0.604344652 -0.350171256 -0.021331771 0.336194169 0.609923765 0.104453340 -1.837023727 1.932479937 0.170686428 0.480923310 -1.449584188 1.065568638 -0.419607270 0.165361856 0.684956837 1.073891429 0.005269471
29.608999943 -23.304773931 -11.293248747 0.597951183 -0.071012839 0.062280654 0.795947662 -1.816903842 -0.455914872 -0.800612584 -1.160280128 -0.790672430 0.864200544 0.229341682 0.196243736 -0.892565776 0.301851348 0.217919828 -0.767594704 -0.197912159 0.161257397 -0.206338598 -0.021407506 1.746072850 0.679349696 1.069438345 -0.777658056
22.090533275 -30.086190667 -10.716003166 -0.661308370 0.569286603 -0.348220614 0.342529425 -0.713078045 0.741331418 -0.019604316 -0.595399229 1.491894776 0.640809265 1.598243031 -0.365763767 0.166600386 0.528146506 -0.309745376 -0.333709722 0.697384238 -0.325204070 -0.104063608 0.371000918 -0.362450845 -0.230742460 -2.040724815 2.249742731
21.198354239 -32.180875070 -10.928192510 0.159168309 0.375244672 -0.202822169 -0.890348277 1.682337976 -0.066694203 -1.736405684 -0.360685904 1.072456943 0.097252777 -0.059077563 -0.337952248 -0.592936187 0.384015945 -1.046106446 -0.267163156 -2.015020458 -0.369494193 -0.042999802 -1.197503706 -1.160521501 0.716862569 -1.239700392 1.698232322
26.760983631 -23.731996562 -19.633575341 0.697212152 -0.704051861 0.114334555 -0.071650547 0.849863718 1.074588480 1.140005606 0.453078259 -0.299909740 0.467320951 -0.647144388 1.207055615 0.982347233 -0.527808424 -1.422436775 0.332173347 1.091617099 0.649930313 -0.037945237 -1.198173472 -1.097445475 1.426472580 0.710101593 -1.047128688
25.013794189 -38.113823543 -16.344090047 0.888060005 -0.232660275 -0.237282338 -0.317672341 0.469557398 -0.067410614 -0.553810982 0.139184437 1.577921176 2.558978511 0.997585476 1.574920396 0.871572079 -1.022427542 0.487451906 1.064157472 1.804998413 1.933100359 -2.311765309 -0.229852230 2.556536915 1.392091074 0.316891281 0.541844033
27.431562764 -27.594834212 -21.498480503 0.165071832 0.879400897 -0.405896388 0.186154437 1.497497940 0.111290788 2.132236105 1.606210390 -1.410034084 -0.477115082 0.435547269 -0.584737895 0.137475771 0.560316071 0.920329713 2.382508919 -0.083325290 0.165729276 -0.373603200 -0.049726164 0.970479571 2.037345790 -0.145153681 1.105726859
31.604257504 -26.969506756 -6.467904483 0.240667873 0.378967350 0.689655761 0.568188044 0.731412694 -0.721068982 1.015265084 0.008869968 1.229711534 -2.207072503 0.935851330 2.382624002 0.641952602 -0.986058729 1.718384321 -0.090729724 0.663394198 0.992433981 -0.217716100 -0.078444309 -0.302573280 2.764962742 0.531471008 -0.103400152
27.513965141 -27.460530220 -14.153862607 -0.841183366 -0.431439813 -0.323572078 0.039640170 -0.057166820 1.209592358 0.917262889 -1.450251320 0.591200960 -0.254011240 0.215475994 -2.364948775 1.059588726 1.422477712 -1.141355807 1.373235064 0.529532793 -0.087474542 1.730228869 2.052934625 0.130585656 -0.926781839 -0.406980223 1.318410191
20.494336926 -30.161113392 -6.696359458 0.416864005 0.230479217 -0.594541113 0.647784375 0.263606408 -1.969716163 -0.003845273 0.654703448 -0.041957069 -1.894420569 1.592526855 -2.503895839 0.430527534 1.033140613 0.509441452 1.271063476 -0.809603960 -1.345595262 -1.816452525 -0.307972249 -1.276613685 -2.335927384 -0.102318887 1.263955769
30.381938176 -25.728662504 -17.447189381 -0.075488440 0.765750602 -0.637795140 0.033835933 0.251738207 1.673393795 1.530598251 -1.553919775 0.370396017 -0.387025000 0.386399889 -0.726989469 -1.110311945 -0.919624142 -0.717954325 -0.169438413 -0.287097172 0.317672652 -0.446346757 -0.001138434 0.703462558 -1.510739538 -0.034759187 -1.423110359
24.259663250 -21.239445342 -17.095125710 0.330512927 -0.607048095 0.431912132 -0.579401179 -1.662792030 0.317725474 -0.655578619 0.275471384 0.901396281 -1.278073490 0.612743697 1.556575448 0.881834989 0.294597761 -1.571980639 -0.420067135 2.249208932 0.033091984 -1.631763844 1.023083243 -0.477861566 0.722743869 0.065177758 0.175054700
33.606351836 -23.448449729 -10.040272073 -0.221965027 -0.966372878 0.113023940 -0.063879384 0.381375422 -0.356985498 1.008876864 0.435345168 1.367664892 -0.629414958 -1.702554327 -0.478036669 0.904503467 -1.463287280 0.916283828 -0.710817672 0.710089212 2.118544144 -0.715016543 2.042925050 -0.982325678 1.040856839 -0.748898544 0.680027377
20.783462016 -29.827702237 -19.648628600 0.019981387 0.137627202 -0.955792068 -0.259077247 -1.238489937 -1.028064848 -1.031044120 -2.276160544 0.860305352 0.940574990 0.082446419 -0.029786066 -0.553513218 0.168806120 0.676772971 1.193401671 0.047310217 -0.769517224 0.055364647 -0.973455325 -0.270775508 0.457030734 0.368159545 1.332679436
33.029569977 -25.401054556 -12.244379745 0.509968710 0.333864105 -0.575858709 -0.544842566 1.944141077 0.364501706 0.008228368 0.904028017 -1.265624277 -0.479047037 -0.686779954 1.991855532 -0.512576516 -0.129892062 -2.058364491 0.128044202 0.629456751 -0.066817804 -0.172697360 0.707660591 1.694946234 -0.552597396 -0.474986759 1.937292309
29.689695753 -25.719086785 -9.764619206 0.778268143 -0.338855945 -0.518268471 -0.104274343 1.640810884 0.049180680 0.103180704 -1.234389041 0.402257514 0.240973709 0.202507606 1.502907045 -0.582688801 0.192222047 -1.062280562 -0.794142908 -0.345860294 0.938734968 1.177879908 0.498589429 0.612401102 0.555638882 -0.089627722 -1.216130713
30.868374740 -36.737811713 -16.840055228 0.141309905 -0.816766752 -0.538048234 0.153061041 0.707153268 -0.150874994 -0.207227486 -0.921038764 1.774030077 0.875923791 1.067978506 0.769947422 -0.606629315 0.319005683 -0.769915862 -0.721428753 0.579984486 -1.033707391 -1.388122800 0.520174825 1.557215607 -0.484313952 -0.431695717 -0.837621154
21.832557556 -34.490621232 -11.390501884 0.578847891 0.337160608 0.697503266 0.254454390 0.240143210 -0.048154982 -0.124294712 -3.203742280 -1.241449917 -0.495042057 1.376775590 0.643319987 0.924449823 0.725339816 0.094829859 -0.782510678 -0.651445374 -0.468188975 0.855479804 -0.252111363 -0.176655998 -0.320520696 -0.144371352 -0.003031848
21.836450733 -33.955866048 -10.367395666 0.717709068 0.327194465 -0.319191256 0.525313638 2.394977334 0.043983473 0.682170000 -0.742537312 0.183115114 -0.836522741 -0.345702215 0.073967748 1.131396021 -1.641111333 -0.421238439 1.468345169 -0.466793436 0.519842386 1.296522709 -1.410485568 -0.881315452 -2.076740483 -1.474526970 0.606845665
35.547911744 -27.215013791 -12.323253178 0.249707396 0.458565018 0.000732976 0.852856262 0.777216245 0.812379219 0.379915260 -0.172468999 0.062933736 1.192398177 -1.100551447 -1.837953604 -0.021770274 -0.328446861 1.593189598 0.116897607 -0.208342103 -0.266559651 1.412650543 1.541842577 -0.164114746 2.377932470 -1.166632639 0.918316669
24.226831941 -27.259347313 -7.158158458 -0.689352339 0.000271750 -0.503802593 -0.520553769 0.803799137 -1.585591039 2.923914688 -0.530654853 2.265169198 0.163535496 0.357214753 -0.654511128 1.376935166 1.279255140 -0.760193861 -0.191326850 -0.526418660 -1.510721216 0.763764017 -0.898235786 0.653080470 0.328660940 -1.770064039 -0.841058258
26.516711124 -26.492328142 -13.176148545 0.682562568 0.408326812 -0.570432723 0.204900131 1.586196268 -0.236489786 -0.442900135 -0.152717510 1.640729698 2.472246802 0.550830860 0.055358853 0.960075033 -0.242155541 1.515861887 -0.084623741 -1.002983087 -0.774600674 -0.117903314 -0.248505261 1.742765092 1.680865652 0.812601108 0.821175506
23.936937941 -23.541517855 -17.215352039 -0.005928435 -0.920723623 0.376652819 0.101811190 -0.480801849 -0.390624657 -0.459499944 -0.284859141 1.083532568 0.239904956 -0.193420219 2.315182136 0.941307562 -1.281126118 1.288977905 -2.338558148 3.203254745 -0.821208200 0.038972730 0.198917902 0.242325135 1.007061860 0.395764175 -0.372219994
22.530548584 -28.159775016 -16.031268417 0.173728580 -0.278546227 0.272035466 -0.904559056 0.999181980 -0.730885599 -0.307595873 0.832381939 2.871661919 -0.166366796 -0.434536444 -0.970583846 -2.607150663 -0.499087539 -0.867226513 -0.601206594 0.836380021 -0.744921724 0.204521936 -1.839850181 -1.176819594 0.236534437 1.077068620 0.682268903
31.296505835 -34.601945377 -14.060657291 -0.000838061 0.633778709 -0.203286790 -0.746323205 -1.262092120 0.916640635 0.571208339 -0.244133426 -1.479376682 0.265465351 -0.542189693 0.817532031 -0.252993087 1.095835145 -0.996143033 0.906613221 2.576291243 1.057663125 -0.030927541 0.075177170 1.030575313 0.654576851 -0.491834824 0.009196400
17.879518960 -25.194004133 -13.933055151 0.799804021 -0.496938641 -0.322992721 -0.095085317 -0.220572860 -1.197219226 -0.962986124 -0.150422341 0.313938803 -0.636851765 -0.483747680 -0.143756930 -1.316137877 1.504324944 0.298521803 0.665220685 -0.065705917 -0.845803379 1.873236278 1.168137656 0.695734037 -0.515900892 0.836179729 0.498128120
28.989837427 -27.060473763 -21.676263829 0.196820865 0.853227011 -0.235274589 -0.421795071 1.729779415 1.100918391 0.016371834 0.105409132 -1.680046863 -1.588049769 -0.633857130 0.074538225 1.348056464 0.325995077 -0.059601810 -0.597540557 0.825447377 1.266341221 0.564490316 -0.610101243 0.926081721 0.500475362 -0.815992758 -1.049573450
26.867254850 -33.590745986 -7.012309085 0.451870378 -0.755700463 0.119194619 0.458827434 0.695034192 1.953861703 1.529099998 0.782746741 0.897927500 -0.370814535 0.576633842 -2.117186043 -0.179148122 -1.483548797 0.191211663 -1.354308300 0.769070971 -1.658128030 -0.266981212 -0.091897039 -1.150890401 -1.579360049 -1.061772183 1.869773144
24.360381820 -34.818545883 -12.189730190 -0.689659453 -0.298271129 -0.599038600 -0.276689226 1.289350808 1.457659020 0.364663490 0.259688635 -0.208101757 0.071218860 1.485517476 1.146272712 -1.175689457 0.964711922 1.379201075 1.290287520 1.955761721 -0.281564281 -0.565085440 -0.191215345 1.922943194 -0.164749242 -0.307790282 -0.015719241
31.681293260 -27.649663502 -17.074781138 -0.592493433 0.403656495 -0.622333841 -0.314187135 0.457294338 0.553877647 -1.245280618 -0.365175535 -1.526094963 0.363192266 -0.247819830 -1.015231002 -0.639543824 0.939668030 -0.315514836 1.419343000 -1.198612134 0.547635215 0.769398206 -0.706605690 -0.240668725 2.322842335 -0.179966572 0.496628352
31.129513377 -32.275794439 -18.548101538 -0.374271759 -0.035262314 -0.876695596 -0.300136720 1.104186178 -1.501212854 -1.612531360 -0.957738054 0.544587312 -0.232109489 -1.238251771 1.027048422 0.307391644 -0.910836260 0.514604793 -0.381471807 -0.856404080 -0.397703046 -0.911683399 -0.041425034 0.119757341 -0.198395361 -1.411132408 -0.849234419
23.083312153 -31.105604167 -17.742988643 0.307282354 0.240606879 -0.407286974 0.825713755 -0.095590847 0.382137395 -1.359340520 -1.214133585 -0.186382123 -0.606558904 0.317249094 -2.371499436 1.953672639 0.347742985 1.314262971 0.449067755 -0.947525214 -0.305633508 0.487650246 -0.905682027 0.226765196 -1.390832437 -1.312020085 0.538938462
20.579249952 -30.715029772 -17.683812574 -0.414760709 0.207083712 -0.877794459 0.120692909 0.574193912 -1.569820316 -2.162409184 0.701875511 -2.100397739 -0.377688120 -0.234333095 1.188053927 0.440859139 0.063089943 0.416743362 0.026850284 1.210582463 0.510008306 -0.106037054 0.434879795 0.068024021 1.494287646 0.391915478 -0.408599783
31.765304296 -29.420360095 -14.944866309 0.262142550 0.465209632 -0.552022289 -0.640416016 0.745828274 0.555123897 -0.613837772 0.444930901 0.360390949 -0.854083815 1.059388560 0.936331671 1.460456636 -0.787498667 -1.103622041 1.248743797 -0.829882551 -2.317568451 -0.056632414 -0.801601490 0.632871712 -1.088843229 -1.099664955 -0.084861339
31.882267931 -30.127535849 -7.579573744 0.479198542 -0.205234099 0.060947331 -0.851195127 -1.061392007 -0.320382094 -1.923480117 0.742002668 2.820064334 -1.349003742 0.144163967 2.214419820 1.099617387 -0.513234602 0.797825075 0.278061260 0.704819215 -1.404664895 -1.349093814 -1.419354440 0.650731474 0.290957814 -2.133160413 1.052561223
22.592921907 -25.630403148 -19.101406300 -0.347704950 0.421105804 0.837713150 -0.002801587 0.303201724 -0.471191573 0.580763318 -1.050817082 0.072123984 0.033265397 0.826031211 -0.153732039 0.175084207 -1.003352933 0.918055830 -1.096831796 -0.119288849 0.207033349 0.306673595 -0.962284356 -0.915246301 -0.311542239 -0.713897108 1.429239217
26.760648562 -23.511196678 -17.840799398 0.322016495 -0.373836607 -0.631554178 -0.598072645 1.642031865 0.133235665 0.153807924 -1.284737974 -0.561422103 -0.855384832 -0.524737286 -0.402764842 0.689093334 2.426719729 0.452547781 1.679800301 0.929816668 -0.978502610 0.465740742 -0.266620143 -0.377243005 0.164013995 1.401623605 1.657534099
33.350741074 -25.274910023 -6.855549891 -0.071421265 -0.151006833 -0.963526375 0.209076214 -0.901902068 0.002235251 -0.436797444 -1.318753893 -0.973737102 0.016344990 1.306768777 1.817339455 2.216549596 -0.070412802 0.511912039 0.612761665 -1.119418386 0.141051596 0.481283567 0.858333160 0.530366792 0.962324878 -0.237004842 0.685262220
21.411347487 -29.437509616 -15.594311766 -0.655334218 0.261815795 0.445377267 -0.551025084 -0.502507275 1.608704509 -0.296465366 0.722200069 -0.392231201 -0.504221610 1.856420859 0.310225056 0.769155343 -1.780680383 -0.661840397 -0.954117058 -0.113502248 -1.375458253 1.114905875 -1.316203937 0.617243494 -0.374025256 -0.880447765 1.873108940
34.621225511 -30.709958543 -8.569957246 0.295757576 -0.045894657 0.829648081 0.471280382 -1.381542352 -0.906125696 1.846266035 -0.359340900 -0.569541239 -0.064484992 0.203186232 1.214685702 0.427516782 -0.232993586 -1.922578941 1.037001817 -0.263974600 1.241005566 1.747382632 0.996870539 0.158573150 1.002422305 0.909027970 -0.202519529
32.096384347 -34.074404400 -19.335808475 0.672784314 0.294355433 0.642214048 0.219720874 0.619076508 -0.418217021 1.026199066 0.930340275 -0.099088818 0.136181261 -0.222872477 -0.149209476 -0.455744451 0.119391344 0.548295760 0.265256443 0.126208996 0.027390107 -0.576654780 0.698260113 0.190890463 -1.164957729 0.470225325 -1.086058726
28.612227082 -35.779990136 -11.161027590 0.553514510 -0.435755049 -0.561276374 0.434405407 -1.406689392 0.976381250 -0.375380225 -0.334876702 1.305735594 0.041343717 1.361366124 0.799753326 0.214624776 0.745912720 0.425871809 0.165961975 1.821212393 2.269474181 -3.673580646 -1.744494406 1.020334441 -0.586377059 -0.117533752 -3.084346099
23.460801158 -27.340539066 -8.145531207 0.535103834 0.557257200 -0.389353155 0.501530079 0.042958543 -0.757917435 2.409084641 -0.402911470 -2.230622917 0.123357225 0.041910385 -0.589636983 -1.860136578 0.331718064 -1.911640082 -0.445677290 0.745361417 0.273766173 1.354547269 1.207472386 -0.207392648 0.365479601 1.785064091 -0.531924770
24.829768663 -35.131857861 -16.924370418 -0.727470007 0.188184507 0.491961840 0.439713006 -0.238027444 0.686492655 0.281257714 2.279167596 -1.850322783 -0.608963824 1.694398570 0.004659567 0.192492485 -0.970242020 0.479226526 0.522312311 0.524072604 1.344641602 1.529541115 0.173949388 0.224986299 1.511794125 -0.770979285 0.076432856
26.361607142 -26.634885789 -15.529281702 0.389522060 -0.918047694 -0.061666683 -0.040721210 1.079431774 -1.907753488 0.609652765 0.637373416 2.230102418 1.028521948 1.245909616 0.930032777 1.335245418 0.755635142 0.965241582 0.926251485 0.221830169 -1.084588307 -2.037386834 -0.380995395 0.991179810 -1.098133459 0.389053547 0.550552062
33.515773228 -35.112169404 -14.654891784 0.463843622 -0.643813437 -0.448910688 0.410892378 -1.698049827 -0.673173345 -1.351482084 -0.260566955 -1.297414501 0.133194180 -0.030420867 -1.197501074 0.049623652 -1.756175674 1.386880528 -0.006875481 0.201803625 0.382567864 -0.541392904 1.492249858 -0.882638619 -0.369787746 -0.274796658 0.421024063
25.934533883 -22.888881550 -10.615429006 0.499876626 -0.731108550 -0.422691158 0.192186974 -0.254456718 -1.144907963 -0.038396734 -0.029445926 0.009041499 -0.888902032 0.847062261 -0.505495196 -1.533700049 -0.036441294 -0.084950758 -1.972390221 -0.429928695 1.858029266 0.531731064 -1.258089136 -1.318328399 -0.228379256 1.742947990 0.941786100
21.624285165 -33.924625321 -17.049811534 0.775707692 -0.183502782 0.529961804 0.289386924 1.090182982 1.073421660 0.513379514 -0.773315720 -0.755813173 -0.080802735 0.601369633 0.802151132 0.182404201 0.453690357 1.684664322 -0.902333008 -0.652745107 -0.386024387 -0.528729697 -0.975070418 0.532019049 -0.346047720 1.419458291 1.404526729
27.211295397 -24.096389592 -12.084384836 -0.052191008 0.888470650 0.076465137 -0.449498705 -0.944191100 0.120396247 -0.825987202 -0.630775562 0.202845185 0.016905809 0.394764179 -0.889432428 0.122831513 1.117965372 -0.677979096 1.003475794 -0.744746534 0.003100087 -1.577240758 -0.758529541 0.538389763 1.205358728 -0.344981882 0.782733138
22.278463708 -33.226221556 -10.040045773 0.860828844 0.466702161 0.035312799 -0.199789390 -0.330493805 -0.332214428 -0.403897574 0.442141699 -0.564656744 0.705850648 -0.030133928 2.309348675 -1.333293227 -0.188096515 -0.910710411 -1.873825848 -0.168904750 -0.818371800 0.113175381 0.951647545 0.956345703 0.244693881 -0.819287085 -0.521554920
30.149125965 -21.104630344 -9.940555335 -0.572483973 -0.763336868 0.028973718 -0.297891675 -0.406189673 0.601349143 1.513379060 0.884195385 0.916945206 1.572127444 2.039889821 0.721613254 0.818355876 0.468730884 0.837989867 -0.155779483 -1.252294811 0.355952849 -0.208913349 0.648861110 -0.570111885 1.059466975 -0.008574338 0.470970588
30.567646127 -36.383143724 -11.516648145 0.081029733 0.206353208 -0.596399406 0.771466321 0.671563042 1.491221282 -2.463119265 -0.604090622 0.154319433 -1.193245807 0.992326872 -0.557683904 -0.238606449 1.339876618 -0.477408347 -0.026193604 1.165598687 1.689366265 -0.890643863 0.554690128 0.576016659 -0.475988389 -1.532463976 0.759486360
28.590613238 -29.364847246 -15.222739047 0.390307074 -0.488823938 -0.331508810 -0.706267268 -1.201951052 -0.213927609 0.329830282 -0.823291694 0.177087285 -0.665464727 -0.118551924 -0.184663196 -0.346642391 -1.091584267 1.126348049 -0.557033013 -2.384758118 -0.072466788 -0.560928381 -0.388694420 0.010725632 -0.262097519 -0.000906411 -0.551219537
32.164126890 -29.327625406 -19.285552248 0.535209630 0.514385075 0.158661129 -0.650987936 -1.272991250 0.776211432 -0.381491637 0.678253054 -0.086919323 -0.558614655 -2.117745464 -0.317808638 -0.245655227 2.370991274 -1.179198979 -0.551607424 0.667218743 -0.471245971 -0.881461572 -0.420508970 0.680956305 0.887289300 0.843380765 -1.426038709
23.249606951 -30.338086751 -4.652272197 0.138742184 -0.583827542 -0.693973577 -0.397865155 0.947196471 -1.029689826 0.414228070 0.291793672 0.129336133 1.417750490 -0.576108663 -0.673781770 1.350249099 -0.724963314 1.001466847 1.228410670 -0.076370840 0.646753738 0.569020437 -0.217937813 1.086204536 0.937038649 -1.907909343 0.249175389
28.857081438 -28.093928977 -20.638877221 0.145924990 0.755548376 -0.258859789 0.583818601 1.996368139 -1.181930605 -1.007996808 0.666874613 -0.355692639 0.373965502 0.307951622 -0.690463004 1.222123731 -0.807470479 -1.071548006 0.948554184 0.140668885 -2.314415057 0.043137610 0.495051415 -1.078819456 1.128877553 -1.004336344 0.797597926
33.747961857 -29.210293081 -11.562607733 0.042650777 -0.195976543 0.538041686 0.818709503 0.924110428 1.492943357 0.226035743 -0.013106239 -0.438606633 -0.798961868 0.060808616 0.457861183 0.556143232 -0.366496099 3.197596593 -0.894875986 0.913636789 -0.841325186 1.799536959 0.426273691 1.556533610 -0.826754331 0.341741749 -0.322731307
34.941810263 -26.126755956 -7.953914649 0.068784679 -0.437672550 -0.753159730 0.486273408 -0.830938226 2.346306175 -1.076316407 -0.570239929 -0.658840946 0.368350495 2.541768660 -0.559413298 0.606183809 -0.551780041 -0.111655320 -2.983493835 1.619301446 -0.692383613 -1.209112649 -2.299887865 -2.266088253 0.869339208 0.509050546 0.396083382
25.071131264 -37.170085422 -9.178387914 0.544322517 -0.601446770 0.422596675 0.404211370 -0.786398335 -0.184732767 -1.369548632 -0.620792773 0.026390518 -0.415463017 -0.200797271 -0.146518733 -1.905977462 -1.341925305 0.056961802 -1.107334764 -2.364555719 0.643187755 -0.400811110 -2.282959169 -0.198523195 1.502252150 0.747069053 1.722052184
23.362767655 -33.831818909 -14.839637352 0.774010936 0.085745762 -0.424742603 -0.461680038 0.058617172 -1.561051910 1.188964973 -0.358873059 0.258702803 -1.140007364 0.166225754 -1.536990425 0.394309235 -0.261124732 0.135565771 0.993452885 0.079475108 0.580493382 1.543195760 -0.970494548 0.148376751 -0.446643991 1.181891279 -1.440499246
33.182747034 -31.089697403 -14.635837969 0.031803002 0.621459243 -0.377247410 -0.685901866 0.672977813 -1.294947924 0.373154692 -0.646300854 -1.296323595 0.324911918 0.860473359 0.833859804 1.108152049 0.611230247 -0.700260083 1.463105669 1.298824713 1.233687965 -0.466313008 0.248352404 0.350736425 -0.475822557 1.675068479 1.315046474
30.430702429 -36.945267589 -16.651998089 -0.121465810 -0.826146894 0.535448426 0.126579423 0.119960549 0.889421669 -0.062308281 1.318812663 0.554012842 -0.759366506 0.004569891 -0.167524831 -0.580549512 1.648600579 -1.859253936 -0.720041690 -0.556665297 0.073111596 0.750990256 1.241900118 -1.659076202 -0.743259605 -0.240441809 0.043818157
25.866570331 -27.422915948 -12.678862925 -0.301925434 0.557004323 -0.770770702 0.067080113 0.629063992 0.822017260 -0.904662711 0.622428931 -0.618606551 2.638685806 -1.077801429 -0.543553030 -1.442081523 0.875149350 -0.664706538 -0.514137953 -0.398498082 0.715064966 -0.023973073 -0.175881124 -0.164485875 -1.045373775 -0.277484831 1.148672136
22.704349735 -27.369277909 -15.420876896 0.687537793 -0.452401986 0.541422318 -0.171715169 0.731632822 -0.493259696 -0.844665390 -1.284547442 0.374716570 0.599934675 -0.383976144 0.188129143 -2.341484582 -1.412062555 -2.018313665 1.464136239 -0.979106408 1.252184281 1.406583287 0.833329798 -2.171294765 -0.973941970 0.101981123 0.129491910
31.818854207 -32.103202940 -13.394954369 0.390578161 0.262863048 -0.796946162 -0.378455458 0.413230782 -0.062948085 -1.030343130 0.064253355 0.572982915 -0.794662626 1.640630713 1.053202823 2.025482302 -0.379362358 -0.421438361 -0.812595751 0.254031444 0.833513510 0.735563526 -0.513081840 -0.145699051 0.552491884 -1.628801665 0.758733724
17.639976585 -28.505618351 -12.303360075 0.807268619 -0.218859651 0.472927935 0.277050534 -0.431692901 -0.919111906 -0.559831379 1.776168607 0.144890032 -0.587654672 1.275695346 -0.440684187 1.457449914 -0.890322879 0.029369768 -2.016311363 2.060958406 0.312146439 2.605119739 -0.893580423 0.217411182 1.393203215 -2.285125117 0.209164572
31.210307816 -32.409750487 -9.193169354 -0.927703647 -0.343021439 0.093380086 -0.113940317 -0.416779571 1.410305998 -0.644641852 1.663048554 0.727855476 0.930958132 -0.454278133 -0.532119306 -1.601557101 1.382146188 -0.098702230 0.093977833 -0.053549216 -0.897016403 -0.037803365 -0.526792379 0.214073086 -1.722449345 -0.305096247 0.407784994
27.888522824 -29.798068102 -17.435235593 -0.961272988 0.102710145 -0.241448999 0.084304507 -0.003940168 0.052147085 -0.812467965 -0.820167369 2.425097027 -0.132828061 -0.325026725 0.106310164 -0.494178077 -1.136020626 0.890116771 -2.019474852 -0.423309783 -1.037922391 -1.558521144 -0.560202088 1.063353247 -1.306770178 0.297983976 0.465815706
30.646092490 -28.064318594 -20.609517070 -0.265058054 -0.644593676 0.714224191 0.064241930 -0.121965250 -0.727266492 0.100394857 0.149706041 -1.252637982 -0.606986596 -0.722493571 -0.424278150 1.027825690 0.903062676 2.591811579 -0.104124553 -0.071966847 0.118685867 -0.606084059 1.105919681 1.994765144 -1.893137458 1.418142910 1.507664395
33.214719271 -28.576824360 -12.948962248 0.078687229 -0.460934720 -0.859104515 -0.208055131 0.275257720 -0.245886607 1.607974858 1.159794941 -0.374681651 -0.007548966 1.319508960 -0.469595661 0.615354113 0.923803110 0.775859789 -0.294938925 -0.071859636 1.659305325 0.017465345 -0.757027403 -0.910191150 0.097996996 1.771540956 0.684204830
30.766695229 -27.341028798 -6.750570794 -0.953469474 0.114521858 0.170388537 -0.220790518 0.420219935 -0.055062837 -0.599163148 -0.441574921 -0.314941705 -0.856916400 -1.261966225 -1.638515394 -1.600207470 1.031941908 -0.379226268 1.491288853 -0.413407478 0.948001449 0.977564365 -0.025900099 0.124852484 0.260034727 0.017232921 -1.024608535
30.691586726 -28.805705725 -17.416768542 -0.747259461 0.485871312 0.093578851 0.443593694 -0.502962181 -0.826245801 0.737853463 -0.657218242 -0.266422710 -0.548923563 -0.651841938 -1.980566048 0.457650702 0.697906184 -0.195339632 -1.176450523 0.659372513 0.262735772 2.324013668 0.108915659 -0.247250942 -0.512971459 0.018464645 0.691006201
27.271328872 -27.549531855 -6.852287421 -0.261870320 0.700343936 -0.432873658 -0.503550100 -1.281434239 -0.741339903 -1.377301038 0.496534273 0.588421039 1.265799485 0.745024030 0.127155385 0.980926210 2.433118022 0.361044197 -1.555201414 0.420752540 0.569276650 0.674280265 -0.413601943 1.408433308 -0.288700752 -0.708231387 -0.086202708
20.319426269 -31.291010060 -10.009281377 0.226765611 0.509380712 0.110734205 0.822706864 -0.410180630 0.073362773 0.742285972 -0.495734071 0.719209894 1.030570172 1.632333874 -0.807898403 -1.991648665 0.548612602 -0.456858677 0.258607007 -0.406713739 -0.978517079 -0.789126638 -1.550690436 1.303734183 -0.579009415 -0.815023582 0.561569618
28.765175264 -32.830858281 -8.709322643 0.179493835 -0.347668831 -0.907098926 0.155176948 0.181495856 1.178311374 -0.145262273 0.616724691 1.348858305 -0.694111611 0.250745687 1.577277846 -0.837511020 -1.186930799 1.636147136 1.635753126 0.824069707 -1.382929644 -1.635751110 1.192131666 -0.175474182 0.310392704 1.992068260 1.581024841
21.309203394 -31.741264390 -5.986795585 -0.662781201 0.175229892 0.484258850 -0.543607331 -0.236907764 0.946415045 1.083699254 0.598720690 1.311296147 -0.183041799 0.228496391 1.423062997 1.028846389 -1.189015141 -0.350880373 -0.908533295 0.953624312 0.658107326 0.123455805 -0.316500482 0.829811793 1.026089084 0.426346417 0.067229164
32.461673276 -23.711101900 -7.495425107 -0.331295533 0.584234945 -0.740243669 0.030856254 1.003331015 2.881062134 1.338462988 -0.300469391 1.962211147 -0.303672487 -0.723611185 1.517265989 1.093331208 -0.043136247 -0.413530065 0.553176717 0.456019048 1.480564343 0.321098198 1.365223085 -1.782380095 0.319653894 1.165733039 0.063604003
31.913861290 -26.115152043 -13.517589711 0.098246225 0.939275285 -0.319446284 -0.077869694 1.487210239 -0.097973713 -0.704776257 1.140106319 -0.056327596 0.237415651 -0.394278003 0.692781756 -0.920641723 0.394563258 -0.483279383 -0.434498080 -0.316907505 -0.944531753 -0.182053037 0.141847996 0.032415416 0.919704388 0.436671332 0.601846146
23.265730662 -36.000457917 -18.067661126 0.829185069 -0.454736939 -0.191908642 0.262369036 -1.543776323 -0.434825159 -1.204454805 -0.393871050 0.688882988 1.854391954 0.640191421 0.097901364 1.357524359 0.892996723 2.344309015 0.877504801 -0.130225488 0.764062041 0.043733009 0.474374347 -0.188632144 -0.324362384 1.118148484 -1.367794553
28.834386646 -36.424027962 -12.858077508 0.201087633 0.367106334 0.498977212 -0.758827019 0.153890057 0.352651806 -1.166086767 -0.067489369 1.191186912 -0.328740563 -0.551732785 0.505922652 0.689090841 0.455255087 0.890096612 -1.302166583 -0.375599291 -1.723076714 0.890039964 1.070863608 -0.235668826 1.468353239 0.656087424 -0.344196644
26.749411897 -31.610509547 -22.277521830 0.363423226 0.929320356 0.065100773 0.007008844 -0.923135004 -1.561233192 -1.189551270 -1.738753140 -0.503916865 0.908780334 0.948131149 0.707549921 1.443386912 -0.384729803 0.519874794 -0.332288967 -0.334239516 -0.899247309 -0.000865553 -1.383518850 -0.274704442 0.739783477 -1.139823212 1.424076041
31.754484302 -33.111127630 -7.349684123 0.309871555 0.736452903 0.458549681 0.389035899 -1.012452786 0.790145222 0.943932586 -0.724902579 -0.866195893 0.523127578 0.517920385 -0.122676717 0.877343751 -2.343949817 -0.419014754 -0.130117458 -0.754283775 -0.229174840 -1.183683962 -0.763495676 1.926939524 1.179946214 2.275085441 -1.474424484
26.306677966 -26.777855422 -14.891372803 -0.647923555 -0.382425275 -0.653379105 0.083914964 -1.137203929 -0.616520472 -0.577886799 -1.825859882 -0.774267715 -0.589333362 1.083941699 -0.591057268 0.133344995 0.657849185 -0.760536554 0.939048067 -0.344870587 0.260000082 0.495517668 -1.309378255 -0.936767111 0.211518521 0.918294693 2.226702210
22.804628269 -29.005247348 -17.458021214 -0.432621497 -0.265552257 -0.697192288 0.506205050 1.179151034 0.201223760 1.110339281 0.003169269 -0.659834535 -0.496759621 0.587618289 1.148908235 -0.477179193 -0.248492032 0.660057600 0.056210991 0.423766984 0.251037429 0.955709344 -0.243574311 0.684617176 0.101697477 0.616786361 0.313094648
29.611161093 -31.242444064 -15.000802491 0.355880435 -0.750639659 0.250244758 -0.497259267 1.779013798 0.808473706 -0.911295310 1.088750711 0.458518268 0.427252783 0.058354193 0.089008723 0.758172887 0.562979681 -1.522347509 0.355762421 0.354627098 -1.143036801 1.307950940 1.055192995 0.449257868 0.519242594 0.322493498 0.474670770
22.897369607 -27.878961320 -11.535024542 -0.103591795 -0.210821675 -0.392440832 0.889276759 -1.703455749 0.650537755 0.025535470 -1.234767150 -0.165494076 -1.854650370 0.859838038 -0.344061473 -0.337840266 0.285664947 0.911255385 0.655381489 -0.954564000 -1.394209578 -0.343855000 0.341834065 0.005085698 0.411426208 0.037554075 0.451984148
30.762368908 -24.104011501 -16.056663621 0.607163942 0.758098379 -0.237310517 0.017958651 -1.502711760 0.408997080 0.712804948 -1.164316038 -1.122364205 -0.332924908 0.058785906 0.732673462 0.904463024 0.084267933 -0.201723614 0.209986516 -0.902814804 0.732749522 0.741896061 -0.231463452 1.071951405 -0.000421818 -1.902784759 -0.440203766
30.281660127 -30.660620491 -17.126408381 0.080361017 0.229999314 -0.884916399 -0.396945071 0.286600901 0.570832633 -0.784537598 -0.650192765 1.503105426 1.247763036 0.325773491 1.406956829 0.225762251 1.536108874 -1.175072408 -0.386903141 -1.350764967 0.791778935 0.156194864 1.783388217 -0.601961848 1.050247570 0.607247744 -0.887317686
27.893745513 -26.643332446 -15.535344726 -0.038299234 -0.840044192 -0.031680485 -0.540236310 -0.552910061 -0.675903004 -1.123577220 -0.708731656 0.263533651 -1.373120020 0.618677736 -2.057460083 -0.165999131 -0.879404839 2.411959750 -0.104583093 -0.595692384 0.651801632 0.460741861 1.829196307 -2.236178209 -0.525025802 -0.074279017 -0.229790578
22.854757463 -34.105096914 -18.243215908 0.409587225 0.495835806 -0.762603924 0.069429197 0.619813382 1.120186806 -0.799669633 0.850256605 -0.858756278 -0.266102904 1.524374421 -0.824872563 0.303323804 1.169668354 -0.704861464 0.412866547 -0.597395685 -0.364242316 0.287491787 2.105010912 1.563705371 0.039725116 1.575330318 -0.991996382
22.758825656 -28.411757285 -21.575377246 -0.268255731 0.773428202 0.495766759 -0.289936199 -0.464817293 1.661393465 -0.409044062 0.749738810 -0.059158925 0.563132656 2.050664224 -1.718544736 0.689602216 0.140796824 1.953364597 0.961443319 0.231131146 1.352764039 1.080755056 -1.637723924 0.876597955 0.309012351 0.466802440 0.652241654
23.689797775 -28.985638885 -6.849668161 -0.456437841 -0.325561167 0.823158975 -0.089909541 0.841642661 0.028387401 -1.125456615 -0.479146672 1.450287077 1.037940885 0.620700507 -0.360396522 -0.046927906 -0.124039410 0.701962598 -0.320784425 0.126263372 -0.322917889 -0.290667226 -0.432951133 0.643415814 0.085585651 -0.842844892 1.210459990
24.679196366 -21.750439048 -15.267039046 -0.746901939 0.154226334 0.555374340 0.331528392 -0.329788769 0.385853577 -0.894167996 -0.851229267 1.572968356 -0.876215691 0.472820901 -3.007656050 -0.056192360 0.319561680 -1.130542991 -0.124068795 -0.550456742 0.550816425 -0.836132843 -0.810511578 -0.082029609 -1.317082539 -0.236065739 0.214445989
30.550493227 -28.084592163 -20.739933157 0.955545767 -0.183447519 -0.045827538 0.226228053 -0.545645153 0.963433138 -0.024181954 0.018911123 0.220941635 -2.712208097 1.440330162 -0.035865790 0.610373618 -0.666396979 0.801366830 -0.648674956 -0.252792940 -1.372336182 1.045348340 -1.492834163 -1.476427247 0.372211009 0.184320372 0.398820289
35.009784525 -27.974700154 -7.561550211 -0.761850624 0.029871273 -0.642352721 0.077937893 -0.449377293 0.504992578 -1.779121774 1.467373322 0.072741879 0.379847915 -1.314363823 0.377138627 -0.340196342 1.050297429 1.415990824 0.689161446 0.979308019 -0.127273905 1.561808225 1.608582588 -1.135090292 -0.086609160 -1.749448835 0.160017600
24.393933606 -23.714242360 -6.925896381 0.510195320 0.640191017 0.304087427 0.487223802 -1.175579746 -0.960999720 1.981994599 0.343703205 0.544930313 -1.423654134 1.120604580 -1.863162852 0.380622357 1.059816686 -0.195073512 0.216464246 0.687619307 1.486635018 -0.707176421 0.665642899 0.011829107 0.955322105 -0.191599448 0.301866734
29.128812578 -25.177481802 -16.245835384 -0.040856606 -0.611577433 -0.734264729 -0.291820303 -1.201844633 0.127943002 -0.334828862 -0.293135779 0.615711313 0.190035140 -0.939292646 -2.044466445 -0.768067190 -0.365598175 0.011671534 0.803571095 0.017567127 0.033591735 0.235588171 1.334733570 0.101962190 1.337104069 -0.090077502 1.272149088
25.138850148 -28.475139027 -18.146473044 -0.678057640 -0.594197017 0.372244490 -0.220458117 -0.071906839 -0.432750844 0.389881510 -0.818776234 -0.755967776 -1.529701246 1.198753793 -0.456140908 -0.758292241 0.306494625 0.432757373 0.770414169 1.203793972 0.142903234 -0.018629872 1.745936883 -0.776208527 -2.597557151 1.610120182 -0.445374260
18.357102155 -27.078062731 -9.731234922 -0.071717858 -0.037632831 -0.989216455 0.122029190 -1.932423710 0.322827021 -0.512023029 -0.113735183 0.382316265 -1.835343604 -0.146066930 -0.361873359 -1.027401422 0.182926998 0.541813946 -0.565201773 -0.077215742 1.508269042 1.376391589 0.609787212 1.629957163 0.864805885 -0.035919516 -0.601269577
31.098993956 -28.210528229 -16.191443725 0.592687108 -0.166886252 -0.774400619 -0.145515126 0.204088765 0.700272954 -1.497752248 -0.637837558 -0.202216223 0.602051369 1.005078128 0.657980971 0.691201195 1.512774307 -0.238412946 0.102152504 0.433546690 -0.894294722 0.783275820 -0.038640899 -0.429452962 0.127518906 -0.377166634 -1.033001020
31.475471141 -33.281815597 -16.883983785 0.362457661 0.307746066 0.654296670 0.588058391 -1.255426909 -0.483677464 -1.266584208 0.438928481 -0.304433366 -0.819891844 0.712196442 1.125794516 -1.226987131 0.482618022 0.869766975 0.471760747 1.547346950 0.282727751 -1.017661855 -0.613220793 0.449497046 0.310874171 0.055762767 -0.083966141
