-9.367682726 25.961810799 -5.725052406 -0.752849721 -0.220701238 0.557759603 -0.270947387 -0.725963992 -0.917069267 0.535943578 -0.287854483 -0.444561907 1.029034317 -0.741401728 0.636072955 -0.131083286 1.121393989 -0.059667660 -1.481089870 -0.188747668 1.146330198 -1.181704796 -1.159655043 -0.678374839 0.054932068 2.165172366 -0.846786138
-3.996122273 17.100119555 -9.089337593 -0.026144639 -0.821635715 -0.569284215 -0.012111646 -0.781295295 -0.671413415 0.969756635 -2.323082057 -0.503884161 0.594062810 -0.969498928 -0.668374305 -0.481094610 0.520755436 0.484785682 -0.519964801 0.616404865 -1.619488489 -0.212311551 0.743356522 -0.885959805 -1.678073704 -0.434299733 1.046857591
-5.346183294 25.538733584 -11.033325313 -0.121707214 0.638475359 -0.753290435 0.100449444 -1.096553326 -0.134485974 0.198292147 -0.110757613 0.627118289 -0.428896531 1.203377483 0.954027063 -0.399325833 1.279462124 -0.000341308 0.399662656 -0.136198355 1.332169457 0.675528958 1.251334535 1.983728608 -0.564714732 1.917705184 0.263773708
-9.363210867 18.142174946 -11.850357477 -0.492156779 -0.466167269 0.724572278 -0.124357536 0.288059949 -0.560829408 -0.073223854 1.027953262 0.822386098 0.475651568 0.196990599 -0.343596962 -0.041322072 -0.721294898 0.109684764 -0.193948152 0.580090680 0.165939508 -0.278292247 -0.656107021 -0.641054540 -1.310760318 0.208138327 0.113193602
3.569306876 26.976420798 -17.093512276 0.153518485 -0.351902633 0.888291223 0.252062127 -0.212311860 -0.870197773 1.705383477 1.605830513 1.223909997 0.950331466 0.066969897 -0.600616862 -1.727695226 -1.033940121 -0.064964434 -1.704586384 -0.632092727 -1.643265095 1.320553862 -2.437926351 0.357028741 0.853707303 0.661167149 -0.525243771
-4.764591325 16.436967620 -13.166288535 0.570041458 0.732040712 0.221742501 -0.299998993 -0.863609064 0.848647833 -0.331104925 -0.318664579 -0.912796961 0.964035149 -0.065920823 0.426477517 0.929228309 0.270863656 -1.299206172 2.285202722 -0.585960683 0.645335469 3.599237560 -0.375756441 -0.416776525 1.626211246 0.989657470 -0.823898408
-8.272505647 25.560965997 -10.569630040 0.061297475 0.479614053 0.874863716 -0.028748172 -0.467338729 -0.712970294 -0.786344103 1.487828406 1.431033292 -0.211642749 -0.632400134 -2.044637936 0.518075700 -1.831877940 0.900932649 0.829097804 -1.502045150 0.554872375 -0.937191805 -0.359506584 -1.114345424 1.205002480 1.676396412 0.634636143
-8.526087694 28.020951051 -5.546202211 -0.140964799 -0.781240280 0.591560543 0.140885325 0.532305403 -1.660652835 0.675270305 0.596368759 -2.625730083 -0.797904750 -0.790180851 -1.174826882 0.171846865 1.576618925 -1.488085907 0.189415973 0.203352247 -0.463086377 2.065644859 1.591174861 -1.302067660 -0.106095006 1.291067159 0.258608135
-7.419449370 19.062048551 -13.790611512 -0.109069693 -0.307141343 0.921662449 -0.210490684 -0.181832640 -0.138349979 1.402501995 -1.550925190 -2.731452346 1.473537488 1.154193992 -3.104394640 -0.744704555 0.848543117 0.829389301 0.965873330 0.969354644 0.363940883 0.512559609 0.094829268 0.698115604 -1.248557027 1.174612734 -1.258396368
-9.632981752 20.193945663 -7.275136822 -0.696520976 0.126063326 0.223075479 -0.670226751 1.453859192 -1.894795827 0.364357400 0.481417054 -0.544943804 -0.603694445 -1.187830957 -0.596762333 -0.470610454 -0.032023389 0.803408732 -0.123796449 0.535975343 0.720583462 -0.360003665 0.545047143 0.039357094 -0.806880435 -0.226097506 0.679954183
-13.934393877 25.574281682 -13.540540695 0.040610047 -0.622947625 0.662188193 -0.414480250 0.266221854 -1.441694267 0.045298451 0.382009066 -0.665031119 -0.797571543 0.803869867 0.115288326 -1.288964778 0.346769533 1.428392347 0.388750065 0.329007956 1.343337735 -0.799118812 -0.456510276 -0.216021394 0.712878251 -0.572454048 -0.640283467
-7.348141161 28.181892972 -5.688556510 -0.644754911 -0.499292373 0.479655667 0.323926954 0.279257006 0.507141660 0.258406665 -2.690657086 0.522198839 0.450308184 0.193258693 -0.403321799 1.251763794 -0.170338653 -0.371020063 0.094343548 2.286370833 0.041008641 -1.002587333 1.824504679 0.635412053 0.080568920 0.204764957 1.326159151
1.916089394 29.517520994 -17.489850134 0.668528315 -0.698252325 0.086053550 0.241056777 0.804540623 0.968491639 -0.527564697 -0.862103872 -2.434550473 -1.241451396 0.310067126 0.361352080 -1.428795755 -1.214803911 -0.529123157 0.225468941 0.721198757 -0.674749751 -0.521589643 -0.891592867 0.884174884 -0.089104171 0.430927457 -1.555148438
1.242394793 25.475309972 -10.684518649 -0.321861334 0.688462562 -0.649941864 -0.000394424 0.506128482 -1.466673545 0.283777008 -0.598407963 0.327921648 0.579874858 -1.159331771 1.190822469 0.484994740 0.376246218 -0.095561736 -0.522466197 -0.331144492 -0.519062467 0.789616352 -0.842109211 -0.033190782 2.042804570 1.044859600 1.014370411
-10.296024896 27.361150586 -10.833906086 0.075231281 0.121490328 -0.595205706 -0.790765782 1.415857776 0.455998930 -0.507662923 1.474016634 -0.399412173 1.034955458 0.982246940 1.302860533 -0.905808227 -0.077987033 -0.063511841 0.527299627 -0.967823788 1.094624359 0.460661127 0.811636458 0.768524213 1.809163242 0.624969172 -0.412252682
2.184618414 28.030476813 -12.635481389 -0.754119754 -0.426954778 0.425827731 -0.260161024 0.131340401 0.591796033 0.173610383 -0.453132586 -0.665612218 0.855460979 0.707133233 0.256526112 0.461186561 -1.368315244 1.649959157 -0.500501377 1.110186443 0.461220456 -0.837835061 1.891977146 0.448771748 -0.381717260 -1.392168815 -1.051530435
-3.853363216 33.614172589 -12.117225001 -0.308184176 0.656575401 0.002951438 0.688420326 -0.304570284 0.605941864 0.112091780 -0.044047309 -0.111194276 0.505934371 1.221787485 0.597490004 -1.741825792 -0.137136945 0.791593034 -1.172069342 -1.241231444 -0.864632326 1.304420382 -0.028144413 -1.598623182 -0.208899822 0.740025313 0.895887999
-11.027950677 29.927076944 -8.151072407 -0.219952303 0.903317768 -0.075649503 0.360437438 0.362565832 1.498866979 0.909921632 0.066114392 -0.702848100 -0.747673068 0.433611641 -0.777582123 -0.120764500 0.623225718 -0.212843044 0.729506827 2.119149886 -0.498705108 -1.689194769 0.971950527 -1.995291860 0.275949106 0.481752869 -1.020563338
-5.653326022 20.309970861 -7.749464735 0.056887392 0.235202167 -0.445624524 0.861894743 -1.162248972 -0.467459619 -0.454610566 0.892117558 -0.108352415 0.696484045 -2.054156845 -1.387991851 -0.602076219 0.805464134 -0.585586747 -0.864731802 1.154508922 0.037117523 -0.894816063 -0.414692969 0.829714552 -0.183923755 -1.670725424 0.599996240
-2.256592464 33.676701501 -11.882448685 0.805358107 -0.151654872 0.509747840 0.261832503 1.340188137 -0.659335143 0.430290708 -0.500847815 1.604385964 0.518535791 -1.174670284 -0.338658447 0.248082132 0.104301404 0.901931295 -0.054634538 -2.197020050 0.372593611 -0.249743359 0.735747708 0.127812478 -0.046343994 0.007455211 -0.642304867
-1.813437573 28.455574081 -19.162534507 0.503796823 0.186484120 -0.759746803 0.366329401 -0.499197356 0.637924016 -0.025666708 -0.353153263 0.151308250 -1.478031087 -0.142681111 -0.062297906 0.134807441 0.720662925 0.049471324 0.480507570 -0.344644793 0.784898896 -1.435969890 -0.542260000 0.785146820 0.418092905 -1.806362885 -1.595169061
1.126326597 25.078811534 -7.435969884 -0.485576679 0.369729152 0.283463517 0.739705399 -0.716212388 0.379564371 -1.629954524 -0.001304391 -0.363591640 1.029485036 -0.403658877 -0.691096996 0.678842212 2.119686162 -0.674589639 0.980320361 0.066525068 -0.981233749 -0.309828375 0.013416788 -0.352358661 0.400187032 0.268248647 0.681325057
-6.394561889 18.409339474 -6.932950309 -0.620052958 -0.462985491 -0.617331730 -0.141704978 -0.205766435 -1.159102230 -1.113378884 1.429651861 0.848409909 0.697776451 -0.032281723 0.694657382 0.822297219 -0.882341110 0.558488454 -0.519595116 -0.224528496 -0.106987293 -1.970011547 1.235259798 1.374669150 1.463352448 -1.141720287 1.841915060
-2.096281647 18.600236790 -4.999874487 0.411077650 -0.603257881 -0.365363763 -0.577584986 1.156185103 -1.021763833 0.000779682 0.317061982 -0.237067491 -1.397165939 -0.653396641 -0.212355517 -0.915429291 -0.104262416 1.177504099 0.792234211 1.121771488 0.269197206 -0.662193043 0.315316232 -0.084079982 -0.191578822 1.724057025 0.410584985
-9.162141951 30.656898900 -10.851701193 0.072543206 0.479663563 -0.872743352 0.054583805 -1.180600080 0.278722985 -0.718112517 0.520948179 0.031532153 -0.760356124 0.464795960 0.533928204 -1.114240299 0.110772794 0.484117940 0.696344864 0.525822439 0.948022656 -0.229104572 1.151026072 -0.616260737 -1.512096305 -1.380829875 -0.162749999
-8.566162475 24.996679099 -12.206078599 -0.783019322 0.162991872 0.221292560 -0.557982073 -0.484362717 -0.998895814 -1.082587566 0.669906343 -0.875086436 0.589953910 0.803206691 -0.704551231 -0.640836643 2.648381314 -0.565761307 0.125723403 -0.577528944 0.048913854 0.839710891 0.190454286 0.408218666 1.061257764 -1.675004799 0.684289790
1.424236813 23.985400903 -13.862644218 -0.844514981 0.054286053 -0.062978782 -0.529037942 -0.082458631 0.116840948 -0.750057780 -1.154785957 -0.019316026 1.270288321 -0.053732911 -0.061975966 0.288425707 1.026994281 0.683056687 2.120594484 -0.386462167 -0.539168778 0.431774768 0.202063016 0.575189513 -2.186475479 -0.887425486 0.122606417
-7.203396397 21.179549025 -11.018927846 -0.285243449 0.521178833 0.496223674 0.633064661 -2.892510951 -0.251040747 1.692583051 -1.043754937 1.283800446 -1.168326950 -1.712530998 0.040867375 -0.173303021 0.440569089 0.244991504 -0.055361064 -0.907885118 0.226838499 0.744220299 -0.658831932 -0.514521027 -0.059647716 -0.779582933 0.672810080
-3.241270576 17.388559020 -8.163953617 0.588305920 -0.551284781 -0.229192048 0.545391823 0.299915474 -1.047391087 -1.790908673 -0.849072418 -0.953657250 1.141988163 -0.436369294 1.241619547 -1.055171093 -1.499158445 1.661985390 0.546780345 -1.469020598 -0.966864427 0.576439693 -0.180464056 0.202592232 -0.790325523 0.624190377 -1.639263684
-6.784859295 18.734825530 -14.105883534 0.900272032 0.188409629 0.388961725 0.052161840 0.168916990 1.484087510 1.930135336 0.596255086 1.590015343 -1.151593280 -0.496348524 0.941692903 0.397769238 -1.573881546 -2.307271297 -0.605772190 0.883948721 -1.060708638 0.283961289 0.443746652 1.760408915 -0.427868724 -0.087577386 -1.048975679
0.514588241 30.064541606 -9.779196336 -0.280250875 0.892813784 0.155589880 0.316440806 -1.390995112 0.242935980 1.184086829 0.825354855 2.270686730 -1.440710425 2.811207139 -0.951018524 1.110870707 -0.428764591 0.582594398 -0.292418243 -1.482258780 -0.381987070 -2.085917370 0.289627308 0.534818977 1.228474904 0.108419159 -1.097850846
0.765457148 18.147372464 -11.380504597 0.259304706 -0.162101754 0.778669553 -0.547866606 -1.304486082 -0.513029296 -1.323242321 0.776117262 0.223914529 1.780466851 -1.084760076 -1.514390937 -0.329905758 0.259658261 0.384760559 1.670298337 0.283756813 0.027620972 1.214439708 0.594230927 -0.203042613 -1.015022712 -0.608908966 1.046430249
-11.378518220 18.378177438 -11.523426446 0.103069637 -0.229712597 -0.581800450 -0.773380249 -1.520551516 -1.295712379 -0.502081371 1.026306131 0.724905696 -1.425365823 -2.186885973 -0.532100952 0.943877583 0.480988718 0.459181351 -0.945732837 -0.394197078 1.093478262 -0.570565246 -0.519142859 0.727380905 0.846925168 -0.387661166 -0.176952852
-10.236748412 31.630300360 -13.844531836 0.025374403 -0.407705198 -0.856080749 -0.316636009 0.558892877 0.381985607 0.347449165 1.925524017 1.081287965 -1.531494005 -0.850227478 1.051445074 -1.430621806 -2.836182271 -1.548602150 0.144417759 0.682932171 -0.662794423 -1.875465834 -0.064650557 1.495578413 -0.138202398 0.574905475 1.287936258
-1.728712006 21.693411866 -7.856013860 -0.686302262 -0.358387868 -0.613592154 0.155087103 -0.580375455 1.659436205 -1.050945623 0.331253446 0.565084765 -0.376977609 0.099545713 0.297053265 0.409128607 -1.563956454 1.935068859 -0.059289744 1.800136668 -0.398543800 0.405562598 1.031416015 -1.490269426 -0.130142774 0.559297066 -0.085237549
-5.273697231 19.703282935 -12.417285774 0.904131395 -0.406236273 -0.090346793 0.096726250 -0.252940031 -0.002152316 -0.249324593 0.740882757 0.394045963 0.494121322 -0.207129031 0.449135728 1.174906568 0.961461816 1.528323197 -0.037638522 0.872013291 -0.443069053 0.494727913 1.140296561 -1.155727034 -0.941043901 0.262465725 -0.578413945
-12.344437322 29.169901604 -10.408789591 -0.542194592 0.466403333 0.605459969 -0.349157817 0.422422852 0.904688980 0.343668256 -0.405009325 -0.102432391 0.362023717 0.560588815 -0.609436038 -0.342911070 2.940919685 0.525672907 -0.443983128 2.191311517 0.002374198 -1.020126880 -0.347107421 -0.440826401 0.587024055 -0.425234719 -0.587637625
-8.982059285 27.087633002 -14.772993789 0.227378330 -0.623834684 0.407292491 -0.627090272 -0.905783105 -1.767229310 1.020879709 0.325974081 -0.985571005 1.001707929 -0.230389744 -1.835581834 1.110977595 -0.444469817 0.824574821 1.268390800 0.534992087 0.150813105 0.488935578 -0.626099450 -1.327260483 0.374355856 -0.936781049 1.035070801
-8.178174766 18.927330110 -12.320988958 0.706841388 0.132037846 -0.034355015 0.694090047 -0.880538942 -0.625692913 0.036995461 1.189117254 -0.829548150 -0.110520485 2.422860832 -0.908614196 -0.383909452 -1.814737781 1.833691737 -1.555421811 2.124299234 -0.005646211 -0.389539262 -1.980132532 -0.276656958 0.504322024 0.986890777 0.673416055
-5.764713188 23.136879033 -15.598258084 -0.104991235 0.047918575 -0.990055335 -0.080443050 -2.458608320 1.956151442 -0.389140009 0.033230436 0.449168848 -0.525558695 0.320030912 0.834319376 -1.104783634 -0.917737015 -0.968342057 -0.736067754 0.311901300 -1.609527378 -0.556989367 3.247604089 -0.215702654 -0.390709671 -0.512637269 -1.173263544
-2.102261658 16.669821523 -18.041331601 -0.896691142 0.169243894 -0.409024214 -0.000832478 -0.948858954 0.080250080 -1.214055411 0.522145571 0.189594846 -0.870307357 1.874733486 0.502341778 1.409546107 1.155631350 -0.150219130 -1.464479934 -0.252634464 -1.125835392 1.264502718 -0.284735151 -1.189480399 -0.751852297 -0.424425567 1.728911267
-9.655059183 27.806643140 -14.205565150 -0.117439874 -0.048397657 -0.072400905 0.989254089 0.448315057 0.574054912 0.113963486 -1.233516891 0.428002334 0.317626678 -0.447860549 0.868169966 -0.360877997 -0.235980056 0.821782232 2.151444432 0.350538481 -0.697597558 -0.724183137 0.051149365 -1.132588560 -0.369375042 1.026635807 0.375955431
-8.951703814 21.301770319 -8.415326216 0.594312322 -0.574797950 -0.071150275 0.557976540 2.678382736 -0.362956013 -0.487808086 0.023155952 -0.232235574 -1.804573438 1.129869253 0.922367678 0.707982991 -1.150179967 0.028201419 0.997385124 -1.157042876 -0.014835544 0.582601245 -0.699546939 0.788037823 -1.825207709 -1.071770977 0.035579193
-12.624336362 23.995822614 -14.764507742 0.125449923 0.299015425 0.700634036 -0.635581655 -0.552034268 -0.671904261 1.270037441 -0.444288709 2.429612236 -1.835176131 0.126873119 0.875212173 -0.664546626 -0.490005994 -1.602988090 -0.698224968 0.596292979 -0.961423627 0.357067595 0.429596463 -0.856332165 0.120888259 -0.633827322 -0.676469349
-0.686566155 24.910145056 -8.756555511 0.348912701 -0.928979481 -0.097473062 0.075868656 0.523279750 1.690300631 0.068560119 0.299708560 0.906619236 -1.731702283 -0.238615178 0.042239964 -0.815748683 0.922487089 -0.177223253 0.191366968 -0.890247179 1.090505808 1.218657294 0.620430552 0.690219687 1.123523279 -1.645651750 -1.657210747
-9.061419896 31.148353971 -17.063504006 0.104116887 -0.132859497 0.832820225 -0.527179762 -0.791309274 0.327339355 0.820988328 1.038319041 -0.504868097 0.320365752 0.530833299 0.516699197 -0.868421415 0.979730270 0.776281684 0.610642112 -1.394957019 -0.725199411 -0.746443770 -1.567628126 -2.645922720 0.056391947 0.193939138 -0.921041603
-0.351021803 27.408263937 -11.404394195 0.815976019 0.483423762 -0.063007045 0.310668175 0.317317976 0.207476700 0.570112636 0.311515110 0.309949314 -0.356110558 -1.622948897 0.801478150 -0.116748814 -0.871492891 1.044111237 -0.714773556 0.757935426 0.589721290 0.532249847 -0.756600065 1.066629132 -1.757941658 0.810252124 0.660166078
1.366914588 27.002356055 -9.499116951 -0.195505210 -0.522933928 -0.317702050 -0.766409308 0.618190706 0.051208274 0.356893636 -1.936230251 -2.297123411 -1.510107960 -1.294726906 1.306749498 -0.856519803 1.223098391 -1.602478190 2.091379785 -0.008764679 -0.127779477 -0.545918490 -0.673451986 -1.684531829 0.567433344 -0.143515270 -0.353747695
-10.210677303 19.875401692 -17.973991367 0.757910315 -0.561809873 -0.163919715 0.288222046 0.013789240 0.310964523 0.472787045 0.292175252 0.116836134 1.221515691 -1.285567676 -1.032227585 1.040393344 -0.406237947 1.796005728 0.010012703 0.194699567 -2.480355798 0.927163510 -0.132464215 0.443421230 0.138319089 1.160452405 1.508021903
-1.918186265 17.289497288 -19.214851245 0.772685073 0.586309312 0.235146585 0.062492013 -0.609722914 0.565230308 -0.509365895 -0.280492415 0.738695062 -0.431027602 -0.483645001 -1.236442103 -1.839453555 -0.685566436 -0.494321818 1.032375219 -0.055625473 2.149729822 2.197284157 -0.533024231 -1.144818487 0.049411415 -0.864317573 -1.077485143
-4.366667936 19.445994456 -20.622897272 -0.619954339 0.709419019 -0.319364274 -0.101920231 0.279742499 0.123248833 -0.645822904 -0.561459895 -0.392032859 -0.196080508 -1.136720806 0.211289573 -1.013382305 -1.662839829 0.453373645 -0.222302563 0.534454392 -1.173989064 0.715547485 -0.224816528 -1.615407333 0.228408233 -0.533852733 0.498391638
3.590528455 20.695344171 -11.264487508 -0.448843770 -0.226402302 0.829066183 0.244807134 0.955424206 0.572284593 0.693468130 -0.233787197 -1.276270912 -2.600430219 -0.753034709 -2.432734354 -1.613824293 -0.126578201 -0.878637793 1.623881977 -0.621133475 -0.047973626 -0.655654262 -0.203766217 1.514535340 -0.082546440 1.584857531 -2.325560706
-0.399432112 19.800671716 -8.010036999 -0.294133512 0.048608900 0.474452477 0.828261734 -0.427861746 -1.238281599 0.672928434 -0.096806388 -0.583786891 0.325026097 -0.127032397 -0.881728647 -0.623063696 -1.684930832 -0.977351536 -0.887759758 0.646719792 -0.562286931 -0.589542143 -2.067299330 -1.650308500 1.192292800 0.585733906 -0.128137671
-4.751505334 18.143814178 -20.389595057 0.140798167 0.425778768 -0.863608592 0.230366048 0.355839145 1.484532998 0.393291452 0.412733032 0.318951225 1.065017770 0.605452632 0.423194241 0.419620025 0.047547732 0.005346584 0.454489184 -1.120054767 -1.672020990 -1.055782659 -1.142333657 -2.577599281 0.437752922 0.688398662 0.675322710
-7.745764474 19.473674973 -5.851587200 0.327209480 0.174535633 0.007219046 0.928665254 -0.627581658 0.313805169 -1.776084513 -2.402266197 -0.552205120 0.437997105 -1.351832588 0.605203107 -2.127499579 -0.242209735 0.535450257 -0.485807424 0.933840134 2.425208166 0.288891018 1.140186026 -0.154575196 0.539428432 -2.018150112 0.971341468
-12.360132306 18.724405488 -14.632225296 -0.271128094 -0.308408558 0.796959202 -0.442978271 -1.228200841 1.167025521 -1.938845469 1.146133234 -0.649820619 1.381749727 0.271444796 -0.027959060 2.011021001 0.301356983 -0.714334219 1.646412381 -0.116086015 -1.115057613 1.494369853 0.316282073 0.234228574 -0.248826745 -0.645387729 0.208127567
-10.193887504 21.632017148 -16.366600373 0.370199605 -0.138325922 0.917907078 0.035563855 0.230675314 -0.421790032 -0.228347211 1.209631358 -0.724180900 -0.264919343 1.047613120 -0.547138027 0.342979759 1.109113702 -2.174135832 -0.605982522 0.080248416 -0.483370754 -1.221358118 0.102198018 -1.186356382 0.257271035 1.349717435 0.922674983
-3.501675147 15.109950775 -14.304749099 0.836692299 -0.136117821 0.438321026 -0.298818696 0.504294366 -0.860556745 0.726340899 -2.156071295 2.327034511 1.071636375 1.774300457 1.187124242 0.291898839 0.679189143 0.180611037 1.323009067 -3.343491316 0.079278104 1.127443355 -1.540043933 -0.001425323 -1.246933311 2.173323493 0.318741583
-6.019239431 29.666752786 -18.689043083 0.060430790 -0.102916822 0.075347945 0.989989361 1.749629861 0.915196011 0.205629256 -1.017945971 -0.615904329 0.186855311 0.485297595 -0.029470066 0.947128388 -0.091019368 -0.414634423 0.354145268 0.142764976 -0.631243444 0.860425225 -1.186480579 0.534386815 0.545960500 2.332365450 -0.618011548
-0.144832695 18.059147825 -15.071055753 -0.086061192 0.527433409 -0.326941628 0.779433539 -0.193503929 0.399734305 -1.521488115 0.036740189 1.969884768 -0.246619066 -0.378087090 0.449893731 0.075328102 -0.410960765 -0.384348085 1.128380650 1.505729332 0.214555891 -1.581899296 0.257679288 2.559647154 1.605073414 0.859018784 -0.641471136
1.345677739 20.219777880 -10.143847241 0.289209565 -0.399687244 -0.196226148 0.847409720 -0.205960890 -0.099552175 0.007823188 0.511470305 -0.364171345 -0.928693185 -0.104070114 0.427088209 -0.478198127 -0.187080102 -0.325237007 0.231884294 -0.981114730 1.193587854 -1.577807152 0.998884280 1.630101968 -0.827882322 0.725673429 -0.705556980
-3.702580243 26.685785517 -3.598805874 -0.600439707 0.327162432 -0.641294146 0.348107341 1.517993927 -0.213540344 -1.458022459 0.362080442 0.239914689 2.146669509 1.073848999 -0.588594790 -0.173788063 -0.881473797 1.251486889 -0.188291531 0.651468021 -1.208018734 -1.536810987 0.253839227 0.328875851 -0.452706962 0.276751385 1.616539626
-3.390482329 22.722991700 -5.739973297 0.616210637 -0.003285319 -0.351117520 -0.704975279 -1.022897986 0.130766741 -1.065628437 -1.477525066 1.174325156 -0.869228790 0.670237591 0.090836678 0.708282910 -0.753216504 1.962670456 0.873361336 1.068370085 0.399634012 0.198565670 -2.244063670 -0.822262062 1.460226040 -0.292956283 0.865155278
1.457865686 27.825999075 -7.612281110 -0.797069000 0.262378906 -0.346842103 0.418973596 0.955172058 -0.431888583 0.184271594 1.888830771 0.277854272 -0.494270367 -0.461679474 -0.250168878 -1.716477014 -1.397585197 -1.426830312 -0.213817408 -1.502768092 1.326768374 0.042829148 0.307690705 -1.155715951 1.283015875 -0.694416515 -0.502525891
-13.908806014 21.563188961 -11.461576799 -0.775559348 -0.600412203 0.095645724 -0.169896380 -0.521542683 0.621151923 -0.122740513 -0.293605683 0.646649936 -0.334380438 0.185508018 -0.319065044 -0.437724694 -0.255790711 1.598866536 0.438572573 -0.992331051 0.723324087 0.551089077 -2.232195957 0.402551253 -0.695387829 0.408432140 0.246633462
-1.248356883 24.036218637 -11.678715185 0.188844324 -0.964362932 0.127454274 0.134526446 0.021701266 1.566443994 0.387721683 0.702382962 -1.937237364 -1.287272666 -0.349747031 -0.646247955 -0.226449867 -0.546980998 -0.707289711 -0.434678426 2.614144566 -0.203394482 0.392380311 -0.391122618 1.090827780 -0.465617430 -0.219883151 -0.117628081
-6.681427343 24.310136324 -8.128976737 -0.737127045 0.354728865 -0.310412118 -0.484206019 0.939916408 -0.422150454 -0.231173606 -0.048718324 -1.168142656 -0.446215677 0.360034488 -0.815522552 1.799290128 -2.015071665 0.912957530 0.240074898 -0.600214583 -2.517263526 -0.044834244 1.185480927 0.315329999 -0.274608909 0.231307554 0.066588216
1.201166688 20.905642357 -10.940397604 -0.609988245 -0.509534838 0.566780257 0.216907193 -0.693288495 -0.668960428 -0.913745740 1.224410841 0.134288476 -1.039472343 -0.781537959 -0.425596377 -1.032889724 -1.019981766 -0.673733834 0.807113849 1.048053232 -1.034229813 0.344744290 -0.038032706 -0.484937124 0.623751717 0.011631986 -0.914273145
-2.520726489 21.123224863 -19.940465977 0.085332075 -0.430921783 0.897063662 0.047975408 0.959593409 0.740744824 0.442076845 -1.468252083 -1.052944922 -0.985260473 0.226561399 -0.341693816 1.062986888 0.595776783 1.177554683 0.804202354 -0.189830382 -0.346719843 -0.629443703 0.805553996 1.141194463 0.586885173 0.122374386 -0.861845820
2.285620105 24.913102199 -15.547389674 0.091156309 0.969826367 0.009461225 0.225915537 0.293958000 0.754094521 -1.391586495 -3.035709052 0.575109587 -2.370550052 0.221171842 1.862305528 -0.491104902 -0.414801069 -0.538989021 -0.944664907 0.087564585 0.144103823 0.121476516 -0.296454512 0.493105100 -0.828448820 1.100268804 0.642972437
-3.805501557 19.563233964 -13.451238182 0.633646356 -0.464776720 -0.007188251 0.618403773 -1.156265197 0.378296963 1.776844003 -1.538945978 -1.212698961 1.330918002 -0.398585672 0.493472737 -0.935811560 0.098231210 -1.279557666 -1.177597117 1.779150207 0.734656240 0.119988691 2.663533754 -1.765198610 -1.050705020 0.146473122 -0.911098890
2.455516944 22.124803580 -6.522809262 -0.219231717 -0.832554875 0.074181284 -0.503276238 1.030163702 -0.085807586 2.821678406 -0.851943042 1.308097342 0.199211669 -0.373215008 0.206506227 0.594083675 1.172442572 0.481260391 -0.353716398 -0.692151747 1.668021382 -1.611959534 -0.988035774 1.122226280 -0.232366443 1.269887322 1.546642036
-6.101155610 21.785563844 -18.275482471 -0.663330966 -0.453417124 -0.168770350 -0.570895358 -1.306882126 -0.142586326 0.208703330 0.563149472 -1.222839576 1.345112839 -0.368732658 -0.747232905 0.480791126 -1.933248552 -2.147802231 0.318634844 -1.969045267 0.062940373 0.163285124 0.742948835 2.799536017 -0.285047413 -0.631515306 0.590744088
1.636773142 20.139908034 -7.993984135 -0.384047273 -0.332096095 -0.272736934 0.817211380 0.491587770 0.189482823 0.592942937 -0.778891230 -0.145306643 -1.541583270 -0.116774228 1.273413818 -0.633747091 0.741754274 1.352304568 0.425272310 -1.213863599 -0.517639503 -0.038642878 -0.165152633 0.378962244 -0.472410670 -0.797789077 0.035129649
-12.275854249 24.751548110 -17.126862467 -0.166582278 0.697438266 0.223790866 -0.660112004 -0.704702202 -0.147832339 -0.552859616 -1.518548099 0.006007451 -0.553024060 -0.535641096 0.483931620 0.297929723 1.637699552 -1.505579424 -0.163923128 -0.288996540 -1.684077005 0.895975716 0.520020328 -0.469588782 -0.784701141 -0.676320414 0.737724553
4.146888507 24.168867374 -15.550678070 -0.484976998 0.117327563 0.814165694 0.296927226 -1.376200229 -0.146636879 -0.803739875 0.008595562 -0.312658699 1.008648264 0.780068030 -2.179747316 -1.099902830 0.505541695 -0.244080890 -0.579434332 0.027208276 -0.516368007 1.640235636 1.746571057 2.085461867 -0.343121235 1.265015205 0.133996581
-4.398124330 19.589456015 -7.479131074 -0.002317479 0.832098621 -0.178358709 -0.525161580 -0.052875876 0.229956086 -0.098925320 1.004654179 1.476230923 -0.614306775 -0.819292445 -0.477858710 -1.987694648 0.480819169 0.446001796 -0.413242037 -0.517331329 0.806266785 0.515013017 1.099375880 0.273142326 1.076075152 -1.223255494 0.118348343
-9.296453253 23.041073183 -7.355081035 0.786293065 0.098450398 -0.601882545 -0.098935014 -0.064313341 -0.034492577 0.038013949 1.499065759 -0.373307733 -0.946883229 0.636900606 1.483735795 1.161130472 0.254816854 2.480015959 -0.710498490 -0.671775110 0.316246003 0.730920256 -0.394943456 1.620199145 -0.691217268 -1.481188597 -0.401134900
2.182880541 28.117858948 -7.641478075 -0.018730428 -0.854421733 0.518575603 -0.026306213 0.796334989 -0.122215648 0.715077556 -0.106416617 -0.103890342 -1.435102523 1.011438609 -2.494484670 0.124595127 -1.817465283 -0.419751932 1.291089172 1.426631985 0.190537309 0.027529183 1.673937254 0.764597893 -0.497100571 -0.050364141 0.576836444
-9.103918380 21.668270415 -20.931369667 -0.825380246 0.190465957 -0.329486950 -0.417023402 -1.619927180 -0.465716619 0.685438694 -0.782651639 0.629251519 0.959313780 -1.258500413 -0.927601692 1.383414849 0.370173316 -1.318996872 1.002701513 0.362740598 1.770784255 0.842888319 2.157911435 -0.588773783 -0.200475090 1.216031813 0.109069899
-7.325101845 30.616499725 -12.394211135 0.599516772 0.218806824 0.743308732 -0.200487763 -0.326826431 -0.800107705 -1.024343987 -0.636116679 -0.123874578 1.358403980 -0.617668136 0.964867346 -1.312121445 -0.447384316 -1.433994809 2.436599921 1.278552453 0.514141350 0.177284381 -1.722653835 1.015221656 1.071746245 -0.029574668 0.025149464
-0.513633903 24.591114947 -12.341230917 0.141167394 -0.208425775 -0.684815904 0.683854985 0.514579945 -1.126007146 -0.054592439 -0.191788248 -0.732084797 -1.219755638 -0.449353470 -1.607697732 1.393562331 -1.626114376 1.512930050 -0.805367615 0.466742232 -0.202497106 -0.033650104 0.457409522 -0.787980644 -1.152871155 0.871631900 -0.130952150
-4.321627284 22.746147535 -14.505443580 -0.732658720 -0.417657031 -0.535792011 0.041239864 0.603138304 0.068716011 -0.061153262 -1.140968756 -1.194035494 0.559153046 0.752787498 -0.088736061 1.433893773 0.084452532 -0.585684203 0.103349186 -0.788100930 -0.141722353 0.807667592 -0.494535240 -1.068956894 2.081839068 0.469435766 0.514281772
2.829397288 26.758856901 -11.140835444 0.432747873 -0.302848252 0.113815926 0.841461912 -0.233099715 -0.196237641 -1.295200690 -0.313922422 -1.077012459 -0.404665057 0.332291159 -1.733954805 -0.106261021 -0.810840830 0.822745451 -0.082507228 0.274527580 2.189548981 -0.266801300 0.563402934 -0.169372190 -0.882718252 -0.159345837 0.493297121
-4.962254832 23.946800234 -12.507041413 0.105031011 0.978481599 -0.177305823 0.010241709 0.406578627 -0.468500414 -0.902876326 -0.782554414 0.749891946 0.181389947 1.450518679 -0.021090712 -0.748393203 0.011120108 -1.521521857 0.607905235 -0.962709511 -1.902216394 -2.079704850 -0.662106786 0.719888461 0.555678774 -0.488201969 0.305704193
-1.593182375 28.078432547 -9.325215038 0.037225002 0.639397340 0.616546515 -0.457881793 -0.800878147 -1.994954305 0.147257069 2.363406712 -0.446638168 1.084487956 0.992383928 -0.486541945 0.623319201 0.875361617 1.817927616 -0.699149223 1.779154543 -0.831932823 -0.762034291 0.286444917 -1.158083014 -0.634924202 0.172180027 -0.332909244
-7.811480691 29.750496935 -12.938985225 -0.723411735 0.061775604 0.324511070 -0.606260507 0.221365255 -1.196098289 -0.567518205 1.122160293 -0.128055739 -0.924484100 -1.200246332 0.769582996 0.354674744 0.396115217 -0.930231614 0.069466638 -0.838486653 -0.218925353 1.245211412 0.769423070 0.563895974 -1.244845997 0.974808400 0.213157317
-12.566103748 27.319508905 -13.984983363 -0.551716820 -0.085213153 -0.608199654 0.564305281 -2.372238648 -0.697643174 1.868718301 0.018805484 1.016641438 -1.042253478 -0.520954326 -1.357729154 0.742388643 -0.206915838 -0.135660369 0.197647751 1.274854845 -2.119084441 0.536824493 -0.757726028 -2.320178540 -0.006498481 -0.034193569 -0.021967768
-5.349587525 18.834140118 -18.111541168 0.827537328 0.039764381 0.473606662 -0.298826864 1.620402159 -1.215590525 0.781440559 -1.461824420 0.925679994 -0.869204610 -0.915561205 -0.488502937 -0.667599659 -0.008292195 -0.673654615 1.590909592 0.795860333 -1.177226695 0.447335609 -0.822351517 -0.951114052 -0.073175941 0.883831959 -0.779973668
-2.268611630 24.586956225 -3.253632937 -0.805664685 0.412331833 -0.166207169 -0.391486975 -1.300366567 -0.492091008 0.189734780 1.381531478 -0.347857312 -0.362102928 -1.494594188 1.803318679 -0.852985479 -0.312070086 1.720219166 -0.302131906 -0.119229899 -0.572537748 0.272483557 1.006830426 -0.592228740 -0.991984023 -0.040024140 0.660928804
2.577495899 19.424983456 -9.585053645 -0.041490011 -0.513405653 0.842998819 0.155068392 -1.070122488 -0.635884471 1.254402800 -0.468856509 -0.192197583 2.464124030 1.341158410 -0.381424168 0.581510568 0.028982039 -0.197180113 0.993626515 -1.085027613 -0.895518285 -1.384294668 -0.083198601 1.189149568 0.253949757 1.380402422 0.460828621
-4.888715762 30.538911431 -7.530044370 0.532723714 -0.589654570 -0.514592313 0.322036775 -0.814431076 -0.881722965 -0.196848250 -0.009559059 -0.258892391 0.957718724 -2.474426874 -0.739522532 1.291178843 2.044109703 -0.486195142 0.586378473 0.158172846 -0.016551962 -0.443583560 2.650044707 -1.015033659 1.022031623 0.150612000 -0.410721278
-4.602368947 24.470351543 -13.126179380 0.203629431 -0.356848757 0.057561171 0.909879514 -0.224685139 1.188737338 0.348197873 1.402220373 1.877964008 -1.424031833 0.488901248 0.567574557 -0.551258567 0.265285059 -0.346758859 1.548057660 0.016865306 1.090716210 0.315254876 -1.265392189 0.877033379 -0.164899498 0.799624435 0.857906470
-9.339637180 28.613339173 -15.216424487 0.262640854 -0.839352126 -0.350872593 -0.321552816 1.463439113 1.804071845 -1.123016419 2.040912568 0.404995284 0.816213990 0.103794861 -0.148866364 -0.640992294 -0.201107940 1.420801958 0.376019734 -1.600822717 0.032358421 -0.139228571 0.435828712 -1.666817088 -0.342115283 1.081197235 -0.649106453
-11.772159913 28.234006456 -17.111078859 -0.154061226 0.309525618 -0.880885491 -0.323264262 -0.264607772 -2.236041053 0.648284367 -1.165925625 0.070781314 0.202791357 -0.402680133 -1.085659867 0.135851588 0.307238911 0.740188049 -0.144165845 0.757633161 -1.200120467 0.667921351 -0.571850923 -1.644001337 -0.245663190 0.832002170 0.200953312
-6.639704776 16.687317807 -12.303828711 0.265369167 0.037723889 -0.072613697 -0.960668187 0.087924491 0.626779853 -0.751073883 0.883831554 -1.428537685 0.607430000 -2.392929290 1.163360309 -2.044261539 -1.239659962 0.051646364 0.484715064 -1.975190516 -0.738297280 -1.968322484 1.013072468 1.942970036 -1.832020526 0.782696600 -0.969092992
-5.927252614 14.705545702 -11.686401465 0.635065571 0.632147203 -0.410672612 0.168610916 -1.213290211 0.970384107 -1.094225293 0.367350472 0.681441079 -0.078489482 -0.484468437 -0.159323169 -1.145858610 0.654526346 0.525318335 -0.367315755 -1.299614565 0.607295535 -0.798518259 0.188536022 -0.967441481 -2.400371605 0.645881129 -1.450038905
-8.519728972 24.996627946 -5.050787818 0.554182424 -0.206762315 -0.544168431 -0.594988995 -0.399816971 0.943144862 1.265253994 -1.288432980 -0.073721367 0.785971902 -1.134929703 -0.908830015 -0.788900080 0.160628480 -0.619661289 -0.392370487 0.583161713 -0.506209292 0.586700707 -0.438871603 -1.562439817 -1.205415841 0.650331205 -0.635977175
-8.861768052 17.390611683 -9.155451932 -0.205095820 -0.169547450 0.763030596 -0.589044716 0.482474201 -0.698289769 0.736079517 1.027164107 -0.547589504 0.117065781 -0.057067822 1.620172446 -0.933298100 0.141688288 -2.529034374 0.823601584 -0.753720926 -0.877481003 -0.777021812 -1.031913194 -1.564804096 -0.528715475 0.377028955 -0.377210706
-9.889251221 28.946692072 -16.755941191 0.713064779 0.636346431 -0.293418573 0.022525133 0.538188745 -1.140921362 -1.822544760 -0.225485518 0.438913465 1.430659654 -0.930899037 -0.780364969 -0.334807637 1.283551955 -0.090851292 1.221000987 2.303356546 -0.470608385 1.309090836 0.207478191 -0.995546898 0.061743973 -0.289780072 0.160951275
-6.379766323 18.094544988 -5.730167338 0.195612428 -0.312773584 0.004028046 0.929458035 0.437199643 -0.244133879 -0.361200620 -0.400123339 0.055569852 -0.865411733 0.781762966 0.553906463 -1.499688897 -0.658615367 -0.850757131 1.876307230 -0.252943605 0.798073049 0.146010528 -1.595701654 -0.456814736 -0.184776152 -0.527323417 0.289586994
-12.950648622 29.712823436 -11.848022378 0.829220124 0.383395563 0.168776605 -0.370022007 -0.202810344 0.163758570 -0.075548085 0.225242601 -0.661463746 0.553414956 -1.504717969 0.730806049 1.183654863 0.431087081 0.034590394 -0.048613253 -1.636125345 0.472397792 0.652731083 -0.032911254 0.709761674 -0.434121861 -1.174207440 -0.887335419
-4.174753113 30.101173956 -19.087637488 0.054386680 -0.142942945 0.987666061 -0.033543335 -0.415986698 2.053456398 -1.537183484 -0.734543952 0.475855679 1.512417742 0.084488527 0.911969199 0.483379664 -0.458066855 -0.967137237 -1.186267886 1.730931229 -0.749060061 0.045915012 0.160277243 0.579403566 1.369793105 0.902197120 0.176777686
-11.244197490 23.714813163 -17.991716801 -0.793669271 0.121395909 -0.208108581 0.558608038 -0.482532788 -0.807511088 -0.768101569 0.873873793 -1.163710715 0.885115858 0.103793461 1.289701985 0.558544902 -0.249660238 -0.822481146 0.268453754 -0.693569084 0.428260811 0.531487402 -0.601999640 0.546212919 -0.112569818 0.185932846 1.189287059
-0.673774882 15.900979219 -11.442217099 0.152647439 -0.506863292 -0.564776271 0.633100408 -0.487658365 -1.153130771 -0.553556613 1.071979944 0.242009982 0.165931980 -0.043271474 -1.965222356 -0.525504985 -0.899774332 1.617615282 0.795443959 1.157609300 0.361479102 -1.781789241 0.810018309 1.075115294 -1.085712067 1.020293320 -0.081272402
1.839222033 20.771256595 -16.699538719 -0.873849420 -0.302941939 -0.290456726 0.245455217 -0.822163365 0.202332660 1.114009614 -0.244561483 0.646499071 -0.053428202 0.647759708 -0.903161296 -0.709421758 -2.050159908 0.243503871 -2.134817352 0.208082181 0.905974898 0.199924799 0.407552292 -1.198406748 -0.182643324 -0.733561742 0.476362806
-12.269175380 28.059370358 -15.600697103 -0.106077998 0.540661227 -0.450846577 -0.702260821 0.969719765 0.285284502 -0.266650638 0.590339379 0.038548883 -0.093868317 0.114053086 -1.510455388 -1.340477554 0.643395817 0.707858173 0.581452344 -1.791519123 0.152367255 -1.282002059 1.835884556 -1.131403290 1.969885435 1.167475340 0.125923103
-4.526576667 31.383931726 -12.565315070 0.109585406 -0.820600508 0.337059660 0.448326477 0.470666910 -0.255181784 0.336152851 -1.367122135 1.412323338 -0.693451420 0.254974837 0.301020374 -0.340354380 -1.410003958 -0.417720722 0.282896253 -0.278934100 0.643320193 1.950248016 0.611680725 0.370317504 0.563484075 1.095067677 -0.906107227
1.641737387 24.353219531 -19.678807229 -0.541226166 0.337302978 -0.121416589 0.760630627 0.392193626 0.846471770 2.282151103 0.774494577 -0.417680800 0.525549106 0.839635963 -0.990904344 0.044718081 -0.779064008 0.216274787 -0.604690847 0.471330452 0.874413715 -1.751834079 0.528682146 0.173185924 -1.026773562 -0.181832531 0.262867017
0.453391095 22.708210954 -8.780922875 0.576620916 -0.144812923 -0.678815439 0.430983916 0.698758697 -0.763397542 -1.865302018 0.255044413 0.506505361 -1.603211204 0.494698106 -0.469150395 -1.164688827 -0.316086213 0.719089390 -1.068702005 -1.413177545 -0.237912748 0.636862283 0.205534853 1.032655178 -0.887159014 -1.333182340 2.345997038
-1.134030374 27.685138050 -20.383314626 -0.717272164 -0.451564001 -0.420001202 -0.324360273 -0.030550933 0.016715343 0.717448232 -0.498433658 0.323394980 -0.595643740 -0.237357186 0.718262708 -1.386924847 -1.637701259 1.640750139 -0.625069342 1.321137599 0.269417436 1.016977374 -0.978380501 0.478903460 0.368316504 -0.619665039 0.658127617
-6.881246393 16.657580261 -15.366594448 -0.722983405 -0.565225359 -0.153906581 -0.366234972 0.301076409 1.476840870 -1.058981458 0.960661339 1.307562025 -0.619739599 -0.526658272 -1.071486486 -0.123931260 -0.848036048 -1.003459293 -0.247534596 1.513696169 -2.376541562 -0.942962568 -0.527507447 -1.497433044 0.949381162 0.437624283 -0.856946591
0.006944297 29.007337209 -7.135244803 0.166998073 -0.676757702 0.178802782 0.694363177 -1.904363784 -0.522540205 -2.458229452 -1.503645695 0.577657193 -1.678999268 -2.246401761 -0.036071953 -1.381556229 0.834928758 -1.362268711 -0.216275630 -1.212114438 -1.199565047 0.773846794 0.691988566 0.482225590 -0.224847880 -1.725316706 -0.098910667
-9.897188738 25.571932857 -5.109529313 0.150306498 0.784638856 -0.021534087 0.601070799 0.573988947 -0.383916411 2.730410413 -0.130294948 -0.237443990 0.924443284 0.194446705 0.525856655 0.379565851 -0.113335659 -0.737400535 0.542462193 -1.252091207 1.902672875 -0.944468904 -0.347850452 0.663619608 -0.404837103 0.926859401 -0.200025527
-2.586886759 22.675208560 -3.516471936 -0.773088706 0.078249284 0.045750502 -0.627788017 -1.332577529 -0.045242550 -0.220030105 0.622457391 -0.934678740 1.232385976 0.562479384 -0.953930148 2.564024255 0.050212696 -0.472876791 0.157364985 0.358728688 -0.226108088 1.545462654 -0.062944352 0.069442272 -1.053618414 -0.547365494 -2.439361469
1.961658153 25.469783290 -19.919450948 -0.876556665 -0.403164908 0.125551349 0.230961748 -0.512691227 -0.754180171 -0.967782643 1.862447232 -0.132503432 -1.076257210 0.468874351 1.448726507 -1.260669598 1.883541013 -1.639775333 0.629035640 -0.614389260 0.205534052 -0.048642640 -0.366203068 -1.346618024 -0.883362329 0.381321883 -0.608455846
-0.202061206 17.469780357 -14.385611309 0.227966216 0.374776923 -0.657459881 -0.612633795 1.271092511 0.455576387 1.375404834 -0.148174896 1.621027351 1.252123774 0.559443341 -0.090468265 -1.220791758 0.802835422 -0.621357491 0.073018322 2.609152916 0.142672528 0.554803035 0.608380896 1.543609141 0.237524368 0.053492428 -1.139472794
-12.074038687 26.581540424 -7.257330998 -0.169671240 0.559679006 0.039090103 -0.810211728 1.149753349 0.262022659 1.093956269 1.133738431 -1.035328913 -0.946495448 -0.875495323 -0.301490343 0.374475728 -0.479305733 1.086952208 -0.206168636 1.486352027 1.104252801 1.517355206 1.596071874 1.682160346 -0.751598423 1.176033827 -1.270616096
-12.495516105 26.202624489 -14.402179162 -0.353651264 0.836369447 0.407155239 -0.098191357 -0.190255502 0.660336818 -0.327445292 0.363745621 0.515640564 0.335767895 -0.696836379 2.238739021 -0.083228730 -0.267277861 0.828536851 -0.376833449 0.479089955 -0.572749024 2.709862577 0.701582632 0.011797560 -0.169978249 1.124754845 -0.735038859
-1.328387623 19.101793771 -18.336896211 0.644777234 -0.500836128 -0.498819132 -0.290869325 -0.224257016 0.388911834 0.233794045 0.584372646 -0.138403588 2.498624981 0.533218111 0.491156463 0.365024579 -0.179517037 -0.021130436 -1.357959168 1.178503450 -1.353100442 0.966216612 -0.277958959 0.926576038 -0.314400416 1.462989707 0.425185088
-2.351009737 25.804677440 -3.905100062 0.564306643 0.784248641 0.252455545 -0.052709385 -1.731313221 0.489613856 1.771047614 -0.667121331 0.531836611 -0.860220338 0.799858531 0.933373539 0.851450103 -0.699607788 -0.041884670 -1.108784816 1.438247814 0.019258851 0.289842538 -1.751832373 0.169114357 -1.134218595 -0.678996552 1.092086063
-2.068477473 19.333606060 -9.723855268 0.682462254 0.334381080 -0.314918718 0.568560258 -0.868748492 0.527067399 0.551883894 0.050523568 -1.110202921 -0.835648899 0.357156155 -0.285587607 0.341556319 -0.365746508 -0.384866561 -0.947399863 1.954160137 -1.943601779 0.305806820 -0.658858281 0.463341182 0.811632808 0.417204469 0.392030426
-8.325680377 25.478089805 -9.720382191 -0.039140180 0.069442457 -0.995506291 0.051117676 -1.271782382 -0.826643336 0.191641125 0.650219527 -0.225872383 -1.435684316 -1.014044885 1.170931147 -0.779791755 -1.655038120 0.003223945 -0.007580232 -0.821646019 0.114157287 1.326725793 0.620282388 0.620129807 -0.367471622 0.661041769 1.414536495
-0.753174597 24.545363972 -7.620861512 -0.117106239 0.027514699 -0.991020861 -0.058367144 0.356211452 -0.840610696 2.161049227 1.630252082 0.636261784 0.914762413 -0.380016402 -0.420377563 -0.345391905 0.690320646 -1.138103739 0.164237272 -0.540913862 -1.088675006 0.690217015 -0.719283298 -0.262099487 -0.478454949 -1.752217051 0.706304908
-6.041434396 16.526104942 -17.997588779 0.180406003 -0.056640775 -0.703101183 -0.685488310 -0.221949208 0.645822991 0.138541503 1.595117684 0.646611692 2.198239257 1.467769999 1.178150852 0.015489678 -1.914665340 -0.631810115 -0.703267097 0.752006166 1.345793706 -0.078321618 -0.633224891 0.876624697 0.048131343 -0.450441942 0.346054918
-8.237747717 27.615199653 -12.248693659 0.325631989 -0.063339298 -0.911209876 -0.244230430 -1.147323118 0.222313331 -0.582370286 -0.417706657 1.302210163 -1.226526355 0.500507335 1.186071284 0.779233873 -0.333221922 2.239162544 0.078643484 -0.807353234 0.175613106 -0.055332471 0.168060409 -1.565627037 0.880618857 0.978614066 0.858002077
0.373312667 28.785408341 -14.372717532 -0.622067038 0.620328309 0.473507690 -0.063370795 0.253750924 0.906325486 -1.134513791 -1.334528718 -1.042396972 -0.872561743 -1.780040284 1.347316379 -0.329217949 -0.266126290 1.982117962 -0.547091103 1.126938418 1.711827440 -0.182225992 0.153590616 -0.265501484 -1.116117868 -1.117299392 2.081545460
0.310590418 20.198925645 -7.697581039 0.663465353 0.622100027 0.372345020 0.184836329 -1.132669449 1.032701278 -0.792133565 0.197494588 0.871645508 -1.412534762 1.440664873 -1.850834589 0.435536957 0.391092764 -1.179542011 0.055398450 -0.245836025 0.748655643 0.098092086 -1.561122883 -1.998297243 -1.051989584 0.177084982 0.318507392
0.517725202 31.400229005 -10.007171532 0.353169801 0.032665067 -0.926886468 0.122823291 -0.595767972 1.186881432 2.175569236 -1.100033094 0.357882259 -0.829396371 -0.330407962 0.531995684 -2.757380263 0.783885233 0.420839401 -0.311733394 2.371800343 1.896800440 0.281191251 0.441497280 -0.163884642 -1.378338729 -0.014585779 -0.683486930
-1.576944838 20.392892566 -18.012687792 0.210547398 0.653167328 -0.497893290 0.530230617 -0.249597573 -0.627674269 0.562754189 0.526446248 -0.320683029 -1.303052211 1.640625898 0.977567053 -1.174666379 -0.422802654 0.513439636 -1.764458793 0.751036873 -0.244949494 0.430183356 -0.014336876 -0.992821406 0.159015225 -0.801779988 1.426970049
-3.981456939 24.876441155 -16.797989726 0.216232651 0.159362792 -0.421737993 0.866016170 -0.677005277 -1.248963000 -0.618960844 -0.257953880 0.244607790 0.967826171 0.160266416 0.248222718 0.734481816 -0.558585133 1.221868417 0.075256229 0.732326972 -1.174367733 0.848421255 -0.610974529 -0.577503178 -0.008921606 1.299775330 -0.511816615
-9.581258825 23.082816130 -17.402497147 0.533165400 -0.416058475 -0.697259113 0.237612567 0.276803630 -0.182739106 -1.856475593 -0.872906740 0.406055409 -1.181277406 -0.546394854 -0.743996442 0.918456178 0.773039628 1.663610895 1.037554010 -0.766995215 -0.319034232 0.734266524 -0.231575156 -0.407730214 3.148519556 2.461683267 -1.063618187
-1.164912099 26.679757194 -15.209263466 0.511226135 0.580122879 0.626265560 0.099482324 -0.106750302 1.144650236 -0.709974049 -0.556121234 0.138330145 0.951769347 1.572674580 -0.147821549 0.954781806 -0.729802283 -1.364837065 0.111649547 -2.367625341 0.260569806 -1.942622822 0.471807510 -1.467010762 -0.910989015 -0.564171452 0.576262131
-10.176556369 26.848057991 -8.024917328 -0.833813879 -0.071574842 0.499361030 0.224209767 0.882023670 1.048997868 -1.280538306 -1.439236170 -1.519897286 0.963527764 -0.500467771 1.926892689 1.982895311 0.877600594 -0.214510786 -1.013829214 0.885421521 -1.404191633 1.991411627 -0.351850658 -0.246596121 0.126573803 -0.035045979 -0.024700131
-6.586926086 18.501706607 -17.200188087 0.390622447 -0.264266594 0.807128962 -0.355133932 0.585161756 0.823835119 0.965153276 0.061597745 0.483321045 -1.204494324 1.248179053 1.112429385 -0.297156964 -0.998561902 -0.139866339 -0.042711517 -0.577406467 -0.427287541 0.441381530 -0.011804045 -2.541937134 -0.476807307 1.410932512 -0.818587575
-2.803220025 27.151177420 -18.548100093 0.449854996 0.797784074 -0.193910603 0.351524866 -0.203302719 1.083293337 -0.470139648 0.562322737 -0.420646194 0.049521904 -1.738478516 0.873062292 1.592056867 -0.839318737 0.596966083 1.381342149 -0.144424216 1.220315836 0.477270278 -0.498647630 -0.211747996 0.231172405 1.910703978 0.717580875
-1.316118669 30.605296150 -8.156399307 0.845681558 0.492973557 -0.127391154 -0.159910187 1.245675268 -0.428900888 -0.824888400 -1.690533553 -0.480945239 0.405194971 1.040195732 0.998415022 1.386293785 1.530034494 0.223652009 -0.645611417 0.199525097 1.302480286 0.874656348 -0.376702599 -1.259078029 -0.012275609 -0.102621765 -0.034285287
-0.823537655 19.155895418 -6.802590495 -0.610244548 0.252827222 0.005383383 -0.750766946 1.404860803 -1.428134185 -1.216286057 1.826625658 0.104218547 -1.171288461 0.407505353 0.848165640 1.819233450 0.965917243 -0.801276083 -0.435993220 1.480028814 -0.196673282 -1.744580502 -0.496755071 -0.522908867 -0.774619982 0.764389580 -1.487974105
-0.371362095 17.564662726 -16.957386357 0.713479084 0.671579049 0.199568050 0.010088152 -0.544128891 1.369305536 0.204664039 1.399356705 0.300876856 1.514562141 1.142031469 -1.727454569 -0.821432059 -0.869332994 0.424031462 -1.273181393 -0.051749041 0.990754008 -0.183097538 -0.957799884 1.076292913 -0.379654125 1.837019532 -0.430481218
-5.326034265 21.695310340 -5.280925996 0.649758432 0.596425167 0.440170051 0.168348821 -0.257798779 0.559069708 -1.432698742 1.217745308 1.452994120 1.846028371 -0.782840930 0.323044237 0.251313067 0.894541777 -0.799268350 1.511518635 2.436020891 -1.023235959 -0.179947419 0.160703045 0.350778059 -0.145326246 -1.176963666 0.617558625
-4.871107220 19.849962805 -17.407807479 0.029083667 0.680044895 -0.174372393 0.711538720 0.882338618 -1.768337019 0.189297242 -0.963621615 -1.915875872 -0.454630083 -0.253200288 0.217371947 0.302502086 1.686453641 0.252831588 -0.677407759 1.227020079 -1.612299307 0.027693125 1.487598783 1.624979773 -0.068473679 -1.262042517 0.644321696
-4.411817028 27.295776124 -13.550725759 -0.317176115 -0.151636402 -0.870045978 0.345580250 0.718460069 0.592037182 0.286235705 -1.062499966 -0.412876228 -0.046634450 0.911963328 1.419674201 1.588871688 0.576184272 -0.565610220 0.996257159 0.363849738 -0.100328541 0.949193937 -1.602444483 0.262257508 1.241906219 0.478489991 -0.217863913
-4.082092016 22.776609940 -3.323643342 -0.649130004 0.328023130 0.341418840 0.595368994 0.561986719 0.904109280 0.823808920 -0.164862655 -0.723035775 -0.345291967 -0.349116004 1.088856985 0.859626846 0.303476765 0.767226280 -1.221918709 -0.215614373 0.102849346 -0.268555697 1.052647652 1.667813403 -1.857745483 1.869530491 -0.967715310
-7.964695681 28.569156499 -18.814231644 -0.384422977 0.203580468 0.433754339 -0.789069794 -2.128700837 0.906340683 -1.145693653 0.300791296 -0.428380803 -1.349360255 1.508250920 -0.420279820 1.172549619 -1.662502453 1.210952883 1.923122208 0.026899490 -0.006313492 -1.107944239 -0.777643959 0.221895378 -0.309900800 1.584322175 -0.826291735
-3.005716458 33.493809364 -10.129925932 -0.450067990 -0.651218435 -0.368722681 -0.487233968 -0.499908501 -0.507509583 0.904197704 -0.111935222 -0.077231051 1.647402728 -1.364333784 -0.259769450 -1.128974579 -2.140420500 -1.996876795 0.606780059 0.648414836 -0.941355227 1.439449171 -1.305819952 -0.118606679 -0.055954239 -0.731354498 -2.113865896
3.331578080 22.257870174 -8.003931120 -0.306176331 0.053886918 -0.813457405 0.491568210 0.587767860 -0.204087953 -1.775248211 -1.468580415 -1.408026380 0.734636639 -0.307347115 -0.090665421 1.052041755 -0.534337517 0.004981236 -0.014101327 -0.588645774 1.599263245 0.849608794 -1.476120509 0.709252703 0.300175005 -0.159772496 0.113986353
-7.078547721 20.583615381 -17.281867807 -0.761628872 0.626120437 0.074542133 0.149459456 -0.505456427 -0.523799365 -0.661896569 0.352757044 1.501725417 -2.468903801 0.551453956 -0.140225050 -0.053353427 -0.576312777 -1.618508288 0.719290979 0.309166034 -0.760926479 0.271676778 0.777641193 0.639132641 2.552196976 0.290260195 0.444004430
-1.498955390 17.366454316 -12.891260797 0.358863908 -0.834966444 0.416952450 0.014085036 -0.090487655 0.105849107 -1.417692883 1.246230433 -0.145791502 -0.803465842 -0.590383189 0.425086290 -0.071047604 1.845410618 -1.684113775 -1.053497420 -2.120481309 -0.393311157 -0.286723420 -0.394314064 -0.967179888 -0.829774657 -1.684469219 -0.996691687
-3.538016337 17.163741779 -13.039767080 0.072910853 0.713802636 0.173365936 0.674621417 0.377073698 0.635886901 -0.246081496 -2.790346134 2.246387667 1.677046092 -1.264821360 1.505273624 -0.691824868 1.414749207 -0.497918212 0.368181771 -1.347323154 0.709508418 0.998337933 -0.999680844 1.063211926 -0.788318393 -0.738961690 0.231438375
3.873438327 26.002406094 -10.525390830 -0.039779664 0.858224296 0.096387027 0.502571565 -0.133049431 -1.196674884 0.384598240 1.683878388 -1.101545123 0.797302214 -0.242478861 -0.177815080 -1.667386874 1.463403697 0.563629423 0.936452046 0.266932473 -0.304974045 -1.599834505 0.494792539 -1.585229758 1.124906334 1.008787731 -0.007546238
-3.008949184 21.834772724 -10.230187995 0.690284502 -0.718244014 0.085399658 0.018432055 -3.141687008 0.510581649 -2.163717164 -0.303892387 0.535088514 1.654999273 -0.359771771 0.155294105 -1.715869325 1.592769347 -1.763593632 -1.565631106 -1.596637816 -0.126781948 0.556392981 -0.504583327 -1.069560477 2.727323940 0.187866352 1.523150158
-12.610702609 28.753385801 -14.445779997 0.554453903 -0.747006168 -0.301330348 0.209195303 -0.334532200 1.407049037 1.190309061 -1.863222896 -1.047781365 -0.624020694 0.476357800 -0.787350114 -1.200893014 -0.165685571 0.385764231 0.426867529 0.470572038 -0.828414640 1.262891253 0.416773259 -0.913853041 1.916110153 0.295677858 -1.229248228
-4.978703710 29.714478281 -16.775584619 -0.445314837 -0.654858622 -0.047928556 0.608734536 0.067370407 0.904276680 -1.268213809 -0.047268093 0.505625033 -0.012440737 1.330168387 -0.651813041 1.206974796 1.114177537 -0.152588954 -0.491685009 1.100787472 0.444344015 0.350641738 0.080937433 1.532528058 -0.602409652 -0.636542377 1.297018244
0.492232039 32.061842352 -12.728703046 0.358176319 -0.145145189 -0.538704859 -0.748625189 -0.298307004 -0.030296404 1.222850753 0.285170765 1.773927607 -0.420249584 1.020270904 -0.936435100 -0.689469969 -0.623924202 0.356546793 -0.578334854 -0.131825013 -0.557752054 0.659318187 -0.790684220 0.371050963 -1.203086776 0.621042789 0.843862708
-7.217614467 22.884306854 -17.179452930 0.973460585 0.024854653 -0.209831615 0.087905801 -0.398559545 -1.403702464 0.318789273 -1.333733725 0.442972629 -0.953833052 2.877209532 0.409394923 0.290150630 1.442312522 0.195392360 -2.156243473 -1.843382314 0.041331568 -0.233383289 0.806661360 1.409319732 -0.642172604 1.607303669 0.078643402
-6.077969915 32.276418416 -10.795380453 -0.295073805 0.161910566 -0.311623632 0.888598408 -0.065713633 -0.614392715 0.844494818 1.554905768 0.077569378 -0.048200914 1.288742195 0.312528504 -0.535447452 0.704169249 -1.374423472 -0.297572622 -1.944914365 -1.970827629 -0.092895413 0.303468735 0.979216981 0.197560711 -0.181992090 0.732228835
-3.312621117 26.551179280 -7.528124075 -0.266847679 0.616236143 0.595898444 0.440397975 1.934852493 1.058242942 -0.206587993 1.834824925 0.392716612 -1.805110665 1.449103010 -1.759163770 1.312382365 -0.545551817 1.539064958 -1.273798877 -0.018512551 0.032476903 -1.516129643 -0.237153966 -2.195230740 0.399206498 -0.378079485 0.226799466
1.119299732 18.466238623 -17.074199296 -0.271301528 -0.538913288 0.742269146 0.291555248 1.566216635 1.450002410 0.051482324 0.413505964 -0.060249983 0.510745467 -1.173232377 -1.011174704 0.387967470 -0.410100079 -0.314148671 -0.969550094 -1.117454356 -0.451169671 1.196237234 -1.522279493 -1.656714504 -1.191842313 1.944297246 1.131912738
-6.904734759 33.255103100 -16.099811384 -0.136917884 0.082431603 0.984029701 0.078384127 1.505778338 -0.019065996 -0.603652207 1.105265800 -1.013381985 0.412546410 -0.868550261 -0.995459676 0.464968957 1.725839398 0.031339919 1.215659084 -0.297684817 0.833418583 1.000606703 0.574745597 0.052617512 1.630936217 0.461627529 -0.504654138
-10.948659406 25.221750919 -18.629228475 -0.551174138 -0.433512572 -0.112266818 -0.704038408 -0.285987643 1.089290695 1.993274467 1.510529756 0.106256126 1.035983858 0.274399922 2.100456149 0.293670349 1.036480377 -3.435319200 -0.615052403 0.657060017 0.774460653 0.149798470 -0.032994657 0.352363895 -0.937680828 -0.729351841 0.916664872
-8.843830334 19.631741878 -17.485055139 0.490466772 0.171021018 -0.617557932 0.590606771 -0.643952589 -0.479158878 0.145925635 0.377934821 -1.059276380 -0.223768769 -0.504820837 -0.485628899 0.521162407 -0.256345711 -1.152649669 -0.237643467 -0.680791078 -0.234514260 0.475677874 0.194047762 0.491951415 0.330953164 0.508941125 -0.573351244
-9.978391607 23.760836110 -20.343267927 -0.274188693 -0.896331301 0.348440462 0.000065085 -0.824775165 1.716665974 1.069748646 1.255504582 -1.172442458 0.739122225 1.799749555 0.161677771 -0.287538885 0.670293255 2.277825773 -1.138155844 -1.226615159 -0.086778423 -0.262453727 -0.291726151 0.173570705 -0.656691799 0.734171790 0.782169299
-5.494113095 24.926757467 -16.618642267 0.035735347 0.132548005 0.191410754 0.971862096 0.130372847 0.446721322 2.530118600 -1.268261207 -0.955499088 -0.626801858 1.094362096 -0.304436458 -0.102659946 -0.061740792 -2.822980045 1.421531697 -2.188566978 -0.930724563 -0.012613727 -0.130041237 0.483341959 0.554162674 -1.911315709 -1.340719262
-9.154159310 28.860928971 -7.269748979 0.603008613 -0.617769974 0.349893219 0.363752122 -1.785695632 -0.981887528 -0.893662016 -0.620287976 3.092900057 0.484201360 1.104172823 -0.151474436 0.750202310 -0.294930576 0.547378044 -0.977533928 -0.063539566 -2.494503170 -1.702065755 1.636622066 0.503043608 0.765081639 -2.260516386 -0.506232813
-11.728229682 23.907710224 -19.076353695 0.234185765 -0.362984694 0.709041875 0.557367705 -1.026695872 0.634124304 -0.849323844 -0.076412128 1.551083911 -0.945574696 -0.998256171 -0.180699622 -0.547224777 -0.231335448 -0.753799157 0.200283856 0.171261809 -0.155145181 -0.111785726 1.243303394 -0.021641281 2.004877673 -0.003237820 -1.268834578
3.148903847 20.875419699 -10.783929880 0.662991965 -0.536615120 -0.019252230 -0.521646641 0.677787167 -0.900075265 0.105471133 -0.276397918 0.218083753 -1.220450963 -0.486271577 1.635005699 -0.447061557 0.414452917 0.399566425 -0.100676741 -0.802862754 1.008487941 0.304349984 -1.814547913 -0.152571999 0.975300365 0.551071854 -1.441089702
-11.745962260 22.375525729 -15.759230115 -0.406399314 -0.733968842 -0.536557105 -0.090751367 0.514775771 1.109587813 -0.140273001 -0.208598605 0.434399360 0.019554229 0.263337055 -0.334843577 0.790855442 0.861247170 0.561962663 -0.837869507 -0.347341960 -0.296386854 1.158709044 -0.673203211 -0.312534053 -1.628519981 -0.578073776 -1.781787994
0.334405726 22.668389301 -18.498103560 0.292175763 -0.619596426 0.725316306 0.068189803 0.265401647 0.287049191 -2.097581101 1.129487411 -1.430024400 -0.678680470 0.036847487 0.233366229 1.006077093 0.232596819 0.983628248 1.908484630 -0.779254913 -0.505304610 0.489505620 -1.380311752 -0.083543515 0.203205933 -1.417845762 -0.331352805
-2.628547485 22.598557410 -6.134884190 0.551622372 -0.391131237 0.723237701 -0.140201081 0.121299058 0.926017298 0.223043082 -0.531225348 0.181243281 -0.464721335 0.591141127 0.471264071 1.045499012 -0.425118641 -0.235436133 -0.045853263 -0.489473076 -1.112775798 0.382934395 1.219315728 0.600227304 -0.274641019 -0.538181817 -0.577606811
-5.421626431 29.770829850 -17.078642803 0.209902666 -0.318116426 0.913243231 -0.143977819 -0.465720200 -0.190853078 0.171988144 -1.829402127 -0.372967481 1.065883169 0.795516199 -0.165053764 -0.234291533 0.610961835 1.558541353 1.573117220 0.283382403 -1.069324295 0.181116446 0.138189513 -0.964913418 0.857317775 -1.684048072 0.879912828
0.726007575 24.813440256 -18.095986276 -0.055834038 0.608876428 -0.293513533 -0.734848189 -1.497489665 0.805731221 0.679249137 -0.092323721 1.104113956 2.203535145 -0.126544461 1.364003897 -0.028863939 -0.017276423 -2.507103181 -0.444397532 -0.351027328 0.104197939 -0.095972923 -0.792572188 0.289897681 0.958549550 1.193532667 1.114165042
-2.291270368 31.397847991 -9.521923066 -0.080560772 0.992707375 -0.022350346 0.086847520 -0.303603910 0.736264053 -0.207052717 1.081453706 -0.290279953 -0.511408644 0.708762511 0.375065225 3.348251473 -1.348728441 1.909105631 -2.092809054 -0.934573390 -0.710218637 0.833588062 1.030990995 -0.551551892 -0.607319951 0.616277980 -0.245851372
-9.096514308 16.945797265 -7.703932279 0.918187120 -0.156366471 -0.257440943 -0.257305462 -1.537418388 0.125545813 0.345381110 0.837115223 -0.080332014 -0.017060558 0.312576619 0.074293844 -0.777984198 -0.132049076 -0.321447310 -0.550945669 -0.523810045 0.304189798 0.832931879 0.560946242 -2.674386404 1.104891214 0.719896543 -1.542525058
-8.452410837 30.890001785 -7.787707867 -0.138019471 -0.206324941 0.480298337 0.841245595 -0.364489514 -1.068919690 -1.321839695 0.380170856 -1.249048969 -0.334270331 -0.817013002 -0.492427294 0.677070183 -0.317584783 0.171760990 2.414702886 0.399555896 0.761065134 -0.378699505 -1.449412901 -0.479188851 -2.002096727 -0.022471298 -1.306120619
-4.643821327 21.879347498 -22.073293305 -0.533391158 -0.083562099 0.729930159 0.419181596 0.860897653 1.512652908 -1.455909418 -0.684233756 0.280372744 0.194378467 -0.089095046 0.923478296 -0.000989938 0.503215881 0.020820522 -2.298035403 0.219388140 -0.801027103 0.335630493 -0.985102743 0.952519384 0.652038844 -2.391227705 -1.349620576
3.842566774 25.298140675 -7.929000072 -0.003061409 -0.718466049 -0.165956089 -0.675467054 0.220460577 -0.030166303 1.842838193 -0.003446146 0.981065188 -0.474141077 -0.821715578 0.796967654 1.583957069 -2.499147034 -0.180565295 -1.674416559 -1.895178175 1.515942894 1.715290903 0.689146648 0.129366818 -0.537370384 -1.764779623 -1.571830947
-2.375951347 22.448394018 -7.335600463 0.504168739 -0.668852547 -0.531533598 -0.126183151 -0.450163700 0.850338815 0.976716771 -0.782851612 2.003229470 0.016596922 0.161199162 1.807158993 0.300997167 -1.180679853 0.352344433 0.230018074 0.694871740 1.180338249 0.990079374 0.711120935 0.165963456 0.905930593 0.290450393 -0.745501241
-0.833818265 30.858897336 -12.907233078 -0.418855298 0.040155842 0.647989837 0.634867639 1.781444291 -0.002332553 0.636288988 0.715877377 -0.099196713 0.692708024 0.464025123 -0.433393485 0.626634496 1.197166991 -0.018684710 0.603945333 0.748971478 -0.325306954 0.833747446 -1.366200830 -1.262937848 -0.780658002 1.320689467 -0.264942073
1.154156973 25.417855218 -19.778864329 -0.081843234 -0.273039862 0.082578060 -0.954951194 -1.521741390 0.069935053 0.803019684 -0.613491063 1.706461197 0.767542661 -0.406171466 1.912719318 -0.906394838 0.199297296 1.085153039 -0.267569716 0.146411731 -0.326413488 -1.029359850 -0.044934100 1.231194127 0.601648240 -0.711980363 2.533356449
-3.297088009 23.195780991 -8.769881047 0.029407389 0.064986005 -0.544668774 0.835612321 0.869602986 -2.714981851 1.262720929 -0.953116971 -0.941319205 0.825843138 -0.722687637 1.813823944 0.014591852 0.054444124 -1.043763975 0.470453463 -1.208013602 1.532966485 -0.325011601 1.498343015 1.089123135 1.705872040 0.360927560 -0.855324223
-7.019954400 17.409322669 -11.778962791 0.645023364 -0.002056174 -0.077336708 -0.760236586 1.692895410 -0.868580343 -1.203431689 -0.480893516 0.906367803 0.009948444 -0.958606360 0.267756374 -1.225069173 0.229900654 -0.400946348 -0.823957609 -0.858469965 0.221739522 0.734348906 0.672076262 0.478931852 0.355282963 -0.088286826 -0.803029993
-0.266433379 25.514322942 -10.117301940 0.153517683 -0.248213284 -0.318251278 -0.901963752 0.791593589 -1.061728356 -1.457884005 -0.000772296 -2.267615068 -0.197217822 -0.777836544 0.334667382 -0.073226351 -0.527306822 0.691426182 1.521688377 0.637381613 -0.346024738 1.599482887 1.078170141 -0.907993525 -0.598989908 1.374915645 3.247429154
1.029545138 22.968593972 -13.525520547 0.726504192 -0.131255503 -0.616674541 -0.273269396 -0.236523181 -0.823125562 -1.192720823 1.344182002 0.058159608 -0.242763248 1.548533439 -1.312610188 -1.007356705 2.791744865 -0.118525521 -0.886576172 0.768365236 0.949837509 -0.177470669 -1.042564423 2.215047821 -0.528562105 0.119076000 -1.765672078
1.881042676 27.951444966 -10.643794273 -0.704491906 -0.426729979 -0.233417738 -0.516825735 -1.450442051 0.225285267 1.268973867 0.112221993 0.065523953 -0.929271741 0.679104970 1.771855060 0.730914790 2.649240942 -0.508597512 0.623775460 -0.945327406 -0.806762726 -1.102036784 -1.308808109 -1.234071292 1.891409575 0.137302158 1.518517863
-0.268494653 21.832621491 -4.981455682 -0.280062571 0.284614786 -0.913260731 -0.080710704 -0.682835489 -0.504120365 -0.685454838 0.941994677 -0.496276648 0.578866288 -0.960095301 -1.708448114 -1.487630799 1.730953638 0.754961172 -1.096742724 0.542289368 1.739406725 -0.128915251 0.424627527 -1.447692068 0.985456949 0.858010560 1.088842729
-5.487882824 17.923986266 -13.945351094 0.046146640 0.066704242 0.994610075 0.064589701 0.179527192 -0.293002063 1.574312646 -1.168610459 -1.347543752 -1.242272564 0.542948515 0.632261303 0.482827931 0.149537615 -1.086926904 0.116574465 0.231598103 1.361315409 -0.717461485 1.421618982 0.338363970 0.640311413 1.150251078 0.909513930
-10.001834544 25.080832522 -14.261754183 -0.480052328 -0.503944504 -0.417107058 -0.584475322 0.214921039 -0.579138513 1.434227702 1.078299239 -1.026169226 -0.679793867 1.202414288 1.821849942 -1.381254059 -0.637736909 0.175532817 -0.466789465 1.986631655 -1.303343442 -0.491196391 -0.752352864 0.509139730 -1.639909751 -0.056098147 0.064494206
0.027395588 25.315096858 -8.149603806 -0.391841407 0.211808032 -0.535052280 -0.717855645 -2.042824106 1.853983078 -0.413535265 -0.418489807 1.516297429 1.411687347 0.297566417 -0.574942964 0.960030040 0.337377245 0.375214023 0.669963321 0.940784622 1.380553320 1.853042614 -0.012971440 -0.900860907 -0.001199630 0.038983383 0.543823805
-11.439859305 19.040676075 -17.766812861 -0.597565061 -0.146678437 0.727206741 -0.304256125 0.255502004 -2.328887872 -0.313289686 0.124294473 -0.977807970 -1.328873754 -0.079210631 0.246454973 2.092311056 -0.428067731 -0.217719256 -2.159487036 -1.264371883 -0.299803123 -0.836742728 -0.750907821 0.622863136 -0.632639840 -0.764178543 0.632038258
2.029592650 21.714382755 -12.204141262 0.214319159 -0.007009131 0.669752898 0.710949524 -0.391590120 1.565355108 0.066951736 -1.044866699 -1.229244133 1.137634206 -1.563656223 -1.354251931 1.843819523 -1.723258407 0.918285339 0.400024590 0.553085405 -0.970370605 -2.751030737 0.497265812 1.066379476 0.214192100 -0.053418343 0.232826963
1.546492371 24.410896772 -14.072664267 0.856295836 0.276821018 0.435958429 -0.008234870 -0.424696070 2.282419199 -1.458088407 1.802629209 0.517097580 0.464340045 0.993083268 -0.833342381 -0.427736526 1.089315099 -1.733124586 0.263761458 -1.323441729 -0.356472716 1.054067333 2.984152462 0.982224161 -0.340219801 0.244304687 0.266971003
-10.693314470 26.743702492 -7.000798308 0.620087521 -0.092929968 -0.706077200 0.329105569 -0.899423327 1.037187396 0.114440808 -1.538380152 -0.584806206 -1.002483250 -0.621553083 0.074012290 2.373365978 -0.593641691 0.279931846 -0.059414106 0.197060383 -1.010867671 1.390089530 -0.636459205 -0.488473369 0.045013044 0.132533817 -0.060777734
-9.849107681 24.515413629 -17.580864532 -0.734719663 0.389831082 -0.370191332 -0.413735569 -0.448051356 0.181588423 -1.007009986 0.397156202 -1.280951121 -0.784156339 -0.864399851 1.552348552 0.595743624 0.165538092 -1.596494139 0.139759419 0.512311722 -0.724724633 1.612485950 1.196100002 -2.737138572 -1.401135014 -0.345513926 -0.318819656
-11.896970822 30.235281951 -11.453450968 -0.285919375 -0.040988792 -0.574742870 -0.765663544 -0.699002941 -0.508769970 0.815798627 -1.585860594 0.418971058 -1.649342687 0.849651826 -1.100627157 0.726661436 -1.492922670 0.552966783 0.150306473 0.540240386 0.552416889 0.903205030 -0.346615181 1.347524060 0.827080408 0.344834082 -1.292116178
-2.582281089 28.323389286 -18.943280450 0.396949938 0.803667378 -0.391171015 0.208649777 1.060285386 -0.425233127 -1.063284173 -0.144006564 0.560794909 -1.644104740 -1.163704602 0.181851621 -0.755082178 0.609716816 1.630010601 -0.338708175 -1.313662944 -0.783512799 -1.027286964 -0.807798834 1.122475070 0.375013983 -0.986444346 0.899253090
-6.979484106 26.335542677 -21.299668641 0.826097962 -0.339193398 0.329899229 0.306066161 -0.005572303 -0.438873927 -2.434277397 -1.190777313 -0.812651075 0.915180686 0.125266281 1.785478277 -0.371940123 -0.420263842 0.336298504 -1.150465692 2.211576791 0.167100994 -1.748572840 -1.542845106 0.928479227 0.995720357 1.311277216 0.107409596
-9.010940914 25.766192521 -9.064167175 -0.470230066 -0.871606735 0.062604689 0.123555808 0.788142477 1.877113998 -0.889007324 -1.258647277 0.377403469 -0.181787414 0.353000767 -0.092853859 -0.691517115 -0.296033655 0.228041701 1.377315247 1.453728887 0.532650600 0.393285767 0.288366029 1.802237218 0.552369895 -1.688139809 0.788759453
-6.256658393 26.331508444 -12.545436226 -0.188626458 0.969833475 0.102040257 -0.115891653 -0.095141577 -0.703511738 0.055557899 0.629749998 0.196060697 -0.053544051 0.450687126 -1.040154859 -0.046041551 1.307687487 -0.776831489 0.182937567 0.053814373 -0.642715089 -0.647579495 0.280690846 -2.287368081 -0.555805627 -0.584792792 -0.798259589
-2.354620224 19.972171960 -17.160454969 0.350274385 0.882400719 0.217744750 -0.226415658 0.656094720 0.764856863 -0.574509483 0.445039158 0.210914816 1.296776714 -2.596632688 1.321868517 -0.136051941 0.554880688 -0.374040945 -2.041971148 1.234317222 0.505661383 -0.676409592 0.097146134 -0.059603339 0.427777075 -0.707813703 -0.024310694
-0.658779724 23.531300268 -21.477081230 -0.334363048 0.224385545 0.444267645 -0.800299156 -0.433814514 -0.421506789 1.194262610 0.604558836 2.987444620 -1.088074966 -0.155873476 0.302727092 -0.999738552 -0.329750026 -0.468654711 -0.948648401 1.040936159 -0.022926757 -0.647020263 -0.868798760 0.033903943 -1.203474785 -0.313586618 -0.230087406
-4.036338659 22.369460743 -16.604624912 0.316042733 -0.006124657 0.756929353 -0.571959295 -0.703210386 1.753153078 -0.838341199 -1.000412128 0.719280397 0.418334483 0.681662423 -1.188370417 -0.147830900 0.674730553 -0.646144136 0.609656355 -2.190756940 0.391834571 -0.387994923 -1.131030926 -0.045485910 -1.785515738 0.123086959 1.544895449
-10.338880679 20.452540399 -8.938753307 0.375400057 -0.121414027 0.361202317 0.844906100 -0.216062734 0.051736444 0.404254398 0.401975813 0.341997756 -0.581369031 -1.256237645 -0.894291182 0.076671284 -0.317102505 -0.305385122 -0.150238526 -0.670283603 -1.287733552 -0.428610192 -1.330308447 0.492681043 0.050385910 -0.191406149 -0.783438545
-5.763547312 21.873076387 -4.859722459 0.420035602 -0.261606588 -0.186865691 -0.848653816 0.418200951 0.211917230 -0.563993061 -0.826400968 1.052758402 0.210752302 0.837271914 0.506767741 -0.399102304 -0.186303634 -1.109656333 0.391144163 -1.238021124 0.542314528 0.378095233 0.081251986 0.102758487 0.630194921 1.875311132 -0.038287072
-6.637444471 17.267332583 -6.973249024 0.040290638 0.107210406 0.955132201 -0.273139291 -1.932824147 -0.030841023 -1.404590069 1.355180886 1.302743598 -1.741095816 -0.957473814 -0.515033849 -1.206330383 0.103257578 -0.721096356 0.057361313 0.151894108 -0.846963750 -0.088025911 -0.714104770 1.696607131 -0.435442016 1.447617726 0.719697598
-8.238581621 25.408641697 -12.299260104 0.483550635 0.035107555 0.691837723 -0.535076450 0.059801529 0.811310520 0.477791295 0.866026795 0.866142493 0.945017360 -1.036747660 -0.457005581 -1.102872790 -0.881026158 1.125375866 0.314288018 -1.531185730 -0.162562641 -0.696018483 -1.862175318 -0.244466701 0.375718153 -1.360667252 -0.278967369
-5.605165755 32.182416587 -11.549725212 0.870179418 -0.141106055 0.050025536 0.469440421 1.239851261 0.781813472 -0.275517760 -1.279322326 0.857142828 -0.610367839 -1.601531924 0.023200404 0.303445602 0.896094397 -1.206105425 0.693044960 1.186567372 1.199524062 0.080617282 0.372793826 0.231816898 0.137509427 0.004065868 0.959871792
-5.997056995 18.697994196 -11.947148712 -0.252138201 0.827445539 0.131660744 0.484175233 0.141148856 0.216939434 -1.888044103 0.233701747 -0.739608108 -0.213282979 -0.877407945 -1.533162409 -0.274590702 -0.927551419 -1.107512224 -0.832941344 -0.178365792 -1.226237411 0.631506940 -0.275739178 -0.226330582 -0.250182847 0.526680181 1.677607463
2.798812785 25.305544366 -15.661563102 0.009401221 0.526823714 0.809312950 0.259578388 0.295854243 -0.585075106 0.492160244 -1.142067799 -0.653755459 0.394776253 0.204240627 2.100715132 -0.017287158 1.741099814 -1.819691508 2.385920429 1.015147006 -0.337182719 -0.540711452 -0.342051413 0.602797150 -1.677332459 0.682080379 0.122133203
-11.681815798 21.000007659 -7.861508464 -0.246551180 0.854349759 0.447087861 0.097012628 1.186414372 0.785461201 -0.063326441 0.425451166 0.484689813 1.062386393 0.726853825 0.779028332 -3.502739334 -1.774953944 -0.149571455 -0.076236075 0.343337111 0.905049883 -0.234204141 1.260094327 -0.351022603 0.930671185 1.196363615 0.158386066
1.979242301 22.801992501 -8.624846498 0.700581373 0.140640583 0.638476655 0.285925737 -0.658305290 -0.327021749 1.467488244 -0.774508507 -0.106542911 0.243675514 -0.837444771 -1.012828199 1.526518445 0.132330114 -0.098532969 0.529001929 -1.605417254 0.106838916 0.146501583 -0.538749504 0.421424471 -0.181670752 -1.297142787 1.502024030
-11.524531502 21.081022251 -7.505889625 -0.501709389 0.783306767 -0.338232532 -0.142537543 0.252873845 -0.056616945 0.160651299 -0.489417186 1.047002461 -0.280221528 -0.295006555 0.731834954 -1.746164892 0.728085362 -2.478300724 -1.067196687 0.060890046 -0.564293146 0.117850615 -0.477445860 -0.012026442 -2.312290708 0.176743532 -1.987092497
-3.485243072 19.816604755 -18.968988186 -0.674253717 0.131511581 0.355631285 -0.633729452 0.208576704 -1.151204164 0.228858923 -1.025852723 -1.364414973 -0.828298382 -0.643547714 1.209100739 -0.699146880 0.487081866 1.170825035 1.636710108 -0.619048462 0.716639496 0.554296004 -0.284306984 -1.182330592 -1.707389381 -0.304918140 0.826194107
2.995767744 24.568475863 -9.034055713 -0.211306421 -0.912318519 0.050954135 0.347027653 0.496587733 -0.712939835 1.672343863 1.168398149 -0.397159450 -1.009069697 0.892360493 0.541033659 -0.392222511 0.335229518 -0.405412193 -1.287667379 1.000264393 -0.052037671 1.061072963 -0.939467267 0.643535299 0.488218000 -0.121134510 0.921774268
-1.297561180 25.451470913 -6.186333229 0.805197711 0.282270075 0.503313541 0.136585982 -0.639219970 -1.040232861 -2.126782768 0.144527219 -0.652619508 -0.983242003 -1.996557414 -0.140176173 -0.388180612 0.356547289 0.341513316 -0.508613637 1.577418376 -0.578042935 0.877650292 -0.147158354 1.010293615 -0.587675445 1.323984929 -0.329628215
-4.784088392 21.394188148 -19.883489818 0.155671950 -0.598177669 0.601651742 0.505929740 -0.044145460 -1.141406058 -0.015695349 -0.981198726 -1.190257082 -0.689560350 0.406629346 -0.586131055 0.624735150 1.449980659 -0.929844877 0.079101156 -0.857338080 0.548979310 -0.630433538 -0.222853156 0.149654629 -0.016857569 0.929624833 -0.614572087
-14.606725204 23.929000221 -11.355601181 -0.512908654 0.344108042 -0.748824986 0.240365364 1.396787757 1.441233504 -0.080783909 -0.226528618 0.116017744 0.799241088 -0.968702252 -0.859286569 -1.489957724 -1.067013465 0.282318954 0.573355510 0.679491021 -0.366205653 0.197159299 2.429007148 -1.513873129 -1.021940404 -0.742308631 0.159412949
-6.152295991 23.721348354 -10.731200051 -0.220889493 0.492583874 -0.716096403 -0.442464575 0.172996037 0.261672942 -0.924509262 0.047960877 1.076574721 -0.272999900 0.491848631 -0.935799167 -0.915635472 -0.378350322 -0.504356991 0.324339369 -1.104378285 1.423371087 1.604971620 0.335365010 -0.992716015 1.188988673 0.315660893 0.016827150
-6.783912277 17.135715710 -14.685287953 -0.358240236 0.826278346 0.367403472 -0.232255713 2.241521623 -0.737940810 1.058482806 1.088981228 1.026087520 -0.504356072 0.941507300 0.722366029 -1.542793687 0.290217142 -0.291852260 -0.044198597 -1.368866673 0.449350962 0.334157028 0.627637623 0.318944136 -0.838222231 -0.123766986 -0.484952954
-4.918885009 25.197814819 -14.557267661 -0.104992082 -0.369618288 -0.923205121 0.007161586 0.104103793 -0.968371189 -0.662990193 0.674960206 -1.035872270 -0.816285800 1.744157407 1.621086705 0.377888623 1.209719763 -0.281139854 -0.254651194 0.367483389 -1.126809705 0.349331194 0.053512192 0.250670711 -0.162031619 -2.148231948 0.082270341
-4.608573080 15.732404187 -9.676052333 -0.630364892 0.096636862 0.770151879 -0.012942296 -0.125552446 -0.995991290 1.876180848 -0.583809734 0.881969668 0.348477610 -0.918332908 0.611891728 -1.525179253 1.221184683 1.948250914 -1.666139341 -0.160099609 0.473540506 0.573225443 -0.707795217 -0.715978103 1.578758825 0.968417652 -1.082350088
-3.229467182 16.510147579 -16.679537315 -0.045496225 0.858818874 -0.443647631 0.252065497 0.759080991 -1.268274748 0.110217030 0.509797282 0.848780442 0.949767218 -0.056500016 -0.670606934 1.295647269 0.605554238 0.110842799 0.040142364 0.515996392 1.424260314 -0.255282210 -2.020456469 0.041460468 0.336916178 0.823363621 0.254069325
-2.269785994 32.624616846 -10.468759760 0.441695863 -0.725323544 -0.462981035 -0.253887933 1.408397701 1.126585642 0.034866427 1.311604525 -0.483036280 -1.391699036 1.568762769 -0.701049020 0.007397078 1.378132773 0.871028823 0.151964714 -1.113704429 0.671591843 0.093464100 1.982498806 -0.657165908 2.069437373 0.029764893 -0.189958466
-3.611625352 19.935747396 -21.658409162 0.632089545 -0.570362702 -0.162254396 0.498821317 -1.408138774 0.462981260 -0.839868785 -0.655048976 1.648310215 -1.208520696 -0.040096914 -0.538778597 0.552902884 -0.313362900 0.098343388 0.504608298 0.750536468 0.432308516 0.247913564 -1.390113456 -0.824324874 -1.138580579 -0.207799873 0.636524685
-4.630103074 23.459268617 -21.612054438 0.339185977 -0.342948032 -0.187596654 -0.855655898 0.919779581 1.994083539 -0.797348603 0.546009966 -0.286765305 -0.342805389 -0.050534508 1.152796067 -0.202513111 0.041972726 -0.663848407 -0.196619318 1.701372120 0.662944428 -1.286244678 -1.085250081 -0.056518997 0.145973103 -0.044070028 0.913663393
-0.714976154 25.811723477 -8.725037168 -0.651586131 0.505229040 -0.139388772 0.548406693 1.217185431 -1.109865242 -1.146400478 0.101210415 -0.724339591 -1.259897187 -0.910183979 -1.526928943 -1.238439386 -2.406441409 0.944942329 -0.303094985 0.482831630 -0.592411902 -1.194704880 -1.053377361 0.965434217 0.728061481 0.346423463 -0.593516545
-5.117931175 14.958915873 -8.859184191 0.170650505 -0.283232938 0.657115046 -0.677390082 0.078348725 -0.599161481 0.896504907 0.168469550 -1.544233046 0.362748354 0.067022617 -0.605304166 -0.186849203 0.802737559 -0.532703488 -0.204785057 -0.331105607 1.111286658 -1.211455872 0.701020840 -1.164168792 -0.601525589 -0.792715696 -0.778324848
-2.214132186 26.245016741 -21.811007072 0.116629667 -0.284893513 0.634594202 -0.708888853 -1.751031894 2.340046304 -0.958860650 -0.601369047 -0.516468743 -1.004390792 -0.811530952 0.590843947 0.849855071 -0.163435091 -2.188835787 1.923936233 -1.172108257 -0.767590531 0.826790775 0.207320267 -0.526753110 -1.281372022 -0.073476704 0.796554608
0.844042486 21.255324961 -16.361508717 -0.230737947 -0.510586851 0.635365284 -0.531386887 -0.381259294 -0.952260729 -0.727995685 0.574925723 -1.152913016 -0.820977866 -0.250214664 0.585400431 -1.026662438 0.710515572 -0.724657666 1.717511107 -0.722337049 -0.550873444 -1.268910722 0.512097967 -0.149212305 -0.141041279 -0.628568014 0.473857922
-5.012691060 27.631855651 -20.191086784 -0.132061013 -0.741842825 -0.258663091 0.604419157 0.335667536 -0.149195595 0.187959771 -1.511322300 -0.311517314 0.904628959 0.289272327 -1.062934052 0.148298211 -0.763213901 -1.166634857 -1.219705661 2.217991702 0.423501236 -1.496088143 0.436193056 0.696352324 0.244903698 1.593808542 0.203386118
-2.711319622 24.354258536 -11.068582289 -0.028954265 0.076482433 -0.793290953 0.603325411 1.056323876 0.678347448 1.257391307 -2.752852662 -0.852588835 0.201690470 1.612752082 -0.545831663 0.284184590 0.529005603 1.337774956 -0.925584123 -1.394843521 0.497246949 1.139140833 -0.260828349 0.935160398 0.910684042 0.433310400 1.501345938
2.074683171 30.313759514 -15.413877277 -0.337378738 -0.816392125 -0.135699755 -0.448625748 1.436259931 0.257692905 0.647864672 2.093678011 -1.451034501 -1.571597226 0.226745803 0.806363332 0.181512038 -1.119875712 -0.638805216 -1.676935547 1.932374235 1.041707104 1.504808082 1.585159121 -0.081766067 0.342001409 -0.002334063 0.110616991
-7.040193724 23.371932798 -20.180437636 -0.494616452 0.100315618 -0.437037175 0.744506447 1.965916329 0.828678669 -2.246007185 -0.676343216 -0.192468950 1.119944594 0.263178473 0.453071720 1.423629661 0.907144821 -1.381198719 -0.766701328 0.104630891 1.505613583 0.427889968 0.323085992 0.799775363 0.309555237 1.437359424 -1.065794586
3.811623637 25.156523294 -12.966942906 0.182529279 0.652584915 0.732061125 0.070017853 -1.118193814 -0.668233960 0.867463051 -0.382383434 3.084945944 0.575672161 -2.035397632 -0.353375711 -0.144530600 1.407139645 1.261410130 0.759061742 0.545247881 0.728281416 0.085228644 -0.472136759 -0.712514815 -0.431867115 -0.338475518 -1.903370134
-7.898494830 18.265693061 -18.290683250 -0.655003677 0.569070131 -0.014423068 0.496911807 -0.546375903 -1.557411457 0.190064791 1.352869364 0.517477570 0.179702392 -0.589263351 -0.261879428 -1.271831413 2.970351277 -1.269075967 0.172793015 0.829204565 0.618481136 -0.261804546 -0.154503027 -1.661395401 1.054737929 2.167485961 -0.438487817
-2.051101622 32.994181843 -11.778371286 -0.314019983 0.456376395 0.613472866 0.562817092 1.673025181 -1.274719888 -0.100426351 -0.170280659 -1.484099918 -1.651410697 -0.275453236 0.628114817 -0.976275536 -0.594828863 2.069778753 -0.218144951 -0.353472864 -1.354031963 -0.250821186 -0.232561374 0.833489890 1.751510309 0.178763992 0.552635847
-1.235133901 28.522124767 -15.695840877 0.137186901 -0.442342755 0.409261615 -0.786140936 0.736363268 0.012385495 1.752075000 0.221744368 0.349146073 -1.800731594 0.645754694 -1.973452531 -0.350036774 0.169197203 0.073460327 0.598710469 -0.193703101 -1.341734985 1.502596637 0.853826184 -0.544845214 0.524757003 0.263703988 -0.299600642
-1.037953847 25.343795432 -9.587284925 0.585280917 0.280921694 -0.753326610 -0.105015561 0.588289506 -0.611943808 -0.777885319 -0.822240682 0.191393860 0.164272227 -1.921606054 0.509386242 -0.870565070 -0.564214036 0.157593681 0.372110739 -1.296713890 0.538167685 0.421639440 -1.062483356 0.267415133 0.282133821 0.167077693 -2.551334139
-11.226401920 29.213945390 -7.858808374 -0.791900074 -0.523361932 0.309243183 -0.057924217 0.208626901 1.137654927 1.705340182 0.073036001 1.209868220 -1.437323949 1.104287118 0.862364801 0.133649078 -0.191098646 0.137038279 0.478737378 -0.629620130 -1.346711223 0.166877091 0.247829675 1.337926648 1.732243091 1.032740037 0.969263380
-3.784861146 30.223852436 -12.660735949 -0.337629449 -0.716586286 0.358512543 -0.493942514 -0.660402579 -0.195965777 -0.575876876 -1.924972120 0.145765628 1.017981853 0.100293769 0.299192850 -1.023876955 -0.690590641 0.139737671 0.839922825 0.035261031 -0.358893298 1.341538895 -1.309608619 -0.135429966 -0.569765380 -1.773548741 0.847854430
-9.809465096 24.783967629 -8.377876991 0.383146879 -0.818884858 0.316219881 0.287456163 1.792178054 1.155732068 0.851617403 -0.118012654 1.888665591 -0.236764900 -1.508965946 -1.773812461 -1.045814252 -0.688175651 -1.040920593 -0.021272060 -0.757367617 0.154107325 -0.171027117 0.920562722 1.145350698 0.255928651 0.330524480 -1.136581048
-9.922052142 31.162595657 -12.038233799 -0.223830320 -0.783856722 -0.552920270 -0.172475511 -0.525439418 -0.011944613 -0.280917376 1.544678664 -0.941863594 -0.251586035 0.967081340 -0.347818528 -0.394369704 -0.379108090 1.427132552 2.192545334 0.372530538 -0.565653470 -1.783155630 0.861852559 0.897081449 -0.234387099 0.562382921 2.461417576
-7.294063700 26.882680323 -5.321573701 0.533405863 0.143752561 -0.594602126 -0.584176085 1.211488623 -0.524286098 0.052844493 -0.263533755 0.144809298 -0.122033331 0.390481592 1.170934598 0.746563582 -3.254049615 2.599564059 -1.827618420 0.738656795 -1.125588437 -1.635678131 -0.998974642 -0.739247499 -1.544077280 1.377872847 0.708572695
-9.093178531 29.239159154 -9.227149183 -0.999742408 -0.012679917 -0.000916199 0.018801546 -0.806298332 0.571194262 0.129688691 -0.454977996 0.925504368 0.084796907 0.728696926 -1.177656924 0.340337229 0.969493719 0.211185087 -0.627304826 -0.610660517 -0.846920633 -1.023289140 -1.024587553 -1.356468243 1.346210622 -0.692083379 0.157423260
-9.816654915 20.957508463 -14.393771364 -0.931662370 0.174302937 0.174496608 -0.266785770 1.762895311 -0.514454769 1.191110800 -0.603881910 -0.207807370 -0.456016148 -2.056915111 -0.817554435 -1.262639225 -0.516031052 -0.235852939 0.087778470 0.648949134 -1.035407424 -2.768361032 -1.737033794 -1.300815112 -0.182531118 -0.158417771 0.272690872
-6.131411459 17.623619768 -14.203258744 0.369085889 0.487318272 -0.068888660 0.788384970 1.353718140 -0.680181618 0.872788779 2.060784895 0.649258818 -0.044588475 -0.503725811 2.339090310 1.141201096 -1.140187290 1.710959319 1.134263049 0.790108682 -0.714404210 -0.664518920 -0.912307506 -0.407525731 0.433444015 1.378419972 0.569355947
-6.474832149 16.481202975 -17.612045059 -0.446717425 -0.183900358 0.533835650 -0.694005547 -0.475536977 0.833620964 0.236693274 1.001687148 0.574008683 -1.193764842 -1.278017103 1.863979761 1.387835455 0.630303333 -1.529984803 -1.433499235 0.920131230 -2.318087126 0.866153961 -0.087180423 0.201841011 1.584619829 -0.417230198 1.255095527
-1.664757634 22.766490796 -3.707724645 0.651139419 0.690882731 -0.208292688 0.235186448 -0.275105382 1.616336909 -0.392856027 -0.953910563 -0.346022528 -1.545120576 -0.468029501 0.462537382 -0.766960319 -0.212374352 -0.106817096 0.324556438 0.409863656 -2.373311988 0.846267921 0.742793481 0.820321286 -0.055964942 -0.423842988 -0.941300627
1.408762344 20.198488282 -12.519587907 -0.524953116 0.840054524 -0.096228738 -0.097327550 -0.553426609 1.440677552 -0.568346864 -1.344212603 0.670537823 0.834853597 0.004082351 -0.163572553 -0.200407878 -2.370688966 0.258831821 -0.545618738 -0.490738519 0.056686523 -0.124276982 -1.453169295 -0.762020491 -0.703106648 1.081185953 -2.771924476
0.093559057 30.449674989 -17.395767702 -0.263584190 0.496670077 -0.826925410 -0.006047737 0.481185571 -0.503648256 0.594531691 0.213257493 0.808721189 -1.372231598 -1.045046872 1.738166448 1.734649424 -0.756745226 -1.310112260 1.065124123 -1.603879773 -0.275786111 0.525512819 -1.618600944 0.945195035 -0.022084787 -0.142713225 -0.056343682
-11.794967707 27.924865705 -9.194672152 -0.678711020 0.686823177 -0.004118456 0.260015985 -1.622021192 0.602240662 0.829459232 0.358051111 0.261488504 0.384705488 2.089163856 -0.280144940 -0.558814973 -0.608716980 0.890540616 2.006466047 0.212383376 0.903865116 0.522422213 -0.109372396 1.521443828 0.605481792 -1.452703759 0.011071622
-12.910043640 25.791801750 -10.846790945 0.349024245 -0.300671817 0.015556110 0.887432556 0.516535223 -1.448018853 0.375184265 -0.548370796 0.042196058 -0.178150239 0.789217882 -0.440193976 1.532969799 -0.155483265 -0.164708114 0.265637583 0.624605282 2.072742844 -0.755200227 0.381257266 -1.482004565 0.534589887 -1.004970783 0.988046303
-5.379500774 32.510306009 -17.787130138 -0.666804179 -0.631985598 -0.309246907 -0.245627239 1.876812974 -0.955054768 -1.143290357 -0.979706982 -0.490540465 2.164001833 0.255065183 1.268167098 -1.798917049 -0.367162980 1.818841685 0.339688396 -0.143340046 1.880280374 -0.531075889 -1.056832931 0.076548763 -0.102508789 -0.175233470 -0.278123480
-8.806892906 24.909111848 -13.345800105 -0.723918224 -0.468372247 -0.179990698 -0.473469315 1.892503571 0.831301373 0.345573875 -1.036805546 0.212556175 -1.055634135 0.724839008 -0.043274145 -0.072731097 -0.534874109 -1.825832433 -1.707464156 -0.161064061 1.191684146 1.545897739 -2.111528430 0.957146501 -1.122855729 -0.802754411 0.503098435
-8.063450385 16.746873171 -13.407845026 -0.706477370 0.524835026 0.443142074 -0.170478807 -1.790403913 -0.086169200 -0.509100976 -0.569134671 0.269058438 0.120947334 0.099424061 -0.490577715 -0.923902235 0.669743019 1.338453868 0.422144281 1.327069563 0.335403650 0.045796140 0.375961096 -0.492827471 0.344731393 0.913535276 -0.008562494
-3.133963779 30.841064945 -12.715838538 0.195821610 -0.518340337 -0.815219345 -0.168507006 -0.745029492 -0.675466766 -1.294237483 -0.313859209 0.282177956 -1.765839692 1.229570321 -0.164426690 0.224062074 -0.107661949 2.098808546 0.540045427 0.617336894 -1.945517505 0.533308571 0.425108926 1.173249329 -0.503441196 0.253577570 1.200824079
-6.203146204 22.352462276 -18.182786736 0.548045908 0.516933859 -0.137453721 -0.643064182 0.316821235 -0.129773590 -0.106420184 1.454226123 1.233832947 1.221244092 -0.304225765 -0.276668315 -0.066642999 0.883865596 0.363057126 -2.384280387 -0.215895330 -0.282536274 -0.182869338 -0.152949320 0.307703879 -0.182502021 0.643281979 0.419147626
