11.512842053 -35.979721358 -10.586270558 -0.072142830 -0.736516853 -0.010375123 0.672480999 1.468548549 -1.719301905 1.178649802 -2.152860969 -0.899077830 -0.694410959 0.251712049 1.096532561 1.089905866 1.079006755 -0.932531932 -1.763028393 0.925253597 1.296721782 -2.298065468 0.140345199 -0.836624659 -1.225112749 -1.316161701 0.656951140
14.373466485 -36.808351436 -11.182421452 0.332783475 0.392175216 -0.855587539 0.058512584 0.009318740 1.134521537 0.758914321 0.531326378 -0.516869316 -2.131332093 -0.135891186 -0.452493553 -0.660032591 0.464414277 -0.298700154 -0.072229695 0.897738742 -1.837444329 -1.746244840 -0.814853077 0.493112331 1.116196934 0.746409531 1.379128025
15.936423372 -39.574568992 -14.562039803 -0.395631044 -0.452465338 -0.755597593 -0.260429400 2.017564862 0.534904155 -0.240588385 -0.651204782 0.789970136 1.497604423 0.903939618 -0.197198646 -0.603280650 -1.262198667 0.815866574 1.086513291 1.547342304 0.912303250 0.823755814 -0.350475471 -0.967925160 -0.307952626 0.391679935 0.198417719
7.360004316 -45.728234370 -8.520928258 0.601529465 0.089977543 0.030298498 0.793188720 0.296505960 0.942737607 0.451896307 1.082322228 -0.742066725 0.814000649 -0.051099866 1.608315696 -0.897456617 0.282662340 -0.954322451 -2.318622151 -0.813099243 -0.819197098 -0.224698670 -0.466236182 -1.800131001 -1.286730918 0.062816433 -0.947180229
5.190990162 -40.594211336 -15.556955389 -0.490311624 -0.827431943 -0.054202963 0.268352251 -1.202157808 -0.038765327 -0.385193054 -1.239699130 0.457241275 -0.672877551 0.006334445 -0.237329321 -2.110358475 -2.082273688 1.464114988 0.968575433 -0.650404128 0.088640582 -0.485030140 -0.243723243 0.182459307 -0.983812077 0.062876979 -0.520041113
10.333164134 -37.180030446 -12.223397626 -0.378758852 -0.879226863 0.234443214 -0.168932635 0.340309248 1.321074092 -1.011998699 0.736767725 0.045293175 1.831813144 1.510236830 -0.044384685 0.283536818 0.320192681 -0.322984940 -0.689534143 -1.106702519 -0.319580116 1.165003454 0.058241650 0.508348176 0.286722935 0.264275093 0.294867912
18.436563225 -42.668316144 -11.780905013 -0.525728508 -0.752920335 -0.219918244 -0.329175440 -1.753853234 -0.302643795 1.040666001 -0.745882613 0.244343789 -0.197205618 0.034631132 -0.561569000 -0.129341398 1.241267239 -0.741750143 0.308911054 0.210700476 1.217231513 0.750131712 -0.450292887 -0.835204810 -0.500628592 -0.408786247 0.784636952
1.414570019 -35.202952882 -14.862557185 -0.755294754 -0.257007194 0.587363869 -0.135944188 -2.104237173 0.208222677 -0.876174883 -0.884039257 0.399310953 -0.361422022 -0.971250996 0.919760126 -0.087211174 -1.963555875 2.195728719 1.768951392 -0.071544176 0.607358160 0.035347546 -0.132031373 0.028309298 -1.088235662 0.407152122 -0.550141005
14.533859089 -35.611149784 -16.993801306 -0.230022389 0.686202972 -0.628720910 -0.284473548 1.066792252 -0.067429814 0.459317326 0.755771108 2.081356208 0.207353268 0.887281552 0.711420146 -2.103211751 -1.956946362 0.702700392 0.299339225 0.961143249 1.311738744 -0.762651405 -0.694413108 -0.094064225 2.155848137 0.650274409 -0.514885208
11.340535120 -41.841879282 -13.417822150 0.329365530 0.209686786 -0.343306628 0.854219152 -0.777234859 -0.424583482 -0.234414500 0.235391863 0.174539182 2.128900207 -0.731818040 1.182297018 -1.064036703 0.077017542 -0.245742830 -1.171691840 -0.206580574 -0.188432438 0.339348009 0.957012327 0.679458615 0.948012695 1.057090799 -0.789183509
10.756841044 -36.216591931 -8.200616627 -0.379409772 0.249862315 0.588898417 -0.668442745 -0.784652073 -0.102285025 1.059782573 -0.576063261 0.397901088 0.239052825 0.969570543 0.422922790 -0.353700144 0.305785494 1.303548107 1.263745430 -0.535774843 -1.087162705 -2.373096766 0.827965748 0.281144858 -0.838775759 -1.081155112 -0.294973624
8.604301985 -45.270133618 -18.001549163 -0.472426455 -0.418132007 0.166398366 0.757819539 0.482914267 -0.243808805 -2.134757272 0.006193582 -0.935736140 -0.101682350 0.249228457 -1.322863703 0.056976470 -0.015498705 1.099137758 -0.405584236 1.248387486 0.373704764 -0.574555823 1.922529127 0.687450767 1.178439217 -0.700816968 -0.725996886
4.830665600 -40.624908750 -4.553172863 -0.458327974 -0.130839792 0.854457304 -0.206686071 1.648652299 -0.675910320 0.858128490 0.095765500 0.081286406 -0.771468801 0.589782464 1.142538090 1.049608961 -1.559334982 -1.360090126 0.200866503 -0.241016748 1.157933799 -2.154802006 1.007475480 -0.778226894 -1.682341799 -2.181433802 0.248160730
2.843451508 -32.860165310 -9.998943703 -0.198861313 0.826974722 -0.267368552 -0.452858747 -0.206494129 -0.734443823 0.315670015 0.143877815 -0.259287462 -0.946239469 -0.030924962 0.129149115 0.990260297 -0.550821990 -1.198504476 0.241383765 0.520213695 2.337695585 0.178676953 -1.019346561 0.849491800 0.203925220 0.276355637 -0.824561430
10.053959690 -41.537459701 -10.806787110 -0.565736904 -0.711304778 0.261089260 0.325299349 0.215790602 -0.402343969 -0.470996724 -1.735335199 0.767941957 -0.410315390 0.486452332 1.559013351 -0.625694937 -0.572629292 1.971736788 -1.358920599 1.059487904 0.711936283 0.566372052 0.192829910 -0.416544470 -1.288921084 0.469212590 0.523134807
7.342828555 -43.674301974 -17.271452778 0.679738885 0.153101648 0.705866421 -0.127544226 -0.016420147 0.455191600 -0.766405702 1.083714079 -0.213972748 -1.316323754 -0.599367766 -1.516954841 -0.355200259 -1.327359335 0.241811509 1.777398269 0.155334840 -0.237452528 0.346895971 0.019930890 0.690102148 -0.389078301 -0.391855537 1.149680866
3.447241613 -35.335008159 -7.778365460 0.319630670 -0.693860198 -0.101098310 0.637317340 -0.895586689 0.055811098 0.155144746 -0.262147211 1.163278477 -1.040148224 -1.085250821 0.357507765 0.848079610 0.074687528 -0.803656336 -0.455122481 -0.126793162 -0.005724074 0.636236876 0.292796916 0.130987454 0.120312938 -0.555598756 0.416341181
17.547109774 -37.519739887 -16.472990426 0.134794910 0.064189706 0.942087035 0.300303234 -0.737629718 0.340796414 1.505808109 0.446539886 -0.300878906 -0.839116237 0.490636070 0.251754772 -0.922440630 1.043442185 0.843592807 -1.510457482 0.774033478 -0.874357946 1.631708400 -2.171354580 1.552003620 -0.937044852 1.677474225 -0.951409570
9.815191876 -36.420182508 -6.920239730 0.439856800 0.483377730 -0.752662477 -0.079819557 -0.893360589 0.177206686 -1.684926649 0.161111728 -0.640842694 0.755831839 -0.375866763 0.854772324 0.773204198 0.273292309 1.041048733 0.883567309 0.590696663 0.157880305 0.480940957 0.129758158 0.302599542 0.967024880 0.427354320 -0.294872669
12.537994004 -37.532776344 -20.074984828 -0.122661821 0.516007194 0.653358158 0.540197900 0.260853949 0.255992060 -0.033918666 -0.049387635 -0.329588762 -0.402929664 -0.476184882 1.096482963 -0.441893006 0.873007187 0.122142790 1.394183240 0.853398063 0.438866462 -0.909744580 0.059516422 -2.260272247 0.302802011 1.187905234 2.783271393
18.601581726 -34.536508826 -9.782626526 0.212087453 0.784313509 0.580153596 -0.057384981 -2.051083217 0.533734009 -0.379052278 -1.197014071 -0.818572691 0.872098430 -1.179955404 1.086914284 0.983037720 -1.530271312 -1.382989109 -0.707746657 -0.366651551 0.774993467 0.535698550 -0.935216315 0.109919242 0.653456981 -0.389890979 0.232246721
7.039417434 -40.636343034 -15.488007714 -0.675489269 0.166385652 0.543723903 -0.469461798 -0.498801498 -0.884450213 -1.147949359 1.031136611 -0.576188647 -0.243740452 -1.007613269 0.053163596 -1.678154351 -1.092838396 0.767604450 1.332156943 -3.160863169 -0.167430623 -1.652066138 0.054108570 -0.604649924 -0.795416078 -0.143646845 0.235884899
4.363913495 -45.877123035 -14.569290195 0.379862935 0.550133484 0.202857610 -0.715476129 -0.803512140 1.756363488 -0.009817534 1.171290688 0.528620618 0.019805861 -0.869384789 1.426194336 -0.207033704 -1.283100816 -0.994251438 -0.208540900 0.727149183 -0.567164358 -0.046788431 -0.618530302 0.029854225 1.035561571 1.180773765 -0.027940783
13.833204173 -37.864310529 -19.431232971 0.579303716 0.593976575 -0.075547382 -0.553074702 1.331793942 -0.416739922 0.343162952 -2.086279388 0.219167457 2.102978598 -0.746748336 0.828286101 -1.333118951 -0.607627358 -1.294452314 1.416771373 -0.566793406 -0.241939907 -1.187076321 -0.318017105 -1.611020061 -1.016541204 -1.422622037 1.821724031
1.043214296 -38.938015594 -9.499088055 0.199849806 0.749046736 0.250148680 0.580012655 -0.986622733 -0.832957460 0.770921520 0.237477184 0.985904711 -0.809246273 -0.804851184 -0.468648414 0.511116165 0.058227637 -1.302142453 0.138627995 -0.167642388 0.074441517 -0.065568924 -0.105187021 -1.947360951 -1.179715446 0.980427432 1.218034672
10.231712867 -32.162780037 -4.173008103 0.847202642 0.016335172 -0.267855567 0.458513075 -0.486654364 0.507365634 0.729865520 1.288757981 -0.341829098 0.515086874 -1.010543887 1.562717692 0.829827773 -0.717913925 1.625177628 0.805891892 -0.986165572 0.366518140 0.263450981 -0.686199711 -0.430994386 -1.472403764 -0.660788493 -1.277244634
10.749472828 -42.909639538 -17.657650058 -0.327431084 0.465486664 0.710233931 -0.414341422 1.417584509 1.322465376 0.993540951 1.302311508 2.401930760 0.168082323 0.885170477 -0.104248455 -1.068158573 -0.098954791 0.451660304 0.378275784 0.465353630 0.224428483 -0.184401251 -0.228116328 -0.328614182 0.091054791 -0.348375013 -1.650356043
14.729723302 -39.690606756 -19.635812025 -0.078084248 -0.719746040 0.003906553 -0.689821156 -1.998351064 -0.886532826 -0.207303376 1.042651431 0.272613826 -1.215026870 -0.364195500 -0.268152887 -0.714755857 1.441351350 -0.730372019 -0.739159493 -1.957711852 0.750809545 -1.799463841 1.974817374 0.309666285 -0.567319958 0.539697016 -0.012539704
9.264039915 -36.798181173 -4.370886232 0.807080668 0.108829486 -0.431805933 0.387711973 0.633817484 2.578166166 1.127461384 -0.623572200 0.034980686 1.787016878 0.219214399 0.234175364 1.454928478 -0.051552743 1.054672783 -1.070797976 1.771272017 -1.102176839 0.184463308 -0.092189246 -0.622663817 0.358605120 -2.185613533 0.544732169
11.102526307 -43.062299573 -3.840613267 0.094624107 0.164820543 -0.405333482 0.894195300 0.333462560 0.619074136 1.782471005 -0.297031886 -0.717955018 -0.705865700 0.419625204 -1.075183240 -0.045572224 -0.267037282 1.348093098 -0.466956603 0.399742118 -0.563862607 -1.050984108 0.170555045 0.923825870 -0.013865332 -0.653625287 0.052797362
11.610700009 -44.506558871 -7.590715711 0.439128555 -0.028180178 -0.322577934 -0.838042640 0.691903553 0.371871895 -1.434781789 1.061999633 2.388536674 0.208645829 0.811700162 -1.387838922 0.378380320 0.762499659 -0.140654037 -0.583913979 -0.609298246 -0.887400121 0.138452871 0.900491465 0.439703781 0.508241493 1.511550511 0.578405653
15.539616923 -35.572176499 -15.413042130 -0.079281921 -0.501837326 -0.244744188 -0.825817145 0.965645149 0.861615723 1.012876562 0.960903934 -0.119445599 0.166996640 0.388828728 -1.264316714 -0.282654816 0.455937322 0.293038017 -1.179328055 -0.494651095 1.472930772 0.518972662 -0.283672921 2.283309797 0.090433499 0.294680530 -0.218823055
4.544511450 -42.366121677 -8.361715192 0.145979465 -0.210785055 0.677776141 0.689114765 0.392910951 1.049055426 -1.677563614 -0.058451816 -0.734653123 -1.278206813 -1.305490807 0.206828989 0.993596039 -0.922073247 1.394302415 2.074414364 0.362213666 -0.425582858 0.944822644 0.753568559 0.892732913 0.474383340 -0.915210793 0.009190524
10.263461326 -33.216406960 -6.589550641 0.813904244 -0.443848287 0.046795995 -0.371979455 -0.084295789 -0.253329109 0.503948309 -1.313259183 0.966956382 1.325016904 0.438156664 0.286794422 0.556827543 0.233496905 -0.230391430 -0.728692180 2.515609425 -1.379805754 -1.187896958 -0.791008211 -0.528790448 0.033964252 0.869850719 -0.470105630
15.701466211 -45.047719467 -8.570067449 0.324111450 0.102968434 0.789683682 0.510635830 0.687120810 -1.703877670 1.067052591 -1.623805719 0.888178090 1.180669826 -0.421892581 -0.163365513 0.593269018 -0.147421313 -0.749882065 0.584756614 -0.423065348 -1.517259609 -0.250195577 0.494614333 0.549542520 0.647595569 0.717171165 0.772625375
10.159811604 -34.148977221 -7.811456963 0.706647451 -0.079020907 0.697297315 0.090451816 -1.028411869 0.793272934 -0.731703533 -1.004432212 0.149209815 -0.351853900 0.935653662 -0.814115869 -0.272102342 0.625018158 -0.541753183 -0.684376057 -1.396860974 -1.022238434 0.254966369 -0.681499984 -1.124161557 0.684267353 -0.704464469 -0.930981276
13.336119928 -40.054261429 -5.951239452 0.684060864 -0.046662624 0.691751814 -0.226633542 3.322814471 -1.356027137 0.559205939 -0.037280535 -0.230392579 0.650026069 0.255864841 0.954845783 1.223465725 -0.928362442 0.168693170 1.810369520 1.214797449 1.010121504 -0.154941461 -0.332619911 0.075655881 -1.839019409 -0.695011882 -0.334797541
8.252838407 -32.095951571 -19.239980874 -0.280771941 -0.426785278 0.796868343 0.322524864 0.042569873 -0.720869071 -1.195205703 0.546746929 -0.098727712 -1.352067603 1.845660938 -1.055285586 0.542019712 -1.739391585 1.035800089 0.603421312 -0.255887605 -0.610950181 -0.000410966 2.433075510 -1.261164050 -0.115156049 -1.415125494 0.096917486
12.147959629 -45.248856455 -12.457640411 -0.608652039 -0.251665249 0.732146001 0.173693785 -2.611733108 -0.192445740 0.565621407 -2.094375957 -1.079273006 0.979081401 -1.270298309 0.541979727 -0.668009648 1.916662345 -1.178432503 1.311457448 -0.743613280 0.764140260 0.297090421 1.256147994 -0.110247269 0.079203683 0.840408719 1.179793880
3.918496850 -38.742336470 -10.300194016 -0.936192149 0.234253384 0.258989092 0.039928208 1.338113378 0.239659155 2.493948411 -0.429655174 1.763648395 0.539630790 0.031006003 1.664285088 1.510321808 -0.153962214 0.527955866 1.652056799 1.357904764 -0.614391051 -0.109167133 1.135155671 -1.207694827 1.830693338 0.765704860 -0.053461126
0.794008614 -38.928563412 -9.569463563 -0.582899927 0.741511870 -0.264895350 0.200544945 0.439843971 2.458842923 -1.405988054 0.385866325 1.082273349 -0.154164113 0.461402944 -0.693791590 -0.224020294 1.277633768 -1.175674201 -1.551051992 -1.292205417 -0.955922528 -0.310864191 -1.819173322 0.802736132 0.842481634 1.064204363 -1.435839601
7.503851676 -31.811712796 -13.628538599 0.962894785 -0.127221708 0.198809006 0.130855836 -1.499543547 -0.029074734 0.526979653 -0.852481565 -2.385657783 1.056689403 -0.413382646 0.786777797 -0.551766358 1.156316194 -0.041262436 -0.980213564 0.248470211 0.301886922 0.178096684 1.130082700 -1.409659796 -0.063123108 -0.483039113 0.054828624
9.629059015 -36.145688802 -13.174741194 -0.148530939 -0.279148412 -0.875758511 -0.364776307 0.284158234 3.680116273 0.097531159 -0.623619871 -0.273246706 -0.699878188 0.180039495 -1.160506730 -1.220302691 2.161445309 0.768305534 -0.301738061 -2.134134506 0.591178463 -2.350774370 -0.183451021 0.745173964 -0.628384633 -0.447868876 0.339108057
3.632678963 -36.486362214 -5.216573859 0.032560992 0.845630762 0.478757900 0.233750441 0.478689455 -0.135209740 1.620829146 1.029058978 0.014807732 0.131880556 -0.073643420 0.566218340 -0.176485804 0.602035723 0.317442079 0.601514001 -0.413042121 0.106965717 -0.536767595 0.670699713 0.308639120 -0.130302494 -0.767326729 0.397373640
4.701098491 -36.778184603 -18.406313396 0.500881675 -0.063389058 -0.858565688 0.089243118 -1.412997111 -0.705612770 1.068208345 0.502903333 0.714342760 1.332724525 0.595462711 -2.716387550 0.684059611 0.332209171 -0.184556908 0.102353796 -1.091834861 0.193510175 0.215663302 0.894075500 0.264031031 0.667377807 -0.017447313 1.469145396
7.814533229 -43.493425041 -15.479169251 -0.447984431 0.702316087 0.460435411 0.306694140 0.296683056 0.019906776 0.357272275 0.162501556 0.082701724 0.990498086 -0.843863161 -1.305253034 -0.320922583 2.151260905 -1.559031092 1.826901809 -0.585549986 -1.368805879 0.269072945 -1.293028906 -0.237768799 -0.329192180 -0.387777208 0.261875440
5.610847826 -40.587442493 -17.079864041 -0.339639732 -0.397813148 0.798490772 -0.297996710 1.904410442 2.514217147 -1.756654202 0.064719418 -0.460068030 1.276314555 2.411483022 -0.445846728 0.702443504 0.804955094 0.976841036 0.656948365 0.578696941 -0.780295541 -1.212028989 -1.214562048 0.296288337 -0.637017258 -0.476343999 0.474879182
16.483120284 -38.640082227 -18.536645785 -0.690589366 0.439480495 0.466140609 0.335642896 0.095022445 0.836983498 -0.048796302 1.391963136 1.295325213 0.596659875 0.657285325 -0.592347591 -0.355763614 1.080689921 -2.039470320 -0.620002508 -0.016525670 0.137616264 -0.530025245 1.552132107 -0.568520302 -0.198647654 -1.496461003 0.122703812
5.849429327 -44.531231882 -6.578592635 0.086911076 -0.785472413 -0.500884217 0.352979538 -1.133524070 0.350806439 -0.008790128 0.906278926 -0.825930454 -0.237664586 -1.920344727 -1.204563588 2.037815802 -0.748921151 -0.897281456 0.999425441 0.735653418 -0.913227486 0.033899228 0.921252608 1.857105479 -2.007122137 -0.150675657 1.105558123
10.609149256 -41.643735912 -19.564426257 0.675200107 0.581776547 0.084709355 -0.445494321 1.140919710 -0.379340362 0.424321242 0.672336877 0.614424453 1.569578620 -1.257199346 -1.650813933 1.058794084 -1.183969257 -0.082742193 0.944409812 2.537080526 0.582067059 -1.014108943 -2.369624071 1.627941642 -1.300500451 -0.025095897 -1.232550813
2.416565216 -40.208338428 -9.329513790 -0.726865139 0.522835645 -0.265844024 0.357263087 1.437660675 -0.774211529 2.082397866 -0.147266922 0.609943674 -0.292177495 -0.070773348 -0.914676817 -0.294518227 -0.262448796 -1.450791601 -0.374414611 1.213474268 0.145695419 0.796802744 -0.639505145 -0.374382030 1.600124078 0.139538337 -0.441689984
15.725091637 -35.878560065 -11.118143478 -0.034960345 -0.457737214 0.601406993 0.653883817 0.566278336 1.274686273 0.459211513 0.390037314 -0.915573345 -0.615701990 0.815067267 -1.229686236 0.408194750 -1.560393299 1.114724871 2.049532949 -0.102465560 -0.367519723 0.852218871 -0.253818967 -0.314216611 -0.868697884 0.685806875 0.686769111
15.216854420 -35.501442654 -18.669950073 0.478132460 0.456311445 0.737923723 -0.136520307 0.871736041 -0.645320091 -0.609235117 -1.189480307 -1.098573660 -0.664270876 0.750110183 0.233812562 1.792707183 -0.644856969 -0.401791594 -0.352151512 0.793537779 0.322691492 1.068790226 0.226807498 1.034834038 1.083929447 -2.590018356 -1.215037471
12.043910796 -34.163631798 -19.576813426 0.569589784 -0.511974196 -0.169012972 -0.620390616 0.226564045 1.730558698 0.325190431 0.153804265 2.033478311 -0.005697550 0.337570243 1.023305787 1.115407372 0.175680532 0.538600222 -0.513892988 -0.297890767 -0.644511708 -3.673836447 0.728510939 0.114330029 0.361951051 0.026517876 0.207245023
11.485444916 -46.097192580 -10.783168918 -0.258689546 -0.678942053 0.295009145 -0.620553794 -2.605830060 -0.205871308 -0.783185015 1.237522954 0.075972124 1.583895224 0.721713284 0.574384505 -1.582066099 -1.131107918 0.582607833 0.197307071 0.502072374 0.257600496 0.951239547 -0.091523828 0.772341853 0.400514495 0.295510877 -1.260304205
6.222083664 -35.772963423 -13.935610613 0.803086013 0.158377229 -0.574416635 0.003877917 0.783388959 0.675464839 -0.359138225 0.859918987 -1.567383772 1.038145519 0.403525781 0.433763274 0.408885358 0.767646000 -0.022537287 1.580357250 -1.782429823 -0.907520463 0.050537710 -0.084756706 -2.513544783 1.034210513 1.366122214 -0.981064929
9.196769082 -39.306450718 -19.325274408 -0.010563674 -0.433719004 0.700164222 0.567050524 1.423004443 0.263784610 -0.546528392 -0.203532649 -0.825217151 -0.971957205 -1.459118544 -0.435807108 -0.276497305 -0.485460585 0.251705710 0.866562798 1.078446275 0.786345494 -1.059033915 -0.722896142 -0.905498176 -0.709300256 -0.691243437 0.776898191
8.844529425 -38.869254602 -9.186842743 -0.216997018 -0.110380160 0.695964680 0.675545468 1.348064522 -0.642056822 -1.080446373 0.201703468 -2.544777991 0.487090137 -0.627627380 0.098013075 -0.943019823 1.585690452 -0.080984161 1.280756378 0.597158111 1.308647511 0.465636855 0.508111771 0.183993812 1.759078061 -0.327843514 0.931722316
12.455063884 -32.302863498 -10.030192200 0.984368233 -0.151757481 -0.015795843 -0.087973523 0.317999896 -0.759757644 0.932583420 1.084514205 -0.265237518 0.867139986 0.453755013 -0.189103793 -0.070337406 0.172123534 -0.733428554 -0.253796453 0.160221350 0.672970271 1.219950556 -0.072352719 0.331682678 -0.076675521 0.561508972 -0.143956885
8.775346465 -33.436917759 -10.093764276 -0.599744571 -0.747232739 -0.062019305 0.279469657 -0.972506277 2.033101431 1.755620924 -0.236677359 -0.579879275 -2.774737253 -0.879830527 0.600397213 0.986592250 -0.585788839 0.794070784 -1.771331870 -0.956627993 -0.141443780 0.493883949 0.713097236 -0.204756006 -0.293252823 -0.302779094 1.162404591
5.808497784 -44.416088886 -11.519414037 -0.731633998 -0.671231453 0.066855876 -0.098439433 0.414446865 -0.469450951 -1.504789705 0.001479191 -0.873617716 0.416817497 -0.873615295 -1.199173575 1.057084862 -0.240046164 2.065876063 -0.257355592 0.162078310 0.227424614 -0.493085347 0.820610075 -0.982647471 -0.076780080 -0.077852787 -1.832012427
14.252682244 -34.778245704 -8.240177107 -0.330909039 0.250042786 0.894682358 -0.165895422 -0.597968959 0.510566983 2.253332904 -0.186210902 0.915707704 1.262756825 -0.548062679 1.569823675 0.455192220 -0.438886606 -0.407979992 -0.506897644 -1.128268195 1.469580115 -1.881253212 -1.369837895 -0.512428002 1.325254506 -1.024233971 1.437172184
13.611456325 -45.827435724 -12.902667689 0.324951749 -0.646588569 -0.382074020 -0.574759972 0.875404625 -0.363826513 -0.545190600 -1.164529037 0.657167668 1.249082291 0.249891184 -0.052423924 -0.610938152 1.164435653 -2.512027124 0.176670582 -0.551486791 1.314899216 1.549307204 -1.449407209 1.835777070 0.319667483 0.357042708 -0.695094741
13.213014024 -31.279914701 -9.327294205 0.411852810 -0.655547277 0.543735802 -0.324016061 -0.110704971 0.196883091 -0.583768182 -1.080697142 -0.143453661 -0.249755931 -1.525591551 0.369714911 1.128136371 0.473808965 1.333312353 0.112731724 0.449675996 0.971381004 0.465937101 -0.795623463 1.254271341 0.268572199 -0.074403809 1.243697407
13.220778198 -37.134269723 -19.855507975 0.188649538 0.454793986 0.854734141 0.164326903 0.155604777 -0.156579111 -0.845425626 0.219379672 0.952409541 0.047871519 -2.110874485 -1.886021677 0.360148045 -0.010273130 0.662744187 -1.972613776 1.280500276 0.001334349 1.219863595 -0.943216331 0.184087627 1.744933951 0.454118808 0.685586464
11.526755593 -42.937072415 -4.656777041 0.008918596 -0.224624533 -0.041085904 0.973537994 0.427951329 -0.868774945 0.572773900 0.005764615 -0.734839282 1.552990736 -0.649021294 0.823644719 1.050998240 0.317723727 0.961144714 -1.173096753 0.579625526 0.427898432 0.495877194 1.792362838 0.067472267 0.450402816 -1.188779516 -0.772761413
11.034991823 -37.015738718 -20.489581016 0.489137135 0.530506517 -0.648891878 -0.241344212 0.943096496 0.425539402 -1.044011681 -1.561060017 -1.402094766 -1.487243159 1.048719606 -1.510472315 -0.272707566 1.491770100 1.530361926 0.734759258 -0.602490921 0.102522239 0.030960484 -0.824144777 -0.314461678 0.320258978 0.793072869 0.877612450
7.421555994 -38.783947586 -4.614400361 0.180953882 0.651963464 0.039660072 -0.735273019 1.078651111 -0.198645805 0.454403420 -0.997394154 0.591297353 -0.127890023 -0.021131035 -0.357660501 -0.928767763 -1.064145097 1.130269417 0.740466571 -0.943878029 0.876306238 -1.694438491 1.177652359 -0.516285850 -0.960603296 0.222962660 -0.561930185
13.261279725 -34.809135282 -6.176094038 0.128343081 0.488429931 -0.723652000 0.470416878 0.255130737 -0.103632338 -0.435811241 -0.669857896 -1.242200606 -0.755451721 -1.075280557 -1.206228332 0.530495175 1.601717918 -0.939583282 1.537141714 -0.624151739 0.349891582 -1.140268012 0.772786939 0.241854652 -1.179019941 0.072961900 -1.087491288
3.991300127 -41.540113601 -15.963836210 -0.978224730 0.060027183 0.003238475 -0.198652027 1.292872205 1.218466951 -0.642526459 -1.640793609 0.619639154 0.680984432 -0.454314990 0.690644419 0.439244058 -0.162173500 -1.449336497 -0.883358573 1.206182449 1.156663863 -0.657134566 -1.413751029 -2.215515940 -0.331793587 0.222625941 -1.592640978
14.171400538 -46.328799049 -12.594514411 0.699073935 0.470181094 -0.326954517 0.428165992 -0.620415217 0.354138013 -1.174714230 -2.460505824 -0.682106387 -1.162518263 0.352972905 0.013854173 0.263556703 0.669417678 0.069180496 0.587846473 -1.097829630 0.104060498 1.128889662 1.146394365 -0.498031755 -0.247545938 -0.457740871 1.030039754
7.388225111 -35.589380714 -4.783858993 0.656641522 0.007659767 0.032323345 -0.753470929 1.450518753 -1.301040021 1.082158503 -1.247705861 -0.359568661 1.492324500 -0.075235100 -0.831194742 -0.477738951 0.151002450 -1.570549571 0.390156670 1.089089321 0.272377863 0.505864184 0.016943409 -1.892199448 -1.023363868 0.934915665 0.189625290
2.886432174 -36.840648964 -17.491636221 -0.847892849 0.135964420 -0.353347321 0.371129444 0.342255552 -1.226450199 0.792788535 0.814667513 1.144851359 -0.549631754 0.043222453 -1.289771395 -0.894120163 0.091812687 -0.241857246 0.205867249 0.232822231 -1.239410161 -1.700180586 1.699842664 0.474853557 0.134695329 1.150572145 1.042641715
5.422145961 -43.325309330 -17.929460338 0.621206859 -0.067476950 0.080679393 -0.776556331 -0.614265735 -0.858812748 0.581099093 0.752611318 0.707959731 0.956574301 1.455557144 0.251246400 0.566049364 0.770063961 1.209509407 0.256657424 0.688973781 0.342544370 -0.240321759 -1.643578194 -0.809871461 -0.552104373 0.708202676 0.866888128
5.112594509 -39.168195842 -11.780113220 -0.254713756 0.549114485 -0.746741291 0.275629513 1.205955604 -0.493733737 -0.000218071 1.499790845 -0.065785900 0.435146975 -1.128369358 -0.297534939 -1.523331373 -1.263993332 -0.429561364 0.057054366 0.669556057 -0.114763867 -0.849295209 -0.623918007 -1.097241786 -1.239476226 0.077887691 -0.379361057
13.120340703 -29.458717032 -9.612166054 0.713201772 0.388187704 -0.453458159 0.367463247 0.685721744 2.185048032 -0.531316985 -0.694665709 -0.236714891 0.413474177 0.786917685 0.438690835 0.130910598 -1.919914554 1.032029017 0.662235132 -0.215411179 0.203130640 0.716505872 -0.088443507 -0.286603336 -0.703886222 -0.291399233 0.487647048
2.911340493 -34.109627111 -16.494439134 -0.107225639 -0.536934884 -0.698059429 0.461428896 -0.727055958 0.458748525 2.808069151 -0.810282508 -1.866209582 -1.062966264 -0.455564014 -0.294789710 -0.689579567 1.210006552 0.286339204 -0.271513400 1.821076399 1.061185051 0.938067287 0.514049394 0.129741017 -1.754136535 0.496456537 1.372412684
3.842494517 -35.289377587 -8.570933616 -0.792851629 -0.448926830 0.298840010 -0.283805646 -0.128740104 1.929228774 0.355840124 -0.816736504 0.755983816 0.604009840 0.729069932 -0.692785544 -1.250133825 -0.290684720 1.472188433 0.444880755 0.017123824 0.968643594 -1.074189247 1.255203529 -3.185884645 0.623978954 -1.020976287 0.131746304
12.941079443 -43.065227712 -8.120850674 0.655922091 -0.718058396 0.070427100 -0.221807067 0.007761056 -0.036320651 -0.998425192 -1.729985172 -0.408636869 -1.412659409 0.092423573 0.122147367 0.459027327 0.590600686 -0.519966379 -0.296731354 -0.816402705 -0.859370139 0.939916973 -0.178163123 1.120997553 0.141097069 -1.686021075 0.514242007
3.430484833 -41.011813337 -6.850908865 0.720390036 0.642750919 -0.127978987 -0.227004034 -0.659744159 1.528013556 0.727021858 -0.895553132 0.895073209 1.632900522 -0.021833922 0.469038745 0.666243744 1.503865651 0.862090592 0.421082066 2.389174491 -1.513023089 -0.689911634 -0.180551724 0.624978348 1.917259131 0.359331916 -1.268642128
10.842865198 -43.992121282 -7.886042137 0.666375885 -0.352924933 0.656629972 -0.014975034 -0.882912951 -0.541644839 0.706589260 -1.251421752 -0.025806979 0.666843688 0.242291513 0.224128154 0.506250702 -0.742851632 -0.304819668 -0.862151288 -1.816617223 0.639628428 0.866278591 0.521986794 0.518914309 2.017771655 1.310889472 -0.330494422
11.840599231 -38.510136534 -14.079841266 0.920340086 0.163185845 -0.334125332 0.121263218 -1.330780205 0.387550071 -0.232370842 0.435598393 -1.221334535 0.542157361 2.622055160 -0.910892098 0.193215058 0.112204844 -0.559839155 -1.189853767 2.108335844 -1.822642147 0.476572924 0.878527848 -0.802746008 -0.153680363 1.543774042 1.868778779
14.889996301 -38.465500809 -13.826059922 -0.709213463 0.564856696 0.421797917 -0.006300355 -1.685408060 -1.753418802 -1.662749388 -1.393958421 0.092800189 1.864599799 1.104401377 0.739281908 0.719823150 1.169183166 -1.605356396 -0.783242399 0.020172481 -0.481674133 -0.391425230 -1.559167117 2.278586452 0.642783855 2.153453197 0.244079874
18.948052766 -38.728434803 -13.430629995 0.284520642 -0.743166253 -0.017394245 0.605350613 -0.469705688 -0.152124924 1.614663441 1.748229614 0.693278879 -0.869055524 0.771118841 -1.454442593 3.004261976 0.862619220 0.123533521 -1.631521356 1.115473979 1.460859771 -0.193329458 1.259867788 1.958621806 1.674967816 0.652991896 1.347713964
8.302550518 -35.913229404 -15.678118738 -0.307991004 0.082185852 -0.880721976 -0.350308190 -1.045770530 -0.421196880 0.893040391 -0.394391509 1.807792695 -2.459914741 -1.328877782 0.560700949 0.534796968 -0.640278461 -0.106618600 -1.477004166 -0.443034413 -1.210370646 -0.116505991 0.542796537 -1.724132255 0.501107402 -1.867873738 1.392936151
18.823702749 -38.663291601 -13.268834008 -0.240575759 -0.275738816 0.928404597 -0.064469483 -0.758885480 -0.568105085 -1.504849257 -0.588432619 0.039675480 1.183257733 -2.169536923 0.292845078 0.400159259 -0.634738109 -0.182084331 1.406638549 0.502541743 0.815424651 0.527490009 0.984537830 1.537768796 -0.500624847 1.171537017 -0.510684891
8.243304355 -43.102802798 -11.517403215 0.388527898 -0.388007257 -0.054020496 -0.834013325 0.438919940 0.863555617 -1.416925027 0.591908108 -0.924107096 -0.206199895 1.492682804 0.251951316 -1.882416133 -0.525230674 1.830287665 0.498720247 -0.516563760 -0.160148440 -0.717459169 0.713718898 -1.001693716 -1.191884381 -0.841809269 0.228463499
18.439019655 -33.516191500 -13.521307755 0.539666029 0.486134539 -0.624839644 0.286372495 0.910471203 -0.412706692 -0.395359276 0.088525029 0.506937963 1.031934217 -0.764888012 -0.731290018 1.397661094 -0.199135729 -0.165931460 0.810938886 1.365185203 0.970844496 1.293397822 0.625914966 -2.321152471 0.379231410 -0.207153145 -1.102902670
14.635288963 -41.773562206 -19.439595552 0.265875981 0.805178691 0.224325522 0.480286683 0.549224772 -0.175517966 -0.042494840 -1.257301373 -1.139093741 -0.758507088 0.359953773 0.069503650 1.339393383 0.437458810 -0.991727269 0.319169334 -0.687258276 1.253729741 2.669020141 -0.451521934 -1.087129735 0.228033037 0.252075933 1.857681954
2.493269958 -43.671574028 -12.613580298 0.107235147 0.048283573 0.919032703 -0.376228935 2.442096435 -2.318484363 1.218831343 0.463596900 0.699353893 1.460703415 1.058904061 0.206555153 0.527373593 -0.048147940 -0.371626007 -2.205434817 -1.080989501 -0.085372580 0.468261861 0.521908958 -2.286960017 -0.128532309 1.357617934 -0.097994931
11.898030124 -35.482731928 -9.671729502 0.099575417 0.742880991 0.010809518 -0.661887999 -1.289659069 -1.088696465 -0.613650911 0.375509389 1.203608739 0.222915869 -0.371508996 -1.785010285 -1.591565710 -1.129825773 -0.494750567 -0.375808783 -0.796323233 0.041258881 -2.049057536 -0.783425579 -0.232195257 0.359491008 -3.552187906 -0.843058035
15.689911805 -33.500463219 -11.549034804 0.299585774 -0.041415060 0.767778910 -0.564843962 1.074229446 2.114546400 -0.703790315 1.971630342 0.532238391 1.104345180 0.213136513 -1.117920210 0.430779942 0.628733545 -0.766744540 -2.190315698 0.295300359 -1.456312333 1.423777711 0.024255597 -0.652267374 -0.256527282 0.678736608 -0.401802663
10.623569360 -38.522484270 -19.207069245 -0.843772572 -0.450208662 -0.158675136 -0.245320622 -1.701127685 0.709352654 0.273050776 1.380265535 1.096118843 -2.172070661 -1.548619465 0.741962807 -0.951713094 -0.223997525 0.868284381 -0.850373873 -0.894396394 -0.773547102 1.490501860 -0.132738556 2.444564219 -1.016179191 -1.794323152 0.320869114
7.096517466 -32.906703507 -7.154809292 -0.349501906 0.692336161 -0.388302639 0.497734987 1.123535415 0.634525268 -0.669962932 -0.021650253 0.681166739 -0.056543298 -0.032295954 0.566108868 0.670361940 2.028873566 -1.204503139 -0.345512705 1.101077805 -1.118616718 0.157655649 -0.638681773 1.672666166 0.795615697 -1.471636953 0.783429259
7.324547253 -34.221820394 -17.599430955 -0.102405349 0.445126336 -0.521188708 0.720928582 -0.617489767 0.706936410 -1.539686792 1.282209468 1.237386586 0.296154187 -0.217546044 -3.291876172 0.311459347 -0.154692035 -0.059079537 0.133749343 0.193691460 1.117405397 -0.155282389 0.973016079 -2.032937060 -0.502885182 -1.807027805 0.418367593
7.687563292 -39.613591892 -8.898389088 0.588177398 -0.047719987 0.068684875 0.804395761 -0.426087096 0.547347169 1.307120092 0.542477104 -1.841137976 0.627842492 0.596265898 -0.276276518 -0.147098378 -1.121099810 -0.682705661 -0.653294082 0.984230278 1.820761481 2.371682847 0.960693947 0.791186422 2.203907448 0.704874161 -1.058360617
9.120384943 -44.895946319 -9.384889701 -0.522132005 -0.827224219 0.106802933 0.177964589 -0.100566729 0.099731333 0.251953347 0.988675318 -1.732680310 -2.114400822 -0.694420924 -1.330625754 -0.530000153 -0.364618337 -0.133879400 0.726858744 0.128938209 -0.519603100 0.564277753 1.288869732 0.181020630 -0.538232520 1.225016939 0.191675155
6.313401373 -35.070440891 -16.073040517 -0.340061552 -0.042776558 0.917159841 -0.203337485 -1.294410809 -0.465130893 0.627376143 0.407476785 1.451959885 -0.062661722 0.451982576 0.282258699 -2.027281545 -0.519848285 -1.219045322 -0.834593664 0.451009398 -0.714299236 -0.765209148 -0.169057685 -1.132052172 -0.708289991 0.543021968 0.670708185
0.809540266 -38.470922218 -15.115066618 0.333131020 0.147193146 -0.470150675 -0.803937961 -0.098141979 -0.999672453 -0.610146778 -1.008386224 0.426652217 -0.709992724 -0.108876280 -1.614018123 0.134727335 -1.517065331 -1.739846156 2.608367796 1.123397273 -0.999915494 -0.940893458 -0.267701494 -0.480422981 -0.715862953 1.182711817 -0.140813658
5.014655452 -40.229788639 -12.993351389 0.042199715 0.835788208 -0.056033075 -0.544552615 -1.272982633 1.714633757 -0.378714118 -0.446801345 -0.475813486 0.009622275 0.459475637 -1.630222192 -0.558986387 1.746637113 1.277218817 1.684726087 1.251941727 1.135385123 -0.534826822 -1.338571134 1.704348694 1.408277965 2.904519607 1.364735571
12.543810628 -44.793291693 -5.962027280 0.119641096 -0.671789222 -0.714198091 0.155904896 2.192264096 1.148528224 -1.521157546 -0.362321292 -1.067440652 0.219183558 -0.224642908 0.492832976 -2.060895598 -0.123075166 0.048739671 0.256758365 -0.010619021 0.239468206 -0.149998396 -2.286569922 -0.638954896 0.629282480 1.888148900 0.265065422
10.671677446 -38.472764648 -5.262673876 0.461045374 -0.405040876 -0.596324542 -0.517470861 -1.517680740 0.706682563 0.694976394 -0.706095862 0.310629860 1.134128206 -1.820187668 -0.043508200 0.293304628 0.367009516 1.015682324 1.036916608 -0.246026570 1.163481342 0.030899667 0.375510102 -1.677818689 0.196471868 -0.784418634 -0.057608583
6.651910289 -36.627496518 -13.315673213 -0.129022911 -0.175331720 -0.878860482 0.424518703 1.106721375 0.699347159 -0.262552442 -0.029610764 -0.711886615 -0.184279027 -0.102942340 -0.870517848 -0.802586157 2.281596359 -0.918757986 -0.105394697 1.251532476 -2.188548466 0.306415238 -0.142933289 -1.617176898 -0.503564956 1.530301401 -0.210611985
8.004328388 -35.579311328 -16.904532953 0.006250619 0.878959919 -0.361310308 0.311199699 0.376973076 -0.019173653 -0.379910568 -1.576826724 0.554963418 0.206837514 -0.966487253 1.499656411 -0.786720415 -1.385015129 -0.049307737 0.185954583 1.579459825 0.352863127 0.212183428 -0.554447205 -0.776391490 1.687392483 0.868926769 -0.724182585
12.815152311 -34.337200391 -17.069324420 0.605541557 -0.685896351 0.403491692 -0.007750716 -1.005705520 1.044713875 1.169585197 0.283095109 1.880138320 -2.000140093 -1.060724775 -1.472344504 -0.149155003 0.680726263 0.304227322 -0.891262184 2.054022783 0.057457432 1.821806945 0.748543104 1.195262685 0.005539592 -2.149072761 0.622929191
6.126314021 -44.605903020 -13.225006434 0.047388740 -0.466708166 0.878781301 0.087642570 0.132789955 -1.921828257 0.024462281 0.932056456 0.646491139 0.609200022 -0.353085891 -1.807588980 -0.356085016 -0.244825567 -0.332725589 0.578954937 1.040226982 1.181897623 -1.380614347 -1.390827183 0.904591418 -1.020136899 -0.494056859 -2.082239129
9.082888812 -37.820474729 -19.118334441 0.412969631 -0.562388953 -0.694479657 0.175706447 0.466622919 -1.507041639 -0.740686460 0.868833000 1.232676628 -0.149981547 -0.746145500 0.938732563 1.658355243 0.968451989 -0.942350280 -1.288434242 0.588603720 0.232897750 1.493777982 0.289304445 0.244853234 -0.066163150 -0.448815949 -1.244517997
6.576328649 -37.563725433 -15.603116054 -0.236201313 -0.059016446 -0.181883058 0.952703811 0.437927908 0.180545166 1.555614236 -0.460632123 -0.468045707 0.242214207 0.509660686 0.399284234 1.299826147 0.246873660 -1.510731801 -0.963890597 -1.555304277 -0.689895782 -0.707263367 -0.344813941 -0.402666247 1.137792826 -0.477333679 -0.614294661
7.602238556 -38.928241103 -21.263928627 -0.244728887 -0.290615804 0.577353715 0.722712193 -0.111787871 1.658536317 1.518126619 -1.185215663 0.892992589 -0.737190039 -0.067860135 0.873564570 1.393920104 -0.370204911 0.835208449 -2.192797086 -0.071797498 -1.317757772 0.438930642 0.117136132 0.247450242 -1.326439912 0.722286502 1.145207548
8.581921605 -44.742457301 -14.474542050 -0.139997383 0.724727384 -0.017746119 -0.674430150 -0.685795942 0.180984903 0.395677702 2.052259376 -1.384529081 -0.300520461 0.421082642 -0.950226715 -0.263906316 1.917944725 -0.157503519 -1.335385773 -0.473115824 0.691894851 1.077655400 0.091382365 1.353244491 -0.161241095 0.449768746 -0.648470085
6.799536050 -37.841680045 -9.997771908 0.297730707 -0.779751962 -0.210192608 -0.509079926 -0.514266583 -0.698112508 -0.704979792 0.786695745 0.148254768 1.142060061 0.189901190 -1.899096491 -1.757697675 0.389117934 1.225637352 0.064281312 0.435116315 0.711778185 0.506563838 0.734081006 -0.809643933 0.573686503 -0.214709159 -0.194935374
8.767492020 -44.568000074 -13.855778269 -0.724755129 -0.670064260 0.032463200 -0.157130619 0.792540906 0.728970258 1.871431241 -1.022642354 0.420095165 -0.334485599 -1.774281299 0.970455076 1.324320685 0.512296414 0.468868472 1.036038139 1.341554215 1.212861804 -1.650623337 -0.983077238 0.278444644 0.830744536 -0.320515513 0.740942760
14.294491669 -40.947492343 -19.071655490 -0.927652047 -0.088984119 0.311132294 -0.186387235 1.135923335 -2.211183218 -0.002538555 0.547998943 -0.615822280 1.254507117 0.896692063 -1.542362694 -1.051664258 0.506443168 0.368837362 -0.473940601 -0.824609803 0.911709466 1.667024983 -0.756136949 0.595129258 -0.591613422 1.111406506 -0.924290484
11.405821471 -42.659635226 -19.429944321 0.126428991 -0.643305131 -0.744339774 -0.127013856 0.248602486 -0.773936741 1.302061042 0.262179364 1.920965483 -0.415550476 0.844810217 -0.260252909 -0.463048895 -0.000903998 0.360421795 -0.064353708 -0.967587130 0.647882913 0.303629573 -1.589128463 0.350120633 -0.625131888 0.266977107 0.431406123
1.968715311 -35.412349260 -17.473932939 -0.320649742 0.302279381 0.732327121 -0.519141509 0.375162805 0.303111020 -0.822487372 -2.133496781 -0.708601833 -1.064328325 -1.116231714 1.394712284 1.156017786 1.497412962 0.490867611 -0.023268395 0.043062626 0.909006242 0.341000711 -0.945175669 -0.016080376 -0.457279003 -0.171596267 -0.196850265
9.227229097 -32.882290816 -16.967374560 0.335940334 0.140740381 0.423502636 0.829446655 -0.960333656 -0.157274278 -0.091741511 -0.404734025 0.440759797 -0.048710701 1.162122250 -0.240037711 -0.023120130 -0.420332080 -0.276815016 0.918743070 1.608170003 -0.627861095 2.096098167 1.274577646 0.364256957 0.620601736 0.604251133 -0.168922939
12.366167957 -38.618183541 -12.583574774 0.826506433 0.502617346 0.202245097 -0.152839266 -0.852492490 -1.194106105 0.847820919 -0.226404132 0.407706207 0.064923384 0.243483910 1.528476680 -0.384621949 -0.047815423 -1.960068734 -1.233711546 0.273885190 -2.715184888 -0.980293535 0.400473178 0.881471615 0.916211259 -0.041533686 -1.573455330
6.785466840 -41.454886632 -18.321956088 0.981804364 -0.020523842 0.161385607 -0.097947171 0.277110236 -1.462965264 1.994650727 0.304738595 -0.634326158 1.060554904 0.634532293 -0.911220219 0.268200375 0.075106412 -1.166892035 1.008399174 0.200768324 0.266049973 -1.055717926 -0.971272896 2.802482179 -0.895000011 0.664067202 1.191963407
9.465703449 -31.109888635 -10.278027191 -0.347290683 0.234873578 -0.003494146 -0.907860878 0.181769236 0.941648083 1.016471093 1.196121324 0.540411798 -1.968527178 0.001353406 -1.052550255 0.360904100 0.968740042 1.014710458 0.781127074 2.432951609 1.088423205 0.816053643 -0.271068729 -0.133434883 0.669608880 0.573413606 -1.397466043
2.409893852 -41.054978645 -6.713629838 0.270470648 -0.282221114 -0.811638934 -0.434095741 1.006891668 0.534354819 -0.357243160 -0.527799579 -1.232535020 -1.577766871 -0.527954668 -0.720425081 0.785802010 1.250204501 1.366191073 -0.110517086 0.453459778 0.328360705 1.046279389 -0.179828142 1.261032852 1.271378570 0.184265924 -0.352516329
11.948575265 -46.186940254 -14.976927177 0.280695771 0.637354363 0.044034457 -0.716275273 3.662442762 -0.147820313 1.636460729 -0.446323747 -0.693060929 -0.366908410 0.239180441 1.223292828 -0.824299551 -0.652516114 -1.944240359 0.341837438 -0.390286371 -0.905896552 -1.466064471 1.529399921 -0.838523517 -0.695305990 0.223098128 0.234174545
14.531103878 -42.434189873 -18.483512887 0.546991980 -0.641264847 0.329061776 -0.425790461 -0.276578267 1.088639510 -1.426656136 -1.278698740 0.763522377 1.692012129 -0.649802110 -1.664484045 0.450311466 0.490294549 0.468467599 -0.176233189 -1.992856283 0.700561237 2.396816850 -1.105562397 -0.705281313 -0.542714182 0.442819424 0.065045420
10.837163977 -31.435671527 -6.422434049 0.475188945 0.876896767 0.007355694 0.072065385 0.738509180 -0.657746882 -2.201010691 -0.235111188 -0.918260262 1.263979546 -1.020646024 1.322771474 -0.049520351 -0.407511611 0.093112538 0.569958135 0.964313828 0.156628414 -0.051689314 -0.095298765 -1.406205747 0.232354250 0.197930494 1.660756775
18.421676529 -41.175756703 -13.638717603 -0.415810980 0.293562613 0.746426042 0.428684482 -2.169736474 0.881454541 0.708199410 -1.165223418 -0.908547259 1.158253167 0.732198053 -0.439243208 -0.047844581 -0.819981249 1.084920849 0.012002886 -1.676375948 0.172878511 0.240873105 0.450674666 0.687326937 -0.504837900 0.633886060 0.768297636
6.629622493 -45.435696979 -7.000226724 -0.057146318 0.021819458 -0.963015731 -0.262409814 1.258621619 0.215724030 -1.260410972 -0.365133370 -0.214160723 -1.300247169 0.123785518 -0.375492667 -0.793118146 -0.742174668 0.628982671 0.737055193 -0.407750807 0.786213081 0.613623090 -0.956787894 -0.260468238 -0.891572309 -1.043755525 -0.577053841
16.305340070 -34.018471093 -15.013071479 0.753571830 -0.526897046 -0.392752732 0.015946557 0.127164883 1.989987599 1.306359612 0.916386212 -0.258167276 0.042499557 -1.219257385 -1.564066131 -0.265392231 -0.672468296 -1.765307237 -0.975370265 1.098021382 -1.208517005 1.667948047 -0.333331216 -0.835804437 -2.419815941 -0.507564708 -1.006098853
8.946376779 -29.887171078 -6.617297063 -0.147683592 0.899032508 0.381272591 -0.156720508 1.100713918 1.247669382 0.932450084 1.031632051 -0.087610320 0.431424446 1.805774679 -0.083729356 0.368373105 -0.487521670 -0.166370930 -0.920263351 0.360765031 -1.370007315 2.024093589 -0.327071229 1.252844092 -0.966000795 0.925616853 -0.573114927
6.796013908 -39.746536194 -5.614914266 0.317373663 0.224925361 0.464475826 -0.795578247 1.232295601 0.639943883 -1.245918742 -1.081668828 -1.803336231 0.448287044 1.292768500 -1.081785312 -1.441631814 -2.163092089 0.471459297 -0.078389068 -2.551844925 -0.384930533 -0.553435743 -1.965212977 0.150138790 -0.771020010 -0.297336496 1.040393895
11.273307349 -33.201582542 -4.928411527 -0.540179716 -0.542679734 0.375996238 -0.521853820 -2.667735692 -0.263294499 -0.397848182 -0.056617641 -0.050602469 -1.442772232 -0.567343208 1.702505997 -0.568325296 -0.291049189 -1.798294961 -0.459312870 2.862940075 -0.228324080 -0.484430328 -0.323706108 -0.346981756 -0.460434649 0.780895972 -1.037680315
4.875476411 -42.835005094 -8.465627567 0.384320769 0.528034390 -0.489908074 0.577466283 0.283452648 -0.262157647 -0.449952822 -0.602704507 0.312972676 1.549326216 -0.253834412 -0.299555667 0.242927061 1.205370195 -0.254026052 1.190777037 -0.854069519 0.171023249 -0.263733364 0.531637586 -0.514072573 0.766417394 -0.194483996 -1.974216292
12.002667086 -31.960363015 -11.732596385 -0.349648321 -0.496499821 0.654394709 -0.450556926 -0.593478242 -0.315687590 0.980767473 -1.154965147 -1.032254136 -0.092275054 -0.685845006 0.268247172 1.132583714 -0.360924851 0.355482339 -1.630413024 -0.680729203 -1.174526153 -1.376972521 0.524455578 -0.557671646 -0.900454334 0.504976777 -1.709404096
9.870456771 -36.612845655 -19.108206359 0.144124018 -0.592773175 -0.792111699 -0.020181361 0.076732981 -0.067401925 -0.233535513 -1.332346840 0.701220366 -1.786641828 -0.901295113 -2.653483446 -0.956924815 1.399605279 -0.116748607 1.036694335 -0.786205283 -0.554812127 1.340032136 0.247842598 -1.778171915 -0.096898567 0.596915615 -0.439448696
7.163439347 -34.230108050 -9.477129142 -0.122805602 0.572636592 0.576074889 -0.570213854 -0.616775313 -0.320262189 0.536178387 -1.239095141 -0.690118004 -0.207487522 0.352642379 -0.573599855 1.019684579 0.201554486 -1.864001586 0.218684190 0.493232850 -0.268912291 -2.164623102 -0.116799122 -0.174666954 -0.998533994 1.221493408 -0.666844145
13.562722786 -36.762573677 -14.459739948 0.477366613 -0.021049746 -0.798501791 -0.366159686 0.600197921 0.342334597 -0.101426750 -0.723807441 -0.586706287 -0.890705222 -1.356800311 -0.459912542 1.110929247 -0.203772315 0.164042408 0.772457110 -0.221939822 -0.397891891 0.015771449 -0.544672628 -1.054475008 1.601435626 0.028750192 0.854508726
8.415641615 -37.777022973 -9.881243698 -0.375550932 0.469028092 0.623663285 -0.500018254 0.300384777 -0.325971110 2.086496245 0.984287434 0.372605224 -0.255838167 1.297758017 1.247448113 1.206624482 -0.001564455 2.416829452 -0.506232799 0.612012879 -0.317762605 0.931912313 1.446969834 -1.928334400 -0.442458936 0.150760053 -0.102180285
3.991024804 -39.021991870 -16.588042354 0.251020025 0.665500866 -0.555411604 0.430831167 -2.039660388 -0.819172181 0.247605131 -0.877896421 0.736829744 -0.549295703 -0.295369701 0.388693268 2.004702546 2.082969981 0.225599097 -0.385591331 1.757712129 -0.863586761 0.294342727 -0.407221373 2.298821561 -1.805606503 -1.543466728 -1.213699528
6.230225013 -40.637847422 -13.005441135 0.101854632 -0.011784550 0.654839304 -0.748780505 0.574594791 1.754074361 0.224821978 -0.255074427 0.475648063 -0.148367775 1.044479692 -2.086664903 0.059173870 -0.213221663 -1.532116034 -0.014700019 -2.566528251 -0.790031311 -1.894186283 -0.537827234 -1.158636392 0.066244353 0.334887007 0.896322124
8.908621446 -32.857478016 -6.913834726 0.710712024 -0.048772732 0.093774429 0.695496942 0.667332270 0.567279754 0.093982163 -0.597790925 0.338729649 -0.358002651 -1.838416777 -1.613633730 0.400426100 -0.121384596 -0.503346796 0.959560860 -0.298148449 0.647585292 0.143828868 -0.844038671 0.087718480 0.676097080 -1.678541269 0.332650405
2.433354283 -35.158192467 -15.310535988 0.220524595 0.105996947 0.035840633 0.968942206 -0.208809858 -1.035650115 -0.581429710 -0.935486542 1.479291313 -0.013137774 -1.009151742 -1.000680657 -0.881527664 0.685932038 0.360034301 -0.106632020 1.091493086 1.076725362 0.700246225 -0.899416936 0.120928480 1.548225584 0.507154713 0.409996689
15.290945758 -34.044042298 -5.785277832 -0.172215360 0.677490364 -0.495866254 -0.515233282 -0.319552230 1.396904965 0.595293801 0.060267227 1.219235074 0.093293026 -0.796133178 0.326987569 -0.402260575 0.593725002 -0.753886392 -1.594552944 -0.815851042 0.095902789 -0.562737268 -0.971408764 0.811829509 0.867826161 0.735082443 -0.648075090
17.108841957 -35.800139188 -17.558493985 0.407038786 -0.873420211 0.250159485 -0.094216735 0.591169480 0.808450835 -1.270905050 -0.454833776 0.421442607 -2.003876108 -0.496500890 0.473710839 1.438898521 -0.512831563 -1.094803743 0.255840504 0.779757481 -0.421311950 2.723318274 1.981831479 2.423138072 0.412942299 0.503959658 -1.946193864
8.967675913 -36.097696798 -11.793729556 -0.412236382 0.156804027 -0.201027860 0.874677919 0.029593666 -0.052613116 -1.340702844 1.195723985 -0.267777247 -0.714293964 -0.352421334 0.022671977 0.107889452 -1.856465286 -1.131479233 -0.387726919 1.699304079 0.208084926 0.973281414 1.226501586 -0.148032264 -0.686022457 -0.440131905 -0.454008766
12.049389709 -39.619899594 -21.475202710 0.396981875 0.260609388 0.501229002 -0.723365485 0.533326507 -0.178838938 0.421456864 -1.186567602 0.586669537 -0.784780528 1.356876049 1.415040715 -0.317005878 -1.542826585 -0.303782774 -0.038301752 0.934211971 -0.566072152 -0.837411708 -0.140641015 -0.891377913 -0.488234945 -0.854705361 -0.120423526
4.004411449 -33.542838937 -10.221883885 0.591969964 0.768876224 -0.241522019 -0.008247908 -0.027969327 0.325435406 0.764939889 -0.716847468 0.423529375 -0.564858441 1.198514416 0.594004533 -1.234563460 -1.075750723 0.723357133 -0.398537580 -0.745423338 -0.032197526 -1.337321951 1.527223980 -1.036324847 0.788665401 1.508107394 -0.189878236
9.107297882 -31.145847409 -14.479735067 -0.414028716 -0.284000172 -0.580591820 0.640965882 0.296099710 -0.624253048 -0.326824981 0.638760428 -0.418344637 -0.241206067 -0.541373976 0.082808014 -0.781525916 0.498780053 -0.182711661 0.609640589 -1.691113518 1.973875437 1.448117757 -0.382035032 2.292245067 -0.487121470 -0.300833122 -0.192776798
8.864314149 -32.388881339 -19.309156220 -0.851132300 0.433524599 -0.283248838 -0.086025143 -0.731217813 -0.058256283 -1.419257326 1.667232257 0.431475189 0.801465221 -0.088482271 -0.488079784 -0.440295563 0.059445057 1.143818239 0.497111022 0.604214934 1.068511880 -1.240824119 -1.055434659 -1.509969567 0.443365717 -1.851486578 -0.508145460
1.919652078 -35.509450209 -6.975214706 -0.109986174 0.946117396 -0.260643712 0.157574645 0.988910007 0.004804308 1.128997931 -0.737225528 -0.268527271 0.285643492 0.557389502 0.986663016 -0.274411429 0.893908089 -0.148605687 -0.990608368 1.482060637 1.768094771 0.098532613 0.786435290 1.169275513 -0.199551673 -0.192490620 -0.436006017
12.426807886 -42.881485813 -19.455952101 0.591193553 0.557052765 0.044628715 -0.581541639 0.492225643 0.400527200 -1.121911178 -1.461361990 0.907233142 -0.377548947 0.333872816 0.837932795 -0.100052326 0.510842577 0.954413636 2.022028407 1.068412040 0.161325593 -0.839210766 1.992882219 -2.042027047 -0.629995535 -0.836729117 0.854748821
13.711493062 -42.249251804 -10.708337118 0.735145629 -0.255908106 0.604919213 0.167763797 1.736444830 -2.080922980 -1.535577783 -1.968312887 -0.760656534 1.214882736 0.161511625 -0.168125285 0.371250807 0.104664440 1.137804556 -0.064315327 0.522999302 0.127613646 0.317517740 1.045563806 1.112157633 -0.694892026 0.879184179 1.562561087
8.751772854 -46.001171911 -14.683324734 0.429718686 0.549323343 -0.704155919 -0.133229718 -0.364089603 0.536619691 1.391663772 -0.321256885 -0.211885554 0.612193230 -1.268214537 0.234234305 -0.197244527 -1.823544006 -0.559628662 0.681303329 1.589439732 1.032795875 -0.575992722 0.540621355 -0.771716596 1.840748506 -0.491641462 -1.343343939
8.860914010 -42.626963787 -5.587653187 -0.569448943 -0.093725384 -0.650781048 0.493383706 0.936925763 0.330221937 -0.114497456 0.123927885 -0.554037964 -0.642974800 -0.489559645 -2.548452808 1.175361034 1.826065679 -0.733274691 -0.651208173 -0.163784980 -0.900512779 -1.934477229 -0.032816125 0.839777264 -1.656921744 -0.126479944 1.081852393
14.192723680 -31.652352006 -7.407850853 0.227234717 -0.049594822 0.134430460 0.963240981 -0.136941861 0.034330331 1.338952707 -1.044891865 0.379997362 2.222336270 0.550010210 -2.397885388 -1.496496314 -0.225619579 2.301697219 0.445154774 -0.847513872 1.709310670 0.642465684 1.368727725 -1.534971279 0.465583036 0.414081547 0.254495939
13.398409197 -35.946891505 -19.466699611 -0.511268142 0.694800994 -0.387278684 -0.325379295 1.372450177 1.361242127 -0.172191684 -1.320467317 0.931899056 1.754116556 -0.973902236 1.834211574 0.576582292 -0.172773140 -1.457254597 -0.775130601 0.148361077 0.630875939 -0.628953603 1.053946070 1.236304177 0.922485553 -1.624692201 -0.283451246
13.919331602 -29.409163257 -11.246162701 0.656714347 0.514656827 -0.548563652 0.054152895 -0.587834581 0.364008582 -0.280220059 -0.628525460 1.082050804 -1.160488987 0.472455003 0.222654502 0.435555002 -2.280411329 0.632555162 0.266379057 -0.003076675 0.176994848 0.502018604 -1.061760317 1.402222933 0.484245429 -0.646708211 -0.911104260
19.259273563 -41.037541952 -11.112451840 -0.665415943 -0.122609841 0.425520635 -0.600933139 -0.388546324 0.098686929 1.760824919 0.460772191 -1.741543846 -0.749240645 -0.594183701 0.048931851 0.408280296 0.399238432 -2.218975274 -1.132308320 -1.030047929 0.135963763 -1.672054693 0.203240658 -0.056554674 0.039554187 1.490660005 -0.822551126
9.959998906 -45.323964186 -9.678587143 0.352310562 0.052640619 0.529022222 -0.770221865 -0.785453550 -0.470575783 -0.664063872 -0.010074599 1.232312077 -1.268765940 1.751928741 2.575093391 -0.026525322 1.413281633 -0.612304020 -0.056095633 1.741880869 0.945388968 0.828129405 1.514551828 -0.031621158 -0.320151579 -0.083799762 0.153387455
11.339958177 -30.946089985 -12.889133693 0.535608151 -0.354075145 0.467294564 -0.607775033 -0.813418622 -0.216964163 2.709226487 0.953550309 1.210402028 0.141535564 0.084823758 0.491463267 0.302749466 0.600763714 -0.584064282 0.130074802 -1.293885294 1.243965497 -0.651801030 0.727587188 -0.802621625 -0.621860357 0.542849813 -1.879298720
3.974044254 -41.374349822 -7.617990407 -0.573795537 0.046091184 -0.476164676 -0.664756712 -1.263018323 -0.316908688 -0.591584154 1.284792940 0.473803377 -1.018491754 -0.602083946 1.637448549 1.968632814 -1.848441990 1.310420189 0.646856597 -0.807348485 0.708500194 -0.717667905 0.060012285 1.262907781 1.923140756 0.033433786 -0.191591127
3.491153651 -38.452329770 -14.518747671 0.511785805 -0.558833564 0.376800739 -0.532730270 -1.199030058 0.413105472 -0.012879239 0.121734541 0.110097078 0.913032045 -1.458528902 -0.889937672 -0.660082629 0.889823424 2.921964420 0.055042538 -0.021213950 0.208619928 1.040633505 -0.713317976 1.146003731 0.384412648 1.117448207 -0.824679824
11.702219098 -38.168611126 -11.875235475 0.537856448 -0.110077423 0.815262468 -0.184229507 1.301297867 -0.439103484 0.696791659 -1.589913884 0.816314252 0.012950607 -0.351524315 -1.367780165 0.081637046 0.306433478 -0.370493989 1.000672753 0.710813956 0.607692031 -1.272284581 0.897120004 -0.427833645 0.468493061 -0.268309340 -0.908318943
6.993329552 -38.148976160 -17.140201807 0.089908995 0.415606450 0.897461175 -0.117265046 -1.767739425 0.819303527 1.090223849 0.979749913 0.689786863 0.674668285 -0.947995492 -1.979664405 -0.920190923 0.690770367 0.197285165 0.283536757 -0.629457111 -0.134850857 0.907669049 1.048785841 0.104416521 1.236229254 0.121464661 0.123246472
4.369868965 -36.116375802 -18.868370368 -0.177647508 0.471216522 0.207271487 0.838710249 0.757035459 -1.247732448 0.366211670 -1.454542548 0.551979784 1.268890575 -0.215485365 0.708224431 0.937016546 0.159836536 1.013258418 0.035712855 -0.984082038 -0.197300642 -0.751611546 0.231714877 0.853184525 1.805743136 1.753688914 -0.770213235
9.808492566 -31.961932400 -18.499875044 -0.356054249 -0.032258284 0.392971749 -0.847205984 0.515070766 1.124572806 1.536603652 -1.376845355 0.074555955 0.966929833 1.504320819 1.112218217 0.544102471 -0.664610568 0.115669515 -0.002989943 -0.765334010 -0.548977188 0.918646861 0.685416775 1.147833264 -0.115111284 0.125669034 0.402003364
12.671095734 -47.473890706 -13.434744603 -0.691746340 0.078496518 0.216970364 0.684287336 0.317936072 1.112228870 0.919213619 0.366273026 -1.678688279 0.585118200 0.014040731 0.663655621 -0.936851772 0.565234224 0.943898683 0.226615028 -1.386000903 -0.217299581 -0.277525007 1.032487264 0.401798524 0.163205856 -0.473122259 -1.614479767
8.396708267 -44.385456587 -15.804113925 -0.450997770 -0.887429769 -0.012375073 -0.094426027 -1.843483674 -0.338192758 -0.057967020 -0.453414408 -0.579219347 -0.096170048 0.712331897 -0.628368747 0.037690935 -0.201604504 0.235563057 -0.280839424 0.991673778 1.123253879 -0.642095438 0.182029050 -0.136646790 -1.096645006 -0.670657571 -1.900328287
7.601277712 -45.569890491 -11.444487113 -0.593016354 0.653085373 -0.356507476 -0.307755616 -2.312299231 1.216743378 0.170258366 -0.786888681 0.664183056 -1.807777667 1.334623494 -0.661227233 2.300073813 0.599237808 -2.232232707 -0.906463074 -1.139078263 0.796388249 -0.369266196 -1.133846448 1.297323533 -1.403083610 -1.270303523 -0.494670195
14.406533973 -37.743489948 -6.693251445 -0.514791907 0.215459259 -0.826892192 -0.069396708 -0.635507173 -0.127326160 0.166413747 0.459056955 0.957662594 0.765309254 1.904402008 1.108392589 -0.166593396 0.881734078 0.783836703 1.741591624 0.398061400 1.818031084 -0.682221973 1.703514943 -0.025927477 1.111522564 -1.784109893 1.848029948
15.334102367 -31.342726726 -13.396135586 -0.068339529 -0.094454436 -0.905883821 -0.407164058 -0.265475352 -0.632164137 0.496670404 -0.174649750 -0.900019416 -1.261416080 1.716555404 -0.133286558 0.834730222 0.154905906 3.048678696 -0.501481977 -0.629586429 -0.807977826 -0.192809420 -0.031762786 -0.447585665 0.990274900 -1.133479059 -1.531956044
14.738320108 -33.381261848 -15.908880948 -0.670011254 0.070982356 0.465969103 -0.573514795 1.137016618 0.502477224 -0.383718155 0.585513385 0.849409252 -1.739331893 1.012215766 0.543100849 0.938947556 -1.955791720 0.624621669 1.323448092 -0.514902306 -0.149024568 -0.696067886 -0.040180629 0.259187212 -0.378570634 -0.060366481 -0.649357073
8.213857492 -40.693976843 -17.300882685 0.308251304 -0.622724388 -0.272628740 0.665484064 0.116323387 -0.386239860 -0.953261698 1.719727956 -0.050116219 -0.142100940 0.595051448 -0.363832335 2.276377226 -0.637245723 1.120599702 0.421770984 0.672230937 1.316793059 2.275034151 0.466295780 -0.162789014 -0.586885130 0.738602606 0.319875922
10.610437715 -41.889346231 -11.806141961 0.011124772 0.135874820 0.592998059 -0.793578966 -0.719694116 1.095695871 -1.459869427 -1.170820844 -0.933180194 1.593008965 -0.659663227 -0.861842417 1.404879389 -1.702371468 0.014345003 -0.895286790 0.047300800 0.758147184 1.356359935 -0.207775493 0.277594270 1.157541857 0.301678026 1.446348378
6.025950556 -38.089212361 -12.246723354 -0.444225107 -0.377088163 -0.238953326 -0.776768871 0.906879707 -0.156310157 0.759338794 0.551509179 -0.286566120 -1.428719623 0.630539739 -0.714966024 0.245440846 -0.747976589 -0.538141239 0.146620735 2.077034991 -0.433062314 0.793017966 -0.054927185 -0.285380901 -0.267411166 -0.167814177 -1.190126442
8.010670070 -37.637226443 -21.195603413 -0.095415558 0.127544814 -0.178341037 -0.970990559 -0.036023210 1.443551569 2.785910532 0.294781077 -0.493807557 -0.931346508 -0.341614067 -0.941944914 0.058549132 0.644021770 -1.562565173 0.262077368 -1.792182787 -1.683949293 0.322330060 -2.161091491 -0.096519909 -0.927591049 -1.308764981 -1.524067195
12.934167779 -32.340483685 -9.434970421 -0.636963581 -0.710289404 -0.200970570 0.222209784 0.275934865 0.945196308 0.321747582 0.106823052 -0.533189700 -1.203504059 1.801254844 0.271894178 -0.250380142 0.345991918 -0.198768993 -0.341413189 0.440666689 -0.434294686 -1.248533095 -2.015434988 0.170088946 0.107715511 0.055745188 0.135781808
9.239021439 -43.786614187 -8.074075911 -0.346432248 0.301675440 0.527640476 -0.714543319 -0.368883706 1.570678282 0.064862675 0.724965404 0.476660909 -0.405630986 -0.348622192 0.205658884 -1.171545249 -0.964487263 -0.043590670 -0.673077087 -1.116300596 -0.248944230 -0.034647327 0.540711481 0.647143043 -1.749012310 0.699963014 -0.958595059
15.425303607 -33.462751592 -7.707331735 -0.331294139 -0.474508379 0.454835970 -0.676912278 -1.097456973 -1.652800932 0.185699726 0.406725359 0.402088714 1.235846722 0.896883678 0.099912940 -0.241660760 2.246042291 1.419488540 0.786299310 -1.089704581 0.128591615 -0.244805760 2.026039655 -0.088679757 -1.688410421 0.155892805 -0.807085320
6.808177116 -35.741002241 -5.953435352 0.379686952 0.742135470 0.418709805 0.360215023 -0.072011377 -0.499382298 0.586674432 0.418003589 -0.299170469 -0.404963011 -1.406358819 -0.337078540 -0.082683523 -0.194704361 -0.590687812 0.614507230 0.163608999 0.964354781 -0.281722824 -1.602541960 2.984193657 -1.694319395 -0.302944902 -0.610249998
13.241029514 -38.139083244 -12.639362681 0.083917742 -0.168875870 -0.793106374 -0.579155447 -0.295342789 -0.641913469 -1.945885878 -1.246499332 1.235454957 0.238254489 -1.534565907 0.505489157 0.918544134 0.386876479 -0.646430640 -1.263917929 0.009757325 -0.861889384 1.568334467 -1.250695153 -0.530904109 0.617968588 -0.075171771 0.105550825
13.184665582 -32.829549419 -9.896283237 0.199264026 -0.913861864 0.115003869 -0.334551118 0.227605424 -0.228919873 -1.996274105 0.706502270 -0.179478911 0.036366509 -0.166117569 1.333599308 -0.030742112 1.295559043 -0.437196904 -0.111756263 0.054795377 -0.271157345 -1.811597631 0.072717373 -1.183234138 0.588506778 1.283710666 0.367921127
5.544127395 -42.671864521 -16.859728776 -0.777237721 -0.152410442 0.559216792 0.244845179 -0.771589339 0.264004221 0.697138499 0.261770572 1.285251510 1.088616275 -0.267252563 -0.353577030 -0.165873218 0.011685481 0.120441541 0.567480985 0.227149765 0.314419413 2.065505422 -0.269162333 0.255033806 1.195005998 0.140758364 0.541205939
2.476918085 -32.264890373 -9.691354808 -0.791252331 0.394071299 0.465904328 0.039505922 0.216883530 -0.103858105 -0.004505692 -0.413066543 1.246729105 1.695821052 -1.008601091 1.688923444 -0.527374380 -2.068251595 -2.489963004 1.635098065 -0.384824495 0.182592621 -0.441472252 0.232083969 1.199064748 0.805527738 0.720500510 -1.161522959
7.163638724 -44.791962816 -18.232173228 -0.278432263 0.559081604 -0.366551196 0.689596589 0.398838002 0.078785278 -2.690506715 0.133251531 -2.811718818 -0.028870057 -0.424975020 0.637299066 0.643912609 -0.396728595 -0.283840292 -0.369770201 -1.382992217 0.148913292 -1.532086713 0.432180804 1.660375155 1.426989162 -1.051223727 0.518415919
7.456834102 -38.966545420 -17.320678607 0.766350254 -0.427590053 0.283875710 -0.386378850 -0.493276079 0.930995352 0.808620125 1.121966043 0.332448030 1.471302696 1.380828030 -1.799694425 0.249041979 1.584733240 0.856921586 -0.155015656 0.561722218 1.475104378 0.818219643 -1.948699672 0.731635175 0.067520201 -0.695208681 0.011894689
12.777458248 -41.644990220 -16.793690128 -0.501812356 0.353631651 -0.740533404 0.273384878 -0.998553851 -1.388084839 -1.801527565 -0.024806565 1.290189205 -2.302969047 1.057759521 -0.570499688 0.403125671 -1.917842609 0.769186082 -2.451452316 0.306566430 0.020200858 -1.244293911 -1.299023189 -0.814030028 0.082015028 1.596519605 -0.999503852
7.554957602 -37.709423452 -11.921931503 0.463592025 0.299004231 0.716141237 -0.427575295 -0.346488540 2.240227600 -0.354714067 0.306545010 -0.225611920 -0.699908367 -0.297100533 1.289229732 -0.553890871 0.676462542 -1.874793024 2.103780477 -0.029271380 -0.573998231 -0.200121663 0.562297337 0.406842091 0.002359130 -0.353406047 -0.717206531
3.629511249 -43.757058693 -7.749781498 -0.730996203 0.237221368 -0.201363612 -0.607308216 0.474330914 1.063772544 -0.437036058 0.130188966 -0.689369767 0.676594276 0.340668127 -0.316315817 -2.042611232 1.028977127 -0.315402857 -0.612601290 -0.773568747 -0.721900177 0.385255874 0.805925758 0.720741545 1.566765907 1.910103942 -0.190170168
6.979246688 -33.961251811 -15.809296180 -0.401581189 0.060492575 -0.861652699 -0.304348195 -0.671677893 -1.534115931 0.212237727 -0.394967064 0.838967184 -0.235218131 -0.563993063 -0.045414970 0.606184829 -0.234340158 -2.189500806 1.484492855 -1.883521921 -0.334489456 -1.331253168 -1.007963040 -0.266895894 0.041385583 -1.495314647 -1.456790962
9.149293260 -30.753362026 -16.548014656 0.820988586 0.464967333 -0.154005898 0.293368888 -0.842073186 1.339882738 -1.674219990 -0.578350355 -0.613737661 0.596072389 1.393053476 -0.479387630 1.644775638 1.163571257 0.505480354 1.311624472 1.241158097 -0.710823464 1.260018535 0.329377678 0.417290852 0.188531416 0.187774058 -0.926159331
8.809719967 -40.737924178 -8.821165048 0.438282140 -0.386582819 0.537328507 -0.608062961 1.476007660 2.442241843 -0.057258939 0.993385870 0.835221773 1.488042148 0.013727196 -0.129754807 0.196668523 0.352634869 -0.390828553 -1.140460945 -0.955082528 1.344336169 -0.851405107 -0.028274614 0.997141250 -1.147613797 -0.298318872 -0.111679186
1.110569210 -36.003817458 -12.742530706 -0.604425335 -0.729842246 -0.318360134 0.025438859 -1.478918728 1.682891232 -0.016489917 -0.322277567 1.644100311 0.465265230 -0.208178446 -0.193613048 0.858907948 -0.292666864 0.050989448 0.628607143 -0.343427097 -0.650919123 0.675574716 -2.333285024 -0.790158864 1.522328325 -1.152592239 -0.721891631
8.942105383 -35.890305325 -3.003748752 -0.134756784 0.127114650 -0.977914815 0.096773389 -1.388936130 -1.097963462 -0.250216543 0.865394996 -1.306778363 0.617367730 -2.044084956 0.982274485 -0.325463457 0.512977996 1.279985936 -0.286825584 0.449381639 0.649989393 0.200263627 -0.726310973 -0.491191083 -0.198723054 -0.978657343 -0.775517274
13.585282883 -44.608394991 -12.866233655 0.095656936 0.721197817 -0.673829550 -0.129140224 -1.234247640 0.106364945 -0.005576739 0.429485560 -1.355208099 0.453919236 -0.955527816 0.439733149 -0.908496154 -1.635386290 -0.351032951 -1.212287952 -1.604121992 1.450829750 0.250826635 2.007988126 -0.063706547 1.885499339 -1.616063820 1.583731487
8.298376863 -44.352234059 -9.860612534 -0.622123140 -0.046259283 -0.246520248 0.741653992 0.602590394 -0.587031148 -0.272478054 0.492445919 -0.238489408 -0.236194362 -0.016858930 -0.124512709 -0.051758492 -0.784859611 -0.685187901 0.603606411 0.483068603 -0.114476938 -1.169910911 -1.480507947 0.149670791 0.920320915 1.611951431 0.875525610
5.845113999 -42.792253617 -8.352544467 0.592039048 0.329558621 0.134376145 -0.723065649 0.974553459 -0.766265944 1.448955727 0.882197706 -1.108721368 1.244508355 0.680324631 -0.108922886 0.854094447 0.305000109 0.440822809 0.498173716 0.715520816 0.799139670 0.893209536 -1.001614071 0.555594001 0.400881857 -1.901618162 1.207946917
12.572370684 -41.300777697 -16.905621494 -0.213426562 0.390338479 -0.584537605 -0.678528380 -0.621944232 0.244509228 0.200611321 -0.827544272 0.854771154 -0.271251122 0.019845548 3.231328170 0.163318734 -0.037512292 0.373146419 0.500377592 0.069123318 0.351547640 -0.401163330 0.625559129 2.088541337 0.602869371 0.257406106 -0.431132995
15.280117359 -32.585099039 -17.249594187 -0.048999919 -0.947554867 -0.314713640 -0.026345891 -0.636388502 0.405162375 0.194491997 0.300177791 0.503516833 -2.365476243 -0.837960092 0.910674630 -0.435010802 0.121715953 0.016126369 0.903386284 -1.585111139 0.681245697 2.307858027 -0.076558434 -0.553505829 0.063839229 -1.700208204 -0.581314214
10.420761809 -40.887896623 -7.734380031 0.165912409 -0.597346234 -0.441299755 0.648771975 1.237545735 -0.070167041 -0.553523395 -1.243555540 -0.433315123 -0.984691116 1.463567149 1.266893626 -0.523836905 1.165089475 -0.806376377 0.152069063 0.432295909 0.850525989 -0.172582767 -0.131683684 0.728097908 -0.344719796 -2.368661889 -0.325099544
16.907502332 -39.761431421 -17.576670825 -0.369927229 -0.684402200 -0.595149980 -0.201355346 2.142571233 0.131835121 0.530274874 -0.142557856 0.324567143 -0.539987341 2.262703298 -0.980134065 -1.299953177 0.492731121 0.700541113 -0.075954440 0.940908220 1.550099045 0.274406134 -1.324470214 0.676219956 -0.143870412 0.676163507 -0.128095062
5.486971314 -34.602820207 -10.091499787 0.560226485 0.701988717 0.128486191 -0.420534690 0.138485478 0.162982260 -0.467589144 0.093996690 -0.132955379 0.057116973 0.124906578 -0.401017076 -0.942527154 -0.943799501 -0.820549344 0.295430401 0.202786403 0.157117558 0.522780737 0.480223610 -0.267511830 0.357592128 0.477252782 -2.172578779
14.875931459 -35.451913478 -20.137347024 0.300894435 0.728245951 0.482064644 -0.383058810 0.236576916 1.286639452 -0.335694731 -0.363106974 0.610618126 1.091952885 0.321110733 -0.173444751 -0.034142096 -0.022234037 -0.090307764 0.472071296 -0.303782539 0.581503886 -0.804823825 -2.791335418 -0.471814663 -0.854520477 -0.300812282 2.254537591
11.548123005 -31.174357411 -11.545332788 -0.202284129 -0.652522991 -0.729927776 0.022367813 0.126113389 0.059664440 -0.312464287 -1.117319766 -0.341024196 0.704582983 0.560291053 -2.479393676 0.953636209 -1.446920275 -0.103242165 0.281097720 -0.395538516 0.151241303 -2.967048078 1.811336473 -1.496028454 -0.301985933 0.981646993 -0.991152007
9.299876859 -36.098914770 -5.876075724 -0.514069330 0.322343823 0.724167175 -0.327733255 -0.181168243 -1.054938229 0.269784421 0.734669844 1.450837133 -0.815729473 0.825847930 -1.398290370 -1.812362825 0.007692148 -0.833731082 1.281355784 0.277393934 -0.088614013 1.002796984 0.634734443 0.607103260 1.120854557 1.580017875 -0.033373008
14.765278256 -35.183369829 -10.779676300 -0.491792947 -0.761956179 -0.396698180 0.142102187 -0.733430314 -0.231138719 -1.564804293 0.143177781 0.188232628 0.910844339 -0.942260684 -0.400608988 1.141448388 -0.102716839 0.948058063 1.325267214 -0.076096061 -0.236749612 -0.011371013 -0.665084396 -0.852527276 1.190557451 1.081858584 0.974329749
10.102973935 -30.509841144 -9.987570488 -0.809126705 0.561388735 -0.151760672 0.084411857 -0.985652216 -2.535428200 0.221607862 1.029673798 -0.206826035 -0.560948928 0.421334865 -1.691542166 -0.778667311 -0.054360118 -0.833065339 1.822697443 -1.197491317 0.734593101 -1.753078837 1.845217197 -1.458629165 -0.165186073 -0.271913183 0.643965137
15.303558161 -37.864929623 -11.231028380 0.401076416 -0.859051639 -0.261627770 0.180883667 1.956714852 -0.999283369 -0.343271294 0.282244212 0.026529469 -1.038639384 -0.973894648 -0.877740110 -0.163020765 1.662689846 -0.826945355 -0.187267250 0.319947676 -0.405676076 -0.415508230 2.554123214 2.331806947 1.129841464 -0.992490758 1.857003980
8.837640359 -35.289953177 -18.175354325 0.385358864 -0.756084176 -0.124056828 -0.514242325 0.053621885 -1.918643969 -1.862520173 0.354546775 0.132369684 0.194671379 -0.183124009 0.681383943 -0.626715389 -1.468599660 1.877222331 -0.418536859 0.439941265 -0.371608012 2.128304895 -1.439778967 0.987006035 -1.208541072 -1.178363313 1.516357622
8.925664503 -30.286901177 -15.216460012 0.614615323 0.192777069 -0.715522100 0.270394399 -0.039130687 -0.936079336 1.433591322 0.140733238 -0.174661649 -0.355130362 2.492714076 -0.152030386 1.481026673 0.132184304 0.200664948 0.412393382 -0.679582119 -0.355276689 -1.912559683 -1.776031765 0.223535318 0.833731745 -0.167677217 0.080483039
1.944860521 -37.777603543 -9.166073149 -0.591811453 -0.728655723 -0.343800632 -0.024923203 -0.684550303 -0.564551009 -0.057353025 0.012803801 0.917523298 -0.881638153 -0.107692327 -0.543506882 0.447951911 -0.932223929 -0.444915831 0.338431602 1.243947554 -0.605573930 -0.688144724 -0.497667228 1.360992303 0.003832433 0.879404731 1.028966533
10.886666909 -41.806894158 -19.149252020 0.025872705 -0.505568151 -0.721148943 -0.472943601 1.496262188 1.699522426 -0.419438373 -0.086425414 0.282070273 0.345470550 0.551670989 0.341744191 -1.293703404 -0.929502626 -0.252583782 -0.933186581 0.038432088 -0.185341057 -0.491006234 -0.236881630 -1.333864467 -0.123366864 -0.416351743 1.858258154
2.828009721 -41.815398213 -16.707850981 -0.798601316 -0.038573617 0.077670448 0.595579815 0.974321332 -0.056490833 0.309677108 -0.127554968 -1.817454777 1.330465076 0.502352259 1.570919719 -0.693848435 -0.860556608 -1.077280859 1.844911694 0.086895317 1.071223317 -0.056236403 0.263401142 0.488997791 -0.302573381 -0.067752355 0.248622726
5.256219447 -31.408606301 -13.140600310 0.433228434 -0.200029543 0.240523412 0.845251320 -0.833996719 0.348039687 1.416623124 -0.057190487 -0.762550483 -0.065197572 -0.149907455 -2.700664379 0.816549392 0.545158053 0.061647542 -0.734730897 -0.900317596 -0.164760474 -1.025619928 0.460748685 0.429281576 -0.650918982 1.147831975 -1.269302013
7.248580932 -45.024582509 -14.464693017 -0.358748089 0.739801695 0.071829882 0.564653637 -0.507118353 0.487254284 0.628380171 0.119198956 0.363001662 -1.293863039 1.835728938 1.099725693 2.452370322 0.114575304 -0.248154548 0.437543737 -0.731128486 1.397552049 1.616218259 -0.469242375 1.958376257 0.516617246 -0.954870594 -0.014086059
10.776952296 -29.788216056 -13.226666708 0.050584215 0.946876698 0.147732907 0.281141857 0.126617409 -0.490340911 1.748211223 -1.083400298 0.808266064 0.605302240 1.483151356 0.923823140 1.463726496 1.468966919 -0.064119759 -0.249632320 -1.449024295 -0.668010112 -0.198469375 -0.883635484 0.199731106 -0.788965911 -1.241272692 1.305936698
14.045251769 -36.254563601 -12.536671504 0.120995543 0.692820804 0.205061735 0.680668126 -1.542239971 2.305462927 0.339001349 -0.735583949 -0.222551731 0.539392758 -0.974412666 -0.437280409 -2.030444209 -1.596427474 1.734277282 1.102173574 0.709075785 1.047452957 -1.697555559 0.619978844 -1.207891697 0.946258423 0.623049951 0.038784455
4.047711188 -35.310911923 -5.836489403 -0.204330178 -0.753122185 0.179225049 0.599111454 0.880301354 -0.389918656 -0.171566604 0.808451240 0.021668803 1.160922901 -0.676166688 0.810414556 1.138457375 0.944124408 0.113798956 -0.183598202 -0.723272038 -0.141934567 0.870461796 0.394531918 -2.188824794 1.394805216 -0.394770494 -0.814490754
9.030695919 -30.618731620 -12.781374529 0.358980621 0.660278770 -0.322216480 0.575622619 0.205942083 -0.307997199 -1.762282394 -0.461227237 -0.580922710 -0.887761999 1.234474632 0.852458481 -0.014712541 -0.115928198 -1.435470407 1.626079077 -0.895956213 0.383222802 -1.646639170 -0.028265397 1.568575666 -0.641945007 -0.832167225 0.161499555
10.336756229 -29.877610267 -7.112102107 -0.578922844 -0.239320742 -0.340165474 0.701328292 0.236811867 -1.311296069 0.364531564 2.276955197 0.975383360 -0.234813739 1.248684232 0.037586432 -1.449711057 -1.089950979 0.846975602 -1.079750268 0.290245789 -0.163200184 -0.241580052 1.039880488 -1.326168022 0.011421245 -0.082708050 0.058242585
9.445271953 -43.541974069 -19.262693028 -0.070250067 -0.790198366 0.335805042 0.507825210 -0.057870304 0.325554239 -0.157366788 -0.107566619 -0.428105396 0.855597690 0.726737355 0.266713455 0.846362606 0.953958249 -0.754216690 -0.347730039 -0.307432900 0.919001566 0.618708069 0.310648271 0.192394165 0.370728125 -0.313684100 1.434913216
8.067688564 -44.692288852 -15.444199596 -0.349889710 -0.126531392 0.467292871 0.802000231 0.111412142 0.357305109 1.370221045 2.058347180 0.781745605 -0.165335818 0.801419515 0.335388959 -0.842893677 -0.784896227 -0.095988250 0.751341548 0.361079070 0.400975564 0.146095847 -0.664630070 -1.021067000 -0.231800772 0.773506471 -0.386959118
9.649627271 -41.706992795 -17.874096259 0.399460841 -0.219799940 -0.857821377 0.237195084 1.004782614 1.193685693 1.627572309 1.390405618 -2.310321298 0.055405057 -0.773048014 0.209444850 1.507708752 0.437085035 1.605964637 1.032215567 -0.549231087 -0.398806230 0.103903203 0.573557124 0.095277363 -0.854435330 -0.117276334 -1.079684307
9.798565161 -35.031535303 -13.949967201 -0.727506983 0.489987061 0.396320648 0.271249359 -0.107164745 0.281613761 0.646517265 -0.143466692 -0.144151948 1.611667936 0.182180795 0.293301718 0.077849168 -1.624448426 -0.768576046 0.173063050 0.079337812 -0.189456127 0.833909846 0.541924594 -0.440470159 0.277362458 -1.106889326 1.943040438
8.343970860 -43.339688213 -10.938825414 -0.105829739 -0.815876686 -0.148383651 -0.548750937 -0.450040362 -0.210977175 0.555908057 -0.565077582 -1.181916842 -0.373832977 0.483097932 0.489206903 -1.034099510 0.260988060 0.044567393 0.047389523 -0.504183235 0.320305276 -0.318325113 -0.097897547 0.340964753 1.012451083 0.949999944 0.299286135
9.589878686 -33.869031544 -19.020793651 0.286096196 0.070477263 0.796649731 -0.527760483 0.493607421 -0.420126041 1.116129537 0.922170903 1.177514876 0.147785995 0.855856935 -0.455414416 0.298956400 -0.334783218 0.066454517 1.104566389 0.580269647 1.090720585 -0.665316846 0.816980471 0.726520391 -0.559294603 -0.283482119 -1.283787515
6.684727425 -33.027767574 -13.538312841 -0.618654085 0.067605511 -0.348535730 0.700870504 0.852715230 -0.728999632 0.758192764 -0.617588195 -0.599366278 1.740051314 -0.211958731 -0.048672143 -0.782119484 -1.585449094 1.138692773 0.137003988 1.210036449 0.258082687 0.295715814 1.863756394 -0.925280222 0.265065433 -1.578383438 1.428004625
0.979670400 -34.053025106 -13.899621464 -0.893840680 -0.392720791 0.207571576 0.061100412 -0.753207267 -0.461254185 -1.154578509 1.330307975 -1.107666841 -0.245919142 -0.123941434 0.267239784 -2.255527351 0.319343564 -0.364195361 -0.003449219 0.182374984 0.627106718 0.480686589 -0.373662393 0.685560151 1.251374702 -0.557309777 -0.274256040
9.793077898 -36.221331957 -15.496030233 -0.034755983 -0.575422402 0.575291969 0.580275996 -0.246493054 0.337910961 0.741159112 1.323075190 -1.678529759 -0.748431064 1.182688700 -0.161524645 1.281277142 0.613600036 0.920404375 -1.263056507 -0.251897999 -0.277998964 -2.454546504 0.525382117 1.057558806 0.188240496 1.488394561 0.620954469
14.553683092 -44.867822588 -15.405798483 0.584395386 -0.504512562 0.132247308 0.621658876 1.717688493 0.763092844 -2.343149619 0.056700690 1.210279750 0.944639704 1.001889128 -0.344422728 -0.471200169 0.259222203 1.824094138 -0.579231771 0.331381672 0.257633138 1.144671464 0.408630694 -0.481703592 0.631901148 -0.235297949 0.853996410
9.024420544 -40.894432447 -8.255900844 0.340600809 0.920467059 -0.139558994 -0.131357410 0.146733030 1.928204066 -2.140134855 0.401455756 0.801349751 -1.244519632 -0.850409922 -1.190345035 0.494503067 -0.624393868 1.324485957 0.187009521 -0.981032923 1.942446531 0.176856916 1.155734070 -0.335726713 -1.154041644 0.664746158 0.481255335
15.806107422 -34.658012537 -5.293110465 -0.363006457 -0.450160565 -0.433918653 -0.690866398 0.260614532 -2.759314774 0.458591909 0.441981569 1.349586467 -0.821133345 -1.007990144 1.035428796 -2.510421208 -1.415727413 1.641179565 -1.423754524 0.396810804 2.186359503 2.205077866 -0.221837405 1.777054371 -0.566957186 0.332839786 0.926590463
13.236963493 -43.187750062 -16.640926521 -0.399659451 -0.469799436 0.700280238 -0.359400059 -0.728980573 -0.016735099 0.334216245 0.976009105 0.074809886 -0.035135689 0.039903628 0.394337126 -0.272704437 0.131370333 0.798754353 -0.330275779 -0.534411082 0.070372827 -1.604073212 -0.400311241 1.165983458 0.867033019 -1.490083886 0.544519618
5.822125309 -45.679173937 -11.302845577 0.458210233 0.562947606 0.287395246 -0.624929874 0.392461749 1.884989403 0.467486301 -0.978634206 -0.255949704 -0.085121025 1.247180860 -1.204855119 -0.323491401 0.416902964 1.526408576 0.393495894 0.202296702 0.785090251 1.843242990 -0.026986911 -1.526144704 0.448663954 0.232318318 -0.457335451
15.137848957 -30.471935646 -9.847988709 0.186502774 -0.565414825 0.255354688 -0.761785255 -0.268762091 2.454490969 1.235843736 0.019863094 1.051837234 0.284189911 -0.034039794 -0.773018605 -1.622227035 0.778480759 0.558618229 0.812462153 -0.055833118 0.035949256 -0.648233775 0.518374564 3.066871705 -0.556638635 -0.782971072 0.774621987
8.775675720 -32.295157879 -12.987140200 -0.243800464 0.165073011 0.247904684 -0.922960184 -1.054428837 0.784472216 -0.484160714 -0.653173583 -0.306147673 -2.526438516 -1.370372200 -1.502735708 0.282247771 -1.206330205 1.078263446 -0.974784796 0.881984468 -0.177117917 -0.690275861 0.705506104 0.444891439 0.631788568 0.269880178 1.185400994
4.913811752 -43.977060615 -6.816104750 0.234978302 0.967070164 -0.090871483 0.036095274 0.789739298 2.702466772 -0.065516842 -0.046991139 0.469208486 0.594502523 -0.343447245 0.585607098 -0.131121025 -0.243090099 0.118907062 -1.894076993 -0.329794910 0.410604125 -0.307044091 -1.178949470 -0.489475777 -1.001712411 0.466396704 1.722784121
5.990067621 -30.675717296 -16.389580856 0.914782104 0.000074982 0.215373311 0.341742642 -0.870938726 -1.805952255 0.038015281 -1.126255753 0.790321055 0.759192232 -0.168652848 -0.137837393 -1.099211800 -1.260755541 0.376104682 0.670990464 0.161247073 -0.212386483 0.788935139 0.957986303 0.276056877 0.671916776 -1.326767864 0.203045387
6.334296993 -29.307617815 -10.732783673 -0.496574772 -0.204844751 -0.283491600 -0.794408356 0.688450617 1.880078470 0.524086356 0.688490445 -0.035176711 -1.482853721 -0.661723640 0.501051620 -0.624223665 -0.748725559 -0.657568444 0.500037411 -1.386307700 0.674069651 -1.700971049 1.329076363 -0.440949391 0.347522386 0.228772485 -0.244138655
14.850741999 -41.472396477 -8.108491612 -0.716694418 0.390817139 0.101538061 0.568595723 -1.037954464 1.882818057 0.071462420 -1.007097202 0.672708121 0.559522463 -1.905785247 -0.808994629 0.638995456 0.796970883 0.529399008 -0.757879992 0.002771612 0.467578887 -0.920553764 0.610706460 0.205210198 -0.261700769 -1.205392855 -0.752841927
5.966495874 -37.240712928 -4.783409602 -0.684753402 0.217354641 -0.286690449 0.633780976 1.546611876 -1.429931526 0.359127691 -0.414912392 1.526023961 0.810529910 -1.222935538 -0.179603448 0.639687778 -1.286907466 -0.597717861 0.112904709 -0.581484967 -0.289963002 -1.019781664 0.802349673 -0.341174777 -0.185820645 1.203988577 1.136429834
10.311288695 -36.350117107 -21.245169731 -0.347038231 0.262155021 0.844317370 0.312997426 1.875875530 -0.349780738 -1.968917273 -0.438808224 -0.946441201 -0.426937432 1.136753221 -0.757918589 -1.526194503 -1.497821120 -1.269966739 0.552521624 2.023687730 -1.213967937 0.982425146 0.042072932 0.258804655 -0.940799155 0.798052172 2.103416077
3.174646172 -40.824107721 -13.385109623 -0.350952632 -0.441714160 0.533263884 -0.630357423 -1.994218660 -0.577457127 -0.330712872 -2.212986963 0.305234927 -0.126554644 -1.963135610 -0.405096910 1.007419037 0.235027837 0.959950654 0.223047732 0.758800833 -0.119710635 -0.225516427 1.814918726 0.129325119 0.200607850 -0.747099840 1.011314848
6.296876877 -36.122347691 -10.885871137 0.394546397 0.578499318 -0.055702087 0.711736579 -1.394711584 -1.691995123 0.371416407 1.369760469 0.237327750 -1.581280957 -1.676222007 1.667175056 1.564364511 -0.099994155 -0.122760160 -1.571105999 -0.077759953 -0.166185193 -1.175489165 -1.067757609 0.254497527 0.908663640 1.407056777 1.075183494
16.251439724 -36.721935170 -11.125525998 -0.226828219 -0.130640249 0.006170655 -0.965113469 0.648340289 0.415328365 -1.167469619 -0.100139193 -2.377814427 1.326863767 0.651421763 2.538125800 -0.278442011 0.386436491 0.036771022 -0.653045650 0.225949197 2.087712808 -1.081626527 -1.357677035 0.187256539 0.822794318 -0.511757034 -0.412171492
12.170399869 -41.399053732 -18.146462432 0.155543477 -0.978706739 -0.131083814 -0.027502348 -0.250294043 0.147705845 0.120535398 1.008758226 -0.427461540 -0.173341727 -1.321495117 1.088111530 0.488815530 0.061935544 1.560393317 -0.652224640 -0.089088166 0.670153052 -1.411105783 0.085485914 -1.431798529 0.527448775 -0.695505875 0.570381380
7.373383827 -46.806460511 -12.607114601 0.120748028 0.465525581 -0.638864026 0.600465322 0.050645804 0.790482351 1.678041174 1.001456881 0.746160984 1.936810712 -0.587279446 0.834869469 -1.849808271 -0.722727791 0.882146272 -0.405281675 0.158467206 0.086016076 0.839054564 0.995356918 -1.374845576 -0.200513836 0.950475543 0.917121310
7.588048041 -37.651608563 -14.774830953 -0.825113366 0.312918445 0.284872375 0.374323003 -0.899364663 -0.655276290 1.409647477 0.341724392 -0.003432824 -1.443046104 0.866614637 -0.507810640 -0.879259115 -0.271424760 0.783799976 -0.297131380 -2.767141665 0.099802658 -0.857503943 2.272052449 1.162182883 0.887169399 0.208921124 -2.180124005
7.963614199 -47.069735776 -9.729538180 -0.049494925 0.014160904 0.906992905 0.417987549 1.023720781 -0.651646676 1.960405151 -1.851288634 -0.589966302 0.778656964 -0.212574489 -1.154927510 0.284666259 -0.470625592 -0.791723887 -0.615194668 0.517821441 0.668870122 -1.198002138 0.185681980 0.829127745 0.784988833 -0.151677187 0.130530042
13.818171247 -37.717276194 -17.893680118 0.388003254 -0.746614070 -0.179043836 0.509866855 -1.405108339 -0.025503084 2.121137334 1.478816323 -0.108242971 -0.088088661 1.708702988 2.226982177 -1.768898668 -1.491468231 0.400218906 -1.274763108 -0.280084147 1.309799867 0.015127848 -1.335983419 -1.555387558 -2.002096159 1.143776954 -1.252062527
9.520099720 -39.524695121 -6.835081221 0.593611818 0.381442906 0.601634741 -0.374382101 1.491811586 0.905459169 0.245081788 -0.364396501 -1.363382753 -1.031933162 0.164865928 -0.041755462 0.818120615 -0.261147693 0.187028357 -1.059360854 -1.000348023 -0.326143318 0.340146546 1.316017648 0.078343458 -0.386692274 0.461221321 3.115845133
15.377404044 -33.798579245 -7.621947886 0.787180390 -0.446056440 -0.422220961 -0.055768688 -1.053479278 0.745013477 -0.264454947 -0.384683839 1.471396894 -0.274272356 -0.157666564 -0.814797973 -0.209314518 0.624074444 -0.477841748 0.783916801 -0.277220970 0.195796072 -0.199498336 0.327045555 1.079078019 -1.549980873 -0.966231268 0.206695136
5.978350236 -35.555923428 -12.817186447 0.589518200 -0.116768951 -0.478080985 0.640524688 -0.312886750 -0.652245780 -0.470703185 -1.135747592 -0.568540492 -0.545087015 -0.532571545 -0.887734627 -0.566679736 0.210042699 2.521759296 0.278573328 -2.056415812 -1.509879191 0.421498397 0.672160415 -0.695797486 -1.258145406 -0.146258768 -0.225403052
3.376407074 -34.094572777 -10.290252205 0.977423102 0.162374860 0.131313093 0.032176939 3.480241672 -0.164713445 -0.321493640 -0.113096435 -2.175531044 1.538107131 1.258899432 0.170377468 -1.222418054 -0.301224294 -0.785449306 -1.759793205 0.135579440 0.419835218 -0.206784865 -0.086544642 0.714847390 -0.299119336 -0.878338090 0.393137217
11.932312642 -36.372409914 -2.709732413 0.209079676 0.033160128 0.968187710 -0.133411596 -0.885729343 -0.363161986 0.167777088 0.928523696 0.188943886 -0.369699988 1.480663040 0.853127788 1.511711376 -1.102920686 -0.281427400 -0.381826756 -0.045729774 -0.897310695 -1.140377519 0.813775432 -1.103138357 0.911697371 0.148707305 -0.853441788
6.829084391 -43.147567601 -7.671149121 -0.713048553 0.264205215 -0.508023267 0.404561152 0.383771931 -0.630411427 0.392565574 -0.174419549 0.524545541 0.256394348 -0.512164724 -0.382918196 0.620130423 1.760604522 -0.742904642 -0.034630432 -3.123167971 0.574580701 0.648111792 0.991681833 0.235046040 0.014434817 -0.093462653 0.134941161
13.129064157 -43.689108334 -7.842118500 -0.055476593 -0.028743117 0.144241608 -0.987567992 1.025529974 -0.431958461 -1.577096090 -0.712229281 -0.871539913 1.146670911 -0.816538157 -0.947188420 0.661697228 0.348515915 -1.307907658 -1.694834796 1.289407340 -0.476726705 0.283001713 -1.749290413 -0.023100500 -1.542349269 -0.787958207 -0.181929598
6.935531689 -31.154599424 -12.623336270 0.201927734 0.289557204 0.097862099 0.930486338 2.210631852 -1.412773015 0.334791146 -0.107737757 0.138070507 1.168369153 -1.089872599 -2.363455160 0.276059734 -0.155550339 -0.471249859 1.444109964 -2.290366599 -0.370772351 0.774684478 -0.206262354 -2.768922237 -1.498513736 -0.592172059 -0.000847155
13.167373879 -32.864899754 -10.534673147 0.811246504 -0.151296417 0.021746557 0.564371855 0.627365759 -0.421048517 2.665696489 -1.035451468 -0.888440058 -0.926923511 1.147386589 -0.449892477 -0.972092595 -0.500553155 -0.508895529 -0.535938028 -0.830310749 0.081094844 0.371269507 0.680569197 1.668812100 -0.389932707 -0.552673221 -0.049669094
