-13.102806675 -29.308494746 6.393893095 -0.788613874 0.431077420 0.347892569 0.266891695 -0.685060065 0.317801251 0.660141790 -0.600030972 0.599375506 -0.424675149 0.277699868 0.493787744 -0.743925443 -0.109263732 0.390669016 -0.561453822 -0.794193640 1.092135770 -2.021373299 -0.325694373 0.521679428 -0.452883759 0.736061021 0.053178481
-15.963816596 -28.532701601 1.999933254 0.195792586 0.001735904 -0.013510559 -0.980550720 -1.060374959 1.742634698 -0.960243307 0.968832991 1.581939610 1.394909823 0.403187298 -0.570817084 -0.698702695 0.853678952 0.748444346 0.071427034 -0.066273504 -0.574662960 -0.103217291 -1.120614850 1.493858783 2.157200082 -0.513452755 1.288424180
-21.071588426 -34.696874101 -6.145661853 -0.729573873 0.295450210 -0.304814073 -0.536208465 -0.231340770 -0.444622328 -1.641603382 -2.281931435 -2.113640819 -1.408323110 0.852994857 0.108484857 -1.438249127 0.151898510 -1.025390842 0.038393044 0.203025580 1.252058814 -0.381608328 -1.643141634 1.480740383 -0.263542212 -2.498265721 0.735566125
-16.785430421 -34.087583413 -2.757548663 0.507652813 0.554029107 0.606189042 -0.260528723 0.021200250 -0.809584305 0.567703552 1.193520159 -1.569887858 0.778735031 -1.263415616 -0.471810858 0.540002216 1.308077234 -0.473593378 -0.936577690 0.607514076 -0.291182640 -0.020064807 -0.591109787 -0.776456492 0.045642275 0.108149853 1.130852450
-12.461893724 -31.516072952 -6.166212370 0.205331521 0.566953984 0.756134169 0.254289726 0.082931477 1.010498080 1.947789806 -1.162865932 -0.935476796 0.624859701 1.815251022 1.390390897 0.413179103 -0.258225846 -1.526483444 -1.020320209 -0.996212547 -0.639679998 0.620078127 1.161433667 1.139796922 0.972758418 -1.151432837 0.284125636
-11.253859587 -28.096120812 -5.874219453 -0.409480555 -0.094536773 0.904754027 -0.069344244 2.018176549 -1.371987617 0.899080675 -0.541518576 1.034533783 -1.760007033 -0.252820752 -0.997118851 -0.932819278 0.459482942 0.613393112 0.374430749 0.597831201 -1.219190203 -2.814885450 1.047397212 2.024528345 -0.477343566 -1.190211666 -0.567113042
-17.656523437 -36.139796621 -2.942043096 0.664418315 0.377107156 0.636106704 0.108197769 0.409037210 -1.040293464 -0.007095589 -0.588849811 0.586679591 1.059952067 -0.409848943 -0.502396715 1.728861745 1.679835076 -0.142862665 0.820785144 0.846331652 1.404663720 0.633885932 -1.937893672 1.128539296 -1.531753145 -1.027675364 -2.813593887
-23.269803930 -28.378183878 1.181423065 0.043257447 0.381508939 -0.383191387 0.840085759 1.086732896 -0.436431827 -1.007713574 0.875437285 0.418235057 0.601196772 -0.233263352 -0.340879419 -0.800481244 0.447877557 1.718988668 -1.389597623 -0.624130644 0.194167117 -0.824026440 -0.342148792 -0.214350096 -2.246754304 -2.890192618 1.468041899
-18.597632040 -22.457020059 -3.651765514 0.069918939 -0.765403704 0.007189725 -0.639700570 1.533196897 2.146679432 -1.915444415 -0.259390489 0.161484732 -0.840953399 1.082861348 1.373718007 1.079713196 -0.285466106 1.615263468 -0.957369527 -0.476443307 1.393240238 -0.665337927 1.610955267 1.514895407 -0.132346957 0.020921611 1.594635104
-15.964491218 -39.180676460 0.643901394 0.103198314 0.362901078 -0.887080107 -0.265973305 -1.536367250 -0.792724622 0.472521544 -0.650036894 -2.058462170 0.069497939 0.860701552 -0.165429379 2.658457702 -0.784710819 -1.633328319 1.871687094 -1.035707837 0.028506101 0.039948421 -1.353944547 -2.158957251 -0.473420514 1.320516600 0.855369638
-25.915108674 -28.376592656 2.519270249 0.661360754 0.368926847 -0.601422315 0.254531205 -1.085410972 -0.245703450 2.379789446 -0.369903134 -1.620554325 -1.365806920 0.455854061 -0.707763120 -0.456626298 -0.646597077 0.227952132 1.762199955 0.935191706 0.163889989 1.714926826 -0.550604825 -1.406385416 -1.603931134 -0.306954889 -0.395388782
-15.485500547 -31.440867190 7.451798061 0.878047842 -0.291967291 -0.240109049 0.293487193 -0.825730417 0.184930934 -0.771189531 -0.535467443 -0.526392997 1.182309307 0.352662769 -0.075174434 0.063808406 0.949626865 -0.881061004 0.835891957 0.758871901 0.572655604 1.493565816 -1.152030303 -0.912750762 -1.992932106 -0.524609933 0.692082614
-10.655865850 -31.988855210 4.380878254 -0.330154324 -0.421649919 -0.750735116 0.386789677 0.028497779 -0.186996792 -0.933602717 -1.105795030 0.307443352 -1.395407481 0.640946009 -0.384401592 0.150015388 -0.906536453 0.191611680 0.171497371 -0.991068720 0.137818705 0.447822284 -0.613556773 -0.909229941 0.738158899 0.733736385 1.235824306
-14.200883148 -32.139081896 6.547016778 -0.266158204 0.947142280 -0.151871967 0.094953763 0.127227926 0.936398368 -0.283735598 1.441091879 -0.428755006 0.707644965 -0.215434637 0.636852845 -0.991324135 -0.431260034 1.606144415 0.881686774 0.704813156 -1.336648239 -1.606217077 0.364047750 -0.554516558 1.035035240 -0.093357322 0.382474993
-13.976012262 -36.107220839 -0.428768634 -0.683686327 0.243790107 -0.622328126 0.292996745 0.691059141 0.587907417 0.597400184 -0.637129415 -0.688873462 -0.783686572 0.185218894 -0.448505712 -0.246856949 0.686025150 1.258841271 0.634746520 0.628821518 0.613944427 -0.995309730 0.312754452 0.184332409 -0.136042018 0.941026376 0.919765834
-17.981759405 -28.926653452 -7.203501152 0.716166433 -0.118208109 -0.687194803 -0.029929680 -0.382990958 1.032963845 0.307649995 -0.027735765 -1.094315580 0.878405564 0.693990119 -0.681259750 1.817610795 -0.815965797 0.037338141 -0.159826392 -1.039945592 -0.006027269 -1.198910689 -0.421304945 -0.885808168 0.852568415 1.114114065 -1.305591107
-23.452679276 -22.691496206 -1.622867254 0.930768295 -0.358895871 0.055260439 -0.042549012 -1.210128503 -0.131796051 -0.873374974 -2.703631937 1.629631596 1.617184486 0.410822266 -1.692396543 -2.596293605 -1.363510802 -0.690978082 -0.390104334 -0.946289567 -0.540830965 1.101347078 -1.772910902 -1.221173297 -1.149552287 2.252585479 -0.513146323
-26.783745609 -33.388538992 2.974336526 0.040987662 -0.173178171 -0.113360175 0.977485961 0.113776591 -0.461325964 0.245922725 -0.369962294 -2.392604009 -0.836801403 0.024829532 1.361491667 0.547363512 0.020500258 -1.606768978 0.340710766 0.976943474 0.447703789 0.395338325 0.023170482 -0.704104553 0.430279781 0.235877488 -2.478628058
-17.965527717 -32.963363526 6.049681208 0.570507007 0.204501198 -0.721758019 0.334314787 -0.125942806 1.001039042 -0.706355276 -1.517718637 -0.297054379 0.158654427 0.707421145 1.059794065 0.489734920 -0.712930111 1.566504545 0.150586287 0.406550608 -0.828990198 -1.775344958 -0.328126397 0.372780933 0.392428964 -0.739609011 -0.532043841
-21.604402328 -26.583879853 3.454845322 -0.375183155 -0.609181716 -0.065100078 0.695627211 1.898384445 -0.329685654 -0.337054580 1.527995388 0.487790773 -0.125462671 1.173668336 1.567864314 -2.114687382 -0.063286980 0.362058165 1.331532012 2.279795748 1.633702612 0.112881072 -1.433610687 0.668092157 0.364684447 1.910361998 0.186880114
-20.695769895 -22.133076206 -0.175968392 -0.306536726 0.229831873 0.669501469 0.636380648 -1.647436130 0.402143854 0.543555833 1.429865891 0.819876163 1.088253076 0.542220088 -0.208470303 0.478973056 -0.566668149 2.019330541 0.047414984 -0.166476093 0.261551371 0.214117504 0.991110293 1.185217601 0.628361483 -0.756516677 0.527305788
-17.278739027 -35.841173262 -7.109021680 0.111879503 0.394123071 0.351204240 -0.841905911 -0.857027577 -1.267715505 0.734993949 0.023150362 0.804630131 0.627408471 -0.711330207 -1.301396012 0.129039396 0.549187830 0.755876244 -0.158076375 0.733373626 0.083536032 0.115738801 1.306864853 0.405791657 -1.838188538 0.901736839 -0.144931554
-17.032116941 -31.407949276 -9.541426669 0.130140438 -0.222237627 -0.929648928 0.263489611 -0.091595323 0.373439867 -0.192716404 -1.008278507 1.190108026 -0.869429325 0.946384808 0.588291895 0.791728669 -0.994708771 1.471754570 -0.699789281 0.503148233 -0.104348332 1.441090745 -1.237934453 0.782723866 -0.022391563 0.949783842 -0.130436755
-16.372086805 -26.618768012 -0.981036016 0.599377067 0.337389697 -0.622631667 -0.373155641 -1.463859005 0.049369741 0.568059633 -0.752098651 -0.925955984 1.083299758 0.494069971 -0.766402071 0.081379308 -0.080269968 -0.810736825 -1.156101180 1.038466750 -0.321556710 0.921218509 -0.459999072 1.426273637 -0.072990302 -0.871002575 1.887860076
-24.300000645 -26.129365825 -1.220726119 0.465761365 -0.866460233 0.017646029 0.178890005 1.247868924 0.287667888 -0.399826650 0.197922004 -0.408501090 -1.440120552 -0.727740274 0.409040236 0.756727158 1.606977648 1.504354930 0.808744388 0.511631086 1.201467287 1.598851274 2.457401685 1.347672576 -0.574265585 -0.237245240 0.276918288
-23.311444494 -36.777854537 3.971972163 -0.712040641 -0.500706782 -0.377285289 0.316143408 -0.755735315 0.509969980 -2.076912040 0.478891385 -0.635850060 -0.365695649 -0.850990902 0.603863260 0.989312544 0.185807555 -0.752030784 1.800600220 -0.837260192 -1.046788504 -1.524444994 0.261718193 -0.521166641 -1.263165187 1.452255143 -1.214297011
-14.618079722 -22.526066308 2.029089188 0.750411134 -0.030948768 -0.644093562 0.145150911 0.336536246 -2.681673423 0.898997007 0.516777375 -0.427412906 -0.632944745 1.568872404 -0.675562812 -0.860550477 -0.147288323 -1.125207780 -0.157117207 -0.082570007 -0.579008440 0.499402099 -0.125175803 1.115449592 0.538106116 1.571134804 0.659209906
-18.317856293 -29.477782273 0.853903025 0.604597287 -0.116187739 -0.733139887 0.288909044 -0.395279351 -1.917034631 1.118149042 0.760592194 0.319813648 1.230403222 0.426260727 -1.610151413 0.514493999 -1.836117639 0.359153318 -1.172997031 1.605079428 0.902688232 1.813222452 0.806382231 -0.362757495 -1.638953446 -0.607587220 2.071071540
-24.700123582 -30.887488317 -5.454301887 -0.060683238 -0.580298997 0.781264231 -0.221803561 -0.146461629 1.627550035 -0.609366539 -0.132800686 1.581139679 -2.591600803 1.417971965 -1.723202528 0.934805312 0.535028838 1.564105975 -0.629626771 0.866364676 3.805715313 -0.961686343 -0.508586563 0.324694047 0.843403882 0.798177361 -1.044220803
-20.401730648 -26.166848318 -7.231103704 0.793491767 -0.048486926 0.333974760 0.506439230 -0.784241107 1.065196756 0.893855192 0.001944357 -0.692994511 -1.983660245 -0.609222113 1.359495571 -0.912393626 -0.420853685 -1.346686692 0.149569288 -2.143598888 0.098861350 -0.248541656 1.360044940 0.507518688 -0.867682598 0.935507137 1.872557870
-12.460837230 -34.304636967 1.883657606 -0.147132868 0.899902694 -0.301220319 0.278914647 -0.592908660 -1.170840383 0.039260077 -0.112381990 0.255714917 0.423765895 1.744912698 1.786723229 0.997874294 0.282298027 -1.085827652 -0.969570704 -0.519564308 -1.424258255 -0.510095733 0.929866995 0.935239691 -0.764113131 -1.055337317 -0.885038188
-14.695426956 -23.370207757 3.090479429 -0.856267495 0.066316839 -0.081638304 0.505710629 0.086740489 -0.643818380 0.839345505 -0.405421550 -0.860963692 0.152613049 -0.548848929 -0.819849507 -0.560873882 0.341062710 0.811495490 1.383771260 0.977772100 0.379888358 -0.283927909 -0.149672146 0.868769910 -0.664669982 0.980510664 0.607865343
-19.938517242 -26.523141459 -6.902415467 0.293455093 -0.683608685 0.080448592 -0.663393774 0.619060345 0.502190290 -0.853852603 0.129682862 -0.231847111 0.006060016 1.524917423 1.322737428 0.110915889 1.313445542 0.228688325 0.992185423 0.657570343 -0.319965594 0.614052970 -0.317456116 2.506503721 0.850296242 0.897130258 -0.736860480
-12.581479259 -28.840597389 2.862892271 0.316388242 0.554794728 0.299562949 -0.708775938 -0.455076501 0.087775393 -0.593896623 0.539457399 -1.137953304 -0.190241879 -0.046761514 -0.036629995 0.377268511 1.109039473 0.221188557 -0.790413058 0.030856745 1.145678218 -1.122716975 0.138528367 -0.559621670 0.382495886 0.764750292 0.735374528
-16.946472338 -31.143681477 -1.671941242 0.481433247 -0.730915704 0.067958101 -0.478921664 -1.104753777 0.507741998 -1.105775491 0.227771369 -0.882090954 -1.032854404 -1.510769126 1.054144413 0.694548400 -0.340173815 0.968149552 1.834567095 0.310140942 0.531392391 -0.576727229 -1.498394011 0.192095790 0.295620913 0.252435086 -1.759039270
-15.258879294 -30.667257636 3.399199687 0.181962675 0.120555736 0.071004808 -0.973300681 0.637404468 -0.586744930 0.097940075 0.695209375 1.489146978 -0.424227856 -0.849620522 0.278738178 0.117723867 -0.748966701 -0.169203479 0.229353512 -0.422602118 0.341020145 -0.454617424 2.046532641 -0.537805278 0.356934012 -0.353703054 -0.691555307
-15.331269712 -24.142224192 0.473219024 0.438275619 -0.149010173 0.692198360 0.553689335 -0.414811091 -0.554052585 1.890157385 -0.121476979 1.118850665 -0.614013776 -0.283683021 1.153944226 -0.803701657 0.910152007 1.153962946 0.413366206 -1.453962321 0.000574541 -0.324217282 0.325625475 0.684633195 1.457902926 0.470882396 -0.922288355
-11.178463163 -35.132843427 3.578475651 -0.407945933 -0.279673089 0.546541811 0.675762627 -0.580513522 -1.206528962 -1.132389765 -0.952181168 0.689732196 0.343650777 1.094407983 -0.239200235 -0.851436889 -0.128269498 0.187402736 1.284830583 -1.435047237 1.218453196 1.379486472 0.576660779 0.426134283 2.094633394 0.080466891 -0.557005053
-15.824692981 -38.217801044 3.943790302 0.412876700 0.022262244 -0.888153340 0.200551408 -0.534169298 0.930317152 0.059743562 0.418660291 -0.209974299 0.099073883 -0.774378525 1.911888807 -0.891284611 -2.324610115 -0.226264059 0.517199326 0.572872303 -0.604524145 1.009907976 1.549347344 0.818174345 0.049655353 -1.660738327 -0.975222938
-24.691181359 -35.383873936 -4.553683299 -0.733001388 0.329715335 0.594456952 -0.024853486 0.083013797 -0.560398950 1.152783352 0.534922573 -1.925578954 1.829905517 0.078367042 1.076820563 -0.850682988 2.647339032 -1.055403240 -0.972432929 -1.344016976 -0.704410316 1.440588313 -1.776652846 0.176137673 -0.464528942 -1.322071048 -0.010536155
-17.431989125 -23.195423242 -3.946167309 0.682112842 -0.354756688 0.536704549 -0.347588824 -0.771711538 -1.145897271 -0.465990204 -0.065697396 -0.265151576 1.956586321 2.481388205 0.257210384 -0.381353369 0.277563401 -0.191783619 1.173652722 -0.808899288 -1.557922535 -1.164123788 -0.977357131 -0.058385750 0.457113421 2.303779947 -0.921543581
-19.497533678 -36.721873340 -0.562192817 -0.827099552 -0.540656597 -0.022122136 -0.152011138 -0.055324256 0.273956677 -0.728104836 2.380317378 -0.278237314 0.307868143 -1.046387449 0.202806072 -1.404801441 1.002507038 0.566283760 0.854456989 0.960480068 0.756966832 -0.912029633 -0.083061951 -0.894043988 0.978940091 -0.736557828 -1.396142955
-15.992473688 -24.614411730 0.959247076 -0.679152784 -0.199143198 0.313309409 -0.633190885 0.247531724 0.151904031 -0.159698506 -0.902359118 0.172065315 0.785981279 0.469627273 0.573003686 -1.080616959 -0.642703273 1.342253068 -0.578652099 1.310110735 -0.198796465 -1.130958831 0.414863847 -1.909054972 -0.842503659 0.631751647 -0.779622043
-14.931076622 -24.837150253 -6.627903867 -0.925724918 0.330570224 0.138883233 -0.120283624 1.701239991 -0.295186386 -0.654647520 -0.861075834 -0.316532118 0.235936985 0.465518652 -0.560011218 -2.013333568 2.684217830 -1.490093324 0.000631957 -0.257289741 1.841835061 0.305405701 0.475570800 -0.471518715 0.109717521 -1.521061143 0.323838767
-20.580212939 -31.070175662 -6.293020523 -0.080297920 -0.890134756 0.080603355 0.441265747 2.512066258 -1.027302878 -1.903082602 1.945629440 -0.293421154 -2.102433285 -0.974617547 -2.688850193 0.644275656 0.278902017 -0.190709425 -1.019585512 -0.351567609 0.484190216 0.745064938 -0.480094066 0.702113408 -0.002814498 -0.647699916 1.457358888
-18.858957472 -31.373349564 4.951703868 -0.083845485 0.044047714 0.164105694 -0.981885459 1.850017024 0.773474152 0.602393827 0.425072445 0.509567553 -0.003760314 -0.467354885 -0.542590762 0.080625891 1.747222766 -0.003609334 0.361815202 1.105040856 -0.598894296 -0.965436990 0.700277627 0.050758088 -0.372095509 -0.674049386 -0.631567126
-21.157772193 -25.388684450 6.054215627 0.129263324 0.681173829 0.551355283 -0.464004914 0.603526323 -0.266871667 -0.786230072 -1.083532587 0.601731908 -0.808372574 -0.606761088 0.472870229 0.427748668 0.163110266 -0.170197260 -0.625349076 -0.276034021 -1.510238840 -0.296318183 0.691498589 -0.380103931 -0.950525973 -0.594578669 0.132728081
-13.425114754 -26.542579487 3.464306874 -0.181137859 0.487515795 0.854100441 -0.005464679 0.098694704 -1.443758827 -1.087634897 -1.183615554 -1.640469147 0.407382496 -1.583344639 0.197454968 -0.621383401 0.177654118 -1.199126125 0.218522535 0.175701877 -0.584799989 0.479735423 0.964668222 -0.398161606 -0.152664506 -0.744676135 -0.517000579
-21.852539501 -30.735994623 4.981572509 -0.347083653 0.902881829 -0.245180248 0.064992199 -0.494403686 1.930563550 -0.250845736 -0.721012308 -0.836002616 -0.701822530 0.042793757 0.263085620 0.300743962 0.067526940 1.370473640 0.250674579 -0.409969899 -1.124680666 -0.948391832 2.206250994 -0.940328102 -0.898849819 0.313308717 0.839078191
-23.429727419 -24.770796910 -5.014481639 -0.037530357 -0.039526505 0.944735137 -0.323271788 -2.119555534 -1.914499175 -0.550412454 -0.181536913 -1.084303890 0.332482946 1.744361498 -1.875685613 1.384026999 -0.944249667 -0.408413659 -1.215482185 1.096874610 -1.177362188 1.376903485 1.209709116 -0.230770887 -2.059392569 0.928625695 -0.295404960
-16.670852236 -26.945255169 -2.744099651 -0.351551033 0.031205071 0.367601852 0.860410944 -0.684372488 -0.790708674 -1.304111724 0.130971930 0.413496040 -0.979245742 -0.171490991 0.431693437 -1.104438647 -0.578256027 -1.695077987 -0.062045239 0.057092448 -0.882673970 -0.086578116 -2.151294864 0.066537857 -0.402260402 0.137200008 0.605825480
-13.556137745 -28.754299766 3.152380444 -0.618165039 0.450123081 0.031402018 -0.643642067 1.098381144 0.411341670 0.157839762 -1.616493162 -0.496134402 -0.208825238 0.615316275 2.359128338 -0.888144927 0.322230309 -0.021567064 0.652129505 -0.377755212 1.955249490 1.614033369 0.989862333 0.228314717 0.429418216 0.574027637 -0.550170493
-21.948597794 -26.770693059 -7.757705420 0.580417740 -0.449366691 -0.281653367 -0.617945147 1.137734728 1.818960037 -0.692905351 -0.250300791 -0.612110895 -0.405631106 -0.068686110 0.137750472 -0.232836003 0.941368845 -1.800430976 0.713882605 -0.640782096 0.327007183 -0.746560737 -1.088465975 1.352943091 0.236176070 -1.200688178 0.261596681
-20.263563635 -25.294986383 -7.845044728 -0.441921460 -0.211395349 -0.734811647 0.469115415 -0.075216379 -1.485817962 0.096034853 1.924881156 -0.394883406 0.902797205 0.467444114 0.934215567 0.300888642 -1.075540486 -3.128699286 1.139894132 -0.197156223 -0.244463906 -0.165106344 0.137078448 -0.720504497 2.703410693 1.145409729 -0.123899762
-24.862592968 -31.954393518 0.972636564 -0.087455855 -0.423748877 0.856948875 -0.280048190 -1.177054859 0.054252848 0.662523575 0.639286050 0.137399632 -2.213707587 0.110293570 -0.319699233 -1.569971904 2.010562280 -1.056957930 -0.644878773 0.563075746 1.395222044 0.604103437 -0.536189128 -0.827465476 1.517599511 1.878291902 -0.430968193
-20.322257221 -40.240308871 -2.240460876 -0.102202420 0.067023687 -0.962098398 0.243780975 0.343243298 0.207512393 -1.334588453 -0.065495090 0.458438931 -0.707589113 -0.957264095 0.304107720 -2.149706342 -0.636150198 -1.660827567 -1.443074234 0.197943705 1.307367054 -0.288008136 0.873552839 0.110277561 0.652956285 -0.656007638 0.531608178
-17.782869721 -38.183158923 -2.734301959 0.314284809 -0.880275752 -0.229285187 -0.271602583 0.410881940 0.031954314 -1.178543451 -1.127192024 -0.133022890 -0.776443854 0.033677309 -1.794344128 0.092155681 1.182217585 -0.616544682 0.687935575 -0.097574450 -0.035058561 0.790389369 -0.085443596 -0.225137127 0.608391649 -0.686788421 2.108025453
-17.821042640 -33.620620225 5.968914416 0.191838514 0.144062374 -0.512128587 0.824723182 0.558983397 0.673527807 0.691810675 -0.889293411 -0.628594470 0.861572963 2.208409579 0.312374347 -0.687032747 1.423714432 -0.830242584 0.662539460 -0.636955179 0.142695991 0.467284079 1.559095931 1.619602352 -1.384806903 0.971481551 0.448204567
-24.749348247 -27.135878732 -8.066030189 -0.016925472 0.459695981 -0.722930072 0.515524243 0.222658123 -1.271182539 0.532917139 1.848410293 1.160082901 -1.421784016 0.032983511 1.171725745 0.125791417 -1.211441913 -1.855700688 -0.816225072 0.868360029 -2.627890452 0.242443542 -0.008072321 -0.232704331 -2.326655583 -0.297084306 -0.354326046
-21.045132928 -34.722911784 -6.543396419 0.700337463 -0.544571155 -0.342003935 0.309843516 -0.126327133 -0.291532406 -0.130446922 -0.140321023 0.263971462 1.354873035 0.136269133 -0.002914875 1.368451682 -0.109343301 -0.317412860 -0.116225604 0.936690107 0.415200698 0.360714814 -0.917281167 -0.027172603 -0.859894661 1.055565011 1.046332829
-16.065698586 -38.684620534 -0.905087295 -0.633799094 0.009619832 -0.500986603 0.589252570 1.367376504 0.753229681 -1.634271641 -0.600296550 1.843860251 -0.985690723 -0.532096576 1.057827660 0.947876156 -1.004185564 -0.523142041 -0.678818761 -0.633550219 -1.608406456 0.636567638 1.103005451 -0.236087153 0.690696246 -1.010653646 0.044168704
-11.884294000 -29.453086598 2.459405178 0.876717138 0.221284404 0.155576597 -0.397738853 -0.017475179 1.227594817 -0.620716787 -0.152659759 -1.472745330 -1.660656356 -1.526988551 0.116719340 -1.076169231 -0.092586041 -0.391172916 0.708508565 -1.517972632 0.129850878 0.163263999 0.382515444 -0.799930481 -0.953795374 -0.882741929 1.495354188
-12.732936484 -37.149519462 1.024449850 -0.598502784 -0.352109243 -0.719500157 -0.011533571 -0.376082555 0.237514368 0.875574228 0.522055130 0.992614217 -1.379266250 1.551679241 0.191546416 -0.200466181 -0.383249277 -0.234316314 0.145154669 -1.794169666 -0.269308714 -0.021480897 0.077851114 0.402204772 -0.513391172 0.514053882 0.814064122
-26.481458517 -32.734101521 4.633792807 -0.417325049 0.312484820 -0.107966362 0.846484675 -1.558044162 1.164246419 0.442418771 0.984254189 0.313194991 1.639042052 0.317865573 0.333835444 -1.195396606 0.170081673 -1.198484889 0.045661234 -0.855554443 0.328894657 0.747935043 0.496623115 -0.116104563 0.284241149 0.178735522 1.104124398
-20.096944250 -39.220462057 3.652833885 -0.195476072 0.014343539 0.965136487 -0.173478904 1.349866105 -0.700825801 0.569746230 0.888067417 0.934165537 -0.037949914 0.063453651 -0.900253481 0.143197665 -1.103309141 2.355788339 -0.519940239 0.191402021 -1.149013660 0.090526075 -0.915909209 1.491890941 -0.584735375 0.601297386 0.625290537
-18.807268552 -33.347967150 6.334056907 0.596489046 0.231227911 0.271056686 -0.719209805 -0.378797066 -2.007539918 0.596242495 1.316933149 -0.018993687 -0.180151864 -0.140190090 0.206361190 -0.866365791 0.011070410 0.158133225 -1.671093699 0.944551699 1.419616525 -0.976619279 -1.618365169 -0.262718394 -2.500633930 -0.772279620 0.920951535
-13.151219991 -36.774493679 -4.826240945 -0.448640472 0.001859751 -0.734255897 -0.509496366 0.112810721 0.276790066 -0.261238028 1.450512354 -1.796537239 1.276711957 -0.470584613 -1.764956936 1.039698774 0.973713109 -0.279612871 0.137124509 -0.431212463 -0.680419615 0.539415991 -1.221389908 -0.680282778 -1.205571435 -1.587760995 0.066416766
-13.864224726 -32.894174872 -2.023413752 0.847773662 -0.366588360 0.092090907 -0.372037709 0.265488489 -0.994691524 -0.549458885 -0.572095720 -0.799024647 0.925031953 1.121323895 -0.060730480 -0.210054794 0.780018674 0.310350302 -0.408405589 -0.057171304 1.406339353 0.141287739 0.166276473 0.597813580 -0.183905359 -0.201963961 0.282359148
-23.043153186 -29.338717420 -5.515967987 0.290665673 0.318960862 -0.901492131 0.033005637 -1.047997565 2.161816875 1.094822492 0.871223617 -0.463693029 0.569275320 -0.358972488 1.261191781 -0.270207381 -0.115190146 -0.991781392 -0.403365047 1.222056674 -0.928686781 -0.348945669 0.390437248 -0.543071695 -0.418199393 -0.348233424 1.606841695
-15.848468926 -23.617482135 -6.590610372 -0.314919704 -0.773139571 -0.009236229 -0.550450248 0.162350818 -0.008386021 1.588215962 -0.308823945 1.274345162 0.258269972 0.682696047 -2.007726593 0.599560114 1.209596484 2.908591342 0.340296268 -2.237815611 -0.994055224 -1.057569750 0.242756757 -0.505855788 0.584441510 0.710487848 0.564231931
-20.204086169 -32.622778035 7.414737712 -0.345784260 0.114875428 0.789470231 0.493936874 0.260498290 -0.633525840 -0.868588187 0.615037889 0.612434454 -0.337778076 -0.104936381 -2.209111133 0.905320566 1.489807350 -0.008198688 -1.101247678 1.102232029 0.830574535 -0.661833585 -0.335094053 -0.264944562 0.290931445 -0.802901937 -3.236672237
-14.787172503 -37.917267045 -2.094753320 0.281432002 0.649542757 -0.617527617 0.342855477 0.336448435 -0.080484351 0.827525219 -1.130479007 0.557745726 0.611064907 0.724318420 -1.007299223 1.760102747 -1.131457122 -1.288986784 1.408775905 1.155769664 -0.627508135 0.437203349 0.346671327 0.102135948 1.182703474 -1.210307540 0.388007548
-13.348499671 -31.706025802 3.385150961 -0.259558850 0.259333471 -0.585670939 -0.722748162 0.474245367 -0.784705402 0.387249961 0.813213795 0.140465753 -0.101246857 -0.317508826 0.820740565 -1.096268421 1.365707180 -0.931229169 -0.120696270 1.476120882 0.255277448 -1.155361732 -0.371533149 0.949890862 0.288632715 -1.136739931 0.686838744
-24.938645939 -37.183508290 2.488652591 0.553759198 0.302259818 0.221467230 -0.743600712 0.531710182 -0.247673577 -0.378382304 -0.057974585 0.762812934 1.360012673 0.149393424 -0.983373313 -0.733294742 -0.348753401 1.295752583 -0.374937541 -0.862440838 0.603316240 -0.747395880 0.980978672 1.179270475 0.762553558 0.439443059 -1.511290258
-24.876422582 -36.952547378 -5.667230095 -0.645604169 0.063506113 -0.565347275 -0.509455287 1.266771968 -0.181527776 -0.841586293 0.295130702 -1.568434927 1.355324481 -0.439044764 1.550970016 -0.407882406 0.922098900 0.631730422 -1.033172888 -1.809854984 2.052041751 0.406067418 -0.961272265 -0.283970160 0.368766890 -1.201044965 -0.851744808
-10.958796451 -36.751113185 -0.848754787 0.098207130 0.860725779 -0.461607547 -0.190853259 0.997135442 -1.331156428 -0.312936040 -0.461661111 0.881997694 0.991210533 -0.080403880 -0.209160940 1.195517127 -0.195353103 -0.792267053 0.473062301 -0.448441447 1.665048585 -1.294243611 0.703070728 -0.638533406 1.978210880 0.392172833 -0.020581760
-11.439295625 -30.007489284 -0.341054835 0.708213730 -0.231138976 -0.381686782 0.547104457 2.193829734 -0.334120665 1.712098436 1.511386582 -0.078231441 -1.309784941 0.800867541 1.053996151 -0.916386989 2.336462374 -0.314187233 0.141436274 1.272281552 1.581684352 -0.195737002 0.116631877 0.556379182 0.841931000 -0.471179187 1.260250989
-14.203341502 -29.216990771 -8.398945912 -0.536314490 0.477416644 -0.223607507 0.659120473 1.017774865 -0.123263294 1.706888959 0.332628042 0.923045687 -0.346566100 0.779366309 1.168437442 1.523909165 1.002384636 0.406064475 -0.900593791 0.779664140 -2.858562515 -0.189028254 -0.346158554 -0.413670372 -0.978842513 0.289948691 0.966679263
-17.596868872 -30.946704629 6.883775718 0.099051706 0.151166832 0.909854350 0.373500215 1.254340091 -1.332895007 -0.651656183 1.912767830 -0.467985322 0.408705047 -1.039215924 -0.501890566 -0.744308147 0.034101350 -0.336276213 0.494413594 -0.299186862 -0.565554714 0.263914736 0.071015241 0.048866876 0.963679603 -0.593292953 0.974059542
-13.124148413 -26.046747091 -0.494652313 0.513003259 -0.721103448 0.125625270 0.448392424 -1.516306043 1.206811749 1.140328624 1.033769132 1.664880916 0.670789501 -0.308668453 0.848456369 -1.331943215 0.973963032 -1.105236491 -0.858899180 -0.570820605 0.478193392 2.122426139 -1.032765673 -0.554043944 -2.093203147 0.561851199 1.451282555
-15.722714098 -33.660574423 4.084246941 0.559210346 -0.461862135 0.518387521 -0.453035910 1.096726573 0.223195183 -0.075398695 2.066351143 0.753425905 -0.732848561 -1.805978478 -0.517398169 1.356094948 -1.007918948 0.790841152 2.360707720 0.320507639 -0.186524166 0.729223118 1.434849358 -1.081811361 0.696831064 0.965667517 -0.523389585
-11.038230029 -31.982964350 -1.111898493 0.712059280 0.474250606 0.491730651 -0.162046016 0.204051623 -1.049398272 0.735880535 0.298343299 -0.567363985 0.045767507 1.789341376 -1.175301514 0.174058286 0.454416229 -2.021128787 -1.093398825 1.165327346 0.097863643 1.615271612 -0.367458419 1.131339586 -1.824153047 0.693342510 -0.651788706
-17.160581072 -36.919153802 -6.965295487 -0.738644557 -0.442849298 -0.116512945 -0.494685204 0.851395175 -1.455865308 -2.185413548 -1.372331822 -0.293146320 0.564685121 0.927781913 0.568731138 0.334923144 -1.597984792 -1.755511947 0.054625600 -0.682208069 0.254834040 -1.336675029 -0.086562070 -1.049716200 -0.323497052 0.344310623 0.295627663
-13.778481314 -31.857295956 -7.113900601 -0.508100186 -0.137839822 0.848442897 0.054580538 -2.330672178 0.308580410 0.123914039 -2.002634620 0.605439292 -1.099619421 -2.513624990 -0.072507626 1.332549789 0.143196611 0.146929569 0.001357378 2.336067119 0.206902189 -0.245199428 0.606159637 1.718934437 -1.269929320 -0.609151402 -1.759803357
-23.272727684 -37.579404706 1.464077889 -0.483145585 0.626490200 0.558489708 -0.249338365 0.078597198 1.075681383 -1.205725671 -0.633072965 0.756158777 -0.368437771 -2.140290999 0.113523124 -0.104669287 0.548080327 1.087070556 -0.790319414 0.894049945 -0.913703392 -1.032354419 -0.517687748 1.021894205 0.637767817 0.549913346 1.620095360
-19.811476378 -30.151398139 8.605243727 -0.925246130 0.327198161 0.162405666 -0.102398059 1.440083143 -0.812854289 -1.504491330 -1.532824082 0.179782523 -0.568054579 -0.164621705 0.240889565 -0.287769479 -0.337457904 -1.420591948 0.440769395 -0.117418521 1.430629593 -1.930595778 -0.742293279 0.708991281 -0.349519880 -0.461879280 -1.098773695
-19.872574199 -30.059471413 5.005601889 0.424514093 -0.164934812 -0.054141602 -0.888624206 1.145808481 -0.227775761 -1.069634039 -0.121618852 -0.544416656 -0.355907975 -0.398729174 0.426001970 0.735517856 -0.075737210 -0.513492089 -0.077318964 0.918952032 1.139577226 -0.364030016 0.829727602 2.383904747 -0.762844161 -0.375005646 -0.032770139
-24.394867035 -24.901243593 0.022857099 0.828884859 -0.503511665 -0.223118717 0.098203521 0.322068907 -0.773076189 -0.299129868 -1.150909146 -0.555372598 -1.223441530 0.145592442 1.760216789 -1.250780137 -1.579771776 1.670919528 -0.486462235 1.753660611 -0.122722614 0.203667037 -0.690651908 0.141900130 0.820487556 0.286978434 -0.235447781
-15.721020920 -35.507605799 -1.519080586 0.375932397 0.017984664 0.009374083 -0.926425125 1.544249102 -2.302301773 -0.681721581 -0.164162014 1.569752959 2.253885739 0.570012162 1.502645605 -0.042097662 0.645102813 -0.649792739 -1.401608384 -0.838576769 0.649774533 0.113521332 0.319904130 -1.856885715 0.483693462 1.440840479 -1.088597428
-18.664966338 -37.979457219 -3.595656720 -0.671714278 -0.382643530 0.632632497 -0.046475590 -1.839087727 -0.331510120 -1.092098010 0.530012932 0.912538865 1.045758766 -1.433940711 0.431056048 0.354641078 1.606623169 -1.545963443 0.377379445 -0.002539681 -1.713452665 0.896239050 0.215990552 0.005857526 0.578502178 1.237918133 -0.522287734
-14.796636172 -28.076493961 3.641511320 -0.093639265 -0.853602933 -0.342238707 0.381400561 2.689878585 -0.377994812 0.042848405 0.410108109 -0.113186116 0.746879188 -1.025535371 0.157910826 0.076289417 0.142507370 1.108810207 -0.157541855 0.403755532 0.659593219 -0.194974051 0.636866376 -0.255285496 1.159877115 -1.108925056 1.224042454
-26.128620614 -33.788684922 4.587008180 -0.703176292 0.370730095 -0.557635241 0.239050700 -0.033323381 -0.857284276 0.178470857 -0.299664072 0.721206712 -2.453440374 -0.154200951 -0.140072539 0.915246738 -0.258269988 0.344083185 0.943879996 -1.514269248 -0.201575852 -0.633129705 0.029071984 -0.659883973 -1.105462304 1.068599310 0.959097926
-17.248566086 -33.581277886 -10.016809832 -0.249397043 0.610624959 -0.695243763 0.285612297 -0.752266824 -2.749208235 -0.556124930 0.910686169 -1.543636637 0.150264722 0.341843310 -1.491010939 0.698734264 0.466792556 0.459237049 -0.835151279 0.823113682 -0.786045363 0.210386373 -0.780693075 -0.151775974 0.383738008 -0.432045082 0.264778356
-9.633235096 -34.096201618 1.325849869 -0.284212113 -0.476353460 -0.618724842 -0.556318637 0.964586094 0.720378224 -0.122986762 0.742136178 0.080891362 0.109727856 0.248378338 -1.502352607 -0.246974114 -1.062055307 0.940642993 -0.859015998 0.199631736 -1.594487994 -0.731383251 -0.108748870 1.910207780 0.699908549 -1.520024081 0.472395962
-20.304311860 -31.607453780 -3.691450221 -0.724727287 -0.489222706 -0.009992306 -0.485109943 -1.003834328 -0.074107572 -0.744521579 0.032389964 0.717281064 1.925488353 0.733501230 -0.817964434 -0.206916696 0.448072491 -0.975328776 -0.719220043 -0.524921642 1.534536029 1.070011887 -0.036214625 0.086745051 0.051020104 -0.062658661 0.167131492
-18.157433097 -32.133770556 7.258303988 0.612524764 0.271852648 -0.742232704 0.000406358 -0.319088372 -0.383307100 0.107246335 -1.475813840 -0.095741198 1.696908433 1.568104126 0.302086038 -1.549587642 -0.291389143 -0.441456234 -0.148275668 -1.935790389 1.599378716 -1.120705719 -1.529161634 -1.704308802 0.807784381 0.795418990 0.920562574
-12.961736878 -26.516639839 -2.143629753 -0.756294224 0.352253643 -0.441277000 -0.330470918 0.208866836 0.321470671 0.087460690 0.186291855 0.742198863 0.255281976 0.977025840 0.747229482 1.166896893 0.764891285 0.443569406 0.753756970 -0.100335322 1.217601341 -0.007518844 0.016324939 -0.618732869 -0.789644796 1.061039386 2.015245357
-20.216508292 -24.260912875 5.963770212 0.109614297 -0.283953007 0.129443072 -0.943715999 -0.513488516 -0.251523454 -1.597551861 -0.588126212 -1.450339451 -0.235156826 0.291929336 -1.343984688 1.604284908 -0.147796796 -0.443547385 0.808167098 -0.808495443 0.328854034 1.266580143 -0.411449385 -0.425455873 1.618450805 -0.617181742 1.406807879
-22.787780670 -27.941674410 0.793940135 0.754781539 -0.076592974 0.246290686 0.603141146 -0.505424004 0.575091127 -0.833795427 -0.123127423 0.630135641 0.688050159 0.713256686 1.369143406 -0.292944529 0.087309541 1.655630634 -0.554914565 0.845533315 -0.900637780 0.285417281 0.938997412 -0.357555222 0.040398558 -0.316069526 -2.195398291
-9.931461737 -34.181100244 -0.085319852 -0.484294348 0.018128172 -0.874465237 0.020997686 3.105063566 0.506635351 -0.651189560 0.358672990 1.117620231 -1.121464498 1.075354768 -1.081476117 0.028713036 0.315649735 0.801388461 0.093320969 -0.019711335 -2.663419720 -0.006678064 -0.424301146 0.503138209 -1.051989271 1.136488533 -0.204335039
-25.858503721 -28.049920472 2.410781854 -0.195282844 -0.485756139 -0.339694291 -0.781353552 -1.064456766 1.123180535 0.591691064 -1.282185151 1.934033684 -0.455328446 1.020725950 1.614044506 0.641272672 -0.472646358 -1.040358137 0.917707907 -1.191726800 1.131225017 1.354746495 -1.071934885 2.092384650 0.431067488 -1.071625273 0.641774824
-16.595488492 -31.964682237 -1.216507093 -0.302151626 -0.501083396 0.391104353 -0.710392293 0.442324184 -0.402784976 0.170328599 -0.410632039 -0.616765910 -0.075833466 1.711244115 -0.220202496 -1.890200426 -0.811050132 1.096602380 0.355571076 1.327286080 -0.078248604 -0.483086551 -1.718893713 0.293032112 0.136224530 0.616108863 -0.921889488
-24.717486928 -24.964330988 -4.424620104 -0.053049394 0.178787558 0.423172390 0.886648690 -1.826974809 -0.132071037 -0.089997196 1.471802786 1.236776996 -0.928406279 1.674885683 2.493049102 1.005734061 -1.236212910 -0.132402751 0.296195766 -0.476449974 -0.122802868 0.552470859 0.986052061 -0.614864934 -0.774278252 -1.256185998 -1.087367518
-19.465653057 -28.951106798 8.031317263 0.175563142 0.502070474 -0.444781441 -0.720605504 0.230846963 -2.168962798 0.878597716 -0.570801908 -0.792835130 0.241364137 0.803112498 1.070196976 -0.932097403 0.870722715 1.727090822 0.818275531 0.667531766 0.533483908 0.699056184 1.118952818 -1.774574527 -0.210593756 -1.700772267 0.469493362
-27.491731253 -28.893601312 0.197555864 -0.037808181 -0.967252042 -0.221285956 -0.118433753 0.248161749 0.513557773 0.831051374 -1.534905611 0.196223975 -1.003199134 -1.453194117 -0.733482819 -0.931306293 -0.744639038 0.818922084 1.970333878 1.105738027 0.783736749 2.050965264 0.435233550 -1.706111669 -0.150983347 -0.083751896 -1.210384086
-14.592974460 -25.339680350 2.175890081 0.333880868 -0.090904715 -0.932561959 -0.102898446 1.146702635 -1.476932723 -0.079329766 -0.346196084 1.124272218 0.688038148 0.903996311 0.497185655 0.894425364 1.181689269 0.229135413 -0.064145603 -1.137989507 1.189690597 -0.491631720 -0.383698446 0.623667005 1.266018103 1.651838457 -0.454071233
-20.373902362 -27.123996306 -4.712958185 0.517171199 0.645791993 0.406400327 -0.387718232 0.402455435 0.474362301 1.320449824 -0.355688032 -0.805573673 -0.997506603 1.494927446 -0.173451894 -1.453468994 -0.336211356 -1.107418004 -0.023691845 0.728236811 3.061501556 -0.439990262 -2.123335960 0.085470806 0.755958525 -0.571837085 -0.698125533
-16.590418581 -31.438444180 7.610088069 -0.133803393 0.438422170 0.031897681 0.888180832 0.069081346 1.532023605 -1.280258859 1.177243058 1.807636197 0.697937211 1.164447780 0.678908087 -0.588468122 -0.931835488 1.266576972 -0.732633273 -1.295132812 0.462484728 1.061994935 0.115257320 1.316068923 1.725371330 0.208789677 -1.086787006
-15.874281895 -29.628156489 -4.341880667 -0.847194458 -0.113101306 -0.504260301 0.123252563 -0.623653078 -0.697440387 0.470758713 -1.546501591 -1.676106610 -0.573678435 0.993314817 0.948300818 1.971522378 1.419882008 -2.393687663 -0.079432973 -0.102899912 0.359809154 0.313831639 0.613843338 -1.229574893 -1.491773210 1.344360924 -0.191716835
-13.085101511 -32.985763906 -1.208998443 0.716079131 -0.264577047 -0.564174595 -0.314542033 0.933238813 -0.838338994 0.611060611 0.322705088 0.480636695 2.396475246 1.431131080 0.886539253 1.944517997 -0.225007692 -0.052289884 -0.390789341 -1.462616742 -1.641819355 -1.836719155 2.290492743 0.273703042 -0.294377393 0.798069456 -1.455610772
-23.666537907 -36.430249315 0.979012867 0.182125655 0.785262072 0.394715033 -0.440901085 1.180859783 1.961377292 0.490505601 0.217871906 -2.619299277 -0.749486231 1.394623151 0.091425225 -0.400821737 1.522625172 -0.691134261 0.401268054 -0.534769351 -0.814116719 0.754556336 0.581333244 2.728884719 1.426043801 -0.769745263 1.413884136
-14.495730676 -30.640752859 -9.679687386 0.325694351 -0.576475385 0.749399185 0.000426038 -0.873057534 1.405056909 -1.107879951 0.655263381 0.028976396 -1.541340073 1.821516091 -0.522484687 0.776142539 0.873644559 -1.330980990 1.388068610 -0.994609324 -0.407855252 0.511208857 -0.431105343 -1.174518996 0.908446328 2.260025610 0.193653308
-18.917107315 -38.955488031 2.681244294 -0.691124141 -0.101167136 -0.707026303 -0.110573232 -0.223391362 1.082905485 -1.049296816 0.363669705 1.060415275 -0.193907318 -0.234890816 -0.092139794 0.870213349 0.356195037 1.000579594 0.793677663 1.613094654 0.919633534 -1.233486137 0.141527260 0.556770565 2.422892078 1.465206037 1.461915311
-23.620020346 -33.457969741 -9.049435306 0.540540511 0.122850335 -0.343194799 0.758248693 0.673338397 -0.039022939 1.368187186 -0.298813946 -0.108253062 -0.749477533 -0.440716955 -0.886431249 -0.189091007 -0.953438275 -0.942327202 0.891395603 0.684007623 -0.373782103 0.588589661 1.369002457 -1.489103479 1.687480336 0.032319023 0.189641654
-22.064767438 -27.227816381 -3.213638125 -0.176512186 -0.132739907 0.959143700 -0.176824568 0.441340733 -0.878817551 -0.401400062 1.171259205 1.292561151 0.175925804 -0.682312901 -0.524621036 -1.100171999 0.566833550 -1.918709109 -1.655292755 0.376809386 -0.805881833 -0.371072096 0.773667435 1.588634512 1.582608063 -0.562424315 0.630085815
-21.597625189 -24.583122132 -7.054328073 0.849156453 -0.515999894 -0.111036114 -0.018665727 -1.094453208 0.858909192 -1.676736356 0.806252886 -0.187544192 0.034093300 -0.407423973 0.516122626 0.094267880 1.471216286 0.780197768 0.414082569 1.311222810 -0.325283244 0.315415275 -0.108015642 -0.511054121 0.322599936 -1.263281152 -2.297725477
-23.641357143 -23.231812560 -0.567254768 0.009353458 -0.164163511 -0.719204106 0.675061707 -0.274163045 -0.905105043 -0.160200665 1.012760751 0.864498579 -2.347554529 -0.549006789 1.075454467 0.321253104 0.670929670 -0.485264275 0.357684467 1.355861268 -0.453312413 1.321485087 -1.612644915 0.527083552 -0.877632052 -1.590187211 0.868700359
-16.028649433 -34.163220935 7.128224466 0.181397448 0.723761121 0.633550406 -0.204642834 0.866094349 -1.132762733 0.245537540 0.047454483 0.728896517 0.597389123 -0.933714830 0.160476300 2.195006011 0.468480824 -1.130852646 0.962293828 -0.640455831 -1.767377551 -2.094104738 0.454318693 -0.022301020 -1.366733724 -2.040220018 -0.435382326
-24.358005498 -36.708798660 -4.105849138 -0.642546336 -0.295680949 -0.154327034 -0.689847917 -0.631575368 -1.190340073 0.644163922 0.129013791 -1.332199749 -0.407817144 -0.313715966 0.084514988 -0.434774053 -0.883409077 0.709572319 0.032815857 0.802341717 -0.203692733 -0.901934989 1.375976985 -0.079165613 -0.602303494 0.176409737 0.378750057
-14.318743860 -25.080241819 4.401190968 -0.610977079 0.351023429 0.274121839 -0.654482069 0.778500883 1.188589298 -0.425076762 1.006550419 -1.584695389 0.646806298 -2.118617598 -0.957426402 0.019282519 0.475592726 1.731609833 0.508321559 0.265031529 0.196237710 -1.191967571 -1.216264218 -0.702233535 0.361630007 1.289631935 0.050153912
-24.686471450 -23.673025161 -1.510251830 0.302578386 0.613338587 0.312911078 0.659051405 -0.341294767 0.914924008 1.398461528 -0.486798648 -1.597055014 -0.181056226 -0.394634743 -0.021963011 0.321187144 -1.398459797 -1.961281177 -0.471452944 0.466146941 -1.492140794 -0.388029877 1.303829527 2.091329633 0.656378154 -0.237466561 0.260356066
-22.764302754 -37.603820998 -1.204509207 0.641187337 0.071518333 0.331291098 0.688483940 -0.619521322 1.017291944 1.656758902 0.427266886 -0.869641761 0.058639958 -1.414291874 0.025643298 1.327313546 2.521808184 0.075151642 -0.375151799 0.126489738 -0.399592781 0.047768756 -0.664939448 -1.774325193 0.625040663 -0.716923640 0.193614406
-15.545663728 -30.042754363 4.544301743 -0.901173812 0.284651046 0.320729047 0.063185611 1.214841303 -1.882615374 -0.048251243 0.379781870 0.004085734 -1.025034509 -0.540428435 -0.295707518 -0.737086385 -1.124863764 -0.159867093 -0.169748736 -0.665903438 -0.019395113 2.367393923 -0.248922571 -0.535180461 0.714759758 -2.434624011 -0.581326163
-14.110516088 -34.709581627 -2.223693231 0.461308353 -0.377983428 -0.557248993 -0.577751409 -0.323944141 -0.732590684 -1.168799560 -0.250247372 1.076166439 0.368848017 -0.187224859 -0.936324653 -0.362921490 -1.616087573 0.216257747 -1.072097022 0.245259681 0.160945280 1.194011588 1.132569491 1.659679224 -1.239127930 -0.166839221 1.446736528
-21.533149777 -21.510529551 -0.296505254 -0.267097969 0.143540957 0.528991522 -0.792604970 0.128299809 -1.669684121 0.185727666 -0.486870581 -0.198406776 0.674638579 -0.287260689 -0.685306037 1.623801539 0.902883234 -0.895839474 -0.108034981 -0.701313350 -1.865631956 0.141968195 -0.346746763 -2.281966695 -0.837042288 -0.972233922 0.714845199
-14.655618925 -35.122428762 5.340390260 -0.468009395 -0.189151719 -0.006160445 -0.863221225 0.136809988 0.355813965 -0.189472367 0.022499146 1.001664717 -0.163786245 0.332104322 -0.266885728 0.972088212 -1.039332332 0.754976353 2.445188050 1.476359964 -0.202339273 1.636346911 0.962251271 1.056224407 -1.182195735 -0.416111245 -0.862665811
-13.631631671 -36.264624915 -3.014716759 -0.292284731 -0.402989704 0.028801264 -0.866798374 -0.355075097 1.303422990 -0.777080886 0.444800084 0.048926763 -0.826896447 -0.448558670 0.984947048 -0.845128516 0.891211351 -1.101576739 0.274839009 -0.936274006 0.021154969 0.366620844 0.440409743 -0.942286051 -0.594252327 0.644032423 -0.590157958
-15.280069658 -28.250969864 1.700128458 -0.521845521 0.443483845 -0.584104856 -0.435684346 -0.968509524 -0.657451230 0.599318515 0.108377038 -1.309150672 -0.270715980 0.337899611 0.482925581 -1.009229885 -0.093166510 0.139657694 0.940565216 0.027985099 -1.202556447 0.584396774 0.423097858 0.908353715 -1.082356066 0.511736186 -0.527424290
-20.365640717 -30.497062155 8.137485989 -0.157954444 0.373104753 -0.658115579 -0.634607848 0.895686734 -0.285113345 -0.246153847 1.459951544 -1.850853180 -0.715204729 -0.945581378 1.672283843 0.877356675 0.533262376 -0.797357287 -0.339933502 -0.664392559 0.108174718 -0.683821328 -0.661964715 -0.997709311 0.109801241 0.547325056 -0.626205658
-21.581658321 -23.733201042 -2.393158899 0.687145856 -0.317484273 0.633832819 0.159029139 0.597944907 -0.204974039 -0.147699174 2.491287203 0.746272164 0.384485077 1.636245489 1.560727820 1.146616956 0.320251107 1.009110886 -0.569212355 1.030691462 -0.297681490 3.421162747 -1.092352026 -1.231630175 -0.536790176 0.011363680 -1.452507185
-25.893459541 -35.288204387 3.217057366 -0.305342059 0.469199277 -0.819520006 0.122495817 -0.485668582 -0.365649070 0.855337682 -0.049365373 -0.500191623 -0.226586450 1.538352276 0.520441882 -0.852382762 -0.305664295 -0.474767567 -0.490952390 0.466005071 0.789521831 -1.217506980 -0.455438642 -0.077486467 0.913978724 2.413165720 2.112424775
-12.829655722 -34.757574783 0.327135522 0.727793366 -0.141378912 0.608932426 0.282010850 0.001396307 -0.265880731 0.255836082 0.723414243 -0.716035291 -1.034268895 0.583894744 1.153963248 -0.313110185 -1.927995920 -1.898638566 -0.234507364 0.910035138 0.883330536 1.022594016 0.537288644 -0.543225564 -0.662984668 0.276268693 -1.136168947
-24.928513707 -36.491899897 -1.616746360 0.497754234 -0.859491476 0.079993180 0.084357663 0.571407811 0.316977882 -0.368508572 -0.008510036 0.090630941 -0.648317602 0.265797746 0.561229223 0.746765317 -0.703099433 -0.622332808 0.694252763 -0.189313125 -0.032014247 0.850162196 0.103755158 -0.743871796 0.873069991 -0.375818273 0.017042101
-21.236520522 -28.436565950 5.707849469 -0.849522156 0.145645003 0.419067077 0.285451264 0.966823360 0.105421966 -1.558463712 0.431026203 0.422088777 -0.326694889 0.206153424 -0.533410798 0.950239341 -1.411300676 1.803235065 0.339769570 -0.209449230 0.046911993 0.954030098 1.052954189 -1.776906778 0.486484685 -1.262459092 0.534299691
-21.849194924 -31.725752455 3.383116181 0.373049012 0.907062622 0.063865246 0.184372082 1.355570569 0.832324124 -0.161339934 -1.583013607 -0.468789620 1.805908202 -0.849528122 -0.849066979 0.641128741 -1.449836240 -0.342976768 0.703064604 1.429412898 0.176912989 0.646408356 -0.818478292 -0.063475560 0.208538983 -1.230435655 0.707549571
-18.566001122 -34.884572990 -7.727269427 -0.810916962 0.245581178 -0.507968822 -0.155149098 0.327532661 -0.984865786 0.699481130 -0.450760145 0.246091912 -0.982810591 -0.944844173 0.807173190 2.074262788 -0.676848361 0.035242186 -1.421870492 -1.323782741 -0.382618865 0.249451162 0.125708808 -0.795992776 -0.397690935 -0.424788926 -0.200316224
-13.219904379 -30.776676872 1.350202589 0.771514940 0.484806172 -0.406382574 -0.067682165 0.822505933 0.685909442 -2.733251112 0.378930762 -0.589995792 0.894230640 1.512298028 -0.797676109 1.481433726 1.643848520 -1.115873301 -0.901118202 1.026101081 1.995699686 -0.965731093 -0.139705123 -0.583113723 1.959069231 -1.104622690 0.136305102
-17.716490930 -28.470477176 -10.282937095 0.585654937 -0.609167108 0.466397495 0.261528403 0.605120829 -1.166162242 -1.952024144 -2.222321740 1.539561954 0.817105444 0.559476952 0.316932580 -1.161288898 0.528093045 -0.448701580 0.156422118 1.247852946 -1.793783044 0.935536039 1.228122756 -0.852173817 -0.897853417 1.420991865 -0.022904399
-22.290514549 -31.537459392 -8.951816874 -0.060472918 -0.600039072 0.314397497 -0.733110055 -0.092255002 -0.110500524 -0.155781355 0.636583247 -0.385647277 0.965507273 0.030656816 0.393718536 -0.012179343 0.871090834 0.953770893 1.382545647 -0.414124249 0.909875930 -0.189387344 -1.459329216 -0.136457570 -0.432461016 -0.522367863 0.945717029
-11.926873497 -24.158968057 0.038743714 -0.415801139 -0.465284761 -0.177341851 0.761031781 0.317875433 -0.019436321 -0.497541219 0.156734882 0.904648524 -0.539191498 -0.743671643 1.259057764 0.027050353 -0.845354360 1.580291786 -0.005366524 -0.275797070 0.238996343 0.283718390 1.569270462 0.835724968 -1.455285526 -0.503586355 0.565685599
-23.518011897 -28.686009082 -9.472331401 0.644777394 0.564538093 0.375082573 0.353372208 -1.547533139 0.802480954 1.041797866 -1.479640179 0.133845013 -0.466831915 -0.180430891 -0.166050625 -1.183379359 0.806871027 -0.357068077 -0.230400917 -0.933794258 0.255324635 1.183916124 0.225234617 0.829036251 -0.346400363 -1.576309639 0.636784910
-15.143001447 -28.200341187 -9.311450858 -0.190153138 0.820542866 -0.142031277 0.519979140 -0.185848248 0.293508125 0.880398946 -1.658064824 -0.944481809 -1.810555806 0.974754850 0.750478953 0.652876907 1.232170847 0.186837859 -0.925838268 0.154732009 -0.857880204 1.084393076 -1.041520405 0.867082697 -0.547468658 0.234730896 0.906633112
-14.025791359 -27.504937765 0.514511436 0.304890283 0.631441442 0.712915766 -0.008644756 -0.902802681 -0.587599516 0.726737091 0.451254146 0.632605117 1.514629132 0.286263688 0.978316232 0.565628618 0.964313293 -0.013181081 -0.147849845 1.868116425 0.017809313 0.640379218 1.140431246 -0.840402888 0.607043727 -0.038807633 -1.730468721
-21.704579257 -26.962354199 4.512445392 -0.088663091 0.357914420 -0.314513427 0.874709911 -1.034783672 2.016845274 0.213816697 0.518288974 -0.264253550 0.312104921 0.874717273 0.285277342 0.512726525 0.330853574 -2.294083411 0.560835217 0.387045847 -1.023006972 -2.144633426 -0.102615308 0.342496276 0.373268824 0.384066128 -0.210145903
-10.795818000 -27.743452103 3.037425188 0.165945247 0.395573528 0.501014994 0.751643356 0.797967279 0.795477131 -0.271904266 0.564252763 -1.875296306 -0.167154395 1.584887731 -0.547212543 -0.490230594 0.963593646 -1.059676807 0.123902924 -0.827618305 -1.415187422 -0.516299301 0.388652800 0.719485912 -0.958710928 -0.338673731 -1.013892006
-15.472345091 -38.785927400 -3.130129411 -0.271950920 -0.538006381 -0.461402073 -0.650922390 -0.121942783 1.265857528 -0.363309469 -0.928503017 -0.332798177 -0.347112368 -0.025240468 0.740317432 1.050643034 -1.888542811 -0.389836669 -1.219735338 -0.858965482 -2.925783023 -0.962485910 0.587098619 -0.382779182 -0.709086015 1.116483952 0.947154803
-22.771663042 -37.151633517 2.951597958 -0.143057407 -0.340380542 -0.924656758 0.093196272 0.854655154 0.443188909 0.574808262 0.797498880 -0.884744088 -1.522149574 -1.347658786 -1.307545724 0.314375324 0.798843193 -2.364125641 0.210498387 -0.877914473 0.311076926 -2.067418215 -2.154003581 2.666533108 0.845507458 -0.336180343 1.250881336
-19.589369432 -33.174888826 5.931144281 0.809055322 -0.332811446 0.439214411 0.204344631 1.249838087 -0.364869419 0.109402249 0.335600399 -0.423638896 -0.297580802 0.916183170 2.933207038 0.279163470 0.524075205 -1.100954636 -0.100823414 0.351116973 2.371405171 -0.547848372 -0.172189374 1.190735445 0.006942243 -0.476313363 -0.769539875
-23.569567081 -35.465230329 -1.643639247 0.543036403 -0.032946822 0.676022812 0.497010191 1.198065160 0.169606044 -0.188384344 0.198696950 1.504020185 0.496239212 1.610397175 -0.653795046 1.398777380 1.818712115 0.121283948 -0.005968572 -0.887662570 0.728849806 0.048387910 1.587196845 1.650080264 -1.663241288 -1.152416428 0.003322837
-11.607869553 -24.975287214 0.612664530 -0.886309026 -0.195520883 0.280933159 -0.311936619 0.330518422 0.811493207 -0.372274721 -1.231432422 0.020673966 -0.396250162 -0.487080404 1.092720003 0.842847693 -0.622606395 1.345389105 -0.460889510 -1.844654650 0.391749988 -0.985168429 0.395020721 0.840503827 0.485126707 1.270584987 -1.653524665
-21.135579833 -36.632281443 2.717495393 -0.020059817 -0.962153720 -0.130100170 -0.238603791 -1.229912477 0.431890129 1.052694107 2.200410231 1.049943840 -0.606167389 0.332630148 1.728585683 1.500139941 1.010614104 -0.809173937 -0.370135667 0.333763247 0.862680593 0.501661264 0.426605286 -0.547643850 -0.975396446 -0.115538664 -0.880079325
-24.088304697 -31.770549454 -8.051780082 0.820205588 0.142692911 -0.273443631 -0.481798825 -0.871879270 -0.967901717 -1.395818160 -1.752384890 0.010423338 0.714486533 -0.500343828 0.999666820 1.137824676 -0.072772667 0.255927214 0.122581831 0.048367614 0.523578682 -1.131189111 1.541684862 1.844977072 0.830100705 -0.217249022 0.096897364
-15.124281638 -23.173951339 0.908816526 -0.083569043 0.287479973 0.541638301 0.785493113 0.740279532 0.356593328 0.852647600 2.667275714 0.283299703 0.662149850 1.969560029 0.841006181 -0.186785005 -0.484028310 0.471558059 0.247914217 0.722799484 1.780507497 0.051468665 1.266924186 0.378467926 1.356989629 -0.207789157 1.100871282
-13.952704607 -34.303007270 6.851480848 -0.777546052 0.592427921 -0.091484421 -0.189952354 -0.278933636 0.277520594 1.049954350 0.163043821 0.242969397 -0.629685553 0.717122257 0.359257971 -0.433732302 -0.364860477 -0.709134488 0.837470781 2.543191475 0.849599712 -0.304470002 -0.692928921 2.834566999 -0.715837808 -0.477286281 1.510910152
-11.587829680 -29.131821542 -0.408347379 -0.010256574 0.122488018 0.893733485 0.431430116 0.256897093 -1.080900441 0.187416810 -0.545065837 0.306887610 -0.922396061 0.117645143 -0.299340567 0.191723103 1.625492900 2.513932613 -1.036420450 0.221758456 1.021497611 0.996352648 -0.224185338 -0.222404891 1.113662442 -0.616053552 1.006696440
-27.671091500 -30.053009409 1.394678851 0.330243148 -0.331110603 0.459098185 -0.755337069 0.585509681 0.674566519 1.493427813 0.207907370 -0.277466691 1.127370851 0.558871381 0.557527812 1.129115197 -0.734225267 0.341045820 0.204064294 1.519706969 -2.110213265 -0.996451157 -0.813343485 0.057353771 0.264053034 1.286011829 -0.281358951
-14.936495773 -26.989970298 2.835848431 0.071184446 0.433743898 -0.826334254 0.352094741 -1.148162816 1.386664129 0.833006961 0.945246844 0.526625330 -0.359275620 -0.160735690 0.609814735 -0.857065104 0.395589035 -2.093843922 0.634795416 -0.462304061 0.426612950 1.104847792 2.462894495 0.575442103 0.436461373 -0.771902865 0.922433466
-17.042957992 -26.779536519 -3.556502090 -0.063910144 0.103468235 0.984771190 -0.124239776 0.568684525 -1.204994010 -1.280526612 0.090524346 1.196530337 0.556793475 0.492144528 -0.841349831 -0.991146939 1.608241281 -0.634841283 0.040274242 0.246955570 0.197182597 0.023612785 -0.490588219 -0.094930301 0.669708252 0.928046898 2.536352216
-20.735151402 -30.555405952 -1.585364903 0.539610019 -0.350961347 -0.758435309 -0.102093304 1.214830139 -1.099630877 1.212174308 -0.539086355 -0.548267544 0.449705780 -1.345969182 0.177844725 -0.310793965 0.916336058 -1.402823444 -1.477401735 -0.955003846 1.748433696 -0.081710737 -0.696234945 0.126357228 0.268900174 -0.045846946 0.067274370
-12.354242310 -28.510075671 -4.351545505 -0.929179626 -0.173602391 -0.251056801 -0.208465623 -0.488232373 -0.983898618 -0.089391990 -0.020608233 0.324970894 0.442745343 -2.597934770 -0.653066778 1.875045056 2.518049482 -0.188401441 0.528004046 -0.660245162 -0.258152811 0.255281840 0.763530903 -0.207785589 -0.603860420 1.286274854 -0.417697429
-17.588130945 -22.705175932 3.221835308 0.489893143 0.162465058 0.586929194 -0.623797992 -0.279944674 0.265314759 0.256380882 0.235077601 -0.603710627 -2.062962335 -1.082784013 0.256343346 -0.219078976 -0.182464930 -1.090690522 -0.148989427 -0.643860165 0.281123357 0.608677908 0.897921668 -0.144796142 -0.585141235 -0.941370822 -0.976982993
-18.160057011 -37.115058359 -7.114792297 0.384242041 -0.378646253 0.816193401 0.206913996 2.056265390 0.368629792 -0.900526537 1.949800878 1.536619515 1.265925748 -0.246550218 1.809201096 -1.338255101 0.052112945 0.626484898 1.540081476 0.238294843 -0.147465600 0.252201451 -1.158851461 -1.103414726 0.881127485 1.259239916 1.513135275
-18.675946636 -27.721821883 -5.456824724 0.272742790 -0.809979307 0.514751630 -0.067643571 0.052977802 -1.476954860 -0.456163572 0.025638602 -0.101694403 -0.347852729 0.207939913 0.153631455 1.901249966 -0.009795452 1.046226372 0.616855068 -0.467993814 0.067645277 -0.874742236 -0.400786355 0.474422505 -0.108902054 0.232436550 -0.038900932
-21.971934632 -34.167268674 -3.931471019 -0.260019953 -0.035740249 0.191957852 0.945655562 0.613965369 1.192614753 0.507764402 0.151588237 -0.712056846 -0.981237769 1.720351701 -0.555981800 1.240261638 1.251380835 -0.007636505 -0.021447492 -1.445694820 0.121580943 0.392206104 -1.145294916 0.173857942 0.233379812 -1.119629650 1.990457764
-17.211970002 -25.624410805 -7.039511874 -0.227586914 -0.029217655 -0.171919131 0.958015834 1.155618229 -0.309008538 -0.242266399 -0.362963614 -0.361620689 -0.725827274 -0.900798508 0.275331328 1.122532787 -1.880741264 -1.184883057 -0.325026606 -0.576777366 0.330727368 -1.324016062 -0.367503639 -0.450238557 -0.419291166 0.051817025 0.839155624
-13.908359433 -37.083579376 2.357173886 -0.459719868 0.382169765 -0.792254501 -0.122215870 0.121234135 -0.485874148 -1.521930461 -0.713067801 -1.011044329 -0.559078325 1.180247480 1.330391724 -0.091627165 -0.086585266 -0.337350603 -0.172866130 1.339879953 -0.102582369 1.120405136 -0.191974082 1.991577836 0.856702505 0.598239522 -0.567603217
-23.787089699 -29.897101011 -6.765929833 -0.235996533 0.427484835 0.264424321 0.831650246 -1.071325451 -0.035017850 -1.399290298 -1.305366679 -0.001250319 -2.809437879 -0.592483050 -0.643163019 0.222064050 0.522784515 0.151799002 2.122556752 -0.820950837 -1.101781990 -0.201621908 0.772148852 -0.064126430 -0.609945668 -0.984380594 2.291248306
-20.927687135 -39.141532897 1.729063838 -0.769597827 0.167394443 -0.339924724 0.513954733 -0.469392053 0.616133207 -1.882322499 0.397060993 -0.438494561 -0.901472041 -0.477709608 0.300933075 -0.912006447 -0.307179639 -0.114887856 0.250346342 0.721506785 0.369826894 -0.627087656 -1.791897859 -0.899699520 -0.716772810 -0.040143822 0.035208892
-27.063990454 -32.451905082 -4.962845227 -0.487722484 0.601605571 0.607971439 -0.174837766 -1.676302531 2.109331964 0.142254477 0.067991578 0.061378010 -0.609732491 -0.214008355 -0.413849960 -0.124181658 -0.512713345 -0.635364718 -2.726213637 0.165230746 -0.284442410 1.886388382 0.839911913 1.233274086 0.732252342 1.341233443 0.181364268
-15.608227005 -38.540283293 0.811711264 0.274475769 -0.083056338 -0.456170433 -0.842421054 1.462531585 0.097265663 -0.913086177 -1.475323854 -1.043318361 -0.037511178 0.374650335 0.159552156 -1.291575754 -0.611681520 0.462139303 -0.440859984 -0.969102432 -1.570694250 0.120724007 -0.163867187 2.784963659 -1.025177811 0.247836238 -2.168738034
-9.622401483 -28.205544627 -4.199519706 -0.424022269 0.291609068 0.101606186 -0.851378558 -2.227527024 2.147850061 0.863836822 -0.900250288 0.897007256 -0.611832960 0.265594955 -0.634320887 -0.442129909 -1.019131289 1.049247596 -0.252228201 0.454896069 -0.556090870 1.627129104 -0.167769742 -1.132065632 -0.186632203 -0.158811001 2.058506894
-19.577433541 -23.789274994 -0.100765436 0.569137235 0.553288512 0.608143219 0.010791491 0.897470281 0.419309342 0.221478222 0.582804926 -1.449164848 0.181864357 1.055515217 0.772907734 1.032327635 0.752008203 0.240077349 -0.880464133 0.901932498 0.992396955 0.816060875 0.148821887 0.834805254 -1.664742056 0.804874183 -1.211296153
-10.543192225 -29.581900813 -0.662932020 -0.450380891 0.771767576 -0.096648462 0.438395867 -1.588811786 0.011426510 1.382625203 0.223375804 -0.642267031 0.141596966 1.164713122 -0.050256306 -0.030903313 -0.007205858 -1.872728531 -1.404258344 -0.421331276 0.487837684 -1.145769160 1.521417148 -0.353666704 -0.147515527 -0.386716010 -0.256965193
-22.868060437 -32.646353198 -5.490393302 -0.576759920 0.083172465 0.785167576 -0.209623983 -0.216169741 0.200285755 -0.898790887 1.048885244 -0.114532079 -1.556169510 1.253173463 1.154262925 0.731319431 0.648540182 -1.767206523 0.530439275 0.638763254 -0.600266204 1.163766124 1.420009855 -0.117960073 1.120076689 -0.223627526 -0.438446617
-21.462040363 -25.152726076 -6.102217708 -0.195033811 -0.549638786 0.695175048 -0.420226927 0.333621542 0.742758665 -0.984300932 -0.719463922 0.553077895 0.924180094 -0.929842489 1.105936769 -0.132950886 2.474197170 -0.374008900 1.428450732 0.771182494 -1.303371754 -0.811772960 0.085377885 0.688791830 -1.169963129 0.338881972 -0.157501474
-15.265866138 -35.484262698 -7.802035036 -0.932255884 -0.190508747 0.016291423 -0.307148130 -0.807159517 -0.784624089 0.023976023 -1.189246821 -1.639537732 -0.533084181 0.101915470 0.362714473 -1.027876257 -0.288209012 -0.388888240 -0.826587507 1.665276155 0.315885940 -0.177069346 0.033773960 -1.000729087 -0.358813991 -0.281930207 -0.632849374
-18.290802490 -31.429752182 5.792971593 0.131341685 0.416494331 0.310999767 -0.844133271 0.301984051 0.456028655 -0.302518959 -0.714474709 1.115631757 0.487341854 -0.811327679 -0.334085103 0.706757970 0.577156548 2.120473540 0.236534738 -0.542008126 -0.304161109 1.510384724 -0.446701927 0.148627179 1.297840921 -0.285694968 -1.898897168
-18.007437468 -26.404830318 -2.686358858 -0.741726256 0.600851598 0.241801397 0.174217115 0.539123133 -0.764305155 1.918607011 -0.327719662 -0.790880596 -1.586342879 -0.152826865 1.159800030 1.513962577 -0.429553471 -0.125426965 -0.328953249 -0.939831615 -1.380074983 -3.246988370 -0.523901417 0.937381763 0.445044552 0.050910830 -0.506867740
-18.619756310 -34.316679451 -6.416715444 0.111030890 -0.687223066 0.030151143 0.717277846 0.322174328 -2.043677233 -1.134969183 2.814235505 -0.852698358 1.162204904 0.688936545 -0.530619540 0.846178438 1.612949955 0.080805007 0.279785986 0.196538308 -0.456675254 -0.864554672 1.204184567 -1.146770234 1.106151050 -1.225568960 -0.284585219
-26.886786669 -27.171518066 -2.221666511 0.746992243 0.070853989 0.288129038 0.594948703 -0.338332430 -1.568285813 0.098212812 1.150976624 0.641185500 -0.635383944 0.715885302 -2.619850081 -0.253379290 -0.318867560 -0.894823575 0.090146706 0.775027760 0.496736760 -2.257725944 1.542722758 0.689969002 1.131374350 0.480930639 0.730053383
-18.037084495 -35.501857315 3.102508191 -0.142400442 0.865100758 0.163985390 0.452141111 1.281453398 0.179884819 -0.567451253 1.951704276 -0.690183382 0.087687434 -2.503128903 0.548848797 0.295778214 -0.602168721 0.439829261 -0.826208817 -2.228680319 -0.880071102 -1.032907885 -2.945246666 -0.147776547 0.377195728 0.140912358 0.311487721
-16.717238892 -35.693045736 6.340645253 -0.569729232 -0.311064300 0.662615492 -0.373615193 0.246567057 -0.066689931 1.917364567 1.092261746 -0.083062497 -0.531860407 0.952990576 -0.473087970 -0.164474845 -0.233985791 -1.564090750 -1.548873977 -1.288513069 1.196092559 1.133201298 -0.902242431 0.240291231 0.655234385 0.019292027 -2.058924917
-9.255072438 -29.790967867 -0.312075436 0.043480740 -0.209194171 0.909864637 -0.355659340 1.766590401 0.683186899 -1.225065860 -1.313973979 -1.115741200 -0.904377160 -0.654495042 -0.354377718 1.441471969 0.452661106 0.025214999 -0.676039403 1.010001696 1.001103774 0.753609924 1.308577870 1.895492260 0.926159680 1.498878850 -0.837957814
-13.056423204 -26.186796543 -1.071314048 0.791821440 0.569629168 0.004104070 -0.220282944 0.545624609 -0.600864837 0.648456085 1.132534609 2.568295715 -0.752734650 -1.663090951 1.172017444 0.450304349 0.834433397 0.467077963 -0.244173404 1.741214040 -0.402937030 0.851854010 -1.493901799 -1.133309919 1.201153291 -0.601214387 0.256650763
-23.033806051 -33.997767906 -1.135838241 0.096142185 -0.541729184 -0.824300979 -0.133469350 -0.321168348 0.343831813 -0.207562699 0.042585919 -0.330935122 1.155151539 0.404155966 0.709170476 0.155562060 0.216525839 0.251149076 0.034759929 -1.301649900 1.797220663 0.519868297 -0.743318254 -1.553967669 1.954536017 0.268663423 -0.548093796
-17.696281309 -23.799730229 -1.680713906 0.139009506 0.535650540 -0.093731020 0.827628753 1.255328529 -1.284360112 -0.511299987 -2.135371230 1.447640261 0.429238621 0.540946788 -0.071196151 -0.617680525 -1.263658134 0.713980722 -0.899996020 0.395467153 0.692962202 1.285695157 -1.200657372 1.767856137 0.384298906 -0.626595210 -0.209422763
-25.903750067 -36.682418420 2.036118215 -0.105887035 0.359413810 -0.005081541 -0.927137437 0.849709882 -0.708141510 0.385614216 0.937326651 1.475147272 -0.925677107 -0.020372266 -1.371855145 1.665403767 -0.400424205 1.239762989 -0.591657585 0.977070760 0.518230163 -0.437356427 -0.821517228 -0.199391258 -0.277198532 0.674167907 -2.208806822
-12.349000110 -33.590401318 -0.079868870 0.602175712 0.510604248 -0.141648052 0.597162912 -1.123073562 -0.213172953 -0.162199242 0.451377148 -0.692124887 0.268605433 -0.291980649 -0.128144038 0.738132623 1.063428358 0.493507792 1.425233059 0.032699746 -1.170777643 -0.143569845 1.518886438 0.733173493 0.144350338 -0.241443564 -0.362341415
-20.643732931 -33.975613289 5.524998924 0.240951652 -0.223162008 -0.791830440 -0.514922881 -1.325166529 1.013430806 -1.069182955 -0.092662358 0.669181820 0.302630917 0.818867390 -0.195728880 -0.641994662 -1.834063887 1.484121339 -0.253790301 -0.954885998 -0.098664861 -0.220487487 0.261743303 1.788828171 1.969174172 0.107073630 1.999259899
-21.127110643 -35.742417168 -0.487434929 0.834083974 -0.186099441 0.515625066 0.061658040 0.148328273 -0.361823154 0.356585780 -0.619809937 0.373290179 -0.455856528 -0.612664851 -0.005348654 -0.428160471 -0.516230876 0.910534922 -1.346204274 0.116716209 0.301026944 -0.281063124 0.572425700 -0.951892988 0.917668884 -0.916040734 1.807019157
-10.192382269 -31.654557802 -2.443828296 -0.030271404 -0.761830677 -0.638941489 -0.102232258 1.376777217 1.640619524 0.096462158 0.678802349 -1.260310309 -0.302882392 -0.607563110 -0.942035689 -0.820040186 0.581756731 -0.448008629 -0.738287432 -0.250867810 -0.724822651 -0.467931038 -0.821207296 -0.454008751 -1.559170803 -0.342793542 0.075335144
-19.407536358 -24.009964277 4.513239707 -0.201573699 -0.945757145 -0.206052501 -0.149846031 0.521980825 -0.903373425 1.239872993 0.268426186 -0.119510976 0.952957227 -0.498397994 0.391225948 -1.731686941 0.865632382 1.221583543 0.994398299 -0.826721928 2.078346043 -1.204822384 1.196004057 -0.024526409 0.187929025 -0.350922822 0.971405530
-21.359516476 -30.265957589 -4.193971365 0.131928156 0.810074230 -0.546437007 0.166677234 -0.701698811 -1.098793165 0.431160399 1.739547012 -0.332802247 -2.202427133 1.467273407 -0.729262664 0.869220931 -1.672442632 0.352444534 -1.060225847 0.744776585 -0.797024837 -0.304954599 -0.243367014 -1.027588378 0.354591537 -0.631312693 -1.557432586
-21.383313813 -38.794166704 2.561931573 0.339938989 0.777491942 -0.087113640 -0.521880233 0.080169993 -0.315503861 0.420206229 0.197364738 -0.048135778 -0.275682802 0.068739814 0.437627400 -0.345283873 2.335504303 -0.750706980 0.787074001 -0.212767805 -1.831657639 0.414916377 -0.297182436 -0.053701367 -1.161093941 0.931029268 -0.107520387
-19.008752805 -36.983729813 5.163445264 -0.611310922 -0.540781604 -0.508034099 -0.275237292 0.026788952 -0.509900722 0.209358574 0.582427117 0.477990748 0.152071109 -1.159865198 -0.483732525 -0.613829499 0.539938083 -0.430828954 0.163035981 1.446917747 1.737557576 -2.079154167 1.294668608 1.054440240 -0.232957358 -0.479094046 -0.150152558
-25.626293520 -24.581976752 1.741673448 0.197903671 0.818897860 0.114199103 0.526496911 0.108289873 -1.450110424 2.099446645 -1.181410533 -1.024934918 3.799964210 0.429782005 -0.371768822 0.416368894 -0.363265719 -0.252217333 0.273967312 -1.142283933 1.286421622 -1.337327070 0.641018798 2.170609509 -0.779897966 -0.443444747 -0.412571660
-19.219813386 -26.000078495 2.629258631 -0.801412293 0.493171105 0.190056113 0.279998699 -1.000558970 1.158908229 -1.351156391 -1.066650646 0.053226262 -0.304462069 -0.424005519 -0.019845614 -1.800483221 0.122513648 -1.847164670 1.655524642 0.399032334 0.712488550 0.534867700 0.124230152 -1.915453278 -2.006219156 1.235054647 -0.654803629
-19.143840546 -34.790308902 6.529977292 -0.488646108 -0.720167341 0.397321066 -0.291066921 -0.071698762 0.173386297 1.904952390 2.058420379 -0.368325711 -0.256725591 -1.073414552 0.966711317 -1.392945206 0.305085934 0.731495387 -0.613576399 -1.860931143 -0.918196928 -1.380852142 2.109544364 -1.836114205 -1.125598621 1.625373086 -0.455456417
-27.189844137 -31.161200235 -2.127213151 0.147776646 0.329183029 0.138338126 -0.922314024 -0.105248301 -1.270843621 2.187795674 -0.843291664 0.212146082 0.877500470 1.032161405 1.420322488 -1.479191850 -1.590300347 0.165147515 -1.988862722 1.339403437 0.671516355 2.789831510 1.398332537 1.914522124 1.376635269 0.895297348 -0.107481534
-17.322788223 -21.344209815 -2.516197161 0.499288018 0.031347215 -0.115226546 0.858167624 0.784794490 -0.258989651 0.528332224 -0.129188659 -0.289918369 -0.501631692 -0.395918184 0.187916268 0.920240558 0.563320818 1.126201083 0.152549785 0.522607761 0.204654662 0.326006911 0.459282835 0.841373604 -0.578710564 1.556681212 0.003122075
-17.827290362 -38.975547354 0.840155058 -0.650442311 -0.020582604 -0.090049644 0.753917912 -0.640119093 1.215012446 1.034444050 0.277158826 0.611047639 -0.674020507 -1.195402708 0.554579613 -0.018924091 0.004471078 -0.739277846 -0.124959189 -0.244179817 1.290557265 -0.308205339 -1.039340735 1.868684499 0.825599100 -0.538785726 -1.003334572
-13.749308470 -28.045135018 -4.183163239 0.123472286 0.167542096 0.571797842 -0.793556216 -0.854829215 -1.382512693 -0.402357313 -3.219092871 -0.153465256 -0.531183660 -1.850835756 0.068796260 0.159043879 0.683424296 -1.700809990 0.053402406 -0.103894499 -1.404942953 -0.773960926 -0.081331608 1.056772688 0.698336148 2.106807151 0.044836348
-24.289311686 -31.954463668 0.564827939 0.093717823 0.124548017 -0.358934289 -0.920255908 0.932168897 2.312061773 -0.084172448 0.577390445 0.340807239 -1.475560119 2.017560211 -0.089890787 -0.819742598 1.636371521 -0.242046487 -0.977431754 -1.807090727 -0.715955146 -1.281323483 -0.918227616 0.379855719 0.021709724 -0.697929760 -0.940867726
-12.019126917 -30.825444269 -4.495705198 -0.256444839 -0.668515917 0.573845042 0.397522806 -0.541004665 1.521114612 0.369276977 -0.549228098 0.369036831 -0.164644436 -1.245806534 -0.141051508 -1.323233772 -1.247113445 -1.715691871 0.135836316 -0.719563472 0.001135653 -0.114595809 -0.377469925 -0.151194529 0.907073934 0.879430067 1.811819005
-15.187705896 -30.172903784 -1.453787449 0.350873882 0.888761507 -0.162177784 -0.246351109 0.195416641 0.840517310 -0.506170660 -0.332457355 -0.466932780 -1.274706373 0.045760189 -0.830348957 -0.958856651 1.674250990 -0.001869981 -1.852878862 0.759312790 2.102221037 2.385181061 0.229858688 -0.191808719 -1.384400828 -1.200542882 0.861600474
-17.951117363 -22.376852558 -4.526868109 0.643186199 0.161969133 -0.737797168 -0.125430668 0.033353744 0.562999171 -0.098988354 -0.117205952 0.331356889 1.483025176 -1.112752051 -0.777084305 -0.876031087 0.315475303 1.450551634 0.082375915 -0.762220035 1.461709268 0.412833539 0.006411284 1.352182493 -0.414184107 2.623522142 0.103524161
-22.737574229 -32.904167633 2.013235701 -0.156888781 -0.751106220 -0.445391522 -0.461358589 -0.046374165 -2.555638405 -0.604254673 -0.401760757 -0.227803233 -2.076058018 0.248538877 2.023681279 1.794121176 0.811926385 -1.746236690 1.110300248 -0.005387211 0.372121183 -1.492143425 1.471237990 -1.597286473 -1.167206355 0.212254785 -2.473245832
-16.402357756 -39.575984690 -0.668948435 -0.166064947 0.152774691 0.895490110 0.383640184 -0.348337277 0.714463881 0.260340186 -0.221092935 -1.475611416 1.404322546 1.350272046 0.581719134 -0.634984072 -0.329721612 0.294869573 -0.457682098 0.481173976 0.578644452 0.562904936 0.294759120 -1.719234033 0.324332185 -0.314668177 1.055881601
-16.639215776 -36.177012231 -4.341071950 -0.108480526 -0.426974930 0.247913292 0.862822916 -0.370921332 -1.782816156 0.252780664 -0.381031716 0.223923148 -0.035579130 0.928425306 1.333995211 0.490467013 -1.032711609 -0.156576203 -2.185492375 0.166925275 -1.121656860 -0.196203136 -1.219707115 1.374520565 0.755315793 -0.732765543 -0.326666653
-14.969851772 -37.997181125 0.894414439 0.369929952 0.451132207 0.641118602 -0.498596531 -1.416612856 1.555248418 -0.403909667 0.968703273 -1.706783831 -0.821562710 0.165049520 -0.299047137 0.109836864 0.497424286 -0.862744074 0.951855532 0.621858337 -0.806032632 1.147580809 0.434971421 -0.816114115 1.277047302 0.047028433 0.557925357
-14.962424021 -26.599625802 0.268693914 0.031309938 0.687906170 -0.691389830 0.218597557 0.313474295 0.220037511 0.894025465 -0.211922692 -1.337025174 -0.761638149 -1.167003021 0.697029428 2.036177437 0.391018972 1.458708503 -0.282933860 -2.323137910 -1.456620504 0.656939809 -1.993685525 1.265499422 1.150197500 -0.219584816 -2.763094913
-24.233751800 -31.750863209 1.233798022 0.657371257 0.166919907 -0.171187958 0.714629595 0.908166911 -0.261364488 0.951720701 0.955874703 -1.471160433 0.266551566 -0.056688596 -0.378346435 -0.569874055 -0.446724798 0.668562506 0.119629272 -1.772193114 -1.675556955 -0.385066956 1.976591102 1.890452785 0.099881088 0.120988417 0.118053189
-24.660008187 -26.025460735 1.629597718 0.325257475 0.577818972 0.087667617 0.743402448 0.585407651 -1.125029712 1.233363413 -1.896018186 -0.772604470 1.721284956 -0.689787955 -0.396001025 1.082594862 2.059781042 -2.103920490 -0.595132276 0.065249682 -1.401206423 0.371464822 0.124336628 -0.250296119 0.350126228 0.279322273 1.097468797
-18.108623344 -35.322632297 -2.770007079 -0.471971781 0.533606558 -0.701655142 0.013665330 -0.225840775 -0.807935038 1.701275363 -2.240272617 -0.140292579 -1.566647684 -0.385710345 -0.330916179 -1.018946402 1.357776836 -0.330848676 -1.130031215 -0.830659498 1.016579681 0.662792681 0.489775593 -0.774746294 0.696499541 -0.631215086 1.109245492
-22.984001164 -28.505583491 1.827198729 0.473084089 0.152987721 0.764312596 0.410624472 -1.533241644 -0.551695334 0.350561103 0.537015691 0.410956606 -0.520934902 0.714880059 -1.406915959 -1.364480589 -0.674204361 -0.603694839 1.860419162 0.820347888 0.733390437 -0.891489647 -0.301941379 -0.492944320 -0.175857476 0.388101364 -0.624319550
-19.360710877 -35.868105879 -4.654073232 0.142533053 0.289244909 0.519368149 0.791377557 0.700812789 1.136891725 1.545611142 1.001239293 -0.179075087 0.030832355 0.335738025 0.379193707 1.689133050 1.462604013 -0.155273009 1.516732588 -1.214915312 0.953179463 -1.588653357 0.047163062 -0.549868793 -0.336758443 -0.538216447 -0.189729365
-23.690342820 -37.362629634 -1.732617072 -0.319010947 -0.183144654 -0.691032356 -0.622225308 1.476205874 -0.667606363 0.767608804 0.987375544 -0.081018152 -0.968629934 -1.740832274 -1.108785193 0.306200133 -0.885648385 2.308150658 -1.151386198 0.567171238 0.820654547 -0.627070572 0.098181794 1.068975085 0.482220185 -2.733132412 -0.539616060
-24.809244287 -35.990220324 -6.913656849 0.876444448 -0.053825358 -0.254448261 -0.405220980 0.373762927 -0.168519226 0.127816944 -0.811436485 -0.261546604 -1.103941386 -1.657443512 0.125174983 1.028869632 -0.708450916 1.516109913 -1.210568242 0.523493793 0.810140051 -0.500545601 1.537618667 0.601673439 1.700423348 1.737023414 -0.478298032
-21.505711367 -30.728962856 5.092855368 0.742605623 0.150840649 0.004132488 -0.652508169 -1.290000715 -0.202050883 -1.410307221 -0.887028233 0.059226782 0.121220909 -1.738341163 -1.094621076 0.948308743 -0.625011933 0.399453137 0.192089826 1.190578763 -1.117537316 -0.433344343 -0.973061669 -0.298421213 -0.291724462 1.085885083 -1.524360465
-20.946702741 -33.789998349 -5.129115595 -0.113005861 0.912556663 0.356604803 -0.165236276 -0.409083210 0.117907314 1.597557713 0.067255382 -0.728336465 0.992754819 1.488302849 0.024807425 2.554016086 -0.912664245 0.009147414 1.556806118 -0.581621504 0.584783296 0.468430911 1.527815356 0.685585599 -0.373539045 1.675530860 -0.831373123
-12.446974140 -31.363278934 -0.306079549 0.061556307 -0.503050933 0.827862013 -0.240406049 -0.450786645 -0.764818198 1.542532637 -1.007312075 -0.403611696 -0.447166157 -0.460807674 0.451936349 0.331397972 0.529032535 0.845337572 -0.004734021 -0.430034557 1.310055728 -0.290443851 -0.217359934 -0.928222392 0.419073099 -0.188133247 0.450036993
-24.459451475 -25.762828842 0.129000469 -0.196940316 -0.712251771 0.203425257 0.642285055 -0.712116863 0.576230081 -0.107419885 -1.006722055 -1.912653806 -0.345227838 1.357378095 -0.590539622 -0.017458432 0.175101819 1.050903399 0.396568399 1.854858124 -1.504495795 -0.911537093 -0.283505058 -0.506268932 0.604391907 -0.932926717 -0.984503923
-18.504778518 -23.200749507 -5.648808562 0.395001910 -0.289264262 -0.869988549 -0.058477373 1.153167930 -0.459988624 -2.101346379 0.353211020 -0.919655521 -0.677616582 -0.614144600 -0.103185777 0.281664831 0.830473861 0.014357288 -0.577608032 -0.926989775 -0.770069506 0.217418591 -0.802523419 0.071318175 0.067902734 -1.123327727 1.168196142
-26.289727250 -34.241774707 -4.102036642 -0.903799475 -0.167421172 0.352493119 -0.175685121 2.278713986 1.299761980 0.008534221 -1.097592060 0.348644452 -1.273662548 1.337928258 0.756162065 -0.773622316 -0.647196841 -0.892147742 -0.997416119 -0.345049713 0.289884747 0.448439136 1.137592434 -1.227504614 0.824475227 1.966517330 -1.462970684
-19.322488141 -32.749555726 -9.267072827 0.088540229 -0.093693965 -0.083940579 0.988097186 0.390776926 -0.417623560 -0.022273507 1.964089404 0.429683769 1.178486753 -0.017365079 0.489802019 1.737366234 -0.975436030 -0.417882610 -0.095556432 0.611336660 0.799028285 -0.582816605 -2.469849478 -2.268886315 -1.832794980 1.134183454 1.722832963
-17.206200363 -38.314184302 -7.001732312 -0.488423667 -0.815939939 -0.186992710 0.246410357 -0.585297948 0.271759656 -0.700793809 -0.858431405 1.705987475 1.187335102 -0.391592022 0.788413801 1.160969841 1.271668115 0.358360435 0.359012451 1.328018909 1.165735602 1.909921044 1.729268990 -0.857960879 0.154818383 0.186368052 1.213256991
-25.396079122 -35.312083886 -7.136497704 -0.820421024 0.568028119 -0.065031510 0.004929653 -1.323026015 0.970170371 0.365773928 0.920664063 0.033010107 -0.770381932 -0.841093558 -0.883442391 -0.532863157 -0.526630028 0.164681797 -0.550096047 -1.638380813 1.157555318 0.709061490 0.828097464 1.080639115 0.867296097 -0.229067072 -0.509835460
-20.173744859 -21.264069305 -2.021068063 0.653488531 0.501396119 0.544083614 0.159773880 -0.570843317 -1.261458073 0.629811200 0.523408571 1.083695618 -0.399396848 0.989629123 -1.212995577 0.493038360 0.335705632 -0.402672065 -0.435177008 0.091250996 1.019237803 -0.665253657 0.747758803 1.079998860 1.025680161 0.252298373 0.570241269
-26.864673805 -32.919442302 -6.124046851 0.189382141 0.492788456 0.082743565 -0.845249930 0.369708615 -2.075083252 -1.128480953 -0.757105345 -0.180061576 -0.881103719 1.240967353 2.069835252 0.568658123 0.982323794 1.115049861 -1.273221083 0.818599373 -1.253070361 0.752031292 -0.050428975 -1.220672787 0.203382281 0.330264833 0.144727835
-21.121505428 -23.280536573 4.304449534 -0.265305229 -0.770025821 0.484048424 0.319953893 0.540128216 0.233280798 -0.706838712 0.067416414 -1.642503262 -1.548315321 -0.526696088 1.984728705 -0.019571245 1.393891032 -1.267808194 1.509479498 0.552963785 0.608120583 -0.537171700 1.132154598 -0.385259541 0.591133003 -0.470575683 0.403755119
-21.359060586 -25.447834728 2.941585530 0.656567397 -0.443130622 0.368291467 0.486740074 0.416907363 1.985943913 -0.656796715 -0.038436003 -0.606183833 -0.066323134 -0.293920118 -1.108981276 -0.419431314 2.175166947 1.724595758 -0.698275977 0.664423647 1.203967828 0.238459613 0.915642682 0.311344851 -0.872287493 -0.146850299 -1.539680554
-24.341260301 -37.065508078 0.294101028 0.178233179 -0.422703982 -0.303658786 0.835072224 -2.831175309 -0.917165455 0.058232729 -0.470489909 1.176380224 -0.704734809 0.770090061 -0.383833310 0.069669565 1.008450464 1.220627926 0.288966710 0.121576814 -1.143053393 0.082262741 0.771987409 -1.014310316 -0.454573285 -1.361537766 -0.911669592
-14.949908654 -34.082300234 -6.926636143 -0.220240188 -0.539341908 0.151539646 -0.798523826 -0.977494617 -2.328821115 -0.295738490 -1.446838705 -1.735380727 0.026257968 -0.304704449 -0.096658397 0.053325521 -0.859221375 0.696060216 0.565430982 -0.862633699 1.338359619 0.574659100 0.226227390 -0.056154557 0.464536956 1.862003694 1.138465103
-17.264552394 -30.279017900 -6.404235662 0.754796493 -0.285392361 -0.572954372 -0.143376223 0.497507401 -1.152014228 -0.291744919 0.653828418 1.434279148 1.431516465 2.087338484 -0.805241323 -0.353666151 -0.020490023 -0.658437539 -1.454512389 -0.565354635 -0.042542973 0.787380895 -0.039382875 0.278678751 0.800492028 0.994846364 -0.420161115
-17.340703481 -32.622308540 -1.625629478 -0.064828140 0.290386779 0.725405288 0.620693160 1.989495164 0.275332696 -1.659927485 -0.260028098 0.241506211 2.038881258 -1.900961817 0.364427498 -0.182711358 -1.320546200 1.361910274 -0.145481672 1.670634543 -0.583507922 -1.506339551 0.257996021 0.752819043 -0.227434861 -0.628599228 -1.339306012
-14.563824763 -32.101137173 -0.130527451 0.531825057 0.830734933 0.074633546 0.146531275 -0.775598934 -0.203090674 1.105590809 1.034593950 -0.747134446 -1.003671843 -0.633257472 0.641548054 -0.134005580 1.008006961 1.762902444 -0.277272867 0.594413154 -0.798839856 -0.269346356 -1.991507793 -1.881999534 -0.742308534 -2.116680335 1.199289309
-14.783070510 -31.880835895 6.147050238 0.575069630 0.007570465 -0.716433211 -0.394919058 -0.020772093 0.280920251 0.847005265 -1.766640975 -0.995560512 0.784590351 0.967977271 0.256244635 0.401862163 -0.099329801 1.139275720 -0.287813743 -0.684806269 0.589978250 -1.068827983 -0.746535538 -0.086621738 0.253146461 0.011379876 0.924394678
-11.808157187 -32.896457174 2.940251778 0.391368574 0.480830514 0.599851772 0.505777132 -2.008719356 -0.163117377 -0.007417678 -0.703980366 -0.505039065 0.521007815 -1.171419697 1.174591168 0.555559163 1.434177382 -1.607593997 0.961307768 0.511432061 0.260799713 -0.543320878 1.161429436 1.552687382 2.267144373 1.403544810 0.779141892
-18.849754127 -32.228142531 7.465105505 0.079531527 -0.548443931 -0.143164769 -0.819992585 1.311239709 -0.863651074 -1.341468718 0.488269181 0.040540256 1.601318148 -0.000689811 0.973347021 0.903028003 -0.598943791 -1.047722045 1.030270082 -0.124057112 1.296697598 0.719791047 -0.109214828 -0.481463246 -0.201255560 2.358587730 -2.376394490
-26.616326266 -31.812692596 0.396956816 0.237097885 0.760793251 -0.550574057 0.248689425 1.568999432 -1.576811927 -1.653056068 0.326133175 -0.121616966 -0.453533630 -0.682495142 -2.075402809 0.461148788 0.328860906 0.034531107 -2.007376984 0.198322424 0.344554800 1.736192674 0.093523690 -0.141865251 -1.823737818 1.977194971 -0.363197387
-22.224595096 -34.564328804 -6.141771763 0.359240674 -0.682306306 0.149566728 -0.618897436 -1.671690973 -0.936498854 -0.243412662 -1.186626031 0.166009708 2.350621565 -0.330126369 -0.761530575 -0.778996344 0.443688020 0.194456433 -1.156907061 1.271296052 -1.286749698 -1.061290047 -0.386609753 0.577380097 0.263982519 -0.354580552 -1.198447155
-27.863685865 -32.184208864 -2.753345859 -0.430236170 0.531266789 -0.171113550 0.709487554 0.112526835 0.229784620 -0.065670351 0.695386685 0.782038087 -2.046297705 1.180250514 1.247555897 -1.769927223 0.023975187 -1.567865404 -0.396857183 -1.039285941 -1.157522039 -1.561780611 -0.075635503 -1.132919501 0.487256361 -0.020461037 -0.489078192
-22.224839461 -34.539410530 7.223092632 -0.313585570 0.779942847 -0.510455090 0.181076910 -0.288710817 1.336291161 0.407981161 -0.102288883 -1.233357662 -1.229622792 1.113759121 -0.561226720 0.145258156 1.005851453 -1.129457783 -0.581805457 -1.362660667 -0.039495293 0.025004111 0.826189576 -0.117769774 2.637182637 -0.583755253 0.744294793
-13.333279980 -32.667413674 -8.811558315 0.552668890 -0.151693582 0.798184380 0.185601321 0.279205215 1.997015533 1.252890934 -0.845312020 -0.346774108 0.212170975 -1.073387437 -2.420389388 1.319103999 -0.052329608 -0.009120621 0.868502756 1.016479514 1.204288828 -1.266845986 -0.818890249 1.433798795 0.550084821 -0.067851891 3.534029219
-14.745909407 -25.656892888 5.688294999 0.505754099 -0.862490022 -0.007586046 -0.016315793 0.478857232 -0.000918212 0.389725464 0.816401141 0.624586928 -1.906975757 -0.284530744 1.037173234 0.192695407 -0.235068025 -0.285659456 1.356562602 -1.488807557 2.303045829 -0.229911291 1.464920688 -0.380906796 1.683869403 0.640885996 -0.503985066
-11.327505792 -26.858697496 3.908830916 -0.906508182 -0.022970090 0.352518151 -0.231184438 -2.173722177 -1.244855858 -0.043857937 1.387661912 -1.699699076 -1.223103219 -0.230739202 -1.168661093 -0.488216415 -0.974524021 0.587902351 -0.562016966 -0.775519583 1.702727156 1.675731676 0.213659394 0.062219624 0.569457293 -0.913891343 0.265865350
-18.824600953 -33.041620706 4.012503598 -0.560103218 0.289901557 0.432611740 -0.644273665 0.884220631 0.215275562 -0.266196067 0.429009689 0.540577480 -0.082984016 -0.011935192 -1.084066702 1.252968420 1.151866964 1.329978950 0.179777966 -0.366689524 0.711200751 1.541524111 -1.939576895 -0.423666844 -0.284467907 0.322792316 -2.170182506
-16.328178741 -33.716755369 6.893637823 -0.917017596 0.189737193 -0.106015035 -0.334423891 -1.033712659 -0.554365215 0.867667718 -0.511533656 0.127421204 -1.509231154 2.004592190 0.244318362 -1.153699913 -0.699538324 1.189421580 -1.244147432 -0.763560485 0.372819874 0.494742898 -1.273354163 -0.235215144 -1.186238391 0.087713407 -0.605355954
-17.512471380 -35.925226218 -3.004538175 -0.469161730 -0.492148974 -0.715146485 0.161994332 -0.643483474 -0.690726760 0.767484259 2.603202610 1.438499415 2.213571124 0.885872870 0.016936745 0.337086724 1.210375906 1.149500519 -0.356015354 -1.708136523 -0.193213115 1.942010159 -1.460987987 0.130530812 0.314140544 -0.413032769 -0.424877730
-19.784355030 -33.323505562 2.126907628 -0.260022325 0.455463298 -0.748562794 -0.405703486 1.473903218 0.088830483 0.197577887 0.013964696 -0.018604631 -0.135853415 -0.784821233 -0.723270000 0.916098919 0.663166978 1.768730210 1.347752449 -0.342711120 -0.134517461 -1.379149405 -0.002221680 -0.808126016 -0.175052772 1.331205896 -1.344310617
-16.193018139 -33.075537937 -1.586604625 -0.128565484 0.342671549 0.174540952 0.914102063 -0.424616571 -0.612543594 -0.010270411 -0.355289542 -0.849389124 0.575748857 1.141796062 -0.666894461 -0.576875241 -0.828324998 1.310531339 0.092126351 -0.586086556 -0.960603817 -2.238892914 0.395316537 1.639803588 0.662096923 -0.182641889 -1.069916065
-19.189941691 -33.770031158 0.233411025 -0.469051539 0.396151774 -0.114853288 -0.780937352 0.781794377 0.004658168 0.529124205 0.220335768 -1.102163396 0.373151099 -0.843359042 1.612805547 -0.985874341 -0.561302075 0.211827781 -0.439705877 -0.236991679 1.086144184 1.438196976 1.431305603 -1.373316045 1.173218667 -0.214562760 0.991739075
-14.814550558 -26.170314574 -1.870543632 0.161834514 0.684205554 -0.362149440 -0.611980500 -0.214682102 -0.271511105 0.423726071 -1.287520618 0.065856152 0.874242523 0.428464182 -0.084491037 -1.100988865 -0.358839926 0.874390539 0.116764885 1.110914576 2.085249285 -1.477802345 0.766169061 0.594339227 -1.898144444 -1.895905327 -0.053012234
-17.768165849 -30.007079271 0.172158962 0.249268275 0.191301501 -0.488845008 0.813817929 -0.716351292 0.762762315 -1.002399595 -0.538867796 1.414146889 1.343076430 -0.664701258 0.241919165 0.284229944 0.388231164 -0.517336280 1.079598563 -1.552784136 -0.271270477 0.490971598 -1.854179815 0.986749000 -1.529346622 -0.273965076 0.794968580
-12.071889851 -32.142364789 -0.997060178 -0.377792707 -0.585875707 0.404098277 -0.592222010 1.076230999 -0.099541249 -0.134567309 -0.945568352 1.623361765 -0.168194607 0.499468063 -0.708126554 -1.476693109 -0.392836254 2.306621093 0.572961460 -1.302278460 -0.270217359 0.143799004 1.304854063 1.373433371 0.489728603 -1.252279240 -1.639996702
-14.378521624 -22.390442482 -2.369950195 -0.026213589 -0.253105883 0.170117089 -0.952003380 -2.119380996 0.273277372 -0.521217736 0.234579003 0.123974771 -0.127989557 0.142691615 0.724441019 1.342673732 -0.078688803 -0.078610866 0.627920045 0.085428903 0.524397113 -1.561261079 0.399840130 -1.350675406 0.893176811 -0.181170534 0.661469826
