11.909433313 -27.891290741 9.133690085 0.696621907 -0.158556907 -0.699569783 -0.013406923 1.327371154 0.072056953 0.196728571 -0.836175238 -0.766474094 -1.007503331 1.014527460 0.180800435 0.435597672 0.710931748 0.092114222 -0.363933353 0.618950588 0.289011623 0.305108060 -0.222804091 -1.034222205 -1.072954283 -0.379051547 -1.694295546
2.565706747 -22.709218253 8.416248806 -0.561665362 0.180251362 0.284534479 0.755699410 0.082513350 0.937326122 0.772872650 0.974104892 0.455975898 -0.720054676 -0.280023309 0.158444575 0.713625136 -0.178325987 1.972031827 -2.286717485 1.361280227 -0.099817362 -0.631328882 -0.710918399 -1.230481989 -0.104028917 -0.751781857 -0.020775472
14.187114728 -29.029881363 6.206067588 0.741287619 0.413232791 0.237739929 0.472452169 1.019550175 0.103850085 -1.282819560 -0.730347349 0.198387570 0.297105330 0.517571424 1.256626329 -0.331251158 -0.274981015 1.290456021 -0.646769205 -0.885026230 1.870223039 -0.405047184 0.433624682 -0.013885018 1.940136026 -0.102686373 -0.629117138
3.491591023 -24.276682240 9.522843282 0.564194134 0.766104388 -0.012039053 -0.307610316 0.059437754 -0.108107807 -0.498243041 1.045525239 -0.941656602 0.742342230 -1.075578250 -0.661201132 0.772978005 0.976069656 0.034900781 0.487034163 -0.695587940 1.981933822 -0.666936917 -1.133215084 1.496008595 0.029212974 -0.131769075 -0.670763065
8.670121449 -24.466897096 4.096793062 -0.398550566 0.273755905 -0.844950970 -0.228632915 0.512264474 0.748463445 0.039958482 0.245988305 -0.608055411 -0.937699976 0.001858879 -0.295498904 0.696075207 1.038600617 0.795669118 0.060566406 -1.957942611 1.551498996 1.320008210 -0.249119885 -1.042997970 0.842111650 0.700144977 1.244455946
-0.888647239 -27.332439134 3.291233246 -0.608049736 -0.524542247 -0.251750432 -0.540141342 0.738811082 0.578203357 -0.367103527 2.355807228 1.886384209 0.437807473 0.034310606 0.978709107 0.790681396 -0.671029644 -0.043937857 2.128634171 0.163874824 0.102704206 0.738832756 -0.557615430 0.736666198 0.061611623 0.117206553 -1.862792326
-5.006475683 -28.068333331 5.006753418 0.007491718 -0.505323008 -0.605599342 0.614688514 0.024844730 0.329441915 2.356187465 -0.686963258 0.362370830 0.233515447 0.906548912 -0.971131018 -0.168243334 -0.278299223 1.050559655 1.569699174 -1.122435204 1.455647509 -1.186537699 -1.059131573 1.074524956 0.695061084 -1.296004959 2.138990866
3.627140129 -29.627854608 -1.617063160 0.350372718 -0.525642852 -0.589281552 -0.503672317 0.214314555 0.465982202 -0.364246406 0.156163348 -1.987259514 0.153460543 0.883706466 -1.270877721 -2.669750468 0.380217577 0.065478518 0.992525576 0.137802493 0.054473270 -0.237934661 0.836206583 0.975316373 1.295106622 -0.102604942 0.417806985
1.918406880 -22.502716684 12.030180952 -0.352467601 0.684867649 0.130527923 -0.624247832 -0.019172529 -0.336809773 -1.622568598 -2.149113301 0.607212756 1.863200316 -1.834489283 1.079112248 -0.983027507 0.723365934 -1.534496741 -0.552935623 -0.232610944 -0.289093182 0.833009247 0.667061539 0.316165093 -0.453531507 0.044040151 0.641229774
3.984520463 -28.548101758 2.128127398 -0.840913516 -0.416732702 -0.325497559 0.115107138 -0.014270795 0.919981526 1.181431476 -0.463166975 -0.106381105 -0.975098864 -0.893833180 -0.472917550 0.058253003 -0.004189381 -1.922552273 -0.462639879 0.810303124 0.646715321 0.889821829 0.175380241 0.982270696 0.624014164 0.013368420 0.223215776
3.387158315 -36.450307628 1.956623492 -0.408380624 -0.427746891 0.604229513 -0.534008013 1.802413171 0.721231944 -1.601246191 0.005884882 1.521780685 0.225988134 0.522481208 -0.276803862 0.124266488 -0.027412774 -1.358946001 -0.931711157 0.154695435 0.570887615 0.458167262 1.137855185 0.362939051 -1.006944316 0.297769915 0.278305979
-3.463853862 -28.691322663 1.900078544 -0.264115359 -0.751772843 0.106082345 0.594833763 0.180343945 -0.121097446 -0.946849110 0.851065438 -1.711337644 0.401055948 0.199968960 0.147777565 0.555829984 -0.002132192 1.127594886 1.998438642 -0.023411558 0.346459907 -0.245399616 1.585880639 1.555505198 0.587076505 0.867509199 0.201602822
4.941939770 -29.003154440 -3.160872577 0.638644760 0.680827873 -0.341376037 -0.109857539 2.214468141 -1.478150577 0.114220640 -0.366008961 2.138312054 1.707503095 0.456015704 0.811057438 0.678215550 -0.765192644 -1.053459971 0.541046272 0.369427935 -0.603970478 -0.722005039 0.312889423 0.032942947 -0.414658699 0.196775050 1.327792532
3.140146317 -35.400940181 8.960789783 0.748729391 -0.449875792 0.300661583 0.382908191 0.162240964 -1.074959780 -0.034641714 -0.461858788 1.174210962 1.241506400 0.151581167 -0.575156947 1.128734485 1.455164844 0.745540292 -0.179658016 0.663013606 0.709957752 0.549696015 0.622386234 2.467012846 0.577652810 -0.240398766 -0.266133781
8.768762604 -33.978534237 0.444643739 0.523727150 -0.027496965 -0.520995282 -0.673437232 1.092486802 0.570842911 1.028208940 -1.562062311 -0.718322091 0.144287731 -0.998942962 -0.804056076 -1.238741789 0.210575519 -0.664700065 0.698000325 -0.875866403 -1.470974146 0.105803899 -0.599175238 0.095820805 0.270301615 0.072846530 -0.277789237
-3.238178001 -28.865036866 9.094984222 0.277137056 0.838912851 -0.089441583 0.459804832 1.260974136 0.410005531 -2.428180629 1.964871503 1.737172930 0.270563128 -0.825597857 0.965812633 1.831180992 -0.226653505 0.517383479 -1.036236029 0.170455142 1.305333486 2.159358744 -0.197196849 1.419372472 -2.133099002 -1.019932526 -1.863634689
-1.098382668 -27.496074578 9.801903354 -0.381692340 0.221097255 -0.896674385 -0.037443411 -0.589098895 -0.248359644 -1.001692694 -0.363833340 -1.033796677 -1.830817008 -0.125130478 -0.568296310 0.077709251 -0.905247321 0.623559193 -1.003389311 0.886843740 -0.652849508 0.014404039 0.177840802 0.802623669 1.060444320 0.750593352 -0.638677028
5.356666300 -34.520581528 7.245760804 -0.722474102 -0.003673231 0.326201007 -0.609598706 -1.023071457 -1.303132615 0.117840243 0.855613182 -1.482123455 1.529216536 0.278953657 -0.622967436 -0.026809843 -2.803514104 0.811728980 -0.576251282 0.258660494 0.870856763 0.872162208 -0.566644774 0.197571908 -0.944568978 -0.747149483 -0.829282048
-1.225734983 -21.197911615 4.010595553 0.626235934 -0.492589966 0.571305598 0.196960897 -0.487838655 -1.300231361 0.355239584 0.018219236 0.039142086 0.088452842 -1.137489051 1.308507510 -0.315570081 1.645653900 0.097394799 -0.397595891 -1.141477344 0.505654566 0.218734703 -0.121670096 -0.530178643 0.967922531 -1.073589095 -0.333532477
-1.808582420 -32.194644011 6.484236674 0.070419571 -0.678716870 -0.041287476 0.729849189 0.280662674 -1.157708061 0.202908917 0.874265452 -0.179840899 0.791747236 -0.945123698 0.949731793 0.173043390 0.524793513 -0.202704934 1.844224386 -1.566182817 0.757933063 1.704780999 -0.076048036 0.615804786 1.403267399 0.747664841 -0.292581301
1.289868187 -28.587181132 0.232965834 0.282164330 -0.447862731 0.608430325 0.591282339 0.783134171 0.544523737 0.265462623 1.246481461 -0.421465880 -1.658855458 -1.165855891 0.088627189 0.510062481 -0.905596333 -0.689409185 0.652026753 -1.055519824 0.963434759 -0.257061765 0.506070719 -2.390855016 -0.183494656 -0.225849372 -1.507363286
13.352702906 -30.851020021 7.692337315 -0.079582675 -0.392100098 0.837084755 -0.373112883 1.337990169 -1.176901035 -1.425099265 1.525832190 1.661779245 -0.634259334 1.484859110 1.901546952 -0.866408935 -0.651532167 0.740847838 -0.576638892 0.053079373 0.191549335 -1.190011215 0.696011930 0.825960745 -0.797076937 -1.976543386 0.672675975
7.728575761 -37.308261298 2.760334733 -0.610551010 -0.629779643 0.259423529 0.404109513 -0.234147035 -0.298090486 0.143768852 -1.148731163 1.004934160 0.540015217 -0.619443672 -0.721351969 -0.393800799 -0.819404934 -0.320880495 -1.171476697 0.968706328 0.244281558 -1.591177254 1.603729744 0.387993498 0.136472949 -0.692461209 -0.236786839
7.962703681 -27.096225337 5.734270328 0.586128872 0.089616246 0.803854476 -0.047327100 -0.452683387 0.651441231 -0.777997234 -0.973241556 -1.232838959 1.119568021 0.151288448 -0.415234337 0.514809997 0.564945551 0.847348190 0.611675552 -0.582309396 0.273436015 -0.690604801 -0.970753584 -0.292037622 -0.095243884 0.869104576 -0.428136798
5.827500742 -33.730922971 9.344951068 -0.515772357 0.025888641 -0.836861155 -0.181582106 -1.710352979 -0.318704906 -0.638468557 -1.429168626 -0.611207471 -0.433830113 -0.157781683 -1.035556623 -0.286507016 1.493527080 0.512306333 1.112852877 0.235793907 -1.760955039 -1.298787488 -0.543088340 0.036746060 -0.347790369 -0.091283849 -1.573084610
11.912354868 -23.217300881 1.459485020 -0.457389094 0.472347524 0.329718709 -0.677472219 -1.377227716 0.127185758 -0.070181859 0.473561951 0.960941504 0.059690100 -0.148258498 -1.883256952 1.276578120 -0.446108891 -1.265880931 -0.913075227 2.360657676 -1.316013225 0.504330987 1.415494328 -0.063644926 -1.090235591 -0.583350056 -0.424864468
6.884267221 -28.055307850 0.015449903 0.121428929 0.061103046 0.668355286 -0.731315695 0.706924399 1.882503364 0.106217941 0.785307234 -2.101672264 1.043773149 1.141048882 -0.008909835 -2.694651259 -0.686516910 0.395969879 1.340932510 -1.351521907 0.547290472 0.425399913 0.182653557 -0.990048277 -2.477873274 0.121461921 1.512166218
9.517481550 -24.927825138 6.219078436 0.595756399 0.308380035 -0.741362064 -0.018930332 -0.141558719 0.754663494 2.111841725 0.496189774 -1.398015724 0.847960341 -0.527615003 1.022364264 2.165071353 -1.262339197 -1.169741613 -1.428920908 2.243855923 0.710746701 1.207043532 0.874207552 1.252715156 -0.705450805 -0.712179444 -0.652833020
4.887820727 -30.949815732 5.191906330 0.615060833 -0.654447301 -0.424572415 0.114617477 -2.092214731 -0.082951040 -0.938532094 0.025889271 -0.694029514 0.450583639 0.977014659 -1.148082294 1.885418581 -0.866634177 1.688721537 -0.805486285 -2.385014336 -0.020998907 -1.818272386 -0.490865358 0.295144705 0.428863931 0.520388813 1.175528728
9.908416692 -21.811835265 8.275119221 0.089042599 0.983247578 -0.121469699 0.102668044 0.251852887 1.638729109 -0.013071192 1.462910339 1.089603307 -0.881328043 0.712860257 0.424377105 0.530315085 -0.483352509 0.379951526 1.945951390 -1.781183105 -0.185749014 -2.085599723 1.243139457 -0.273788469 -1.865624968 1.257041229 0.400360719
9.840586631 -32.183356388 2.941887892 0.096193879 0.282329329 0.677090835 -0.672744297 0.289040471 -1.026024071 1.286887839 -1.995560704 -0.900297631 0.794048762 0.318439357 0.061731185 -0.876954628 -1.823227181 0.199838143 -1.094934057 -1.556693361 -0.506731096 -0.107716520 -0.187552096 0.352721597 -1.287638864 0.034306154 0.442309644
-0.376930132 -32.979481874 -1.549150260 -0.567194534 0.551599472 0.251500457 0.557472783 0.503279121 -0.725591977 -0.865133067 1.145920294 0.381507101 -1.096476708 -0.459155680 0.013191297 -0.633846264 0.971624872 -0.110070637 1.204589651 1.038723952 0.061999250 -0.869948581 0.526106095 -1.023138309 -0.562644227 0.403586472 -0.535211011
10.127361212 -22.794417043 7.297654639 -0.781546530 0.059511439 0.580987992 -0.219308831 -0.430284060 -0.524775215 -2.831508225 -0.523401465 -1.363445907 0.737880824 -0.691775873 1.213127475 -1.300201895 -1.313262239 1.354483689 0.864131707 -1.060573094 -0.325857890 0.152344165 -0.124491554 -1.687372604 -1.760667893 -1.403833804 -0.638248176
3.177073646 -24.807670133 -3.422230979 0.848607964 -0.440802850 -0.202300980 -0.211262121 -0.475195192 1.153587434 -1.563134504 -0.632051423 0.773195538 1.935923733 -0.562436848 -0.711189597 0.970110503 -1.392346361 2.468096380 -0.621146920 1.889410353 0.409547080 0.259854544 -0.856657991 -1.480911784 0.791420486 0.004360599 -0.716212058
9.356894995 -33.944357069 7.742611167 -0.359277211 0.100380285 -0.324779456 -0.869115636 0.379313554 0.067914264 0.265965681 -0.100009662 0.860109703 2.277106430 0.103023311 -0.458862509 -0.480548001 0.481337570 0.581850903 1.053403361 -0.411064006 -0.683509279 -1.103520531 -1.184818667 -0.360658530 -0.128942591 1.140733050 0.246020632
3.042968473 -30.366474888 7.942399249 0.337333403 -0.884087164 0.247308719 -0.208409356 0.354851224 0.142993004 -0.323211308 -0.584688851 -1.116435092 -1.896444643 0.681919037 0.020049189 -0.668536209 -0.082065541 -2.707697744 -1.360799455 -0.302916325 -0.094127949 1.170644731 -1.010040266 -0.090520772 1.265013660 0.257748672 1.106188527
6.665920255 -33.867838515 8.822128542 -0.620713174 -0.084014003 -0.584042609 0.516285806 -0.005594845 1.134387570 -0.618612656 -0.669676274 -1.014944894 -0.204942201 -1.081765620 1.694722765 -0.843878973 0.324463599 0.948102297 -1.227343596 -1.928567676 -0.241465613 0.287727801 -0.348059445 0.425109835 2.168684301 -0.639072574 0.293266603
0.227238318 -35.515075000 10.150722171 0.573965453 0.333799969 -0.653479519 0.363463556 1.416125532 -1.320662433 -1.190118865 0.868197683 0.308007515 1.762752669 0.932154807 0.964545534 -1.944670618 -0.235563484 -0.181493860 -1.371709078 -0.757630855 -0.021813204 -0.709314674 0.058844239 -0.741594176 1.125027030 0.684033098 0.469133013
9.099820488 -24.982816689 7.421435605 -0.198690655 -0.736892144 0.607677257 0.219636843 -0.958848200 0.444907895 0.107532783 0.280306908 0.396309264 -2.178160437 0.061202939 -1.026289417 0.431478882 -1.562288496 2.528799117 -0.301256792 0.053008109 -0.201222690 -0.796267951 1.688671722 1.056186434 -0.567417104 0.748740452 -0.174453875
1.733325879 -28.240952457 10.942950567 0.293995702 -0.176858064 -0.821004077 0.456333276 0.229606681 0.131317183 -0.703704846 1.146070283 0.513156706 1.739758455 0.268454567 0.448361771 0.234625751 0.308304479 -0.394130638 -0.054252238 0.202325162 -1.250401117 -0.295168760 0.007132370 0.558749123 -0.390045068 -0.047032492 -0.479008014
1.106111791 -32.649754931 3.707388683 -0.051814251 0.870067672 0.341723654 0.351457641 -0.313093233 0.224914141 0.782057287 0.726304124 -1.914587871 -1.579643937 -0.632465579 0.577456247 0.397355980 2.550066433 0.308597079 0.006119756 -0.844190478 -0.440645115 1.201755662 -0.804580936 -0.489032208 0.348575435 -1.354059941 -0.647531146
-0.239250207 -27.941070957 12.675680081 -0.380894660 -0.173495977 0.498578850 0.759103112 0.133513872 -1.676611927 -1.060552320 0.202667827 -0.314559867 0.424723504 -0.592599723 -0.182250509 -0.939745400 -0.756407469 -1.839887603 1.980378581 -0.379489861 0.753241052 -0.691479279 -1.910956373 1.815798309 0.644423133 1.349565921 0.701843673
-2.197272637 -29.051379771 5.446072664 -0.093723301 -0.868676679 0.448093088 0.189286434 0.648383743 0.839902242 -0.623188577 -1.006048218 0.329230667 -1.064156029 1.229274580 -0.596513992 0.019604429 -0.669789918 1.072873099 -0.210788265 1.317659638 0.038561558 0.183434940 0.690030307 0.515912654 0.427781761 1.118507488 0.042536836
-1.424964428 -33.148262613 2.686826330 0.006802614 0.253741611 0.023956608 0.966951395 -0.166305002 1.019279917 -0.605832421 1.051973627 -1.825614105 -0.834480653 -0.126771481 -0.408558890 0.326390631 0.146556574 -0.218541952 0.643531389 0.209289050 -0.046231516 -0.242312688 -0.189730705 -0.372038008 -1.169053424 1.314826549 -0.782686992
6.761278293 -24.690626130 -1.284363567 0.095375929 -0.547601431 0.213530556 0.803393308 0.835719239 -0.263237228 -0.618508678 -0.316285510 -1.346787866 1.296540636 -0.102273240 0.824612230 1.154574303 0.471294593 -0.576756660 2.208850009 -0.155664759 0.546474144 -0.620900057 -0.691577859 1.191697748 -1.219349224 0.625418997 0.138092402
8.259179924 -35.044833313 7.951503597 -0.708802093 0.195412540 -0.621860087 -0.269635986 0.747332903 -1.957018149 1.308860009 -1.583689125 -0.027541801 1.918286770 -1.993136385 -0.491689111 -0.995349555 -0.717172661 -1.088683832 -0.313352556 1.510244729 0.026523252 0.958766562 -0.842779458 -0.432061977 -0.540628984 -0.338244518 0.910772358
-1.116572796 -22.513121087 6.657873217 -0.333115804 -0.265429830 -0.532688287 0.731316659 -0.060785191 -0.350202503 -0.910564358 1.024621512 1.523971436 -0.303621546 -0.737515601 -2.170079148 1.115704373 -1.844050375 1.263310758 1.188274215 1.961647553 0.585359718 0.615022638 -0.669709628 0.234104894 0.989423427 -1.126379325 -3.115847580
4.111374009 -21.667127713 2.956655767 0.597581863 0.749770149 -0.122608742 -0.256335204 -0.556852121 2.070264026 1.364474232 1.090442018 0.423152848 -0.865203377 0.119096122 0.372451165 0.277949730 -0.173142676 0.248808332 -0.231866145 -1.409517834 0.258205070 -1.565992945 -1.690384698 1.558236890 -0.609646440 0.265806738 0.851506782
0.667501074 -29.725518127 -0.859117467 0.105128514 0.854213863 -0.079341114 0.502962881 -0.060289574 -0.025212057 -0.123204200 1.236188084 0.020251198 -0.059033329 -0.266861470 2.523250812 0.584352827 -0.799907251 -0.364968058 1.574010673 1.174139889 -0.345269383 0.017116375 0.425660900 -3.121838256 -0.108366956 -0.977587698 0.063341011
-1.541622072 -33.111933669 7.634855079 0.437925843 0.497210974 -0.108762434 -0.741062033 -1.143083361 0.412581314 1.610374898 1.376421214 -0.010170071 0.141840169 -0.658518540 0.700559707 1.219762501 0.813914276 0.602565665 1.213258537 -0.412686405 -0.426088832 -0.309994687 -0.607758282 0.514554962 -0.740618634 -0.584656553 -1.075352263
5.028962298 -25.781913321 5.079472057 -0.146319463 0.741751211 0.099917735 0.646847897 1.570292668 0.920498022 2.157855226 -0.953668094 -0.155126751 -0.474974064 -1.225013431 0.736426107 0.819874662 1.965253439 0.619599966 -0.115968264 -1.429280499 0.343721111 -0.668823423 -1.200363318 -0.265164433 1.915337788 0.000191413 0.194210714
3.711268242 -30.796787805 11.041682064 0.301404886 0.575811616 0.376806356 -0.660009885 1.377303735 -0.279690857 0.163424473 1.606563295 -0.673385726 -1.473890778 -0.918793854 -0.144654081 -0.711665864 -1.755256566 0.808255996 -0.413406349 -0.494081196 -0.668305606 0.504005753 0.040265982 -0.171751372 0.447995780 1.941322412 -1.984421408
0.571110550 -30.204420459 8.701516212 0.110245061 0.658753666 -0.736770813 -0.105158946 1.015716892 -0.577469022 -1.183501412 1.900314270 0.261580218 0.788469599 0.522004114 0.154226589 0.388879559 -0.717581501 0.661998121 -0.542935919 -2.252691652 0.569024840 -0.358295258 -1.860094272 1.377431422 1.223000274 -0.208516842 -1.101359583
0.672375096 -37.584941466 5.016975025 -0.136618982 -0.677352325 0.465465615 0.553055913 -1.511040349 0.000198615 0.788705659 -1.093109836 -0.482290222 -1.585180126 -1.360546307 -0.681672307 -1.723078749 2.149434207 1.505756441 -1.752012530 -0.412988729 -1.077524531 0.447142410 0.688847090 1.119863702 -0.324179919 0.241567041 -2.658527102
9.738496185 -34.420334955 1.086761667 0.699607595 0.030200528 -0.495407689 -0.514012026 -0.771192025 0.220899023 1.992764793 1.631205121 1.369829070 1.597856168 -0.962117857 -0.159576198 0.954609216 0.938665428 0.811192223 -1.062629128 -0.507530134 -2.085239774 -2.896674938 0.023094665 -0.231980286 -0.232549511 -0.610704698 -2.662747950
5.854977469 -33.234520437 2.479666640 -0.012355682 0.142769389 -0.665508686 0.732504217 -1.214715509 1.529255218 1.289558904 1.452798835 0.119385844 -1.100848662 -0.447525700 -1.949030669 0.620798615 0.475380728 0.459011190 -2.352917028 0.806314468 0.838040929 0.645830189 1.549613349 1.106137492 0.391480860 -0.658334484 -0.813000074
3.199534447 -31.509352768 11.029386169 -0.363542277 0.818461002 -0.117250230 -0.429198072 1.478392768 0.460341791 -0.758273021 -0.958600115 -0.615446736 -0.426296405 0.808573684 1.061208676 0.661569040 0.615220794 -0.785973045 -1.196583970 0.040867985 -0.339394168 0.079689489 0.981764960 0.442870391 1.023547412 2.089468897 0.193838614
8.922312555 -25.395976806 2.171007390 0.990859763 -0.107473235 -0.064314768 0.050100340 -2.347472018 0.333084064 0.547302384 0.860678973 0.011664122 -0.278943374 0.659832816 1.255915403 2.805474915 1.051704183 0.842145277 0.240268178 -0.162865001 1.251458115 1.061133538 -0.636946598 -0.088190363 -0.772821735 -0.310636705 0.266359154
-3.290624436 -28.465876610 10.015208590 -0.202552949 0.910226544 0.117125500 0.341674639 0.191753598 -1.922813715 -1.527402964 0.616594442 -0.761714185 1.441406775 -0.081040051 0.102057666 0.182162206 -0.978973404 1.368042004 1.134019088 1.341055636 -1.325521534 -0.580393800 1.477995449 -0.261518404 -0.060377310 0.085760784 2.459324589
3.283083022 -21.006513123 0.987277300 -0.707904398 -0.561567490 0.336727867 0.264816278 1.916745079 -0.593114769 -0.063224978 1.575265610 2.265012820 0.338388024 0.471325073 1.040095448 -0.300081293 -0.735223820 0.697571111 -0.182622524 -0.334905094 1.179728391 1.014044475 0.634944389 -0.211835850 -0.747230339 -0.114341746 1.614548708
11.081233266 -32.081793486 3.312875534 -0.563485066 0.539356775 0.613495267 -0.123298038 -0.431736238 0.168061706 0.830797432 2.074928961 1.702988426 -0.713344896 -0.314124823 -0.574095700 -0.690160134 -0.124586660 -0.042111334 1.278233273 -0.299457336 -0.198433352 1.689066592 -0.220009443 -1.092864232 -1.447570053 -0.695689856 0.788279564
2.025839651 -29.161019424 0.130326851 0.546435817 0.326202755 0.518588381 0.571021673 1.200166807 -0.524921315 0.791125382 1.346054671 0.999070763 0.998740808 -0.877596936 0.952447119 -1.160950463 -0.497226888 0.432847208 1.872596881 -0.147761389 1.293799629 0.711295573 -0.323948943 0.144944646 -0.751970119 -1.704585414 -1.006737866
4.695716514 -31.109128421 -4.795372893 0.491334460 -0.319136965 -0.800704634 0.124956532 0.387289860 -1.629915250 -1.094911856 2.109900832 0.874970198 -1.429736822 1.090676038 0.440141420 -1.083148286 -1.090257028 -2.751776767 0.169764185 -0.934283637 -1.026129039 0.543717358 -0.772980286 -0.439972439 -0.048830738 -0.201147716 -1.702169490
12.941362470 -29.657783477 5.338238588 -0.111572989 -0.868915705 -0.482212243 0.002884175 0.110717985 -0.603558869 -0.959565087 0.912898479 -0.651703228 -0.189805006 -1.367329151 1.043096905 -1.774582933 -0.814684292 0.055255708 0.999114977 -2.003624528 0.613902218 0.836774800 -0.218233839 1.415675105 0.102483085 -0.015102255 0.267516021
2.873850117 -27.005129522 13.104469209 -0.011118903 0.472472862 -0.440162222 0.763480833 -1.845623682 0.856344658 -0.225905969 -0.464838768 0.011040323 0.687365022 0.493381726 0.958616308 0.336237646 0.825518343 -1.509866535 1.179649884 -0.087738039 1.194920165 0.658502841 1.061364080 0.687990040 -1.084542083 -1.268543468 1.000397696
0.987909270 -25.704149860 6.482740127 0.513890514 0.725003523 -0.262293081 0.376149931 0.755176490 1.032452754 -0.906997429 1.301224063 -0.942831261 0.380283085 0.064120770 0.427302925 0.989559285 -0.818272217 -0.357058311 1.624373204 -2.096559908 0.693916282 -0.906638282 -0.739208782 2.047518325 -1.237284436 -0.605627647 -0.068846140
12.520189795 -25.116812673 8.479726700 -0.323439513 0.065906331 0.277044339 0.902380004 -1.355170330 -0.297512463 2.093295642 -0.062384483 -0.154091586 -0.656351320 -0.648882168 0.862589667 1.229563841 -1.235620446 -0.697888248 -1.122550750 0.972418343 1.077160558 -0.057320185 0.859584878 0.382359968 -0.425346405 -2.076079865 0.211679327
10.301760467 -22.770125975 3.065618084 0.345370993 -0.339052035 0.666703018 -0.566806563 -0.068236558 -0.366240223 -1.543801662 1.754672268 0.748228748 0.989369929 0.062955053 -0.014225750 0.073121767 -0.476695447 0.163268678 -0.257116051 0.354076557 1.189548664 1.424595834 0.249630052 -0.227438479 0.841028168 1.452363856 -0.176048014
5.451049799 -29.379290295 7.127548567 -0.005955663 -0.327213840 0.848861205 -0.415126833 -1.206080086 0.730013876 0.638345921 0.899489997 1.360465953 0.069428133 -1.053072490 -0.373237888 -1.225843715 -0.654332192 -0.710609093 0.158283165 -1.003020955 1.311751006 0.194321071 -0.704459612 0.613600387 1.540018787 -0.941320463 0.994036331
3.817038227 -31.730198898 5.701749152 0.566311591 0.392484084 0.063636563 -0.721940312 0.629595482 -1.106731982 -0.474022863 -0.802334337 -0.674660474 0.124413219 0.152873498 -1.494617422 1.473983337 1.952393264 -2.016456669 -0.615067316 -0.791336438 -1.354126201 -0.085508386 -0.052234840 1.218138624 1.981667203 0.921087708 2.633462859
4.560168964 -31.069891717 -2.060830735 -0.656294180 -0.238424595 0.584741864 0.412926888 -0.260272383 -0.835436682 0.528398996 -0.337481329 0.398512722 -0.074441568 -1.362537946 -0.317505642 0.151999562 -0.030977071 1.764054938 0.787874086 0.127818965 0.086730636 -1.667221951 -1.336145827 1.525891183 0.132744861 0.282417074 -0.224404432
2.965613359 -34.933992236 10.412570754 -0.384048590 -0.204574733 0.884603990 -0.167724896 -0.762015347 -0.932863184 -0.697740405 -1.018708335 -0.247905694 1.246677681 -1.254515586 1.557091815 0.625995388 -2.005304825 2.438640105 -0.855193765 0.952107110 -0.604949474 0.325824457 0.118472553 0.470686481 0.512889917 0.405696001 0.100957648
7.054734051 -30.948618982 5.139638319 0.748947887 -0.168064372 -0.176587907 -0.616155938 1.817163335 0.981103271 0.618591231 -0.631059694 -0.517433258 2.586913640 1.538450514 1.476401871 -0.720414343 0.768372704 -0.832144822 0.165094791 -0.764457366 0.348814349 0.818848527 -0.628388506 -1.968946871 0.124087387 0.276983717 0.173348561
-4.777268323 -30.118937608 3.579865245 -0.289249299 0.147135523 -0.140720266 0.935352226 -1.211479636 0.112204100 0.796616648 -0.571315377 0.791398859 -0.306155902 2.777665683 2.423636867 0.376548055 0.319696324 0.662286981 1.538275892 0.899836656 -0.615210464 1.392574479 -0.123644061 0.470275690 1.907599944 -0.860753402 -0.555217850
4.815311173 -37.809383059 8.854542634 0.539280395 0.382420178 -0.750038064 0.019348548 -0.698095778 -0.319755571 -0.300084595 -0.671891378 0.541370184 -1.518555896 -0.511995261 1.156196048 0.181068349 0.419560093 -1.507693836 0.341233605 0.261838125 -2.297523456 2.069184931 -0.031981476 0.604946163 -1.681409752 0.992316929 -0.363290862
12.540083507 -25.351076755 3.614627688 -0.393372320 -0.016404731 -0.905239057 -0.159785330 -0.832040577 -1.329113376 -0.993320305 0.629273542 -2.023949336 0.768416485 0.372855483 0.057683520 -1.884771905 0.922819534 0.712569976 -0.553651603 0.434096942 0.458027977 -0.305998490 0.467167973 0.728924956 0.421473259 0.258180037 -0.272084187
-0.340324807 -22.223721928 9.415071463 -0.659130801 0.457400614 -0.281073861 -0.526620120 1.220114286 -0.259635741 -0.684717661 -0.563521244 0.012898366 -1.359302410 0.750296804 -1.353476115 0.309981010 0.965543869 0.534627306 0.346127681 0.613075793 0.609584324 -0.719462950 -0.141370732 -0.984692254 -1.016131355 1.211347619 -0.361916275
9.026217073 -35.378210302 -0.792452991 0.219216767 -0.747331723 0.622962559 -0.073191219 1.482124449 -0.098298534 -0.878041574 -0.415635042 0.503705955 1.152353102 -0.461505621 1.478606352 0.854782076 -0.313188151 1.489179816 1.959590175 -1.352737909 -1.211389788 0.238255613 0.426406025 -1.126456918 0.315197817 -0.465713144 -1.769810497
6.302079977 -23.698678337 -0.716052197 -0.332707259 0.379955677 -0.452237596 -0.735133131 1.378223693 1.117242902 -0.760244863 -0.952535412 1.780205008 0.848630765 1.930322631 -0.865947563 0.521364833 -0.886701199 1.087190249 -0.604946925 1.198353281 0.529708680 1.342445585 1.353121446 -0.270516730 -0.752844771 0.621333409 -0.823139624
-2.543080432 -26.648721695 0.129911968 -0.243267098 0.045946730 0.252307806 -0.935441494 0.908799555 0.481603999 -0.918750196 -0.071739005 0.109955019 0.796769565 -0.277598468 -0.296365289 0.591641842 0.213062851 1.849601380 -1.206089918 -0.016267409 1.870304116 0.252357026 1.274104349 -0.777763487 -0.435842266 0.103763837 -1.926422449
3.625306792 -33.159066876 8.538934619 0.725115298 -0.213270406 -0.582135334 0.299736536 1.654961010 0.116671364 -0.874325937 -0.330940269 1.298877159 0.911748492 1.158893347 0.349863743 -0.033719078 0.123605236 0.150455604 0.837962838 -0.859347478 -0.665357036 -0.742681920 0.167990173 0.478505235 -0.156126452 -1.193212285 -0.651178805
5.567290438 -33.603981926 0.854710282 -0.575503522 -0.813959944 0.027163493 -0.074344136 -0.072450921 1.674587937 -0.221445207 -0.897045841 0.201952625 -0.477706075 1.375560424 0.293865562 1.904773496 0.421934258 -0.988913023 -1.398227513 -0.737298979 -1.764551308 -0.937353985 0.771166536 -0.578820625 -0.029447766 -0.716843073 -0.253995183
13.863670940 -26.257710571 4.011100416 -0.635496819 -0.217136611 0.629171211 -0.391329877 -0.200484428 -1.466109888 -1.238655909 0.800297000 0.966145960 0.746990843 0.590127103 0.408167321 -0.449453244 0.569521275 0.185541561 -0.238780956 -0.910022232 -0.810714137 0.174665150 -0.026155698 -0.999180173 -1.538989886 -0.952576173 0.675042738
3.101368987 -22.468231090 5.635741745 -0.701715485 -0.514263235 -0.337653181 -0.359331367 -0.490951863 -0.619230500 -1.713235010 0.359400521 -1.349939561 0.330815287 0.256601341 0.281450906 0.695865316 -0.018595811 1.762550358 -0.946385940 -0.732164234 0.829323435 0.217666500 -2.289628591 0.070633480 -1.476057884 0.036451873 0.238075797
3.927926648 -27.166863040 3.391932771 -0.798384925 -0.485244892 -0.203287942 -0.292904283 0.072615198 0.646645856 -1.367145976 -0.864376934 1.061468177 0.508266240 -1.574445622 -0.966778430 -0.410922409 0.632321678 0.761159126 -0.670277840 -0.551133925 0.619946736 -1.004169097 1.978454138 1.189255328 -0.063906039 -2.238064803 -0.331151771
5.728175256 -27.391636572 -2.803293891 -0.605185302 0.350947486 -0.248196181 -0.670063631 0.989979572 0.186845907 -0.540264094 -1.140023365 -0.791409922 -1.480542384 0.375135969 0.503347479 0.106320476 -0.725034896 -0.504011222 -0.078043208 -0.079340248 0.441213601 1.378534723 -0.228672086 0.309615698 -1.340626411 -0.688170497 -0.120870609
3.100084301 -32.746659022 11.458279049 -0.746493446 -0.643550528 -0.051828653 -0.160947333 -0.083144660 -1.098280071 -1.351786669 -0.345244542 1.165140974 0.501227430 0.554492609 1.050751953 -0.843225527 -0.423185731 1.593598185 0.230672321 -1.115661335 -0.060716472 0.793407941 -0.133412181 -0.730018981 0.892178853 0.370833582 -0.205177927
8.029393479 -33.293775612 10.549894414 -0.613298843 0.447495721 0.183465705 -0.624461723 0.964390597 -1.284159651 -0.995978401 0.585295600 -0.057822318 -0.380028492 -0.374920213 0.371691059 -1.717478992 0.337507416 0.091714558 -0.899636546 0.364371279 -1.806286742 -0.324633631 -0.338578219 0.463116005 -1.132448008 1.263649785 -0.369375252
3.525541052 -34.039071674 -0.570396783 -0.030349276 0.768112178 -0.009308647 -0.639527913 -1.393313304 -0.199136563 -0.036383034 -0.244881449 0.297984650 0.095360988 -2.500955019 1.953777227 0.001461433 -0.746761341 0.296558114 1.006181565 0.763857907 -0.048521263 -0.077639235 -0.732336527 1.634911055 -0.287501074 -0.286601654 0.617902915
1.594589672 -26.239556095 -3.647824749 -0.584211194 0.355740921 0.408193267 -0.604585755 -2.227714950 1.439655899 1.466582030 -1.573582465 -0.212092230 -0.446344388 2.182350955 -0.341446117 -0.283689468 0.717098019 0.102571382 -0.250605873 0.516915918 0.096953427 0.577417922 -0.746265864 0.185203713 1.223769394 -0.405582856 1.659351734
6.566000663 -26.371202063 -0.654846371 -0.513719176 -0.460606211 0.686322080 0.229992454 0.089357852 1.024588915 0.521067752 0.146829096 -2.055074477 1.306034314 -1.216491036 -0.380163771 0.468348095 -1.185928878 -0.430697643 -1.334884729 0.583194791 1.285246886 1.317752228 1.270967434 -2.174476996 0.475733286 0.042611490 0.147261175
7.186009766 -31.296049356 10.153461652 -0.020325059 -0.494868193 -0.401263996 0.770506047 -1.061664004 -0.425232708 1.474593629 -0.276145785 0.707116039 -0.436471608 2.204234189 -0.279540382 -1.488704836 -0.441618251 -1.758743477 -0.636775218 0.688942653 -0.557534774 -1.077773154 -2.491040715 0.185823668 1.972665970 -1.552524574 -0.816051930
12.545200782 -28.159029624 -0.807708346 0.696642503 -0.277730526 -0.566869412 -0.340901815 -0.066397801 0.433010997 0.962886904 0.539852853 0.472550311 -0.843383752 0.360362605 -0.165171759 -0.306468628 -1.510510148 -0.143845048 -0.363964611 0.381984949 0.549622753 1.159388279 2.402863955 -1.027060078 -0.404844850 -0.250997934 -0.138559638
4.972030784 -23.140774351 11.589803383 -0.092063225 -0.758896650 0.480255014 0.430064365 1.092113350 0.317990016 0.124902206 -0.544977668 -0.833536443 0.162966615 1.757420029 -0.103847368 -0.066409460 0.084785102 -0.394335286 -0.233683583 1.225508768 -0.874109023 0.268230183 -1.071882475 -1.588071276 -0.451056446 1.565786427 -0.410455909
5.551188398 -30.258521958 4.245357048 -0.303133448 -0.601735583 0.708852582 0.208692162 -0.616048992 -0.251445839 0.077076036 0.302652305 -0.345946767 -0.034303194 0.472425887 -0.849658769 0.815284859 0.724452592 0.125553876 0.019517576 -1.741986628 -0.529659896 0.463116617 -1.143855326 -1.328512854 0.205446751 -0.585848541 0.740262626
1.294794460 -36.408358201 9.858171304 -0.445044190 -0.349941921 0.596598055 0.568811991 -0.557085221 1.171704798 0.370753993 -0.503659160 -0.107264953 -2.193191218 0.843272942 0.505627894 0.121923137 -0.557703923 0.272171306 2.363725238 -0.389390074 0.525596316 0.136872838 0.714955316 0.350194058 -1.471478514 0.627793592 -0.771281648
-1.132302236 -29.332639425 1.055970278 -0.100351251 -0.347493100 -0.567770565 0.739469240 -1.859759897 0.194441307 -0.226587730 -0.600693688 -2.838361462 -0.960942924 -1.295323226 1.187386659 1.975690755 2.118046917 -0.374258398 1.333139356 -0.787040538 0.409738855 -0.464811187 0.376492045 1.957787873 0.022907069 -0.559950848 0.276333740
11.770488834 -27.665226809 1.720968956 -0.303983888 -0.355710973 0.458851063 0.755327215 1.952301838 0.817777349 -0.682484160 -1.516742547 1.853431866 -0.347470728 1.764209204 0.280518206 -0.540472593 -0.681232399 -0.085444810 1.116880712 0.197425649 -0.035798536 -0.732415937 0.347686078 -0.270654376 -0.403604495 0.767173887 1.198745992
11.785990337 -29.543202015 6.358839407 0.963439830 0.210889122 -0.124810396 -0.108313603 -2.246807952 1.389916475 -1.161636534 0.193244898 -0.934492294 0.045296099 1.037449652 -0.720634398 0.727472153 0.294119966 -0.990349931 -0.352360352 0.262408499 -0.823951553 1.020845538 -2.188680075 -0.059416247 -0.494874558 0.706793040 0.792864053
7.215296394 -22.433556590 1.326928563 -0.573512140 0.434285725 -0.201250924 0.664814109 0.065053472 1.378213870 0.198987584 -0.597074196 0.020361868 -0.644997468 -0.512423741 0.253099487 -0.880743135 -0.214802680 -0.048429702 -0.307713413 -0.681301517 0.349124107 -0.889793695 0.463351764 0.666439501 0.870115031 0.979042300 -0.102200830
3.334745679 -27.274237267 6.471206552 0.902068762 0.089843114 0.268082653 0.326085655 0.392499300 -0.930929318 0.248398483 1.450521126 0.780721381 -0.013592818 1.502792572 -1.523314092 0.295616846 -0.741338058 -0.215372593 -0.346238404 0.130442281 0.028128505 0.018946058 1.474281584 2.016917149 -0.521637228 0.558361346 -0.874746432
3.204071339 -26.128549864 5.514563522 -0.179511998 -0.789661525 -0.508365048 0.292873859 0.190154655 -0.807751903 -1.813874879 -0.324384021 -0.941520386 -0.107788966 0.316863187 0.303012067 -0.208182116 0.047585633 0.200284769 1.328796323 -0.826981261 -0.631156237 -0.009323807 0.372258615 -1.122032080 0.256676585 0.189245973 -0.107203112
1.780472309 -29.589666868 12.991315347 0.606864110 0.487750292 -0.533064660 -0.331145999 -0.751943505 0.632915412 0.367221255 -0.506572662 0.252827786 -1.203605459 -0.171096259 -1.599904758 -0.821574056 1.592276649 0.193979111 1.092365515 -1.168846603 0.868074038 -0.359262962 -0.271037838 -0.048960333 0.133898209 -0.824148562 -0.012317474
4.379693303 -25.631474730 0.179322992 -0.298952956 -0.216972989 0.529127906 -0.763919833 1.287448464 0.425508401 0.556343702 -0.021932506 0.179696935 0.974733812 1.043893456 0.822277520 0.197670662 -0.093128572 0.730263682 0.211435164 0.219457081 0.783442941 -1.350463042 -0.272025405 -0.246035333 0.168441963 -0.771037586 -0.204218110
7.044631833 -31.034822230 7.593191280 0.523330968 0.538912601 -0.502537491 0.427964924 0.237562990 1.732731305 -0.533367079 0.375740894 -0.395138380 0.984862104 0.397296024 0.646886624 0.451399428 -1.506318579 -0.676694575 0.259368596 2.676665372 -0.043886001 0.746571747 -0.925107281 -0.730708960 -0.505503778 -0.613375843 -0.049151159
3.768281126 -33.229028609 11.614507575 -0.326889007 -0.832467974 -0.252549359 0.369268833 0.389940605 -0.012040516 1.885868493 -0.703441829 0.983407513 0.282392361 -0.603261146 0.681878343 -2.309373874 1.398255455 -0.139438019 0.935742133 0.148746506 -0.211577089 0.838242671 -1.088100269 1.705074695 -0.286950142 -0.421235737 1.295670749
3.502083049 -31.909977326 1.680044164 -0.445535064 -0.046324216 -0.661961803 -0.600965178 -2.015255638 1.756962435 0.552521873 -2.900909897 1.024335639 0.312625041 1.224469504 0.706964402 -1.998974274 -0.064367349 -0.308474433 0.265243024 -0.595976605 1.182246621 1.951969908 -0.916090241 0.904954934 -0.605681881 0.450096292 0.029094782
11.665840372 -26.286277932 10.187359662 0.775927415 -0.036161145 0.543569618 -0.318058308 -0.052603499 0.764447539 0.297097526 -0.384750124 0.003850794 0.190663607 0.393188543 1.351625329 -0.141263411 0.916887850 -0.906412904 1.915568009 0.196601215 2.706425636 -0.299426798 -0.954927347 1.250639076 -1.279681619 -1.426693846 1.758976613
6.376947196 -24.933802350 1.043894249 0.568091819 0.721622135 -0.382515705 0.101068864 -0.889756724 0.297368200 -1.171937123 -0.245848556 0.452311411 1.268997429 1.232530396 -1.149156144 0.815324066 -0.200108855 1.995350217 -0.722833224 -0.139454360 -0.422476116 -0.634851512 1.833048856 0.175906939 -0.209879426 -1.936263713 -0.074050625
0.289197873 -22.770810358 6.313447279 -0.047340339 -0.338486302 -0.789907534 -0.509148311 -2.740418996 1.081714056 0.340978607 -1.339229294 0.787389298 -1.005211921 0.975566881 -0.629002038 -1.177735560 -0.628158867 -0.508126782 0.254150777 0.059771992 -0.482734948 0.291431412 -0.121479764 -0.193953602 -2.083626559 1.316212498 0.843003070
4.247543802 -32.340929734 -1.950860195 0.061762063 0.686901170 -0.717504531 -0.097670252 -0.663249411 0.559152716 1.373152067 0.707944793 -0.530451924 -0.500216257 0.413817547 0.279262883 -1.488400504 -1.737341917 0.080841227 0.144792460 0.214631767 -0.013522564 0.941755402 0.452156851 0.898042427 1.012160838 -0.492220782 0.624436663
0.352227495 -31.776457157 6.048748169 -0.665836777 0.250759583 0.469550934 0.522783836 -1.436653159 -0.879725602 -0.207426381 -0.839545187 2.210483605 -1.339763002 -0.052053723 -1.672100251 1.388295964 2.037336725 0.528885866 1.074794234 -0.083459958 0.796666462 0.882468778 0.425015046 -0.348326916 0.165501977 1.434331568 -0.439670601
2.763227333 -21.076664571 9.827707516 0.673557066 0.250651884 0.442406375 -0.536443018 -0.317859180 0.716996332 1.788608231 -1.654113001 -1.786261893 -0.438106150 0.089053296 -0.432318224 -0.496227010 -0.484019596 0.169460099 0.680716258 1.760542027 0.979561045 0.234842111 1.253926372 -0.858962185 -0.247262801 -1.813526462 0.300473532
3.738377734 -29.734756762 12.584508771 -0.328652939 -0.179403501 0.157638474 -0.913756937 0.349311390 3.370098250 0.055775029 -1.471512411 0.586273219 -0.327263841 -0.379579059 -0.590658400 0.629715878 -0.215575383 -1.458007638 0.132535125 0.154304807 -1.002570127 -1.744122919 -1.007912748 -1.437878203 0.780318057 0.443305054 -0.077873544
6.763818088 -33.682096461 -3.326553381 0.272570500 -0.612357867 -0.353706169 0.652391838 -1.109703404 0.771928239 1.786715334 -0.776150077 -0.234433998 -0.663769545 -0.074368898 0.567364223 1.522175657 -0.332999007 0.892969241 1.208229282 0.981615739 -1.329185978 0.013982112 1.344366443 -0.069389110 1.942118649 0.021177429 1.585876755
11.936024067 -31.223743242 11.142416385 -0.569006938 -0.518140797 -0.575185118 0.277350499 -1.278402942 0.837901633 0.265070768 -0.039691022 -0.614677936 0.011128328 -1.049137515 0.210368203 -0.226114926 -0.577156874 0.502950157 0.141820752 -0.649144349 -0.247699527 -1.481915172 1.265895166 1.364456875 -0.152237139 -0.401931985 -0.401855411
-0.162726201 -26.082557403 9.924632152 0.936728832 0.235486728 -0.239807586 -0.097864284 0.639368907 -1.048510221 0.042792453 1.004080515 0.171936960 1.018083289 0.071013024 -0.187952893 -0.997196779 0.040919258 0.972530878 -0.904679087 1.236857561 0.334480500 -0.125235909 -0.198853870 -2.075336619 1.015430683 0.881287098 0.281288257
2.356978899 -29.367320327 -4.152102533 0.533107715 0.437953098 0.104475339 -0.716294738 -0.218163684 1.688746419 -0.124476489 -0.331214452 -1.092813291 1.038131464 0.265737875 1.147254618 0.663260869 0.953565874 -0.239313368 -1.106357969 -0.235558228 0.445099708 -0.624220631 -0.097017399 -0.527509947 -1.359751536 0.914266816 2.936310040
5.733875593 -32.343005053 2.148558083 0.657944753 0.694869172 0.284485107 -0.057738712 0.202034458 -0.829532140 1.280948084 0.198304679 -0.400245807 1.025576472 0.778523163 -0.650795936 -0.257242059 -2.042846039 -1.082843825 -1.250757250 0.636864014 0.538181961 -0.245545578 -1.658026673 -2.307634642 -0.036496542 0.152341716 0.310511075
5.723113478 -35.457381072 8.406610246 0.755808408 0.046900828 -0.553949370 0.345968290 -2.288820174 -0.862686844 0.615409635 0.593310804 0.284094671 -1.491492016 -0.245499567 -0.553667382 -0.694189488 0.944386420 -0.506102264 1.074816810 -1.201167903 0.144948689 0.936344968 0.162909802 0.095357698 0.092156871 0.751980566 -0.005321424
0.857617582 -32.329841028 12.448325929 0.542924537 0.280219534 -0.361822807 -0.704126563 0.677211362 0.232867260 2.094783184 0.871778488 0.428943773 -0.669801040 -0.048698591 -0.166623530 0.381430889 1.332132913 -0.097937962 0.024222266 0.227088787 -1.520502383 -1.531881251 -0.323215958 0.971234139 -1.449999496 -1.221927024 -2.348846914
7.307726041 -32.686188292 1.837001866 0.345641919 0.498885555 0.546268325 -0.577265782 -0.205683361 -1.126461323 0.701720166 0.686120100 0.364197304 -1.389952700 -0.500188436 1.418014441 -1.491646744 1.189388950 -0.432597293 -0.619806261 -0.981548532 1.091507573 -0.592143577 0.604544074 -1.150366914 -1.163991376 -0.631519543 1.546322212
11.681910906 -26.745828607 10.752373169 -0.371182484 -0.767314411 0.410803616 -0.323562276 0.020386331 -0.091343011 0.376602598 0.305205145 -0.464361514 0.845732178 0.626392993 1.033130469 -0.697979627 -0.201259926 1.159930874 -0.081481513 -1.288362346 -0.840856251 -0.554619505 0.346538850 0.268587119 0.826855596 -1.142252047 0.667179305
4.748362328 -28.174050234 1.546701594 0.394544229 0.448602352 -0.674281381 -0.434091465 0.396553733 -1.670054445 -0.959135199 -0.338237920 -0.095057876 2.449386004 1.182706227 -0.445829378 1.278067137 0.172174298 0.792270383 -1.010398474 0.237679211 -1.773235065 -1.125597329 -0.916586433 -0.185350459 -0.268043709 0.580693045 0.824118136
2.124569980 -29.558314831 -0.777522892 0.318477976 -0.040989304 0.826537422 0.462306765 0.442056326 0.286178327 -0.325793348 -1.474686152 -0.324448061 -0.077716664 0.688835926 0.643717685 -0.984439441 -0.163342430 1.331487753 -0.329494893 0.402649706 -0.614302308 -0.570961880 0.014460225 -1.259123814 0.678883931 0.020882503 -2.070635625
-1.111162695 -25.997051904 4.502685461 0.384828609 0.054112345 -0.921341481 0.010424504 -2.550699882 -1.333030644 -0.633299126 1.557816968 0.054643167 0.917230566 0.480496743 -0.260382253 -1.443052496 1.164156002 1.147253035 0.882628496 0.186732815 0.418729247 0.972045151 1.075081163 1.337184219 -0.134192902 -0.004023469 0.407161419
5.752464180 -38.287771804 3.529388942 0.608536128 -0.419148309 0.620192959 0.263361289 -0.577587224 1.722013605 -0.002447605 1.215270455 -0.117557258 -1.013009636 0.764566704 -0.728924564 0.379562048 0.401527692 -0.033010008 1.680667911 1.637229124 -1.193273035 0.212825962 0.639041895 -0.155625402 1.146241485 -1.339808113 1.615407619
9.666948123 -25.872187132 1.285024711 -0.673524437 -0.035361873 -0.020344816 -0.738038250 1.603491918 0.411079858 -0.756185660 0.643666964 0.145370718 1.132714749 -2.581095141 2.273605159 1.751459729 -1.282650994 -1.666217954 0.321557103 -0.422480164 -0.776331545 0.165200271 1.447819324 0.040865174 -1.049148749 1.056375379 -1.059468682
1.208967318 -33.936034108 4.364045675 -0.408153279 -0.281766119 0.840729074 0.217240371 -0.902094663 -2.395420814 -0.605871756 0.301830198 -0.422395992 -1.283601786 -0.201725966 -0.243721493 1.256404717 0.301005151 0.289924259 -0.698961051 -0.059473557 -0.919837226 -0.359559968 -1.732281799 0.887628144 -0.255750990 -1.377759158 -1.278862632
10.617228945 -25.567722726 4.038538737 0.797178609 0.353922510 0.482982390 0.077286051 0.831594188 0.837310518 -0.126688759 -0.772054186 -0.736957957 0.370490086 -0.637738957 0.017447683 -0.811913642 0.416970729 -0.252889922 0.236832053 -0.556552469 0.153805753 1.177456644 -0.810477431 -1.740384454 -1.042778113 -0.103825946 -0.145677666
3.950156201 -33.654874995 7.999033603 0.025624767 -0.582987646 -0.727490398 0.360869085 0.145913231 -0.729912436 0.968853700 -0.243479623 0.114660997 0.122251198 0.910525549 -1.100405439 -1.595362315 0.559390101 0.083946259 -0.193698513 0.550444402 -0.141456696 -0.532663502 -0.118865831 0.527050856 0.912059485 -0.819084917 1.610778677
7.183602789 -37.625531956 3.305351243 -0.172749184 0.530917401 -0.032291750 -0.829000407 0.953466138 -1.461909181 1.639796009 0.156902990 -0.919729486 -1.131709467 -2.757286817 -0.369338223 0.242330446 0.448361485 -0.475366840 2.475993302 -0.993854831 0.271626413 1.098207201 2.306399996 -1.322563719 -1.589500273 -0.349264445 1.660694141
3.090615186 -24.783846610 8.456926205 -0.047260604 -0.838168427 0.543114697 0.016326342 -0.468943503 -0.511665340 -1.559055368 1.123799892 0.085407673 0.545331644 0.014197692 1.494882221 0.800014759 1.296555759 0.121476283 1.643012266 -1.785880987 -0.367365306 -0.371449512 -0.881351526 -1.380854249 0.525951509 0.652976692 1.512896330
1.252604902 -29.778299708 -3.985959727 0.376395957 0.216921290 0.900695174 -0.004409272 -0.505139465 0.788317215 0.393379802 3.172320772 0.380932546 -1.253707876 -0.240571469 -0.112941783 0.759913381 0.328196872 0.382901910 -2.934400163 -0.343491992 -1.341676228 0.569528528 -0.936968848 0.545243991 -1.512969583 -0.639319071 0.224291847
-1.504575132 -33.995399125 0.605839528 -0.408552176 0.801457591 0.434495487 -0.044322915 -1.442087009 0.073105160 2.155208527 0.730332230 -0.619686187 0.212048983 0.240196753 -0.315490760 0.381796048 0.824747061 0.502562835 -0.609089696 0.953199290 -0.026731662 1.113252566 -0.901616105 -0.006911695 1.554589088 -0.983595594 0.519267871
1.499847713 -22.389504670 -0.969154128 -0.097170487 0.642013245 0.611263040 0.452475840 -0.562350417 -2.068330271 -0.603864409 -0.059688756 -0.484340365 -1.184079238 0.594593639 1.360918317 -0.632063838 -1.284767491 0.464676348 2.019500569 -2.256207800 1.236926518 -0.518501884 -0.716873239 -1.395356627 0.686354498 0.247186958 0.776136842
3.716922767 -30.642189273 0.686491918 0.087325969 -0.856889319 0.465536349 0.203447238 -1.110907068 -1.327357449 1.862952953 -0.169766062 -0.836725061 -1.359999369 1.118419703 0.260789307 1.230471468 -1.802047393 -0.798980119 -1.016723929 0.618500004 -0.411732411 0.931930751 -1.109516477 -0.004285451 -0.428927673 0.981492266 -0.218428567
7.296910672 -33.544543931 4.203876124 0.328424351 0.061342570 -0.772665471 -0.539780145 -1.106322478 -0.843242955 1.238741507 0.125171476 -0.441819577 0.629520928 2.109443571 -1.193771679 0.287958197 1.485593605 0.564835988 0.526568028 -0.065525349 0.802411516 -2.147274195 -0.162003082 -0.431932008 1.675115575 0.322293754 -0.304620197
6.562456310 -29.778469862 -2.048363617 -0.048113696 -0.783908022 0.551455968 0.281193172 -1.310227384 1.094290414 0.489900573 -0.030701373 2.182758998 -0.519823359 -0.816682089 1.842706704 -0.857715971 -1.887129776 -0.395620502 0.663467515 0.069644015 -0.041818184 -0.180228204 -1.178626579 1.125174130 0.614948994 0.241932408 0.094976546
11.129301114 -28.140772915 10.503827737 -0.862315188 0.140191454 -0.443184628 0.200863780 -1.446376063 -0.806909463 2.324267519 -0.417044850 -0.689977451 0.502908442 1.618569008 -2.953686430 -0.653848608 -0.255595508 -2.547208822 0.989387963 -0.012599127 -0.166743397 -0.427411259 -1.503064865 1.212420637 0.040002026 -0.654600077 -0.771296930
2.239081139 -30.714617653 -1.218630209 0.776340923 -0.257224593 -0.321951409 0.476946088 0.038819876 -0.464181858 0.262675162 2.146586612 0.455978506 0.419537300 -0.497191384 1.110335295 -0.108113121 0.618107146 -0.510045163 -0.606527336 -3.175773971 0.011032825 0.220375440 -0.732073971 0.486734419 0.177822421 1.093774991 -1.247836253
-2.856884560 -26.163083255 7.051180356 0.425891223 -0.214399605 0.361306463 0.801315865 -0.705055851 -0.377928875 1.339540857 0.986382112 -0.150285936 -1.225242398 0.732894267 -2.460959201 0.231650917 -2.084095947 -0.257962900 1.594210312 -0.443151236 -1.939130610 0.064839169 -2.339091370 -0.959351744 0.174051545 -0.358661179 1.624698420
1.739524900 -27.516292981 13.524536187 -0.622573825 -0.223074829 0.749996650 -0.012019920 -1.780640611 -0.218243702 0.177884945 2.024241181 -1.793951459 0.986208863 -1.412991148 1.831171153 1.338073902 0.501605275 -0.831140926 1.124108256 -0.195202444 0.542267991 -0.849286423 0.368366432 -0.226450003 0.213156745 0.962059738 0.485955638
-0.771808345 -21.314960399 6.971259770 -0.633891619 0.240524448 -0.166872432 -0.715879177 0.745033801 -1.058119259 0.630240950 -0.565162559 -0.611421659 -0.604225682 0.807373906 2.416694664 2.990712896 -0.535103985 0.804230909 -1.056549247 -1.264403933 -1.085621541 0.301688483 1.290948898 1.330981685 -0.057015286 0.327463053 -1.909982181
-1.408269719 -32.081127002 8.164986194 0.207091769 -0.070072107 -0.859511645 -0.461998519 -1.038000768 -0.778566049 0.797786373 0.976598854 -0.927808281 -0.533542256 -1.024613996 0.224283212 -1.039696159 0.616690429 -0.005552051 1.524534437 0.542574042 -2.126335220 -0.353127899 1.505723979 0.108087160 -0.747465536 1.008724584 0.006245073
-0.835183287 -32.548503896 12.476166750 -0.265219394 -0.114504700 0.236684711 0.927646320 0.588744192 -0.447747996 -0.772505651 -0.463413940 -0.254547497 -0.338003606 0.382050720 -0.163410502 0.483305705 1.280438934 -0.978306210 0.018222056 1.007800898 1.102851152 -0.586010450 -0.428853166 -0.140074628 -1.203367767 -0.581527774 -0.605118866
4.022752771 -30.593003442 1.882883015 0.563026089 -0.334615843 -0.165978862 0.737214269 -0.154640897 -0.166623473 0.629003662 0.036571750 -0.599298795 0.921980414 -1.164071321 -0.660932283 1.079554257 -0.094520382 1.468912138 -0.416022116 -0.465897029 0.056452444 1.093479756 -0.302633492 1.866277141 1.030334744 0.530912764 0.351923885
0.348782239 -37.084019399 5.097991345 -0.701563249 0.186677012 -0.686745293 0.036627890 -0.296072591 -0.722357155 -0.809728768 -1.050469615 0.036182781 1.321123747 0.961629050 -1.941442211 -1.607641875 -1.007494343 0.443389103 -0.621787136 -1.086852311 -1.565698729 0.399261903 2.134848456 0.180181311 -1.151280705 0.849327242 0.491782147
9.755561096 -28.421915075 2.156425869 0.418582176 0.089722557 0.556229502 0.712283347 0.355986862 1.419145116 0.055774952 1.090241177 -1.068522561 -0.154031813 0.877909882 -0.712961085 0.528496252 0.087048069 0.519563317 -1.841078920 -0.293311777 0.491371563 0.625248017 -0.510348587 -2.477361442 1.539916078 1.372819933 0.065414493
2.939254407 -32.029040750 8.379315758 0.117836927 -0.016211207 -0.549640436 0.826889985 -0.094862906 -1.437146465 1.121491665 0.016998255 0.270111258 -0.504148385 -1.442163595 1.049946477 -0.589920183 1.385830075 0.492083699 1.452892033 -0.577961375 1.131929067 -0.874353184 0.301971051 0.404741815 -0.342588672 -0.901748839 -0.735483634
1.338350108 -34.235113215 3.339081526 0.711912901 -0.589159557 0.230096407 0.305166645 -1.545739263 -0.647525973 0.175723812 -0.099444720 1.639088604 0.245155438 -0.078775875 -1.219744313 0.430795251 -0.304812156 -1.572279740 -0.829938509 -1.890282324 -0.260205394 1.051034863 -0.356153509 1.316401829 -0.468383947 -0.554395884 -0.085815159
14.048721217 -29.718774097 5.476141254 -0.614864135 -0.308775687 0.074233117 0.721865025 1.385960152 1.209159362 -1.297763571 0.514153989 -0.572297301 -0.838742094 1.372035414 1.098451345 -1.166383546 -1.205632750 -0.515196637 -1.504179881 2.351272660 0.097836619 0.155568834 -2.607745979 1.525569896 0.503820762 -1.081873778 -0.466032740
9.149286233 -30.780468643 10.409298227 0.407130256 -0.432699523 -0.792662568 -0.136755734 0.609042663 0.560263398 0.129181991 -0.636191693 -1.240379454 -1.070247678 0.707269861 -1.276052524 1.304103252 -0.636745318 -0.569606273 0.469344663 -1.069840363 1.892819672 0.635404293 -0.307704080 -0.021589654 -0.277913252 0.456807557 -0.563067767
2.656982773 -22.206070254 7.037892438 -0.592713067 -0.066540704 -0.775159181 -0.208306981 0.267464353 0.367179412 -0.579127280 1.962490098 -0.179743426 -1.189106234 -0.482959873 0.357497637 -0.683449614 1.690719564 -0.271494192 -1.001337394 1.281469138 1.725591408 -1.339290971 -0.928645934 1.413368466 -0.850739553 0.216872208 1.168131995
1.577074031 -36.527375065 2.826360702 0.088933818 -0.864614662 0.469644436 0.154810744 0.784668458 0.517368657 0.536699562 -0.219222812 -1.390169554 1.499817068 1.002120103 0.853232482 -0.289715469 0.819358860 -0.290614343 0.799516804 1.142131414 -0.638253276 -0.360550321 0.946870050 0.482821415 -0.153840832 -0.570133080 1.281303575
8.293083567 -30.629844152 6.445554997 -0.200729357 -0.891345886 0.029515942 -0.405387526 -0.128302494 0.602972959 0.877254091 0.398641873 -0.140980246 -0.963389015 -1.808794246 -0.205966703 -2.227849205 -0.927375771 -0.636886630 -0.619063896 0.245830690 -0.218315134 -1.318632554 -1.010577709 -0.159162403 -0.821591583 1.221901494 0.967238514
8.973612778 -37.165646823 1.797901877 -0.568607660 0.328290853 0.191037734 0.729667753 0.758612454 0.305829336 -0.771278857 0.070355566 0.072286536 1.041932855 0.024683317 0.840132685 0.202516602 -0.348728681 1.028913894 0.578332560 -0.465024228 -1.054246682 0.353500073 -1.230441819 -0.037709998 -0.582290997 -0.296244243 -1.345405525
10.596311241 -23.556350507 7.094878388 0.038380630 0.921296207 0.242428993 -0.301609697 -1.219369840 0.179082416 0.110809377 1.181377425 0.777333047 -1.206425632 -1.724495639 -0.436234690 -2.495957037 -0.952677137 -0.116038686 0.982054604 -0.516481588 0.557869967 1.316938697 0.032283313 -1.577511794 -0.567071103 0.049440631 -0.255739563
-2.206230493 -29.636772741 -2.060342508 -0.210130517 -0.503309483 -0.759374479 0.354788854 -1.198627049 -0.951998654 0.465837571 1.553938113 1.254056866 -0.349711526 0.392395469 -0.576048261 -0.427635004 0.104484865 -0.087726304 0.264539812 0.669780022 1.773989106 -1.943118826 0.110046227 -1.207825820 1.473040007 -0.926371482 -1.382514527
10.412690444 -29.710369035 7.090227090 -0.212196620 0.191877548 0.596578903 0.749832790 -0.471974426 -1.209344235 0.975501129 0.647263111 1.203765994 0.250329121 -0.358507265 0.558005300 -0.743600341 0.120775153 1.088849770 -1.353548350 1.563241614 -0.377848227 1.373824516 0.964571000 0.531585637 -0.670273126 0.463477860 1.261303191
-3.597109299 -32.430445763 0.976909673 -0.098690023 -0.695798781 -0.467729999 -0.536053154 0.258598256 0.293500751 -1.232204459 -1.828681634 -1.333156463 0.182566104 -0.449779874 -0.617266217 -0.211942911 1.048045380 0.547422795 -0.996102021 0.490857729 1.502951446 -0.098465844 0.016924731 0.204261255 -0.759279123 2.080908552 0.511224361
3.860136273 -24.965270580 13.925218596 -0.365059466 -0.346030450 0.839184522 -0.206794228 1.582403974 -0.358902444 1.042729770 1.599435206 1.084204683 -0.500933594 -0.834815870 -0.411463720 -0.455730217 0.666443989 1.268198824 -1.422223743 1.459690071 -0.785193357 -0.522719759 -0.323508097 -0.438153764 0.119146721 -0.973801325 0.457234130
11.528037303 -31.590476159 10.924770885 -0.521473088 0.361697388 0.401360192 -0.660417151 1.426425368 -0.317324321 -1.006712785 -0.521904254 0.036705242 -0.816925925 0.192615310 -1.090685983 -0.201233471 -0.847469760 -1.813007561 -2.362748852 0.443590493 1.220881323 -0.675048584 -0.540590713 1.305835662 1.036485120 0.067697776 0.121013045
9.751752826 -28.353829021 -1.030146333 -0.757944841 0.582400626 0.013092324 -0.293526352 -1.699307478 -0.389163488 1.420890322 0.002892202 0.541735229 0.539135594 0.580384583 -0.228695887 0.692194253 -0.979861115 1.809819633 0.173707332 -0.639897816 0.899008894 1.387576563 -0.180048645 0.206470127 0.220232200 1.106744688 -0.109330927
2.967157168 -27.861018521 11.159924335 -0.223493074 0.887703405 -0.125742024 0.382390447 0.366353374 1.336871238 0.864216016 0.295692353 -0.118842774 0.430177014 -1.108172408 1.406835675 -0.462058523 -0.080323680 1.997762433 -0.850887382 -1.107411034 0.361875042 0.326420856 1.564681512 -1.169739156 -0.266928732 -0.895041343 0.684712352
-0.085018402 -28.730332903 2.427350697 -0.494426838 -0.030135380 0.724187933 0.479776822 -0.969516116 2.013845663 1.357713072 -2.838615240 -1.690047116 -0.245927303 1.123918689 -0.082133700 0.193066013 1.369247734 0.302125955 -0.696764878 1.167765116 -0.888563255 -1.732888353 -1.392756410 -1.156399392 -2.194452199 -0.238933192 -0.561045643
11.191832372 -25.101472792 2.050976529 -0.295553371 -0.472971427 -0.329464740 -0.761839366 0.124923806 -0.611372906 1.208953311 -0.394676094 -0.020278595 0.601018192 1.632645772 -0.757386449 -0.440272452 0.403397470 -0.488879736 -0.159069366 -0.932255494 0.241226603 -0.866588529 -0.965933144 0.770765953 0.754168234 0.462899203 0.426601445
2.941252955 -37.929280055 6.355433551 -0.047554252 0.113510276 -0.674925168 -0.727550704 -0.156439930 -0.301219054 -0.886562906 -1.350699812 0.030323766 -0.310856196 0.450230093 -0.680458143 -0.011581218 -0.978134332 0.713646068 0.300608484 0.932112918 1.853027340 -0.830062388 -1.863012235 -0.434637806 -0.434377732 -0.209189018 0.899014742
13.156862059 -24.972366934 7.110947740 0.179283913 -0.634161564 0.650774802 -0.377078965 -0.253569931 0.579639314 0.046802628 0.404754229 -0.234128803 -1.759186599 0.059807012 1.141317597 0.153430090 -0.094423924 -1.101868080 -2.308711071 -0.379625806 -0.812458895 -0.502057202 -0.724633406 -0.892392092 0.095256510 -1.647550290 -0.899816179
5.932865104 -23.205858213 4.645799055 0.815244379 -0.531952607 -0.158591249 -0.165081319 1.477861591 0.708330201 0.500955726 1.225650827 1.097293581 0.103784647 -0.209389011 -0.749854322 1.607494304 -0.197230078 2.077089663 0.233464330 -1.385378640 -1.310875683 -0.799395250 0.883061012 0.512385577 -0.119157942 -0.556298565 -0.103888651
10.615211878 -33.985866877 7.725919441 -0.783444285 -0.346522565 -0.323703306 -0.401688106 2.611168755 -1.260619203 0.592993501 -0.271359286 -1.289474205 -0.930054246 -0.977896057 -1.113019697 -2.398579428 -2.037736102 -0.721340291 -1.575060871 -0.379914022 -2.171996139 -0.353851748 1.747792696 -0.417234630 -1.115546358 1.878520797 1.270072163
2.673352115 -32.112979514 2.929982220 -0.459663115 -0.713388994 0.197649198 -0.490633018 -0.376998635 -0.970555829 1.423640321 -0.427890273 -0.098225568 0.914647507 -0.198851143 0.402820499 -1.159988902 -0.581401681 -1.032450862 -2.057759110 1.990081256 -2.269855207 -0.933007675 -0.903278143 -0.598555533 0.093235964 -0.568817538 2.272968377
0.767602059 -32.663036234 -2.714704820 -0.798365855 0.474851340 -0.215025053 -0.301483653 -0.924997458 1.087710513 -1.192944964 -0.588797922 -0.253748115 -1.138942006 -0.188410535 0.546007980 0.298718270 0.279938353 -0.309078928 0.588648962 0.982519734 1.231010960 1.845842452 0.095167099 1.035602314 -0.883477819 0.581919559 0.856796698
2.324437602 -24.735459726 13.694185173 -0.452221339 -0.104955357 0.688724687 -0.556900834 -1.154090923 0.366964509 -0.938135963 1.970903207 -0.135226188 -0.477003794 0.531525779 -0.822116147 -0.793461738 0.114601087 1.387413672 1.960281329 -0.082436577 0.769437798 0.437852728 1.612741896 0.411309140 0.499596863 0.631410028 0.151343640
8.933303294 -22.002395973 0.596408738 -0.638513785 -0.087872102 0.652403706 0.398682887 0.961041473 -0.215448880 -0.156371958 0.357779144 -0.473101378 -2.308037059 0.444528502 -0.311409785 -0.809898640 1.057183929 -1.043084558 -0.087234993 -0.021546631 -1.596461039 0.727920638 1.600835908 0.953619221 -0.140327380 -0.531007431 1.389320213
6.018510852 -27.821161449 5.416757479 0.185725453 0.540983388 0.059682428 0.818095983 -0.119295690 -0.369568984 0.539971439 0.328478095 0.463467211 1.590197234 -1.751276545 -0.848535661 0.066481863 0.747267908 -0.024868076 -1.941003914 0.937613956 -0.062888495 -0.452952061 0.288555098 -0.316218233 2.806942822 -0.171159245 1.561293376
3.065735528 -29.861729007 10.781530029 -0.652002774 -0.291310599 0.295638534 -0.634530042 -1.188431963 0.924204267 0.445261311 1.290477024 -0.566195730 -0.014117374 0.525779244 -0.780869735 1.054144404 -0.052573471 1.733034019 -0.252918420 -0.274348374 -1.707674928 0.669333239 -0.208752363 2.097047124 0.995089567 -0.196734511 -0.765764095
6.919922153 -23.238038214 9.843964793 0.377132395 0.767807734 -0.230185149 0.463958229 -0.665271492 0.251505228 2.896479072 0.054819487 0.054053208 0.632141470 0.450039599 -0.252970080 2.060949941 0.652444695 1.204972459 -0.316118961 -3.637390123 -0.491539852 0.888941153 0.827225065 -0.658369372 -0.300759632 -1.107791870 1.414953217
0.210742035 -26.506815903 12.098037749 0.337010777 0.609212018 0.132421897 0.705513214 1.151353384 1.181716608 -1.932247554 0.668868741 -0.559937318 -0.303697179 1.210301794 0.136735422 -0.781199497 -1.522187344 -0.321545130 1.210410835 -0.430952165 1.063778219 0.530084466 0.087501092 0.142981050 -1.256987700 0.649737999 -1.953359194
6.977566118 -38.365671494 3.087636317 0.173470945 0.436178375 0.396772285 -0.788814307 -0.445634801 -0.399034661 -1.094235766 0.803837299 -1.843461097 -0.745830966 -0.041231798 0.565489895 2.108275512 -0.945857020 0.243359804 -0.726510937 1.656411817 -0.755803504 0.136189953 0.030504413 0.153441653 0.054244582 -0.108036459 -0.009530456
10.182470148 -33.313753613 6.891037038 -0.252942483 0.127229253 -0.192050788 -0.939653826 -2.087704984 -0.332357598 0.727169810 0.520381104 -0.738291987 1.422772138 0.723994573 -0.352623071 -0.432330014 -0.232719686 0.777178686 -1.029046573 1.460801246 -1.047722385 1.112059214 0.183652818 -0.796690424 0.466778959 -0.985740302 0.115085661
10.718554904 -26.772174840 1.285140020 -0.394626273 0.577909567 -0.649671001 0.297015534 1.228604797 -0.485940137 -0.354685844 1.437453998 0.491697723 -1.478926372 0.250340320 0.207552049 0.217330046 -0.646520503 -0.716124235 0.038497241 -0.909728449 1.628254058 -0.069363869 -0.017149055 -0.127060380 -1.453364069 -0.997215653 2.010393665
5.524455275 -19.617561019 7.212047075 -0.864668513 -0.230181102 0.256649336 -0.365371238 3.620209232 0.133040047 -0.627713967 -1.486658965 0.262171522 -0.194780018 -1.504205174 0.279102399 0.619670925 -0.417800467 0.451595165 0.225882659 -0.784256758 -1.492546150 1.386041420 0.298257085 1.932048804 0.800219500 0.576483571 2.853237849
11.832475961 -30.235721911 0.612418011 0.150760367 0.000364148 -0.910289360 0.385544369 -0.977091460 -1.092117074 -1.053239284 -1.246211091 0.328294428 0.054516060 -0.701678152 1.056135541 0.681067223 0.115342662 -0.022484150 0.221155413 -1.534735093 -0.221504219 0.503094364 -0.625799765 0.444075644 0.135384799 -2.524138052 -0.272774928
2.188822540 -34.588438546 11.789748057 0.253057501 -0.906070336 0.108864950 -0.321164865 -0.055175256 -0.199419465 0.677570281 0.456355388 1.182437694 0.132102424 -0.288514600 0.442986949 -0.591370715 -1.089084848 -1.190094335 0.897856279 0.628777464 -0.130902314 -0.417543761 0.829309599 2.107935807 0.014677990 1.301465705 -1.171789452
5.786496518 -23.685024933 7.855744977 -0.038146572 -0.819425178 0.041843471 -0.570382627 -0.780633302 -0.651247074 -0.321434972 0.040360322 -0.203487081 -0.698395548 0.236529256 -0.221821268 -0.276091413 0.452630756 -1.021962839 1.367385018 -0.406397887 -0.897762319 0.614765281 0.032482389 -0.875269201 0.257320737 -0.508097899 1.930871847
9.588550470 -23.821906036 7.480336713 -0.116275641 -0.990812739 0.067577432 -0.014261211 1.093119568 1.939481566 -0.755943284 0.072341211 -1.789859218 -0.966735177 1.069427635 -1.878721487 -1.440732757 0.167854801 -0.772652723 0.118019537 0.096347187 0.593064549 -1.791715577 -0.851675717 2.115723933 -0.917151456 0.276218567 1.499528656
-1.438339492 -32.520804747 -1.671411521 0.046328706 0.639540994 -0.031872275 0.766697545 -1.134624587 -0.488207923 -0.754802973 0.416070820 1.149403614 -1.057704219 -0.195068895 -1.159117481 0.142360611 0.143477404 -0.153901959 -0.340953461 -0.966737577 -0.730987363 0.108301345 1.263999851 -1.030870412 -0.177368641 -0.231589492 0.168580119
0.924640339 -25.088942792 6.241865158 -0.647626106 0.574403246 0.293965637 0.405247507 0.900687000 -1.373535926 -0.927803224 -0.967026230 0.335402707 -1.341340476 -0.478476528 0.402595076 0.347159826 0.079570604 1.423981933 -1.873987887 -1.374159895 -0.510647915 -0.182769990 -0.327699880 -0.930736886 1.566317782 0.993848760 -0.698176215
0.931397494 -29.207561492 8.302165744 -0.347041663 -0.464228289 -0.513724307 0.632567400 -1.550808092 1.321639174 1.206032256 1.986136310 0.016866127 1.031484599 -0.609676324 -0.494692171 -0.064008779 -0.241574837 2.424345573 -2.020611115 0.250183099 0.169744206 -0.011348675 1.061889432 -0.623098085 -0.509626660 0.949006878 0.988168327
9.033705494 -30.735110442 8.773499666 -0.158219462 -0.301673631 -0.777877999 0.528077116 1.157534463 2.160662941 0.601113418 1.502849497 -0.299309365 -0.689767705 -0.374098245 -0.772918061 2.136708640 -0.747942319 -1.501290807 -1.153473061 -1.352827811 -0.221040113 -0.256409621 -1.304556148 1.605236404 -1.672107052 0.844524282 -0.185656100
13.246523286 -26.139883972 8.665968678 -0.318349446 0.059127240 0.713505008 -0.621343868 -0.476176679 -0.193655057 0.299604693 -0.422178929 0.218674653 -1.141239705 -0.237347443 -0.007056643 -1.292933012 0.001077336 -1.364017209 -0.586749757 0.726661895 -1.912020755 0.304239255 1.076870143 0.763324612 -0.292266494 -0.205017226 -0.465874197
4.781711204 -32.914171211 13.954061988 0.279746265 -0.820958790 0.225151572 -0.443931821 -1.046947145 -1.021369806 -0.993396460 0.710450522 -0.069812849 1.457846555 -1.550124226 -1.513127549 -0.163688497 -0.560747188 -0.239158069 -1.156084995 1.149401696 -0.956769382 0.290427444 0.229211932 0.369687744 2.094044784 1.135121794 -0.181725887
4.763357975 -21.270450306 -1.131314510 -0.820900564 0.017767253 0.303198002 0.483608892 0.460767649 0.146341776 0.497116052 0.254843228 0.268300446 0.875772455 -0.401266200 2.042362625 -2.387308964 -0.058785750 -0.374116398 -1.346621707 -0.023395512 -0.196971818 0.039217743 -0.948860784 1.630032937 0.540586306 -0.115671075 0.885431335
4.412609480 -30.932715421 -4.029188266 0.369077584 0.751714711 0.504451958 0.210321069 -0.643670675 -1.102374627 -1.096708276 -0.321391123 1.378795625 0.238410601 -0.454736235 -0.269446767 1.306040962 -0.604006287 -0.812990049 -1.183680386 0.227010979 -0.024388659 0.478957775 -0.306455704 0.393983127 -2.641027074 0.037530190 0.025266262
3.254299652 -36.236501378 10.534852796 -0.088392272 -0.232309520 0.675084804 0.694607515 -0.742871496 -0.400852666 1.976715741 0.187718101 -0.005251270 -0.869239461 -1.282720176 -0.942827167 -0.417526785 0.174096241 -0.775583979 -1.069379047 -0.020210514 -0.020897654 0.324049726 -0.484811927 0.636189162 -0.606641407 -0.769890211 -0.318765160
2.951415692 -32.207905826 9.623142531 0.027265648 0.175791142 0.329150448 0.927369420 -0.750399070 -1.348627285 0.692047326 2.003760151 0.131869774 0.791598569 2.965446971 -2.668182637 -0.274538587 -0.288181675 0.242911156 2.483796681 1.482967154 1.465684095 -1.798478289 -0.713998813 0.383686700 -1.510838195 -0.245282748 0.387284251
0.848255096 -32.405347028 10.947147408 0.463388118 -0.200616239 0.512475561 0.694545446 1.343039911 1.738177642 1.504681251 1.374167917 0.869007577 2.504407882 -0.999724492 -1.012424484 1.039512936 0.608960657 -0.175337050 -1.190302641 -0.643434292 1.622343531 -2.241763153 -0.053888843 -0.584608018 1.031690017 0.362611779 -0.315030170
-0.081486811 -28.761140721 13.099133061 0.687505992 -0.545196728 -0.374021194 -0.300340116 0.093085522 0.600467895 -0.713167997 -0.345922486 -0.082556487 -0.268025456 0.435160372 -0.880460065 -0.790959303 0.347595297 0.618935796 0.197844886 0.193245037 -1.075083735 -1.122305867 0.307472690 0.386502184 1.238892030 -0.855671462 0.296362996
4.032080239 -33.853575016 -1.033457623 0.569408719 -0.225691850 0.165861357 -0.772869271 0.190970745 -0.948885192 2.030782451 0.085137566 -0.616490513 1.158381434 -1.659145845 0.279448563 2.406664215 -0.500245028 0.168439890 -0.936837671 0.761528031 -0.202063776 1.027764401 -0.329576631 1.855402788 -0.673542221 1.383252726 1.006401672
-0.050153737 -22.584801750 7.475553360 -0.520741833 -0.092899035 0.487121571 0.694917468 0.696046987 1.706525966 -0.542872096 -1.483456308 -0.532460988 0.513557575 -0.194886582 0.372782026 0.643877644 -1.467454921 -0.118373123 -0.004068177 -3.423805051 0.510946633 -0.466471252 -1.007240857 -1.328881653 1.274069004 -1.744635596 -0.137332044
10.259857932 -30.975139461 5.520942383 0.619628750 0.473639260 0.391758000 -0.488110369 -0.485740464 0.441683317 -0.566904610 -1.398630369 0.903457485 0.109281060 -0.082318718 -0.674620012 0.095543328 1.047578155 -1.047881383 -1.597857967 0.860377861 0.024706324 0.901417742 -0.941563190 0.709288528 -0.968045180 0.066804921 2.404760954
5.165591334 -37.098792525 1.546816315 0.355054402 0.926189865 -0.114563337 0.054625525 -2.299609342 0.081505951 -1.569234504 1.325767674 1.918618475 1.136275259 -0.450425907 0.965585350 -0.983593645 0.738654114 -0.765296392 2.329092467 1.026313620 -0.791261030 0.511312395 0.759745342 0.040483210 1.732181314 2.130289049 0.850436368
-0.399486978 -34.905538747 5.753840489 0.782101792 0.092674780 0.492225701 0.370731751 -0.825942433 0.775194655 0.602795667 0.625518939 -1.637842424 0.830094525 -0.433087536 -1.211120410 -1.431964294 -0.300661640 -1.664220851 -0.858495482 -1.398402904 0.484284566 0.819864781 -0.179030196 -1.270425433 -0.370933117 0.777961727 -0.439707027
12.351866934 -24.898427724 6.636686400 -0.143786941 0.511098740 0.673541412 -0.514242510 -0.344335323 0.492632143 -0.616800777 -1.003551920 -1.260144112 -1.109439967 0.007857626 -1.031721383 -1.440237739 -2.378636456 0.668717928 0.439878776 -0.581589676 -0.565555501 -0.128783489 -0.463742768 -1.304850134 0.653570626 1.784613719 1.658490415
-1.023740502 -22.274590745 6.474660029 0.702590281 -0.565567679 0.171520308 -0.396334306 -0.484405676 0.060088271 1.738116958 1.944039800 -0.121844626 -0.047720924 1.193065859 -0.619338524 0.393612885 0.425386271 -1.795734627 -2.411059141 1.113755831 0.134575867 0.628250930 -0.726008051 -2.145335088 1.526445867 -0.671248187 1.226945639
-3.673783480 -27.121470086 5.504864890 0.682488361 -0.653177573 -0.324713433 0.046150632 1.360292258 -1.412496699 0.256578483 0.192554320 -0.516220302 -0.707485006 -0.326573506 -1.201382072 0.745254910 0.423837329 0.070546202 -0.649169969 -1.781965085 1.006403672 1.042798088 -2.361265613 -0.269301329 -0.052715815 -1.726279404 0.380431585
10.077621622 -34.075745248 7.796875691 -0.920585576 0.372957274 -0.044077342 0.107155296 0.140570107 -1.091420013 -0.120098213 0.538481956 -0.216689023 -0.470343036 0.286363964 0.100063720 0.712189611 2.063990926 1.517039438 1.123233812 2.121759460 -0.538193095 0.839981450 0.241487784 0.953526737 -2.454632420 0.466168807 0.072104213
5.064497978 -28.599942279 11.556635669 -0.384277136 -0.309271432 -0.749748534 -0.441088880 -0.396828198 1.159900538 -0.197101017 -0.132268440 -1.665173602 2.095160050 0.040909574 -2.374848856 2.279801625 -1.236794727 1.058427999 0.829087174 -1.289708743 -0.320157119 -1.364877262 1.130762502 0.925090763 -1.283029006 0.652780289 -2.557671702
7.172965575 -37.568136034 5.758342970 -0.283005574 0.408072058 0.313898162 0.809229871 0.386775667 -0.327046678 0.702274144 -1.328349785 0.316709826 0.595800474 2.132532655 0.752881858 -0.967956229 -0.214218036 1.817442877 -0.619258769 -0.341884261 1.160917937 -0.108751502 -1.923592337 -0.402410582 0.516288741 -0.006040352 0.145533443
-4.201037799 -30.561979563 7.271638248 -0.658919310 -0.453494134 -0.021069764 0.599770355 0.966157813 -0.000398634 0.397538003 1.425695787 -1.597608454 1.383173937 0.327405135 1.477285622 -0.522517196 -0.211505637 -0.901723041 1.850772869 -0.480667339 0.012363858 -0.198066137 0.613919815 1.299657322 1.310005642 0.727083435 -0.028669819
10.351146549 -22.229222114 9.175972775 -0.205447399 0.058269706 -0.563989785 0.797691375 -1.868356005 -0.164654950 -0.102219155 -0.202750735 -0.108735985 0.754256701 0.819724708 -1.180594495 0.115294785 0.386447276 -0.557582438 0.467622637 -0.648340570 0.046930514 0.946340065 -0.091054128 0.072138406 -0.149188507 -0.275185400 0.833166679
7.201356029 -21.838887938 10.813104374 0.734712795 0.151824871 0.339757862 0.567195657 -1.142612699 -1.591245255 -1.226124292 0.408198133 0.417030326 0.338920792 1.633919271 -0.128622808 0.973136470 0.050191838 -0.755517836 2.674687289 1.038649743 -0.672379509 -0.761785173 -1.855340474 1.013344830 0.445336276 0.124981322 1.079426964
4.311592190 -21.587258657 4.351380714 0.618447692 0.582682628 0.135373281 -0.509585598 -0.809054189 0.247269209 -0.410151904 1.505499338 -0.480285046 -0.097730833 0.053678113 0.532763962 1.621712487 0.429954013 0.357507303 0.565388446 0.479428182 -0.805928658 0.989929058 -1.649141039 -0.578622988 0.584837019 -1.412978861 -0.676928753
-3.983475493 -26.531182200 8.136394181 -0.484701649 0.454438528 0.735980718 -0.129931978 -0.174352491 0.594125609 -1.784386308 1.413288425 2.218495143 -0.240277188 0.156052589 -0.665534204 -1.175053728 -0.134860705 -0.501485331 2.205021840 -1.627303501 1.809564402 -1.108950250 0.911110593 -0.373993513 0.495333448 -0.391553595 0.921397981
13.210118935 -24.548062783 5.579607623 -0.152884903 -0.077653946 0.080482456 -0.981895435 -0.787970082 -0.884083065 -0.608439022 -0.573593306 -0.455274311 -1.101616863 0.476082900 -1.394912212 0.525035500 0.627033639 -0.493862788 -0.581207280 0.138063134 -1.015722967 -0.818327734 -0.300910576 0.339156269 0.107886658 -1.945092144 -1.048117114
13.330473660 -30.439833685 4.984740550 -0.724900585 0.260466603 0.626298747 -0.120108994 -0.062108706 -0.602227845 -0.128445362 -0.476564041 -0.067578390 -1.252310136 1.757162525 0.524049825 -0.666776351 0.724214614 -1.127399887 -0.011847373 -0.859640794 1.065065817 0.264565372 -2.567777791 0.347689278 -1.178975209 -1.415989628 -0.092563240
12.529071282 -30.187425016 9.157672791 0.139740686 -0.708696969 0.688707361 0.062476535 -0.789416427 -0.450598462 0.510483150 -0.211024166 -0.892760544 0.502192508 -0.757468323 0.276581973 0.257042449 0.196755425 -0.665407461 -0.697103883 1.236934821 0.236840891 -0.288568436 1.623440768 -0.618001498 0.207019593 -0.891773303 0.175806625
-3.279446212 -28.586048262 6.131802152 -0.708098350 0.610730707 -0.339184099 0.102756400 0.879791583 -0.556194947 1.829755209 1.889684785 0.101063358 0.175121682 -0.122259579 0.206271308 -0.553113284 -0.076125128 0.382498849 0.486422836 0.660773208 -0.862050676 -1.510401820 1.936686454 1.852659012 1.146178909 2.041984110 1.042192907
-0.150053341 -26.430476913 3.162659288 0.638710343 -0.329309812 0.692978500 -0.058180271 -0.359488971 -0.003978658 2.067671028 -0.909572062 -0.471064413 -0.141614683 0.139670109 0.168130488 -1.774539666 -0.087594768 -1.005628105 0.416351535 -0.549085332 0.790210491 0.366061438 0.747847292 2.288140266 -0.956568722 0.034418455 -0.089800101
5.415809694 -24.959003684 -3.568185579 -0.620771165 -0.772917049 0.035526446 -0.126413089 0.453752304 -0.464371902 0.166351450 -1.671431011 -0.325275989 -0.162808306 1.402558130 0.128959791 -0.179454382 -0.336753617 0.823882539 -0.289844805 1.111828466 -0.557518276 -0.699654258 0.340962637 0.340317187 1.079200658 0.768960716 0.826320613
-0.456345288 -30.684140185 3.723525206 -0.355235154 -0.560101700 0.473915978 0.579221647 1.132401021 -1.165183088 0.420679108 -0.562840700 -0.248734281 0.831579187 1.366455306 -1.102591672 0.395619666 0.410862294 -1.276121594 -1.099169367 -1.172794254 0.752799634 0.285831078 -0.942071507 -0.279698850 -1.294697025 0.381400884 -0.759222084
0.420225583 -26.001466096 7.591581972 0.760070085 0.489769758 -0.408243380 0.125524466 0.804121406 1.487836963 -1.088181299 -0.526889983 0.187357356 -0.090785784 0.350605195 -1.752896609 -0.046078087 1.586275879 1.551366387 0.488556875 0.886173224 -0.027841390 2.191052474 0.447760971 -0.124681058 2.259513340 0.378575333 -1.800454350
4.976373836 -30.012999427 8.306658029 0.165745216 -0.866409912 0.098573923 -0.460592628 0.696532979 0.045672820 -1.255115956 0.970054901 -0.507272366 -0.763163462 -0.102310097 2.745591232 1.870289160 -0.120612079 0.418796524 -0.619829180 0.898910595 1.801397107 -0.590730125 -0.960282653 -1.246967343 -0.469382607 -0.974776347 0.658178604
-0.051434978 -27.992296092 8.200502471 0.472218280 -0.345698750 -0.502358863 -0.636504393 -0.668353985 -0.681064093 -0.759691193 -1.988509733 -0.845103246 -0.798187949 -1.013923153 0.500225294 0.271413322 0.046895839 0.251280367 -0.052708935 0.406119138 0.093628364 0.727692411 -1.610801656 0.177979472 -0.028327037 0.011646762 0.470931326
4.159217670 -28.119723438 10.830337663 0.351119284 0.533672330 0.648483229 0.413978979 -0.314763532 -0.399237419 -0.999945034 -0.807826826 -0.037566675 -0.248626144 0.648007384 -0.362268239 1.675667274 -1.098490157 -0.482489215 0.390276159 0.246398641 -0.676649921 -0.696506237 1.494908257 0.908793246 -0.048150003 -0.285661681 1.069982174
1.545919135 -36.735401777 4.270351303 0.099324789 0.149997706 -0.311816399 -0.932955416 0.521520459 -0.077178077 -1.430643455 -0.354399234 -0.988953663 1.069098511 -0.390614168 -2.214423045 -0.436756943 1.584478712 0.444508700 -0.037100005 -0.656393003 -0.306360447 0.508346121 0.477300012 -0.108507850 -0.747871931 0.279858420 0.792338022
1.630133081 -21.185632659 5.807924745 0.579336603 0.208682108 -0.595259391 -0.516223920 0.454119606 0.289249135 -0.819799474 0.015567238 0.706890287 0.413699807 -0.162431078 -1.258195677 -0.318333818 1.234294487 0.452513620 -0.805499781 -1.165936156 -2.555428725 -0.728780395 1.286928001 -0.635456488 -0.229104913 -0.097613980 -0.116175369
13.268551086 -25.290017815 2.325343151 0.255586753 -0.477818557 -0.796816635 -0.267297753 1.122298715 -0.860950361 -0.151902265 0.948394923 -0.606590511 0.204532706 -1.224672194 -1.668979428 0.864771390 0.206030098 1.542966438 0.701111388 -1.198795901 0.049020066 -0.832103206 -0.438559208 -0.201241915 -2.090872881 -0.995234047 -1.715040329
12.781710264 -29.280564730 3.207432209 -0.158817444 0.215939310 -0.961827541 -0.055090981 -0.475444827 -0.253663123 0.634687601 0.430304063 -0.518563585 0.722257516 1.395519663 -0.771164588 -1.881591557 0.594219793 0.465685197 -1.075674141 -1.008679846 1.342881869 1.339945718 0.271441696 -0.176419003 1.023881842 1.247612872 -0.891672418
7.116483779 -26.591066515 -1.419813857 0.091563438 0.526771898 0.748818358 -0.391661296 1.459802901 0.237787506 0.173252505 -0.190948879 -0.862599571 -0.477862814 1.146459618 0.092459047 -0.938687110 -0.871985276 1.512287491 -1.192551169 -0.072317272 -0.509463518 0.003371622 0.979858981 -0.729203071 -0.618728320 -1.208073053 -0.213452427
7.137562080 -23.576966848 11.096744225 -0.018270582 0.203147318 -0.509153842 -0.836157711 0.438855917 -0.010830027 -0.720740461 -0.447154698 0.912209530 1.043693485 -1.363603234 -0.005402301 -1.331132541 -0.142540958 -0.875415487 0.690031898 1.655678997 0.247570195 2.316287289 0.987771788 0.343289574 1.208690457 0.809102766 1.725735303
-0.064410325 -37.324885832 7.494388214 0.358010760 0.624073989 -0.013212677 -0.694395692 -0.115781580 0.552704035 0.377081705 1.544586495 -1.102287868 -1.132357698 1.456897451 0.728317822 -0.349954747 0.068553529 -0.341639493 -1.783725283 0.449095093 -0.046055214 -2.068355694 -0.007618896 0.236808630 0.941987047 0.856120637 0.696441471
9.988134714 -33.410864129 0.246869196 0.281662885 -0.096345662 -0.911952215 -0.282359152 0.987714972 0.719566146 0.499416055 0.146523551 -1.851140963 -0.498091991 1.455062494 1.302063089 1.731212895 0.930181567 1.392184613 -0.039231324 1.152732671 -1.405990024 -0.563534318 -1.023965135 -0.783361516 -0.519882778 0.220137097 0.390059114
12.430445029 -30.996317747 3.248886052 -0.014231555 -0.708305272 -0.344183638 -0.616148301 1.314605742 0.645706021 -0.928206853 -0.389762544 -1.523664649 0.636442424 0.256791170 -0.771866753 -1.849191013 -1.263465483 2.131439914 1.693269233 -1.536335758 1.449567684 0.565162294 0.420862970 1.508908050 0.992405097 -1.308182521 -0.432886322
3.453619448 -25.351572475 8.637032767 -0.176599227 0.677933195 0.667687013 -0.251820071 0.337782377 0.888828589 -1.139207714 -0.785280815 0.553289560 0.194267419 1.541655650 1.452240666 0.695814850 -0.819216183 -2.403462242 -0.885520562 0.896858729 -0.821451132 -0.384510222 -1.774087038 1.037216013 0.986400415 1.040600856 -0.204303086
6.424032714 -33.641454003 9.545221457 -0.061310432 0.032322433 -0.519570131 -0.851612101 -0.445349233 -0.153988532 -0.703135640 0.524257202 -1.115109325 -0.087095312 -0.084575966 0.125348787 -1.548542358 1.366811534 0.158522283 -0.536838904 1.495137415 0.460073992 0.048752357 1.318270836 0.584417479 0.536475037 -1.087801546 1.871912824
9.956831650 -35.007936983 10.464053102 -0.461115108 -0.524476782 -0.149154925 0.700035549 -1.092085884 -0.433362618 0.201875326 -2.376743392 -0.954688756 0.538097911 -0.730404735 -0.973647678 0.540398784 2.180661942 0.147447323 0.342612047 0.139262222 -0.874518933 0.246828936 -0.050123722 -0.235216234 -0.075171210 0.265012183 -0.437747367
11.202709880 -27.493165927 6.866555537 0.121495051 -0.262664192 0.956021821 -0.047631419 0.369944620 0.784469927 -1.294190988 1.331791507 0.597317918 -1.373684097 -0.650407978 0.485800521 0.588046392 -0.119545664 -0.513367405 -0.908837031 -1.823903221 -0.957637442 -1.142235694 -0.916854385 -0.290626233 -1.097784704 -0.463737572 0.279531655
6.981443020 -24.368139217 8.982819265 0.558219155 0.455881559 0.400483740 -0.565841103 0.979661779 0.940396570 -0.066689156 -0.742897773 2.152433083 -0.935416873 1.547944811 0.157034702 0.626082207 2.510109333 -1.541376864 -1.592681633 -1.555143142 -0.214276837 -0.277311725 0.913105894 0.542212307 -1.566648704 2.780878111 -0.989656839
-0.619550737 -32.266532594 4.931320366 0.785447561 -0.271403649 0.365597747 -0.419226044 -0.085837671 -0.898988970 1.246008174 -0.205997032 1.316577094 -0.350174960 0.669202229 0.381583126 0.083069468 1.362064908 -1.149397289 -1.883164883 0.086295227 0.437513474 -0.023882297 -0.773541427 0.026125560 -1.662364334 -0.544976333 0.913879125
7.715251047 -24.795814687 2.340200922 -0.759699212 -0.013946411 -0.646903613 -0.064639929 -1.125157683 -0.795546039 -0.045683898 1.796276635 -1.136188356 -1.222826086 0.178197221 1.439344725 1.734105255 -2.659142662 -0.404603480 0.565814340 -0.378390161 -0.648364725 -1.394445216 1.497094192 0.953096284 0.382443386 0.474254823 -0.167025598
6.406535027 -22.927616985 9.240592885 0.012794418 -0.627309753 -0.681078347 0.377426897 -0.577002694 0.723275033 -1.120998664 0.606809390 -0.493875166 -1.829567356 0.512389577 -0.630212853 0.314792194 0.438536954 -0.250631220 1.281879448 1.376198838 0.736774490 0.713838533 -1.369271645 -0.895453206 -0.446942069 -1.192215079 -0.221463450
7.079292656 -23.690965246 11.396020840 0.571007654 0.462502542 -0.622846092 0.268522630 0.114868193 -0.854086470 0.148561476 -0.255268099 -0.855967167 -0.054991293 0.191623530 0.524847375 1.085847135 1.584052022 1.457088929 0.969989916 -0.816414880 -0.514217073 0.711082255 0.563780205 0.020244555 0.335459084 -1.185010608 0.234684958
-0.119059613 -23.853771203 0.931503530 -0.559503563 -0.724474041 -0.388255151 -0.106541372 -1.438422838 2.349170957 -1.343505381 -2.355923434 -1.318003443 0.678109231 -0.397107220 -0.547451292 1.342991826 0.507427383 -1.012455889 -0.862997100 0.157827967 -0.016913796 1.426716388 -1.548490954 0.131946813 -0.276017068 0.032845278 -0.609697817
3.528574914 -26.171267418 4.970497606 0.180894052 0.265748739 -0.360653865 -0.875547680 -1.260982460 -0.367541019 -1.853572007 0.551562852 -1.572274833 0.594614073 -1.766558558 1.503025456 -0.375805089 -0.534450046 -0.396206475 0.505422789 -1.135636802 -1.294675184 0.081473794 0.705698928 0.625116097 -0.248584842 -0.863051107 0.521223734
4.140940141 -32.517007459 2.814557595 0.374283742 0.863665608 -0.232302471 -0.245008082 -0.468658554 2.071947442 -0.928403728 -0.640635564 1.656073455 0.885166804 -1.215448287 0.753337867 1.251023199 -0.573404681 -0.376197404 0.212989287 0.201252882 -0.230540408 -1.100602216 1.085389248 -0.700904603 -0.150225884 -0.325287018 0.259071706
10.956187651 -29.049940683 -1.488325276 -0.631453697 -0.311943818 -0.231064174 0.671242602 -0.840945050 -0.341249440 0.476047305 -0.476710319 -1.841079068 1.373504977 -0.861827752 1.226250607 -1.557753207 0.681695932 0.010478424 -1.022889013 -0.509729618 -1.047453683 0.951201598 -0.733410998 0.233256934 1.158283793 -0.018222051 0.143065464
0.148447430 -23.863943325 -1.260481164 0.710039548 0.044503458 0.691848980 0.123321820 -2.357665339 -0.911773860 0.286601370 1.744579313 -0.692782637 0.187077630 -1.433367129 -1.830886042 1.082580805 0.583630046 -0.561862946 1.234505366 0.060484904 -0.220842942 0.652121236 -0.344307235 1.430475716 -0.884382800 0.142604687 0.892638385
7.325243969 -25.448987499 8.557125598 -0.204324401 0.594652888 0.025698005 -0.777160920 1.255030673 -1.045985761 0.240235453 1.440673715 1.289278650 0.195826276 -0.628994186 -2.223815743 -1.056382963 1.269186366 -1.427816385 -0.718919211 -0.031434542 -0.931786034 -1.415110759 0.653086880 0.181153179 -0.389984376 -0.230371146 0.465683834
-0.714408805 -26.414132956 10.722206075 -0.839389306 0.398563166 0.367420253 -0.039690725 0.408697884 -0.425272820 0.911529334 0.129934943 1.313006651 0.375005429 -0.282858706 -1.363225941 1.493982774 -1.215671810 0.481044966 0.254768066 -0.448297359 2.127918910 0.719050765 -0.306886851 0.918982659 -0.166583400 0.607854949 -0.253643656
4.489776085 -30.232012316 -3.546797068 0.257656409 -0.303460869 -0.228761033 0.888365390 -1.145657493 0.267007287 -0.724576361 -0.528823421 0.760100332 -1.783438991 -1.673166682 -1.591728049 0.466734210 -0.013464369 -0.725035095 0.947834416 2.702743337 -1.124983850 -0.258131217 -0.185480087 -0.638629998 0.200279748 1.453315600 1.600479380
-1.224666844 -30.281015390 1.925164488 0.068202459 0.184351139 0.926816673 -0.319959273 -1.114308271 -1.029092005 0.920333920 0.739322900 -0.009166258 0.380089820 0.046729653 -0.956386250 1.642509516 -0.055725381 0.977233157 1.557848474 -1.115865577 0.450338803 -0.043731780 1.554972979 -0.426978830 2.573618883 0.906767000 0.179398206
12.901259360 -28.229507869 7.063815060 0.393653712 -0.808325242 0.408027815 -0.158620174 1.039400328 -0.023186000 0.257536675 -0.733422596 1.498105364 0.892431365 1.018790045 -0.429460336 2.313254882 -1.068323535 1.224488347 -0.564243162 0.256142087 1.377946365 -0.061596380 -0.425389508 0.485867378 -0.016224605 0.803591656 -0.324477640
5.148491418 -30.619905908 5.783034315 0.100336330 0.532169606 -0.805407784 0.240928274 -0.943993053 1.145600962 -0.365188931 -0.873471206 -0.361395262 1.307689710 -1.641027182 0.610018231 -1.258353934 -1.232910383 -1.081335428 -1.259242743 0.248206402 0.045424937 2.188326760 -1.643799163 -1.631273042 1.916824999 -0.316613381 0.015729642
-0.668650041 -25.615871414 0.564239205 -0.388539264 -0.671159795 -0.593626553 0.214916927 0.215163292 0.291409255 0.592662605 -1.090849487 1.704881140 -1.496261093 -0.297994112 -0.299338778 -1.225249220 1.584942374 1.453298167 1.243425126 -0.631222235 -0.071621495 0.136436208 -0.090563575 -0.057901147 0.479459604 0.575904550 0.401944009
