34.280295039 -18.077092755 -24.967253233 -0.383943902 -0.148172404 0.368821656 0.833428224 0.667595857 0.903410590 0.995525943 -0.694874594 -0.073927868 1.932835332 0.783137797 1.432767117 -0.530262798 -0.403719738 -0.074042623 0.065107949 0.061967125 -1.670521367 -0.624507633 -0.907393252 -0.109780825 -1.349889449 1.057169563 0.419639846
30.968131284 -15.833644520 -20.689355504 -0.459602801 -0.561790364 0.367716117 0.581327541 -0.386008493 -0.017224885 1.154565523 0.343839787 -1.241640935 0.070634101 -0.140420963 -0.911277878 0.278142931 0.705891170 0.402463492 1.111067695 2.707981752 -0.655128406 1.920506703 -0.162103694 0.679815309 1.035126366 1.281638775 -0.748063995
34.795063507 -24.257328550 -20.167975576 0.021168833 -0.661672329 -0.395346198 -0.636744057 0.740003363 -0.039651934 -1.044352315 -1.060994037 0.685419011 0.462780250 0.381845061 0.687032483 -2.780647033 0.715471816 0.710996938 -0.588244822 0.223419651 -0.812529950 -0.377807655 0.040873024 0.241446113 0.260049243 -0.404723087 -1.042719944
26.530184547 -20.330171167 -25.906124988 -0.194864478 -0.448563364 0.850792525 0.192277985 0.533589278 0.504766493 -0.211886553 1.151731688 0.642034939 0.343413738 1.000687139 -0.059772248 0.488877760 2.247236985 -0.946071629 -1.295271788 -0.280287053 -0.173521046 -0.673579045 0.877884848 1.580210257 0.165047511 -1.304515020 -2.755328349
36.554314830 -13.659923442 -34.224429755 -0.096564642 0.994364325 -0.043647005 0.003130231 -1.120379061 -0.505765937 0.148617095 0.869581146 -1.356932952 0.878131425 1.606357515 1.781013129 1.263099331 0.229266007 -0.093071167 -1.135380549 2.387334728 0.091500720 2.412288451 -1.041989160 -0.817692707 0.072114197 0.628508844 0.189131320
40.099195163 -17.423704122 -28.610097637 0.516840484 -0.493731971 0.655652334 -0.243361195 1.198387973 -1.695469248 0.332854941 -0.956156506 -0.545284121 -0.017991006 -1.073446866 0.761461977 1.671430525 -0.185801096 0.782509937 -1.857007051 -0.987114544 2.362328622 -1.153328681 0.972552907 -0.767061450 -1.398507405 1.070146793 0.179379405
41.021488505 -16.113572832 -26.632529346 -0.823766498 0.226583962 0.519418811 -0.016509493 2.594105913 -0.929570597 -0.199580022 0.478654890 1.550852164 -1.348057539 -0.180667598 -0.617417634 0.595922600 1.871044648 -0.068885200 -0.000607647 1.468234103 -1.126022639 0.788001172 0.350267224 -0.015302092 -0.410214596 1.276051333 1.040613375
39.016888048 -12.450442927 -26.771329751 -0.619915092 -0.551967458 -0.452846638 -0.325525924 0.735711131 0.246253952 -0.120661010 0.745059248 0.524147275 -1.627619085 0.726269449 0.512370490 1.641059228 -0.770887965 -1.091214054 1.321389986 -0.342675638 -1.301643981 -1.291410026 -1.487082802 -0.579431822 -0.492815985 0.800326192 -0.674610405
26.528839407 -20.535456154 -24.756399754 0.575245291 0.153700506 0.230482134 -0.769640822 0.515162901 -0.702900730 -0.124810736 0.841621704 -1.420414064 -1.877259150 -2.266982622 0.429454320 -0.922237335 -0.123574840 -0.860989470 -1.082544199 -1.427989610 -0.320892031 -1.494246830 -1.600249381 0.299114463 -2.004928382 -2.468529095 -0.533918639
37.470116200 -20.678329602 -22.301025600 -0.616253495 0.576422381 -0.426466415 -0.325722683 0.635788726 0.140504917 -0.194132598 -1.534658490 -0.928973700 1.229485340 -0.472360850 0.981421785 -1.327396307 1.442566604 1.435861524 1.198556801 -0.518971670 -1.042561981 -0.971833453 0.571306548 -0.288539904 0.069533786 -0.022150281 -0.218287456
36.433999362 -11.996690308 -28.318324169 -0.942894323 -0.106230062 0.176716761 0.261604006 -1.265117429 0.418035350 -0.133336875 0.596082880 2.739405177 -1.697045196 0.148655708 -0.431345938 -0.309359219 -0.988449344 0.548073250 -0.934180113 -0.724333481 1.236707816 -1.548399083 -0.041029501 2.258505970 0.444823734 0.683924784 0.846573098
31.481316559 -27.334060409 -29.487882848 0.286512786 0.322258489 0.622412316 -0.653194304 0.263028441 -0.897303792 -1.519409476 1.122565597 -1.578559963 -0.280335170 -0.745566356 1.311494277 0.442188586 1.190234743 -0.085581503 0.806398623 1.389950576 -1.063680673 1.035869866 0.102339184 0.922690481 -1.084424496 -1.724594966 0.853341267
39.910553322 -19.950107645 -22.185442115 -0.008392318 0.920771638 -0.107210244 -0.374986831 -0.179880543 -0.773362768 -1.029309054 -1.395330782 -1.436584574 2.120317217 -0.272694434 0.705197938 0.851464995 2.374447219 -0.100988713 1.536426373 0.671961486 -1.530517953 -0.304236741 -1.166649138 0.270625488 1.498038720 -0.549442700 0.264073251
26.717658112 -14.731619657 -24.574853148 -0.557422793 0.073154137 -0.782638199 -0.267218548 -0.371154280 0.380867463 0.199527675 -0.489339017 -0.036503238 -1.552253751 -0.269436799 -1.884675214 -1.334364626 -0.408943697 0.293290169 0.825394251 0.229345109 0.787686717 0.045801719 -1.602278227 -1.280324507 0.225151063 0.102697796 -1.537308090
34.188804040 -20.623670187 -37.914660550 0.157861625 -0.153608313 -0.975297731 0.016689178 0.022368585 0.779162383 -0.767868064 0.333921468 1.187755472 -3.650910962 0.592830589 1.030952244 0.174831682 1.083322848 -2.550864452 1.680328670 0.185687944 -2.524946645 0.908788036 -0.218650321 0.313336447 1.339033430 0.630726249 0.273040059
35.170651041 -14.119949595 -28.539721247 0.496136441 -0.409738017 -0.760363039 0.088382340 -0.032612707 -0.372805918 -0.380707211 -1.080996465 1.202948283 0.600372924 -1.683452016 0.258022895 1.514926635 -1.888037922 0.315153983 -1.270315346 0.129716563 0.887118718 1.722079988 -0.023100761 -1.070672329 0.901037321 1.684322982 -0.628669570
26.257943514 -21.598001664 -30.114291969 0.783220962 0.107758228 0.062525315 -0.609133544 1.224173570 1.583136752 0.657673450 -0.119246865 -0.368380213 -0.646585877 -0.896514350 0.898608230 -0.090474200 -1.417220188 1.075378308 -0.229102485 0.455415488 -0.984528826 1.184564104 0.752259193 -1.194534364 -0.577944109 -0.459903967 1.545105540
37.156275605 -13.314275996 -32.398120748 0.239672855 0.489524598 -0.453554459 0.705131863 0.365389762 -0.369044471 -0.151619722 -0.050658023 -0.627839543 0.699284332 -0.524021318 -0.372367675 0.135496773 -0.374928434 -0.084052027 -0.746131832 -0.026924469 0.250680532 1.008543001 2.245339902 -1.191843407 0.308094102 -0.202004706 -1.319678131
27.278501993 -23.214190732 -25.410849411 -0.469286025 -0.201820526 -0.807961342 -0.293662342 -0.196654681 -1.748905927 -0.787181743 -0.108688587 -0.685700477 1.780938200 -0.594138155 0.073533875 -0.526168053 1.558828675 1.627681770 -0.455357514 -1.576408307 -0.746375123 -0.683063261 -0.195789888 0.877869529 -0.159272871 0.090471884 0.320376880
29.092545280 -20.970477950 -29.507211138 0.452649591 0.439989799 -0.506768874 -0.587113815 1.438401145 -1.128420140 -0.045065254 0.046743374 0.908431223 0.348377010 -0.399331322 -0.718833894 -1.227421491 1.475084794 -0.853718161 0.360087888 1.753895081 -0.330204533 -0.743965859 0.112279651 -0.416304751 -0.696806086 -0.132462339 1.090209257
28.837493064 -24.683791986 -24.388444139 -0.436312767 -0.205294743 -0.806575962 -0.341936332 1.143077397 0.634992577 -0.118511849 2.553761562 0.451759168 0.658351548 -0.625748704 -1.174444496 0.478367627 -1.764087574 -1.239517604 0.262886868 -0.063281275 -0.194830058 0.619932420 -0.019573899 -2.518933485 0.636761182 -1.499808913 0.418356334
32.549976328 -18.168408163 -18.550569471 -0.726279071 0.581366056 0.338825219 0.140462416 0.564502802 -0.495300218 -1.407334558 2.162127098 -0.445751492 0.163174959 -0.142173484 1.023825752 0.949327043 -1.223294646 -1.374322399 -0.625743728 0.048825266 0.553701478 0.342207479 0.962300766 -0.006137707 -1.621020384 0.018782658 -0.359889678
39.672849732 -14.800366916 -30.076404767 0.198030949 0.170184546 0.963815190 -0.053677219 -0.705234303 0.860588880 -0.603778393 1.726812468 0.392957965 -0.102707594 0.284416085 -1.030585300 0.413380844 -1.386890422 -0.911155457 -0.548198016 0.155804003 0.414901211 -1.383748328 0.617933809 0.233198176 -0.360468511 -0.786878871 -0.376124616
36.262248732 -26.372126458 -31.738093850 0.144165034 -0.647571876 -0.472002166 -0.580586827 -0.178429722 1.531477949 -0.449613552 1.182559278 0.382721430 -0.109395052 -0.962685926 1.892859886 -0.593567373 0.561010123 0.926936694 0.154626526 0.845917297 -0.789873296 -0.384576612 0.015875278 1.459654845 -0.198575062 0.734769649 0.686332020
27.703583941 -25.784819863 -27.360151967 -0.762373357 -0.193299616 0.580877387 -0.209770314 0.413504470 0.693305188 0.317742819 1.353583996 1.426737679 -0.251929650 -0.589122184 0.661457793 1.152227938 -1.050516338 -0.355202004 -0.085395707 0.779802195 0.098833224 0.784993662 0.981734345 -0.898947214 0.997943446 0.726687347 -0.780893565
27.012601714 -19.361360544 -27.283150456 0.353624374 -0.572391518 -0.234190985 -0.701763731 -0.850027406 2.635945266 -0.267357908 0.009959663 1.018569458 -0.668083435 0.199936990 0.811662421 1.019747530 -1.084431702 0.770580616 1.231907330 -1.170771131 -0.813103742 -0.984419019 0.242107862 0.192602745 -1.722750805 -0.681637066 -2.284853433
40.097325828 -23.996906352 -28.792237418 -0.467382742 0.093386145 0.515371365 0.712197133 -0.971021408 -0.391143106 0.215158896 0.239524510 0.134660255 0.852954643 -2.280870193 -1.574381932 0.622199876 -0.101178713 -0.104931227 1.374441365 -0.543400989 -0.842949321 0.178784504 -0.060645852 -0.610562563 1.033917390 0.963146177 -1.130664811
38.738871045 -11.471619300 -26.224151683 0.163040921 0.295926018 0.738312046 0.583730051 -0.839124283 0.688688711 -1.078606407 -0.511543033 0.291503543 1.290521817 -1.535231110 1.160882711 1.201854214 -0.946042007 -0.250065733 0.887955530 0.225919881 0.823104467 -0.058182316 -1.096119730 -0.730564517 0.162035127 -1.068018449 -0.018157243
32.006964423 -24.286514639 -33.457909477 -0.102624109 0.002540944 0.851820461 0.513676687 0.242776651 -2.195542693 -1.403698402 -0.325738959 0.281388130 0.239658732 0.665669357 -0.274649506 0.027351455 -1.219674733 -0.691114901 0.413582457 -1.551407481 1.890548920 -0.452361690 -0.774369508 -1.601048753 -1.110289115 -0.823586422 -0.845104168
29.658607852 -20.817670309 -26.600207518 0.312952783 0.077845243 -0.906894895 -0.271186879 -1.074992972 0.930096902 0.983092680 0.125992541 -0.812915692 -1.702174020 -1.429263827 0.380625982 -0.157829253 0.023640949 0.235298468 -0.068082132 -0.051846565 -0.097071437 -1.521648027 -0.672477275 -0.728352385 -0.917850748 -0.011741536 0.988125608
37.359347508 -23.751690393 -23.095088270 0.311157959 0.361322267 -0.129281136 -0.869432764 -1.809627754 -1.490774390 1.895126368 -0.525193120 -2.368644181 -0.552936222 -0.380963966 0.796610585 -1.034381684 0.196694352 -0.649270948 -1.325252906 2.249362273 0.649341384 1.092758945 -0.013575774 -0.548065636 1.053004771 0.659202844 0.292472855
28.410493397 -20.582194208 -31.703089942 0.744266475 0.097597120 0.091812034 -0.654303268 0.090704368 0.517855042 -1.988679278 0.189292333 -0.463915647 -0.004892066 -1.453383172 -0.685711754 0.814525415 0.836679490 -0.580551168 1.286448372 -0.718700262 -1.025829079 0.437686497 0.382706495 0.408691332 1.186253831 1.245524464 0.581676649
26.362202292 -14.425173220 -29.557642549 0.214990385 -0.392551532 -0.778267266 0.440434436 0.890325001 0.045979808 -1.379262469 0.305449071 -0.998995214 0.303825745 1.415493765 -0.423082950 1.720246668 -1.245343819 -0.155972924 -0.467025796 -0.191266577 -0.149269284 0.684822262 0.054579306 -1.261094172 -0.841346471 -0.505097613 -1.166143699
34.740886257 -22.261929998 -32.066310963 -0.205752921 0.177009053 0.804648599 -0.528085374 1.214403197 -0.919836514 -0.620943696 1.061773797 0.500342380 -1.732570603 -1.286975631 -0.850881906 0.359746436 -0.588463473 -0.923891633 0.419956268 -0.419324694 0.763034300 0.509222478 1.136392801 -0.408863882 -0.618101398 0.416828048 0.411914123
34.295306863 -28.151805163 -26.942201478 0.377756549 -0.189725820 -0.790267495 -0.443600483 -1.356005187 0.800358029 -0.349389180 -1.918744098 0.062762323 1.773183201 -1.025963812 0.342457900 -0.012211006 0.325350059 0.196541095 0.613824168 0.203118082 -0.963024008 -1.044668577 -0.447136117 -2.630696502 -1.624809993 2.365637168 0.122923097
39.470231608 -11.067739192 -25.284148651 0.310753430 0.885043072 0.194049800 -0.287185902 -0.363366435 -1.216598198 -1.795901452 0.246077413 -0.370936230 -1.580919670 0.705191397 0.341514314 1.503364306 0.662965382 -2.156181302 -1.270972947 0.418265300 0.695577319 0.849765458 0.545725024 -1.194186178 0.637714541 0.339425222 1.148624381
40.651957966 -22.659923158 -27.702202156 0.556272647 0.042902006 -0.620795779 -0.550756535 1.245488340 0.512940058 -0.814501379 0.109050092 0.282262047 -0.556194777 -2.222686103 0.065389241 1.517744913 -1.786922193 0.052669463 0.394269241 0.572855539 -1.038890055 -0.275548927 -0.544301303 0.622251914 -0.012457875 -0.346149913 -0.321918111
36.559408391 -15.239483152 -27.126070642 -0.110391923 0.392881262 -0.622710088 -0.667600242 1.734673377 -0.144434651 1.849394220 -2.042120242 0.004612744 0.064249790 -1.141515156 -0.691520719 -0.168783100 -0.324505549 -0.943957971 0.799116976 0.177009360 -1.310830053 0.325425941 0.232121901 -1.736695184 -0.629891535 1.381731977 0.195704568
33.828708813 -22.187103166 -23.100802956 0.204616410 0.295158603 -0.826441153 0.433599521 -1.099791964 1.011197969 -0.166569911 1.285359580 -0.637316073 -0.045612917 0.174493488 1.501750525 -0.931237682 -0.126931447 -0.403351919 0.718235382 0.692097740 -0.044217341 1.616518738 -1.664189207 0.072050361 -1.059973780 0.553101617 1.113095929
35.427010421 -24.783729604 -28.570927529 0.358398868 -0.489572646 -0.794208980 0.033180903 0.534012590 -0.525471990 -0.598156011 -1.249016603 -0.174643559 1.980128357 -2.029962521 -2.032707770 0.036908323 0.301197214 0.490438986 0.486009688 1.198262775 -0.378014987 0.720129635 -1.001789563 1.955959209 -1.060216651 0.241288299 -0.605570513
35.226810822 -20.212597546 -36.852831171 0.717647713 -0.310754720 0.061657433 0.620170642 0.398728837 0.422947404 1.088880861 -0.777193164 -0.159802109 1.299072582 -1.387768994 0.550559503 -0.950498828 -3.093062685 0.831641466 3.005528534 -0.371096095 0.751961492 -0.084442146 0.929290487 1.139549624 -0.996267391 -1.149471397 -1.889839619
31.337088197 -26.706873620 -30.658917806 0.922685565 0.094863010 0.347149017 0.138347092 -0.231813471 -1.485942349 -0.182080623 2.006699567 -0.336774470 0.346868953 -1.152494165 0.929242235 -0.335350112 0.290936023 1.204294975 -1.368663487 1.952946349 0.504618003 0.246210109 -1.401057449 -0.378112169 0.302991892 1.411671710 -1.417551425
37.424527241 -15.821786040 -27.113369736 -0.273340742 0.450242795 0.847898811 0.060281592 0.185746139 1.460456471 -0.731386771 -0.892956644 2.928839494 -1.225123976 2.119026860 -1.768080367 -2.035813336 -0.281994734 1.395995964 -0.084391521 -0.834279603 -0.616198047 -1.599598506 -0.723751847 1.288904514 -1.559111100 0.639134303 -2.560384602
33.269708797 -13.546145508 -35.344576910 0.132501605 -0.637584132 -0.248911260 -0.716919092 -0.170636058 -2.812805002 1.330654253 -0.005115794 -0.933208134 -0.583315094 0.931103768 -0.983801553 0.161668481 -0.902562758 0.500424998 -0.091312734 0.433271257 0.126763645 -0.760267486 0.182415919 0.852797432 0.552548043 0.930743091 -0.929691894
38.288769715 -23.900935351 -25.974813974 -0.899037066 -0.083826134 0.157842339 0.399739077 -0.489003607 1.864184319 -1.001786806 0.148536221 1.089172313 0.459200836 -0.438847600 0.667934988 1.302230556 -0.868801749 0.228282770 -1.512048946 0.816896298 0.363964967 0.768718398 -0.311688169 0.210249759 0.228381919 -0.575888750 0.276217694
26.446946625 -23.063294912 -30.203214914 0.450601421 -0.189074175 -0.467856040 0.736423819 -0.192505618 -0.940407090 -1.185242662 -1.341799609 1.131135336 -1.048604670 0.757495908 0.435561556 0.978861139 -0.366448139 0.393570700 0.463577353 -0.732453271 0.317852112 -0.487806543 1.186527654 0.120519167 1.416257053 0.692107252 -2.216338276
37.702434448 -21.335076470 -28.928378839 -0.389868660 -0.903072924 0.114319545 0.139257901 -0.296416213 1.564988068 -1.144829148 -2.056644026 1.168026017 0.689333651 0.191162637 1.334674892 1.695156993 -0.041109583 2.201831587 0.127858016 -0.483126636 0.760376896 -0.484780641 0.432308541 -1.761131071 -0.138173315 -1.114991724 -0.356416309
38.855790151 -21.529103986 -27.195822786 0.444592016 -0.192999542 -0.746294194 0.456217156 -0.301640052 -0.538535270 1.071202817 1.352269609 1.350676468 -0.409109621 0.320426811 0.729144777 -1.346962946 -0.496601276 0.461764616 -1.265510343 0.954950818 1.587069012 1.954731620 1.119591040 -0.075154901 1.226952439 -1.115282253 -0.186368552
32.782223421 -25.108067185 -24.058002046 -0.771472042 0.045101689 -0.580928656 -0.255575083 -0.486727050 -0.562130229 0.433997214 -0.160725250 -1.115561876 -0.946721916 -1.733988898 -0.266052425 -1.489568682 -0.217278381 -2.080640281 1.667436588 0.248518008 -0.634702919 0.173548891 0.874278710 -1.686194250 0.274866618 -0.043121170 -0.022356655
27.615358897 -15.232259130 -25.526904136 -0.538833983 0.265593794 -0.783115428 0.160773449 -0.403371584 -0.176497889 -2.130818995 -0.524515629 0.207426409 0.279264192 1.418778775 -1.641313895 0.578976528 0.508880615 1.272827892 1.160984067 0.754074791 -0.494345451 -1.519167498 0.462068252 1.668208724 -1.170085459 2.246278049 2.229719258
30.581669526 -25.006972836 -21.357632445 0.666433428 0.500626878 0.235599094 0.499732210 -1.095522475 2.020481666 -0.686629385 -0.428179386 -0.264989928 -0.095224844 -0.433832978 1.408924375 -0.734625906 -1.082915739 -1.325118497 -0.929928435 0.209217666 -0.168795068 0.174751301 -0.840619490 -0.682823883 -1.760908556 0.165467035 1.448749437
31.557956056 -15.180820660 -21.626730812 -0.850384241 -0.250632422 0.454089294 -0.088503929 0.365294398 1.810611697 -0.500416675 0.687079181 0.509057458 -1.057726247 -2.374088093 -1.149733316 -0.813033680 0.802056762 -0.312513819 0.579013259 1.172514110 -0.642858462 0.329430445 1.133727849 -0.606878587 -0.211260886 0.581913704 0.550001501
32.338924522 -16.903518135 -22.648797149 -0.170776567 0.335927988 -0.906314200 0.191265055 -0.001727573 0.282233807 0.825574260 0.890965329 -1.296090201 -0.401678046 -1.912969237 1.700855887 -1.283387208 0.629197562 -0.376818139 -0.476668976 -0.459971656 0.523022804 1.020562713 -0.894211920 0.814720395 -1.150428042 0.136903152 -1.256420081
34.096570443 -26.844678556 -32.780997816 -0.918092865 -0.155198014 -0.363827559 -0.025467158 -0.129835229 -0.239252774 1.017334711 -0.026556544 -0.194095219 2.464507558 0.295134659 0.830617288 -0.290389662 -1.332572644 0.970931800 -0.074505886 0.352291665 0.330259849 0.007505682 -0.388272515 0.033805477 -0.694201427 -0.696393258 -1.044347840
31.912817751 -19.117057237 -23.572172817 -0.029494489 0.933293168 -0.116476205 0.338418722 2.334180309 -0.273570009 0.124209698 -0.599138780 -1.942760581 0.196811987 -0.961352128 -0.799868999 -0.108971934 0.848087747 -0.541775299 0.783721617 0.235844429 2.412494514 -0.242398990 0.213131768 0.081576418 -1.410455122 -0.042611485 0.726395885
42.799446489 -20.396869561 -33.121887323 -0.693578035 0.676194388 0.202245826 -0.144247307 0.656300250 2.252417783 -0.070590103 -1.657464296 0.595835598 -1.179321216 -0.902634089 1.032652111 -0.765910113 -0.057052653 1.709640136 0.306104215 1.377321388 0.441126808 0.748820372 -0.566588729 -0.631088621 1.074803030 -0.649202586 -0.013999719
25.538823156 -19.614409662 -31.128056827 -0.190553466 -0.732190070 0.581282776 0.299495262 0.114009715 0.812428579 0.164429304 0.331077050 -1.714942053 -1.436813407 0.828707922 0.588708944 -0.066724478 0.014825180 0.134320064 0.092974318 -1.429830526 1.156524792 0.870952413 -0.320250098 -0.076592480 1.493674230 -0.815550427 2.610341954
33.310178153 -15.703919380 -35.034179684 0.367201940 -0.234396264 -0.881277941 -0.183222045 -0.340877465 -0.148672821 -0.635787839 0.371750220 -1.662808546 0.413365241 0.055606058 -0.112527500 1.724252737 0.780669470 1.470052781 -0.439352880 0.463160987 0.268532999 -0.142971354 -0.046381936 -0.656029049 1.359535552 0.464658572 0.398202865
27.676468565 -23.687938554 -28.630092235 -0.053662274 0.812775159 -0.288533004 0.503255011 -0.425227738 -1.567894560 -0.480706674 1.389006679 -0.737952878 -0.595346962 -0.928948137 0.553600072 -0.597570888 -0.593149419 1.042559188 -0.749031847 1.669696078 0.530548217 0.087923275 -0.167674330 -0.726316011 1.691140004 -0.696056617 -0.352891090
39.401478794 -15.196835840 -31.324918770 -0.467275299 0.872223578 -0.142016722 0.026665999 -0.814168811 1.308289474 0.751751036 -0.609509292 -0.765852765 0.170492384 -0.233568896 0.596821602 -0.775958252 -0.685606012 0.147476822 -0.111648170 0.280153404 0.602449801 2.653149082 -1.869794726 0.809661329 1.432435048 -0.781805156 0.023346705
38.534823801 -27.412995560 -29.131521769 0.608536230 -0.104991138 0.550875130 -0.561424179 -1.388029309 0.293034121 1.991631894 1.237883749 0.937994937 -0.116545269 -0.645440404 0.755045172 1.667353558 -1.365829999 -0.285347775 0.347880597 0.962805367 -1.731409022 -0.140614087 0.563972624 1.377387598 -1.525508980 -0.382637474 -0.680433048
39.674709084 -24.909668379 -22.099943347 0.177791455 -0.213067115 -0.610489814 0.741818569 0.659125198 0.093549426 0.487422295 -0.355772593 2.894938160 -0.585685612 0.463900015 0.728783225 -0.204456317 1.472295443 -2.928803792 -0.119241580 -0.647908362 1.911013667 -0.707342690 -1.788853331 0.666797520 0.446193518 1.198108268 -1.059662420
36.267439385 -15.674097745 -27.158846401 0.571590039 0.814800896 -0.083627811 -0.048894960 1.038778716 0.437642324 -1.431562009 0.356561630 1.182386378 0.934354008 0.485540986 1.384297294 1.379385101 1.122591510 -0.376460533 0.286650354 -2.060514501 -0.486831143 0.320441870 0.819515317 0.126466437 -0.264446023 -0.981276102 -0.273551949
27.361556335 -16.548063697 -22.257471028 -0.246536917 -0.040781215 0.479907430 0.840978775 -0.774486493 1.556676760 -0.779822230 -0.795023897 -0.427282756 2.094229520 -0.772085731 0.345268022 -0.366458827 0.344731680 -0.741177390 -0.893577293 -0.491151919 1.119216452 0.426405001 -0.800088386 0.315617708 -0.329272682 1.456446691 0.602093366
29.462830114 -26.145307953 -27.037344528 0.219087357 -0.098864766 -0.374089840 0.895702674 -1.893233894 -1.453245712 -0.510113804 0.262688590 -0.924842298 -1.415320371 -0.570580925 -0.675346027 -1.168724419 1.706353327 -0.187374104 -0.092983964 0.788033085 1.688352522 -0.602871636 1.395007382 0.117636453 -0.582157978 0.238644396 -1.490341199
40.832289926 -20.375880416 -23.459186080 -0.406722990 -0.702580644 -0.345102585 0.471021287 -1.376685223 -2.360604189 0.147445955 -0.349055050 1.499058007 0.827585495 0.631014561 1.633968444 0.966162113 0.833247262 -1.306405501 0.768501462 0.350901135 -0.168949948 -0.185983326 -0.527994835 -1.100881394 -1.068985239 0.076187045 -0.214336713
35.276069998 -19.231964349 -34.595896929 -0.282774761 0.359200448 0.462337802 -0.759774460 0.476984396 -0.534800955 0.156815962 1.027502083 1.521583874 -3.086372464 -1.554583876 0.577238269 0.596978001 0.552892920 -0.710898411 0.241134778 0.706920915 -0.384310362 -0.029026898 0.182653626 0.173436540 1.660111155 0.090819412 0.052409390
38.206994019 -10.087195145 -25.327497256 -0.454286034 -0.089153593 -0.731050908 -0.501238871 -0.127150120 -2.727826665 -0.313246234 0.194396207 -0.768947340 -1.701752067 -0.617986036 -0.973905147 -1.091843004 0.737466065 2.304941052 -0.371615159 -0.016574679 0.175630097 0.425850462 -0.023493011 0.667208764 -1.073602252 -0.767112678 -0.663701521
39.850981122 -24.110688266 -32.447130919 -0.413414872 -0.655797341 -0.553214910 -0.304911878 0.221674311 -0.618119713 0.999962691 0.842959779 -0.548034981 1.576207214 1.766328047 -2.047154929 -0.355490677 0.690267350 -0.154471309 -1.143053721 -0.016665585 0.121501903 -0.895631985 -0.402821563 0.211402719 1.140490541 0.840881014 1.042520058
38.099086990 -12.956676911 -26.807736929 0.094129542 0.553415837 -0.645531452 -0.517841371 -0.637785469 1.408999060 -0.405248485 0.353928707 0.315993266 0.534162806 -0.065375301 -0.612563240 -0.424862431 -0.869754351 0.887038423 1.281182414 1.089616305 -0.750152312 -0.399265513 -0.517812773 1.309672290 -1.611591646 0.070518551 0.423059903
42.907411054 -18.477586443 -31.877462770 0.373532582 0.706365166 0.059303274 0.598335010 -0.023225005 -0.535966365 0.330204817 1.181061678 0.137781435 0.121902122 -0.455149834 -0.668936880 -1.863145844 -1.460989339 1.027258999 0.797063877 0.055527923 0.871782388 -0.633575131 -0.158720714 0.840293070 -0.947526890 0.155030667 0.316255845
29.835466620 -26.598932019 -25.253347667 0.494541893 -0.340079067 0.798341771 -0.049243890 0.116693277 0.251978030 -1.459125667 0.557280478 -1.235075800 0.966429740 -0.562663388 0.683626842 -0.381711826 -0.351131308 -1.233986398 1.528703195 -0.073762762 -0.690312848 -0.984606207 -0.184891037 0.718362174 -0.209398104 -0.557931099 0.794265288
33.715659184 -20.059349298 -27.221778556 0.391684127 -0.686873460 -0.287742580 0.540363398 0.217039208 -0.352970789 -1.005168416 -0.433039529 -0.340293337 2.381673991 -1.150281805 -0.951647371 -2.316640187 -0.201524771 -1.950853854 1.726272595 -0.615566763 0.820966988 -0.698789204 -0.862480472 1.494918447 0.463751637 0.612703595 1.405171151
27.139946853 -17.845860136 -26.436179311 0.686867888 -0.186033651 0.110479746 0.693828661 -0.195318093 0.452853462 0.081969059 -0.097428251 -0.437833861 -2.133407195 -1.166304757 0.975032671 -0.411969985 -0.855846373 0.818998363 0.091078011 0.478158519 -0.895537165 0.680090221 -1.628566597 -0.410905631 0.235046458 -1.580023266 -1.458290687
32.177101213 -22.856719710 -35.241298200 -0.019330611 0.734699644 -0.001983500 -0.678114169 0.838156485 1.093433340 -1.509827935 -0.291724037 0.919905633 -1.324561349 2.310992130 -0.027101236 -1.676564670 -0.610691098 0.486772698 -0.231011278 0.686206809 0.107883876 0.431845863 -0.750758932 -0.078119160 1.550845908 1.226619387 0.151432526
41.340499790 -17.812111428 -23.920909832 -0.101030874 -0.298945762 -0.447121043 0.836962942 -0.853735255 -0.624446970 -0.922594811 -0.119804906 -0.024852698 0.552917937 -1.345948539 0.215215612 0.735411338 -0.567292390 -0.404140034 1.219691645 2.303717386 -0.645113149 -0.521405463 -0.037298896 0.034159698 -0.060973732 -0.480759704 -0.317186012
36.863679352 -13.915764410 -36.284619520 -0.100582533 -0.956990101 -0.122601148 0.242944560 -0.002989601 1.486845495 1.403799219 1.314397335 0.872131464 -0.714622675 -0.891056923 0.723276038 -1.095330240 -0.119552840 1.445673262 0.072758979 -2.239987358 1.634117466 -0.733955235 -1.832902808 -1.685253850 0.368576894 0.447659251 -0.252090622
39.364991242 -14.961214693 -22.506650230 0.188720585 0.547084969 -0.771911895 0.263124690 0.791151087 0.476161373 -0.408868062 -1.269571910 -0.178462893 0.118523011 1.624234607 0.376082134 1.428555176 -2.054405051 0.901681358 -1.056822265 -1.437966564 1.745422619 0.776952441 1.272051279 -1.044147513 -1.880502569 -0.301189865 1.785096370
36.290961372 -20.465489590 -31.548745887 0.332521349 0.441272615 0.827407259 0.100524913 0.891316879 -0.400305651 0.863860998 -0.545762811 -0.284146845 0.191852193 -0.387943530 0.992867917 -1.658427511 1.709899769 0.804021705 0.218581959 -0.892212468 0.226184051 -0.614172490 -0.931364330 1.377724994 0.952273079 0.985868048 0.504992526
29.567363845 -22.964322122 -30.490639528 -0.581980313 -0.530892501 -0.256541435 -0.560034428 0.079802503 -0.178647063 -0.413610318 0.046658869 0.271508516 0.882709091 -0.145811641 0.355315758 1.404126744 1.000906701 -0.444720222 0.496532304 -0.103978766 -0.576631784 0.617090192 -0.444498418 -1.174795919 -2.058380783 -0.111979948 0.496192640
30.940498559 -15.309116119 -22.369577834 0.381401450 0.110869600 -0.008713719 -0.917695449 -0.832056125 -1.134053810 -0.285031694 1.221998726 -0.422682395 0.373547769 0.594336009 -0.378224496 0.652591813 -0.106045012 1.327418499 -0.050959818 1.006501493 -0.185006297 -1.303689875 0.366791055 0.758592588 1.822249946 0.727487653 0.921002198
31.081751694 -28.188862557 -27.667000618 0.570878475 0.773119033 0.221453625 0.165357248 0.376585796 0.351978741 -1.526904227 0.583030757 -0.752413759 1.024382070 -0.935495657 -0.641117212 -0.055644886 -0.299518013 -1.129333502 -0.047066869 -1.178786004 -1.213933361 -0.094219109 -1.446441902 0.768831618 -0.378621024 -0.897871844 -1.156022294
42.548602464 -21.499846456 -26.264808581 0.307279313 0.115837655 0.272132996 0.904491400 -0.065186023 0.678278263 0.319172181 -0.360483410 -0.061311776 0.153445471 1.667178487 -0.329599358 -0.949855025 0.104865561 0.045724282 0.773417435 -0.001908760 0.698933709 -1.384598431 -0.374533463 0.608055617 -0.401603499 -0.309907537 -0.159008318
26.199658947 -21.200475088 -25.625451372 0.814623846 -0.074071411 -0.510881591 0.264388759 -0.531905986 1.398075268 0.357011766 -1.628788798 0.078765003 -0.225682127 -1.043807954 -0.664886780 -0.264791787 -0.577096354 -0.619282062 -0.241317335 0.663537208 0.298085267 0.522431148 0.416028125 0.792756171 -0.711948734 0.206672936 0.258032167
39.775874757 -26.728703119 -29.036627215 0.370905111 -0.720084599 0.458630664 -0.365466117 1.639862205 -0.448281811 1.959022592 1.498782890 -2.370420592 -0.904990727 -0.309163562 2.266075091 -0.282251941 -0.260885719 -0.737321835 0.333273279 -0.073358892 0.234300030 -0.184872236 -0.573810404 1.320620904 -1.290664590 -0.535822078 0.814111974
41.338566560 -14.234407309 -30.143925725 -0.306228320 0.363949025 0.762474374 -0.438632138 -0.254103882 -0.834312577 -1.011058780 -1.770213667 0.047111242 1.543768857 -1.006316623 0.494125384 -0.569240061 -0.032330610 0.018871850 0.495821879 -0.586494983 -0.561936550 -0.726331352 -0.135233057 -1.113600259 -0.490400045 0.689580428 1.325282966
40.935055661 -20.423761967 -33.975596484 -0.249125415 0.017301807 -0.363794107 -0.897380088 -0.799199414 -1.252513065 -1.605364768 1.417627134 0.839402722 0.896089385 0.437721841 -1.604156522 -0.089536601 0.076505424 0.041941263 0.062668321 0.335778008 -1.935903099 -1.564567753 0.168787856 0.590352786 0.595698214 -0.979133453 0.320246834
33.772929623 -22.289626055 -33.025870387 -0.451285971 -0.720631742 -0.188646238 -0.491368966 -1.494093061 -0.241222076 -0.044170865 -1.662827956 0.321959744 0.581733338 1.173113297 0.745727001 -0.032236242 -1.150883483 1.292425254 -0.693933920 -0.023199659 2.593236078 -0.532624320 -0.352871678 -0.312628451 -0.282152950 1.304062004 1.386775260
40.822988263 -12.661369340 -28.112730918 -0.294343091 -0.753612610 -0.584523796 0.061336047 0.208968115 -0.405733673 0.770519434 0.400829366 1.201101303 0.007229980 0.929273821 0.213914997 -1.335037307 0.818853556 0.904360580 0.968007258 -0.267279210 1.612384413 -0.910891947 1.282323826 -0.826441330 1.592430062 -2.910556892 -0.081458502
33.031544955 -11.021237029 -33.047719706 -0.888369611 0.316956194 -0.074824527 -0.323634818 -0.301119572 -0.908532891 0.919421111 1.157830724 -0.186793233 -0.772714312 0.063289304 1.028082997 0.226259216 -0.196608384 1.271571467 -0.920397904 -0.758740467 0.983678805 1.057668669 -0.800848287 0.069980877 1.976453110 -0.710244997 -1.427120139
31.086103698 -19.457068010 -36.979026750 0.534957884 0.188001652 -0.377027803 -0.732342459 -0.038443917 -0.249105795 0.463197858 -1.138879142 -1.443117886 0.129664078 -0.514046094 -0.934590190 -1.061629172 0.546702115 0.119453281 0.979531558 1.283078372 0.260317384 0.111767890 1.167272404 0.003670768 -1.840107665 0.019071019 2.763268463
30.086524065 -14.409708939 -30.940343324 0.280530742 -0.727927806 0.449369044 0.435305726 -1.320379349 0.653342520 0.412300556 0.659447252 0.127472869 -0.816390737 -0.612475765 -1.518648273 0.307371715 -0.057800500 -0.281372097 0.606668578 1.621693795 -0.992881172 -0.117062749 -0.922679644 1.417123854 2.536200893 -0.641733392 0.878518595
33.571363172 -16.706555309 -18.928106511 0.324025520 -0.212983363 -0.102985414 0.915991023 1.309807273 0.656216949 0.001646031 -1.975286432 1.041672622 -0.702414005 0.667461724 -0.424495220 -0.700682602 -0.237622114 1.669055405 -1.153708900 1.859403956 0.054659142 -0.272879542 0.629244128 0.286735281 -0.112808913 1.337790466 -0.325457040
35.327818406 -15.905674711 -33.548917598 -0.250839995 0.515123178 0.356998435 0.737753025 -1.073656709 1.128816596 0.352466648 0.175750678 1.605741497 0.657201936 -0.700353294 -1.503355499 2.815330926 -1.525787106 0.648351873 0.128436694 -0.574557393 0.068770091 0.649411846 0.231268085 0.350071127 0.988621281 -1.452335364 -1.110429323
39.466383506 -25.447855014 -32.329917420 0.057600951 -0.408890077 -0.442459470 0.796065734 0.949262372 1.495312007 -0.135097286 1.360478460 -1.107348787 0.799758088 -0.823354996 -1.246167021 -0.459013403 0.358502334 -0.806680660 -0.233461031 -2.132596290 0.004759312 1.352926655 2.128428159 -0.968483429 0.907848921 -0.184496719 -2.583885444
39.993247012 -25.226011511 -29.006307585 -0.419704080 0.861525068 -0.219945555 -0.182337586 -0.370811951 0.631328217 0.240183521 0.038171570 0.099161441 -1.408226341 0.450159882 1.201649794 -0.669280054 0.067203354 -0.169853691 0.108232753 0.997932626 2.059661778 1.052681556 0.007814986 1.110352633 -0.011381709 0.386630528 0.019090251
35.944253997 -22.149707402 -20.236950236 0.372103554 0.774550202 0.487717485 0.154086286 1.907498476 -1.173853344 -0.696689211 0.834086652 -0.493326408 0.564245508 -0.508163353 -0.576559953 0.894141369 -1.043035996 3.692837430 0.085937079 1.258746013 1.411030077 0.375614837 -0.681586253 -1.616644053 1.286693420 -0.883072758 0.345765002
42.026836786 -21.354722624 -26.930497566 -0.109479071 0.074615789 0.457360889 -0.879356489 -1.273288816 0.594243894 -1.748687393 0.010314420 0.370824959 1.012628894 -1.070163375 -0.065812920 -1.079238679 0.473563916 0.436851593 -0.406498682 0.196479175 -0.006914582 1.265670989 0.394172061 0.060739926 -0.110019313 0.127486352 1.489179184
34.388476227 -27.233725853 -31.193964949 -0.733048715 -0.648242695 0.053176237 -0.198980596 -0.349591874 1.206413345 0.026754604 0.511618305 0.474321648 0.408607214 -0.833920857 0.028432433 0.581200543 0.631718010 -0.210864330 -1.893607886 -1.160189949 0.126860981 0.528981069 0.355839045 -1.828952252 -1.881222803 -0.790757027 -0.414612007
39.789984313 -12.704550976 -33.446673354 0.740709739 0.011027779 0.082263902 0.666678424 -0.228455396 -0.185693761 -0.300499647 1.397949619 0.614739029 -0.681003401 1.559947806 -1.836590716 -0.555992800 -1.669520964 1.550495775 -0.190920233 1.086349179 -0.183942373 1.714458461 0.630031638 -0.991068954 0.179216265 0.175192074 0.613257296
35.550940925 -22.547802170 -31.726309750 -0.615409789 0.237419157 0.727014298 0.190665008 -0.179356862 -0.158150384 1.685405099 -0.854688688 0.282774463 0.241726674 1.262752469 -1.227027569 0.631745931 0.464944127 0.022802440 -1.340707124 2.098182895 0.820156268 -0.994085347 -0.743576364 0.802293522 -1.497478000 0.136502792 0.174364273
34.004742189 -21.198536212 -37.270527947 -0.690544091 0.545277169 0.473506350 0.040167210 0.390712481 1.344839994 0.241933738 -0.150234209 -0.802121421 -0.525873928 0.820124796 0.020333512 -0.021215418 -0.414591775 -0.829103962 0.063448434 0.218686815 0.033175261 0.033527131 -1.460246125 0.800463518 -0.697323673 0.743389066 -0.639173965
41.641513351 -12.895209697 -31.770171704 0.743140659 -0.600786232 0.241239050 -0.169120030 1.011637040 1.168541947 -0.454349009 0.162296926 -0.112215589 -0.267746967 -1.092647511 -0.463723908 -0.147493353 -0.647858212 -0.850582481 0.347401958 -1.055284704 -0.628627094 0.108412427 0.205581923 -0.999693290 -1.506324284 1.670262726 1.625836018
31.485137719 -18.186583432 -33.317862529 -0.685502038 -0.427982332 0.516305326 -0.283455271 0.848589751 -0.657845520 -0.646402161 -0.150556210 -0.353955238 0.135046705 0.105999662 -0.159068892 0.387441807 -0.481252467 -0.082038475 -0.383711108 -1.237282110 1.173931646 -0.148517551 2.188916349 0.881777180 0.855807890 -1.490726297 1.600289828
25.905362038 -22.748436265 -27.219167841 0.037687486 0.909146481 -0.285750752 -0.300630732 -0.562012137 -0.208769239 1.433646455 -0.384776684 0.858219199 0.443311063 -0.039791614 -1.195683027 0.154173236 0.957461891 1.429462003 -1.160734797 1.490574129 -1.138835749 -0.196519107 -1.524624238 -0.926249039 0.072556591 2.119438684 0.327571978
37.016135601 -19.826499804 -28.258200685 -0.728915548 0.532767247 -0.026264530 0.429128603 -1.372005012 -0.629001480 -0.396027291 -1.095212910 1.325000413 0.717527156 0.901443048 -0.308439193 1.050854189 0.685197240 -0.928877723 -0.506581683 0.775837577 0.764029857 -0.383410958 -0.107856581 -0.281414445 0.046688251 -0.920953763 -0.627320716
35.824337168 -27.335935236 -23.567343588 -0.080950323 0.638026579 -0.427109266 0.635568096 0.278876540 -0.305837376 1.268966675 -0.091084251 0.423854706 0.272074525 -0.409314217 0.609911604 -0.622264846 -0.818086670 2.168109564 -1.025650665 -0.017975069 1.118974282 -0.010971543 0.914930876 -0.732961290 0.343333028 0.044037207 2.497412999
30.564465454 -23.257514201 -25.093324294 -0.673873734 0.133979286 -0.104939225 -0.718979485 0.843597195 -0.103127199 -1.017356999 0.693362128 -0.487033650 -0.433592641 0.516567128 -0.018793521 -0.248876404 0.681146531 1.311645632 -0.670720236 0.308689758 0.078531398 1.072602729 -2.076577354 -0.361162496 -2.933492076 0.180760836 -0.067103182
37.515402555 -21.300969568 -19.891010621 -0.818187750 0.486918014 0.100006315 0.288926271 0.425560542 -1.125553393 0.696176528 0.032851034 0.750609888 -1.078800182 -0.204850911 -0.003175057 0.675102120 0.779450157 -1.033610889 0.525471851 0.472421466 0.431039842 -0.136720460 -0.102590751 -0.630170727 0.301416457 0.395642348 0.934663685
30.386372170 -18.931584531 -29.479041780 -0.857521139 -0.094627348 -0.401010732 -0.308047973 -1.231463357 0.843765722 -0.332983582 0.844711317 1.132753944 -1.808805705 -1.078028097 -0.186311800 0.381082801 -0.967525960 -0.038092184 0.996385132 0.102455632 0.057455950 0.496863685 -2.257412026 1.051607701 -2.135640045 0.118349068 -1.568812099
37.590574556 -12.509060815 -23.604554033 -0.414412315 0.805756186 0.317838435 -0.279281454 1.131784367 -0.555549295 -0.839259244 -0.429895731 0.768888377 -1.689051583 0.285377196 0.774176118 -0.618215853 -0.655116910 1.270979367 -0.090988268 -1.664461983 0.832771414 -1.526997997 1.180531804 0.113734367 0.622457479 1.466582330 1.991151661
32.030405839 -20.799153360 -26.021300294 -0.386811425 -0.297617919 -0.394419604 0.778610090 -0.634310951 -1.865146547 -0.243535282 0.979337278 -0.980731745 0.869552683 -0.311608641 1.025010746 -0.796122820 -0.465238284 -0.181158104 0.644278964 0.382225198 -1.591597809 -0.684502127 0.793705458 1.323021812 -1.693763849 -1.731653236 2.113890546
34.254032004 -22.617681945 -20.864197522 -0.944718355 0.230030495 -0.116464568 -0.202556675 -1.441084152 0.042954963 2.065947404 1.593243670 0.299354986 0.741945647 -1.424087858 0.085241546 -0.673691361 0.340554773 -0.090401952 1.240163688 -0.801784250 0.595238347 1.531972305 0.148282719 -0.645285937 1.548250800 1.367693962 -1.579291074
28.505405107 -18.476152301 -28.703604620 0.337637582 0.466585427 -0.527874484 0.624217455 0.520279781 1.073932423 -0.282476342 -0.129812161 -1.657645529 -0.406955031 -0.259429046 -0.809821728 1.869068856 -0.177963959 -0.130966470 -1.992991719 -0.232973857 -0.980936280 0.564665081 1.176072897 0.218890651 0.840915986 -1.206785287 -0.834628637
37.394263948 -23.419842014 -26.750537536 0.045908342 0.154335728 0.385098340 0.908720076 0.547368008 -0.814650477 -0.494645569 -0.738335749 0.502380130 -1.120032908 0.596121318 0.782536221 -0.083377730 -1.186185673 0.503527076 -0.787043344 -0.811256960 1.955533957 -0.938358495 0.952698475 -1.409282742 0.965869588 -2.158165944 0.050863773
30.988588350 -22.050216716 -23.264439529 0.640261264 0.131915975 0.349726605 0.671084936 -0.122530930 2.121921582 0.541934162 0.760979175 -0.737619735 0.502985039 -0.403216001 0.074785685 -0.736075982 -0.052008545 -0.054345837 -1.225419434 -1.884210028 -1.818417432 -0.531665584 -1.769930505 -0.364701229 0.905016953 0.018720286 1.379114881
30.969981620 -24.706916363 -26.136010415 0.843840021 -0.177857389 0.433435834 -0.261599210 1.505006869 1.011811293 -0.546954919 0.789083093 0.069538148 -0.906350728 -1.278432404 -0.238763705 -1.600840401 1.276436439 1.043791548 -0.650227253 -0.932264414 0.066083600 -0.183166588 -1.096662240 -1.660513836 -0.107026068 -0.643300957 1.418461580
38.209486417 -13.528047695 -34.200799432 -0.390148168 0.652554196 0.558979824 0.330906307 -1.329989599 -0.042074945 -0.104431281 1.452463607 2.512578410 1.485705867 -0.329185682 0.635585881 0.411151694 0.138223344 0.569570993 -0.344669011 1.283531930 2.234113222 -1.745527465 -0.306427981 -1.956010807 0.323463019 0.834368426 1.151072162
34.689410238 -16.960156932 -26.914602956 0.151959938 -0.814718753 0.498607456 0.254031762 1.581802634 1.676514068 -1.407482189 0.993360186 1.231132125 -0.164679010 -1.471785752 0.452679909 1.183210308 -2.929176702 1.464770329 -0.975391714 -0.172562314 0.672823609 -1.482898035 -1.048935284 0.275790724 0.756390534 -0.111306715 1.253455929
39.602984586 -20.854328036 -26.934100841 -0.189885818 -0.389151085 0.779279589 -0.453021115 0.106858985 1.448424764 -0.778867641 1.264690330 -0.720133820 0.474827042 -1.385508640 -0.791536212 -0.673635876 0.650304480 -0.303349096 0.716122396 -0.246122782 -1.369241502 -1.020021175 0.373621244 -2.905649614 0.798700084 -0.515090286 0.580746201
39.132047700 -21.304829169 -25.545603816 -0.256750212 -0.200901388 -0.796178655 -0.509722975 -0.218557595 -0.911443318 -0.794073452 1.148955622 0.908400317 1.410553716 -0.512476403 -2.526930605 0.058414529 0.277881123 -0.474926002 1.138048296 0.467759060 -0.305838952 -0.506000574 0.126214736 0.938401675 -0.107950809 0.965224694 0.260930554
37.163072961 -25.423310420 -21.067667272 -0.305073512 -0.640536409 0.264240112 -0.653314950 -2.434022298 1.043542913 1.928140403 -0.379003624 -1.619846772 -1.302545213 -0.872273784 1.313774281 -0.499922994 -0.019596801 0.144747828 0.194717336 0.229741197 -0.680436985 -2.267649495 -0.391618236 0.597505161 0.418770512 -0.625924091 1.297612159
34.556294267 -12.630859121 -27.890228019 0.841358993 -0.277476270 -0.228189102 -0.403796606 1.428223247 0.569991522 1.709641874 0.635159522 1.042291812 0.888474011 1.551096489 -1.638583233 -1.147615406 -1.390222360 0.231920862 -1.133346627 0.310855397 -0.880252408 0.400883871 1.643145331 0.366441421 -0.037308370 -0.333620378 1.268740436
33.532735971 -10.180401982 -27.645103637 -0.794066116 -0.271754973 -0.272101806 -0.470711000 0.884248986 0.311188740 0.307780733 -2.188222534 1.223020808 -0.184094950 -1.787126024 -0.154708955 -0.235735938 -2.984418716 -0.355008261 -0.509420723 -0.714849909 0.210481915 0.242449844 0.103872799 0.903673025 0.286373003 -1.439401493 0.946601428
38.922949325 -14.003158556 -21.311031880 0.204462514 0.087872369 -0.974610055 -0.024673225 -1.808298875 -0.753918248 1.022471699 -0.399298813 -0.106133465 -0.663716899 -1.099934514 0.290314486 -0.094254943 -0.321312349 0.990493138 -0.839741107 1.269382865 -0.722869414 0.039622784 -0.692603350 -1.262573258 2.607265031 -1.466798897 -0.142561143
30.666109465 -18.664179958 -33.476932528 0.240799217 -0.164600143 0.316912102 -0.902490581 1.588241004 -1.868421525 0.508542566 0.028755171 1.310290830 1.259757142 -0.354542483 -1.926082589 -0.000489038 -0.256065611 -1.973204838 -1.885583947 2.285702267 -0.101282894 0.308282650 0.774213632 -0.997314182 -0.520271529 -0.768939181 0.869775739
40.257555186 -19.001187200 -24.160373689 0.095118403 0.068432773 0.751086966 -0.649721336 -0.279718731 -0.255735009 -0.268291748 0.467597786 -1.318987863 -0.571722130 0.085161270 -0.257348919 0.792188789 0.149630982 -1.549765401 -1.154778866 -0.221034183 0.174888259 0.045602858 0.881144294 -0.322109589 -0.449421573 -2.288427584 -0.271223142
42.132757053 -17.172428970 -30.809945160 0.218261596 0.260632930 0.595950100 -0.727513457 -0.550864048 -0.139694336 -1.508382242 -1.224209475 -0.633488937 -0.570556132 0.493144749 0.998783129 -0.083732657 -1.254770221 -1.707558820 -0.327634876 0.715977410 -0.492110839 0.719595386 -0.252068092 -1.010571465 0.375565478 -0.271240653 0.229855685
28.667825591 -16.311120930 -27.679800284 0.090506271 -0.629586274 -0.770189090 -0.047312830 -0.632325186 -1.528049496 -0.685975553 -0.162205247 -0.301317957 0.061804524 0.490610451 -0.824111194 -1.287452138 1.260539243 -0.725048090 1.070131441 1.299275841 -0.132496410 0.324679996 -0.577495913 0.305806755 0.800484485 -1.740947238 -1.496731085
41.978486242 -20.582552841 -31.416115417 0.219725617 -0.690848421 -0.500443617 0.473291980 -0.418405274 0.252018481 1.129450246 -0.787358896 -1.795794213 -0.431564603 -0.432926917 -1.888648563 0.422719867 0.228790388 0.765117891 1.012820231 -0.437589378 -0.081714802 -0.528513248 0.267058982 -1.173727017 -1.197363841 0.333668152 -1.137007406
27.872489467 -22.305250371 -31.103864429 -0.253140067 0.185871421 -0.889434919 -0.332080483 -2.471693611 0.788575856 0.853709714 0.243739748 -0.349719025 0.780421423 -0.808508426 0.032996616 0.194400873 -1.145440687 0.196108590 0.028474583 0.413828451 0.080247459 -1.034359714 0.120682117 -1.690486795 0.198042405 1.080720961 -1.306492652
37.314008457 -19.983095427 -26.323207957 0.261398825 -0.202774056 -0.751995010 0.570137564 0.605181563 1.029969274 0.399723095 -0.260876870 1.054802520 1.070158425 0.700917392 1.216949825 0.087204350 -0.153770952 -1.539242435 -1.701790711 0.252938864 0.245327674 -0.153288053 1.405279295 -0.269249568 -0.442710728 -0.968023942 -1.283851589
34.572879401 -18.313516684 -36.896334606 0.859736431 0.150436133 -0.057088840 0.484729929 -0.697384120 -0.724071762 -0.608803432 -0.649467511 -0.076700694 -0.164874799 -0.458762948 1.030903943 1.517345332 0.335817122 -1.346659912 1.632301714 0.123236141 -0.208182272 -0.921782482 0.200241734 -0.455711723 -0.439649650 0.759972753 0.701915331
32.431755586 -13.295426697 -35.176158750 -0.764967208 -0.182932456 -0.007814431 0.617494795 -0.457322834 0.472683374 -0.288445119 -0.011759609 2.474275978 1.158044154 1.102300262 -0.292984819 0.322674387 0.953167187 -0.420666604 -1.060203030 -0.965386878 1.403846774 1.308690304 -0.771454767 0.328952554 -0.563201734 -1.121212725 -0.839137846
38.103939690 -22.278991707 -27.154708541 0.587899988 -0.275059982 0.760705453 0.006544038 -1.382380722 -0.244657607 1.026212986 -1.589241502 -0.192181748 -1.241507426 0.717449319 0.640704230 0.039780313 -2.206355447 0.314310788 0.120010533 0.810185545 0.245935442 1.783307698 0.531853104 -0.729729528 -0.968211686 -2.821486901 1.234793373
35.131932399 -11.731925742 -25.652001463 0.298028333 0.637100983 -0.494592310 -0.510548623 0.826162616 1.368831150 -1.750347709 -0.318311539 -1.979555466 1.157369242 -0.069207938 1.468843785 -0.480905886 -0.649928633 1.097694214 0.890956307 -0.770841945 0.247355412 0.568565788 -1.234598229 0.779783312 1.814359285 -0.689695854 0.289028758
29.187453433 -18.029033823 -25.725678743 0.418138870 -0.189338702 -0.857174430 -0.233586681 -0.229024686 -0.156856266 -0.659462883 1.206844029 -0.188257284 0.069422223 0.833727648 2.510748945 -1.164483501 0.585214961 -0.842279872 1.503824917 -0.841639121 1.434821207 -2.402885988 0.944111858 -0.726182909 0.023126374 0.339448454 0.176695183
32.060789031 -12.761307702 -25.240020331 -0.314618280 -0.017312289 0.915469324 0.250262942 -1.292364641 -1.137047115 -0.732715712 -1.672361732 -0.796687294 0.405785733 0.253805329 0.426285743 0.860517063 0.018634889 -0.204006482 -1.516691412 -0.029168922 0.754127422 -1.156026954 0.930177265 -0.973399889 0.393008068 -0.516887095 -0.165982675
40.147010403 -13.303084559 -29.929900652 0.003501349 0.347910165 -0.641116952 -0.684043355 0.556423092 -0.142562153 -0.193740970 0.682067424 0.925284221 -0.840786081 1.426932916 -1.969148739 0.095855975 1.921164942 0.174948467 0.932686338 0.283455007 -1.045958473 2.410897854 -1.678469892 1.175875231 -1.650231741 0.979678911 0.102022127
40.059553156 -24.283308991 -28.327678385 0.141042955 -0.892863149 0.227750483 0.361983424 -0.565547190 -0.409323099 0.931240129 0.179688200 1.643405080 0.363054802 0.021623978 -0.275245248 -1.576164427 -1.029437742 1.460766572 1.000892123 -0.287438073 -1.618834438 0.705833578 0.836720328 -1.274398435 -1.788282347 0.921780565 0.145624308
33.736342781 -11.840373668 -31.527913127 -0.049324225 -0.048880202 -0.039263833 0.996813021 -0.932494226 0.746650633 -0.222953613 -0.309318769 -1.502803912 1.816711380 0.466803057 1.978170580 1.672489991 1.465939014 0.585713136 -0.920755364 -0.976778327 -1.193500230 0.158572241 -1.844695678 -0.421705420 1.027962284 -0.277786524 -2.032305079
33.839731931 -17.294469351 -26.359003120 -0.158687513 0.470395099 -0.803641730 0.328186980 -0.645613790 0.683763874 -1.774533394 1.834796837 1.702701794 0.743260272 1.218727888 -0.443762470 0.237770585 0.724282200 -0.287664867 -0.216980764 0.901293915 -0.464224294 -1.014400316 -1.887463042 0.302067709 -1.331321823 -0.177647943 0.665624135
26.701243127 -15.757091682 -29.927818511 0.744747138 0.451096033 -0.009935997 0.491696395 0.379339311 -0.126847067 -0.498655102 0.215830711 -0.640494489 -0.653201188 -1.179317379 0.429241707 -1.346552513 0.734718194 -1.490392706 -0.983085723 2.154649186 1.034419763 0.500354470 -0.796008689 -0.105794682 -0.924963302 -0.097791810 -0.639197682
30.890857474 -16.648277855 -21.656615216 0.314105505 -0.401298065 0.051290150 0.858875378 -1.601222097 -0.932254956 -0.678403404 -0.754526333 1.245132851 2.273036231 0.119651980 -0.089302681 -0.498353874 0.375328761 0.433209595 -0.268201528 -0.105054872 0.795099125 -0.036553017 0.110729829 1.351741687 -0.395509057 -1.823945514 -0.847214853
39.895835433 -21.556004704 -22.248844991 0.555549900 0.732866764 -0.374383921 0.118774135 1.081801106 -0.193652430 -0.709393604 -1.238975224 0.217240583 -0.768209248 0.937761298 0.186967068 -0.517923226 -0.440520713 0.517281510 -0.433437890 -1.178594246 -0.083737046 -1.366858977 -1.872221804 -1.250372605 0.310099704 0.871106873 0.399539490
43.015552807 -17.260442741 -32.302745771 0.336123432 0.709465036 0.149282849 0.601161403 0.493583590 1.521557459 -0.196381232 0.284282469 -0.094923081 1.024072136 -0.639586733 -0.794373419 1.017846322 -0.115182729 -0.039827912 0.030054121 0.287934064 -1.161108633 0.929973439 -0.229217482 0.400369509 1.329367062 1.229927891 1.249136653
35.008904053 -13.841246363 -31.533327312 -0.710151145 0.307968177 -0.567188302 -0.281315453 -0.421029361 2.645826743 1.746838143 0.030428312 -0.041735880 0.557597489 0.690454507 -0.338957250 0.469747203 0.235683364 -1.117870993 -0.305264397 1.358330648 -1.238582448 0.604901530 0.498195584 -0.577840654 -0.423963404 0.139450592 0.938736330
30.193454382 -12.175048309 -25.621513619 0.317520726 0.471175344 0.182497782 0.802414446 -0.701388538 0.370253092 1.866615077 1.174724775 0.725851910 0.759802082 1.513477112 -0.107961854 0.408941180 1.245918567 -1.581361277 1.106077881 -0.535053508 -0.077735908 -0.391287914 -1.350101047 0.945645875 0.502014545 -1.317389009 0.973268270
29.436433821 -18.463547804 -31.924799358 0.713583117 -0.507390372 -0.375308624 -0.304134153 -1.611307588 -0.731468473 -0.340771918 -1.067931265 -0.756921803 0.079844330 1.621586035 0.218518759 -2.307913428 -0.720986167 0.181276533 -1.152884032 0.939306977 -0.930890420 -0.367245638 1.862194182 -1.337900730 1.312900092 0.154029380 0.227371708
29.631673951 -24.046767332 -23.879684483 0.350941923 -0.559630898 0.749887332 0.036359511 -1.980304519 0.672255595 -2.255542262 -0.321449005 -0.041357418 -0.688666716 -0.419726550 -1.488863410 -0.644837244 -1.428922031 -0.318133639 0.722148881 0.120632593 0.614493260 -0.051263988 -0.981089276 -1.134662452 0.001067053 -0.184272624 -0.020915650
29.867144918 -18.740813300 -35.593100926 0.471734838 0.214315902 -0.754462543 -0.402891062 2.709171740 0.581307991 1.196609622 0.466112583 -0.273356827 -0.939400069 1.052838621 -0.400952693 -0.869658941 0.154189784 -0.137562357 -0.245166734 0.413867326 -0.826285334 1.518187622 1.108832833 -1.442898245 -0.334416377 0.444593420 0.803366318
41.566063742 -18.044660884 -25.138887887 0.537904641 -0.552904829 -0.634619772 0.047038193 0.516341098 0.170440797 0.068281386 -1.557003433 -0.793236196 -0.863979468 0.165025553 -1.395316094 0.205081308 1.332844740 -1.109798934 0.165322974 0.801109578 0.175253879 1.016617095 2.051724668 1.707097674 0.339949480 0.270272752 0.629797391
36.747708178 -15.052176662 -24.119951246 0.702530441 -0.086939708 0.204329201 -0.676122803 -2.185410969 -0.491489213 1.819084059 -0.264600092 -0.055207724 0.880378551 0.399480853 0.698590021 -0.540105218 -0.276302651 -1.045686029 -1.344417415 -0.384673838 1.445100755 0.820126838 -0.045724687 -0.834141161 2.188541052 0.902263661 0.237134291
33.448597841 -16.042916666 -26.918120234 -0.569456864 0.667342993 0.474962799 0.069155973 -0.303167128 -0.391543368 1.010024973 0.626854815 -1.503976874 0.402235085 -0.512011094 0.658909180 0.826721962 -1.354305072 -1.290508207 -0.494996204 0.630482154 -0.911771082 -0.770852833 1.414493096 0.740860491 -0.647101609 1.496886363 1.659403783
36.567758381 -24.514786174 -27.137792598 0.568930982 -0.367878760 -0.570722194 0.463960055 0.812507449 0.394457932 0.372927499 1.022768299 0.023406403 -1.560813017 -0.303783315 -2.058896275 0.399045262 0.028987860 -0.096535199 -1.044248869 1.542974311 1.654193623 -1.213181758 0.343821101 -0.437024227 0.113658924 0.005691894 0.097090125
34.727214033 -17.611126040 -37.110562230 0.395227092 -0.760830899 0.462424761 0.226042540 -2.104627559 -0.836627286 0.387073486 0.403484063 0.507538586 -0.481953881 -0.692564591 0.408211913 0.234084104 -1.873052977 -0.450892730 -0.035820152 -0.457261338 -0.702577481 -1.880494674 0.542119612 -0.192754126 0.957591619 -0.087691230 1.579141047
38.872551638 -15.681295335 -36.376971886 -0.021811858 -0.547576924 -0.162845404 -0.820466410 0.094344504 -0.904330890 1.230273627 0.857142015 0.197587257 -0.946583968 0.584291352 -0.134478831 -0.736524570 1.004073686 -0.130071702 0.407658723 0.589571105 -0.625724310 1.467110781 0.043275397 -0.640690351 -0.853358458 -0.728937416 -2.070817678
41.183728071 -20.370605612 -23.770180144 -0.798387680 0.264936899 0.239124058 -0.484979624 -0.795748693 -1.209691065 -0.084699895 0.342457328 -0.102176273 0.086264343 1.434222215 -1.106744967 1.693318480 -0.041815200 0.405137328 -0.806719645 2.377663540 0.589284089 -0.289511901 1.001900674 1.238382762 1.539728966 -0.117951329 -0.983454479
32.322729892 -16.808670611 -22.218088075 -0.188745090 -0.545351898 -0.255942242 -0.775538630 -0.478546975 -1.960902832 -0.043401219 -0.468268608 -0.429102504 -0.226259908 -0.654567120 -0.909616091 -0.675058345 -0.492555901 -1.629298932 0.266438679 0.087246930 0.011342195 1.474185277 -0.623287795 -1.940388579 1.541147317 0.332417206 1.143411042
39.056599500 -20.671945144 -25.103222573 0.362783199 -0.485767233 0.596939061 0.525435347 0.848982577 0.840309983 -1.035844398 1.187246530 2.721105853 0.250462284 -1.488652895 -1.746404591 1.001805090 -0.958448207 -0.629564305 0.868106949 0.439217753 0.462904157 0.328449560 0.451066060 2.020395964 0.404785551 -0.035076351 -1.876400644
37.510269777 -15.945121337 -28.599689194 -0.154462580 -0.117188360 0.151789838 0.969210011 0.002394172 0.602887287 0.046122174 1.629114871 0.172532918 0.115008514 0.156762080 -0.940767652 0.563867960 0.885199951 0.814614543 -1.218709543 -0.399671497 0.824547416 0.111775784 0.083520506 0.745958729 0.883500154 -0.642557453 -0.432187786
29.892849574 -25.256485353 -27.526284908 0.285014846 -0.133456616 0.547326410 -0.775493179 -0.178803366 0.992767057 -0.267490841 -1.061583020 0.557885692 -0.742227704 -0.398987774 0.945928811 -1.148283875 -0.543462358 1.478908434 -1.302522810 -0.528942886 -1.424751706 -0.028910482 0.627354042 0.322075623 0.816833344 2.053919673 -0.070560387
33.058169532 -11.850781326 -23.539356792 -0.200483061 0.594222738 0.680091487 0.379712324 -1.780211387 1.547474138 0.760507814 -0.248978183 -1.260869721 -1.020093143 -0.015975565 -1.930856163 -2.299792407 1.625090583 0.557232703 1.460444438 1.203336994 -1.209499673 -1.129431296 0.963240737 1.095992998 0.129906735 0.185873507 0.510170150
41.780408745 -17.878570388 -26.642260754 0.465451547 -0.182500931 0.811269663 0.303133305 0.042058180 -1.245855943 0.796342933 0.146047774 -1.012274844 0.552255905 -0.105866266 -0.532602554 -0.753132693 -1.940274129 1.285804564 -0.860057527 -1.720768382 -1.588455899 1.121932737 -2.667046301 -0.581329083 -1.103431758 0.151074569 -2.184250158
33.037520580 -13.623125730 -27.242244807 -0.869707894 -0.062933250 0.150255655 -0.465908599 0.478168682 -1.164879578 0.656663497 -0.433748141 -0.497328300 2.100577275 0.775037655 1.276493655 0.941134049 -1.044094356 -0.499153787 -0.444798019 0.333591427 -1.305124076 -0.256523472 -0.630154657 0.711166446 1.046831250 0.024195654 0.142092552
34.527099053 -25.166061331 -27.392051993 -0.656357671 0.280471132 0.147095468 -0.684757968 -1.918332118 0.345026989 -0.782395917 -1.309416950 1.544007823 0.794072357 -0.030033696 -0.456242123 0.091756612 2.021707669 -0.197930766 0.810292990 1.165273285 0.027416069 1.129977931 0.489538277 -0.555148416 0.877477529 0.444627074 -0.336092174
39.637410506 -20.290719092 -35.288668953 0.621437783 0.274149517 -0.354448136 0.642669155 -0.132311148 -0.708882336 -0.192580217 -0.360173436 -1.184196001 0.403384524 0.448968662 0.960582528 0.833746700 0.545865930 0.657242066 -0.135425341 -0.643630236 -1.276801590 1.438811490 -0.833583167 0.038689611 1.469587695 -0.656618674 0.779733146
35.028093197 -10.997195215 -23.218209432 0.133073722 -0.717810112 0.244527989 0.638158358 -1.659627244 -0.614229549 0.849460857 -0.114200542 0.447506333 -0.792694345 -1.468089000 0.054520974 -0.618492994 0.173549397 -0.216386061 2.011632960 -0.420440232 0.963863124 0.265426021 0.255778785 0.848020964 -0.891398601 0.467964246 0.591956234
26.150371965 -17.518753340 -23.242204046 -0.156686471 0.377872163 0.911634503 0.039805909 1.063923663 -1.081412823 1.731035500 -1.664773389 -0.645247605 -1.397673966 0.599097991 0.468527064 0.072301695 0.136836249 -0.002713207 -0.578794890 0.545613168 -1.449073918 -0.666290179 0.823552002 -0.055026718 -1.744355146 -1.707767618 -1.483365444
42.592622990 -14.606539632 -27.846932340 0.559881542 -0.647029468 -0.490684719 -0.164663394 -0.026789774 -0.484627102 -1.635051067 -0.247303759 0.246341838 0.903726252 -1.256573748 -0.385558391 -0.172002469 -0.670751052 -0.938785295 -0.393041871 0.711488432 -0.753330368 1.199653141 -1.631992662 0.276929552 1.156560204 0.478558304 0.502113126
39.113500941 -20.865097154 -26.850497551 0.636844664 -0.386174037 -0.117495715 -0.656881454 1.144734154 1.189881003 1.213662895 -0.501460538 -0.229772650 -2.984958754 0.725263766 -0.608086788 1.172175248 -0.224216060 -1.318753443 -0.641991128 -0.794866670 0.794551984 0.177096308 -0.229172427 -2.146348922 -0.922875619 -1.191036488 -0.280022627
36.064315161 -13.212755656 -29.720114887 0.011809722 0.377680155 -0.866534602 0.326092033 2.045988600 -1.829393516 -2.412783869 0.699829402 -0.565594598 -0.345819701 -0.412089391 -0.771470345 -0.629913390 0.184009198 0.522562109 0.407432774 0.590780924 -0.997086847 1.867428824 -0.200150503 -0.985925139 0.558151969 0.520094081 1.210220688
32.836139180 -18.472183232 -18.638075052 0.213645309 -0.708122268 0.026150857 -0.672483953 -0.517624592 -1.356740302 -1.748422764 -0.086767778 1.518958333 1.284801406 -0.993480142 -2.246508498 0.841037668 0.911532351 -0.133760879 0.239559681 0.027121616 0.588420198 0.716293574 0.835928298 0.826206664 -0.170086888 -1.710808942 0.602945975
42.235442669 -22.054736050 -30.533664487 0.467322875 -0.702720132 0.298024223 -0.446066486 -1.948950675 0.793686961 -0.613123437 -0.901744205 -2.736841784 1.470933155 1.369372933 0.140469480 1.829849129 -1.026347054 0.864257101 -0.497763815 0.548531255 -0.485512798 1.398724188 0.960479889 -1.102955551 1.321324754 -1.300653604 0.029118503
38.226206940 -19.766910030 -21.174560849 -0.255475379 0.734987078 0.040414146 0.626811792 0.754063522 1.028298505 -1.734388180 0.429258604 0.083340727 1.432570055 0.272892140 0.462155928 2.720134515 -1.575354110 0.585470281 -1.131867640 0.069060040 0.113179374 -0.244827631 -1.187868566 0.907560807 0.174473218 -0.666358608 -0.388586539
29.503398247 -20.301844905 -25.036628269 -0.449963058 -0.595432999 0.077534524 0.661045526 0.405958773 -0.133953879 0.128088053 2.029452324 -0.710783202 -0.314729715 0.055195555 1.581919142 0.058261273 -0.436160153 0.837620813 0.316146815 -0.716639027 0.549803128 1.035781044 -0.442523721 -0.898092536 0.936362328 0.432005784 -2.744179372
36.028435666 -26.298042674 -22.972844999 0.365820403 0.268977417 -0.248595777 -0.855585601 -1.009488699 0.552155195 -0.952107302 -2.618922655 -0.094303861 1.884355653 -0.152517915 -0.320632369 0.509982637 0.738983662 -1.077065875 -0.688299401 -0.571592574 -0.917467059 -0.940068881 0.859606382 0.069204005 0.646277808 -0.633980091 -0.587099629
37.654042537 -18.611849262 -27.324882923 0.751035455 -0.582800481 0.251081738 0.182338439 1.642410874 0.917472259 0.296232959 -0.527368892 0.835734246 -1.129751569 0.073217711 -1.117137650 0.695595711 -1.583383265 -0.597167920 1.129808644 0.028151685 0.865550954 0.671898546 1.290900312 -0.008361098 0.669500289 0.667910148 -0.571673203
32.203121937 -14.921934841 -23.380432317 0.131168583 0.013729087 0.938614457 0.318762005 0.433004662 -1.133221284 -0.623077696 1.973463037 -0.443467165 -1.267723991 0.999183713 0.586714999 -0.734875241 1.019004261 -1.576754287 -1.130267608 -0.683442322 -0.310987224 -0.475626290 -0.282522919 -0.781451642 -0.831138078 2.297225870 1.831662917
30.276449636 -26.266076021 -25.634187772 0.510087782 -0.165389486 -0.073384918 -0.840875393 -1.130580707 0.122179171 -0.246320010 0.389541116 -0.619163296 0.005149645 1.287654434 0.134217550 0.356202792 0.457679498 -1.111501229 -1.075735444 1.250831832 -0.635286838 -0.339430436 -0.969836700 -0.337971729 -0.851663135 -1.032189921 0.314533731
40.613674255 -13.730552391 -23.364854659 0.350155755 0.235355744 0.141867308 -0.895473220 1.790026608 0.142830129 1.813706873 1.786559324 -0.930941472 -0.921206725 0.944466052 -0.976514973 -2.241318471 -0.223495005 -0.600908849 0.669083385 0.318644277 -0.323980651 1.848018854 -1.524103603 1.291793914 -0.448024103 -1.044689902 1.155194650
27.386402675 -14.981149404 -24.252097724 0.638064667 -0.185445551 0.689286253 0.288734980 0.322824299 0.717102358 1.790469428 -0.448944842 -0.449654939 0.495290970 1.175452470 0.857659526 -0.787847708 -0.133800246 -0.100375811 -0.578065708 0.089714899 -1.264387247 -0.350958919 0.206237735 -0.666218292 -0.215020718 1.626003485 -1.553004761
30.669093666 -17.999842326 -34.641455253 0.015179789 0.897508158 -0.408864342 0.164555858 0.392232668 1.033360470 -1.097303648 -1.096486221 -0.375757686 0.070704798 -0.956839801 0.155427244 -1.328664298 -1.876743162 0.917689514 -0.172124858 0.514488652 -1.089354302 1.059824157 -2.182272492 1.035819060 2.229571658 -0.718625988 0.655423476
36.476710240 -12.027356104 -24.275606008 0.095493690 -0.638868999 -0.728707959 -0.227402875 -0.056587683 0.021485826 -1.113149497 -1.062492361 -2.208678161 0.348895024 -0.799408744 -0.205919935 0.210095142 1.065423690 2.396147450 0.905760706 0.727273474 -1.465416117 -0.641673873 0.532397384 0.046195933 -1.551882506 0.318421308 -0.445220681
30.407839969 -22.619472863 -33.576125508 0.689637009 -0.212320617 0.482949643 0.496064909 -0.145122382 1.283862075 -1.401708977 1.355661750 -2.533075790 1.873996264 -0.951660935 0.748935430 1.067012112 -0.276455505 1.337412742 -0.818006374 1.396479781 -0.086122580 0.562710437 -1.451643358 0.764621264 0.771201006 -1.444755134 -0.686387157
33.078670594 -20.333848353 -21.743713364 0.485687594 0.778900555 0.193109804 -0.346597880 0.642416502 -1.453615527 0.635340797 -0.952936092 0.340733060 1.106208002 0.855050523 -0.528069882 0.096358206 0.275750739 0.297534845 1.046382066 0.447726836 -0.156669490 -0.011535980 0.566257608 -0.308410538 0.698124152 0.568550676 1.038856821
39.698295711 -19.443052585 -30.138401463 0.987431814 -0.023097255 0.145689255 0.056741266 0.496711127 -0.546683250 -0.172267925 0.987328903 0.558314456 0.074194038 0.689480786 -0.563289185 0.438920338 -0.667126048 -1.559862004 -0.115621171 -0.243840383 -1.556851835 0.233959958 -1.013557868 -0.479658680 0.607335926 0.652765987 -1.064979311
32.793288711 -17.852646541 -34.731592813 -0.145207996 -0.907203361 -0.251529484 -0.304351143 0.224432758 0.072678941 0.905562774 -0.342312193 -0.699309074 -0.612523601 -0.995829868 -1.991300207 -2.246079503 1.693653722 1.290804248 -1.080165912 -0.740226185 -0.078376992 -1.534189633 -0.926194886 -0.973190167 -0.435823271 -1.327689621 -0.156021028
30.422606387 -15.451127124 -30.811473800 0.181946284 -0.274417658 -0.168334906 0.929114556 -0.169259755 0.794056143 -1.969021661 -1.894130399 -0.472087327 0.560397037 0.605783251 -0.465481375 -0.718916568 -0.862706078 0.326919903 2.711737124 1.156312528 0.965350087 -1.253741799 0.365522345 -0.425470620 -0.221159227 -0.531261473 -0.975968323
41.486570114 -15.862327615 -23.336244821 0.457662593 -0.657363264 0.448684198 -0.396359660 0.435843575 -0.608812198 1.142951233 -0.441768445 -0.143577590 1.575476217 1.615822541 -0.139573061 -1.051408524 -1.576189163 -1.630751911 1.973227360 0.334679370 0.256911260 -0.236683926 -0.399024158 0.981860284 -0.421017962 0.815417039 0.391987588
29.516037626 -21.983766326 -21.311224452 0.771356735 0.373990909 0.009932707 -0.514821259 -0.199462746 0.736935369 0.423491973 0.464748570 -1.400222550 -1.636446388 0.547287986 -0.746720316 -0.147608865 -0.204189252 1.886644430 -0.902240404 -0.096212901 -0.053807534 1.491354570 1.178652281 0.901076374 -0.934288709 0.730315848 -0.881548524
32.121315639 -16.617630791 -24.738869837 -0.411043810 0.806607040 0.411297155 -0.106125965 1.052469360 -0.266841612 0.163485894 -0.509706407 0.256710927 1.548802223 -1.123414604 -1.687268123 1.106579579 -1.120103830 -1.218008850 0.072133287 -1.879903658 0.453067484 0.255267273 0.656955549 -0.256624625 0.611894495 -0.163513322 0.464496111
36.990962408 -19.141581262 -36.902745534 0.062829332 0.349546001 0.739008404 -0.572482879 -0.646288263 0.302675501 -0.048434862 -1.440464300 1.076507887 0.467109898 0.422898797 0.007466349 0.301018990 -0.726840666 0.723341311 0.974081698 0.507462900 0.003235554 -1.827237115 -0.680515936 -0.740334782 -0.676908271 -1.379292146 0.385730321
33.937940806 -11.402357652 -33.757953923 0.544947644 -0.345498444 -0.747379589 -0.158387629 1.261458926 -0.426174537 -0.198526348 -0.362555174 0.576190075 -0.061801746 0.809279500 0.145343143 0.550204502 1.380633644 0.086373465 -0.081691729 -0.432181802 0.474422933 1.171727495 -1.558397328 0.486947795 0.185654838 0.445408986 -0.797800226
41.435602149 -22.949376146 -23.638663460 -0.093637119 0.584754993 -0.400468433 -0.699227232 -0.151244283 -0.256932074 -0.521077616 -1.277030478 -0.695222829 0.229982006 0.177462520 0.612297121 2.088223651 -2.254220649 -0.128701035 -1.892248393 -1.447024714 -0.799588598 -0.793924074 -1.239885277 1.844518498 -0.359325428 1.055293323 -0.080884442
37.621566366 -25.589073918 -34.296708099 -0.360097336 -0.299508730 -0.214091457 -0.857198505 0.706125204 -1.210068125 -0.901972004 -1.938973206 -0.843942254 2.585513667 0.261933264 1.791136491 -0.232507794 0.158163245 -0.966461339 1.860259938 0.055543232 1.397593911 -0.352961469 0.231908353 -1.588267656 -0.275656476 -1.731494040 0.566829028
28.894676031 -26.556815242 -29.382040536 0.480336151 -0.395924908 -0.560721509 0.545996373 0.496179484 -0.746128600 -0.156726502 0.658763340 0.530115478 -1.545756236 -0.346626059 0.806987336 -0.834543718 -0.057572078 -0.168691029 0.552081849 2.823453995 0.087192129 -0.752327237 -2.728236419 1.366572882 -1.034533208 -1.016214677 0.754299191
33.515172815 -13.283677222 -22.525680080 0.298205204 0.720604480 -0.468791702 -0.414773648 0.550118126 -0.565191497 -1.481667200 -0.212147356 0.182562524 0.661946426 1.808861324 1.705665145 -0.479409517 -0.197813209 0.163497336 -0.254886811 0.521804155 -0.569322835 -1.167956008 -0.775811389 0.635816743 0.185967964 -0.359153042 1.987633263
43.086933349 -19.605053351 -31.145023577 -0.871501826 -0.038709030 0.433081385 -0.226774541 0.137597435 1.580888461 -0.446997118 -0.296583149 -0.125098461 -0.059545806 0.045569457 1.119907375 -0.607361263 -0.239811241 -0.394363566 1.097796073 0.425239155 0.808446300 -0.944020453 0.924602564 -0.895028654 0.433417288 0.016073096 0.681954624
41.843814104 -21.612955248 -34.286088109 0.584243122 0.672591604 -0.451790244 0.046541200 0.037021066 -0.372461362 -1.097413696 -0.969438501 -1.062151772 0.388911584 0.896303554 -0.302747905 0.082958465 -1.507592609 -2.430907434 -0.424764937 0.743118968 0.297518142 0.815806578 0.230586580 0.247904335 1.836900956 -1.680910640 0.995499601
32.193988248 -27.643243283 -28.798749680 0.469947042 -0.137726430 0.469981965 0.734369227 1.646518350 -1.329953964 0.784054326 0.387415617 -0.686195890 1.696672404 0.791864599 1.631436455 0.426658074 2.568067640 0.052709312 -1.362580409 -0.615771130 0.263794658 1.518738178 0.448906957 1.560636341 0.272436192 -0.179632666 -0.319441453
41.302642040 -20.400316431 -34.062727314 0.002395806 0.645879428 -0.689356613 -0.328057136 0.024701688 -0.142063410 0.525941026 -0.384425105 1.830478092 0.575845884 0.911421164 0.797324560 0.199825071 -1.069472393 -0.768299556 -0.238372730 -0.994094763 -1.153929851 0.076839581 -0.008041909 0.387620529 -1.750232204 -1.102970255 -0.467510673
36.466786788 -21.930696070 -31.997252448 -0.330102951 -0.357494052 -0.736483044 0.469917834 0.902123130 -1.128333982 1.767870294 -0.039288037 -0.269669441 -0.615257268 2.774595877 0.866307721 -0.804425540 0.427153220 1.027020313 0.214814295 -0.344735519 -0.209837528 -1.137897105 0.526950599 -0.523750970 -0.184938641 1.154364716 0.107163663
35.787739074 -19.147687851 -18.223664602 0.824017180 -0.362992653 -0.288163559 -0.325873879 -0.261179400 -0.835409988 -1.683811617 0.715808217 1.368173725 1.034769944 0.731142536 0.904561412 0.822710675 0.568363632 0.329845607 1.196612511 0.854841274 -2.173873403 -0.890040701 0.137749867 -2.609675799 -0.552953624 0.680394002 -0.163450789
29.829737794 -19.947089041 -35.090445672 -0.098234099 -0.957350809 -0.271680279 0.004395048 -1.409111348 0.305825410 1.433584183 0.507770183 0.421217986 0.793136700 -0.594244461 -0.745483695 -0.285820503 0.094676735 -0.410771978 0.546317956 -1.126582776 -0.404031186 0.564873324 0.292704261 -0.679956395 0.854109377 1.661840198 0.021645914
31.356142075 -18.759178324 -27.745797283 -0.873664072 -0.239746603 0.157683916 0.392897490 -1.086247506 -1.311093702 -0.618025488 0.747682104 0.937131017 -1.382920943 -1.099519699 0.619495385 1.497857123 -0.539620405 0.696860375 -1.034304507 0.106628734 1.172758519 -0.400276419 -1.218066168 1.144265113 -0.170609193 0.910868669 1.692974290
31.727756472 -20.911121285 -35.752133409 -0.904949417 -0.154796133 -0.281109097 -0.279432255 0.555304054 -0.497761592 -0.406374496 -0.775994464 2.019614862 -0.014569079 -0.131156051 -1.176829980 0.804000984 -0.749120553 0.493998309 0.320073529 -0.426159226 0.101646634 0.234416505 0.612328047 -2.012208217 2.640330785 0.272364989 2.225931178
43.757428041 -20.296293678 -29.155424708 0.603434960 0.170869577 -0.670188947 -0.396883626 1.476425901 -0.030919727 0.755203288 0.047879450 0.534094999 0.717672926 -0.558614258 -0.200618231 -0.797417363 -0.711426628 1.916614008 0.024393917 -0.130460302 0.447580882 0.095430865 -1.377197610 -0.353189808 -1.384700950 -0.201755748 0.819308686
34.827934567 -21.623776214 -19.094144596 0.251470299 -0.031931086 0.925103133 0.282714146 0.700314975 1.510889279 0.284849062 -0.182097368 0.218901453 1.981361105 -0.659459382 1.025147073 -0.302489927 0.702962276 0.959820273 0.425124827 -1.810913696 -0.442268438 0.269627115 0.376467502 -0.915865558 -1.198155145 -0.484096824 0.516442481
31.974958589 -18.518052680 -25.115228834 0.047286351 -0.506285618 -0.546971121 -0.665027418 0.163899408 1.125248869 -0.844159342 0.821665350 0.037495940 0.629011759 1.058336177 -1.050301482 1.206422477 -1.051953611 -0.802542449 0.447030585 -1.035816316 -0.585111973 1.984427856 -0.128553329 0.984490566 0.207429488 -0.225223502 -0.323448386
36.317527326 -14.762354976 -19.258832372 0.537596787 -0.431524038 0.565004405 -0.453372607 1.473267512 0.318109486 -0.113366744 -0.203119044 -0.857635728 0.921126896 0.240268916 -0.634823843 -0.831526894 -2.113913822 -0.897612424 -0.049135934 1.631824740 -1.402574215 0.348898759 0.086213815 1.073013637 -0.084177783 -0.425752200 -0.063818542
35.584112604 -19.224702716 -36.126498739 0.065489722 0.796398373 0.132115582 -0.586520418 -1.375721985 -1.645379855 -0.970737523 0.535025567 0.617313216 -0.410547220 0.347807235 1.786900880 0.436478286 -1.054395928 0.173719261 -0.449963504 -2.182131579 -0.571322216 1.038894953 0.237488562 1.647320263 0.272523293 -0.108566802 -0.384311915
33.576382018 -10.365766200 -26.428101174 -0.042011206 0.412718065 0.077681209 -0.906567420 -0.418244646 -0.652711612 -0.551474097 -0.628959950 -0.683862147 -1.692662063 1.152527218 -1.272467651 -0.196753422 -0.492621331 0.360845949 -0.054239015 0.072694775 -0.216528659 -0.052626781 -2.615691171 0.864515084 0.423999140 0.653660112 2.090852977
30.190606036 -18.436934443 -21.164423235 -0.284047742 0.430831372 0.406499617 0.753962380 0.247537114 -0.764148800 -1.212675914 -0.565302036 -0.658749219 -0.587688155 -1.975303603 -0.815982469 0.270093172 0.276460000 -0.242722757 -0.839135709 -0.255145874 -0.420169016 -0.252371826 0.705273332 -0.511595188 -0.495750449 -0.007292897 1.008535597
29.463254361 -12.559841961 -27.285225651 0.512929955 0.639086779 0.452776398 -0.351375133 0.452231058 -0.820124193 0.374790555 -0.169058365 -0.831974178 -0.522240867 1.637996901 0.562136278 0.757295219 0.771803972 -1.198007619 0.605213275 1.473422645 1.452839556 0.072762034 -0.829974899 0.259351795 0.671028132 -0.041147375 -0.226025763
38.646846358 -17.490854771 -29.754736064 0.667160370 -0.272077645 -0.693417317 -0.006574164 -1.102075393 0.637270499 0.755272002 -0.091796456 0.925005521 -1.555810439 1.119361723 -2.205825070 1.183474570 -2.384931582 -0.934447399 -1.780825777 0.908499787 1.767198573 -1.294425704 -0.373736889 0.094558868 0.238236511 -0.052318731 0.623875194
39.839828686 -23.579149184 -30.294535700 0.103442204 -0.082792792 -0.169078333 -0.976656327 -0.846965919 -2.018650977 0.374410691 1.686018357 0.008557333 0.166777589 0.313124725 -0.020727569 -1.026621951 0.092103896 0.291886579 -0.049952249 -1.098832786 2.001699409 -1.098699683 -0.307689654 0.911777372 0.616815075 2.406157195 0.309506383
30.077417173 -12.504844430 -22.657193850 -0.530295790 -0.259441031 0.340071807 -0.732002659 -1.260551771 -0.249005717 -1.918163119 0.156248967 -0.483496827 0.153339176 -1.074267458 0.131514193 -1.346224868 -0.251180381 1.003787980 -0.910992647 -2.030409873 1.701952866 0.143466314 0.918034966 -2.052156175 -1.644245359 1.580153935 0.578456347
42.165873660 -20.960245251 -28.480108515 -0.197341529 0.554026487 -0.220425946 0.778153825 -0.895412188 -0.001798282 -0.417553111 -0.283328160 -0.362256927 1.217245872 0.766148454 0.289818143 1.132259999 0.589724515 -0.110856170 -0.677561568 -0.233441594 -1.452824390 -1.118815342 0.404390126 0.883850852 0.548417861 -2.152215303 -0.117515495
41.758348444 -22.051936012 -26.859622597 -0.163468283 -0.874211052 0.347407023 0.297223009 0.688573468 -0.480615981 -0.532933887 -1.735788373 0.432420894 0.247668255 -1.116423067 -0.378837456 -0.547752888 -0.487313485 0.199558350 -0.592032721 0.546051521 1.046727574 -1.782814819 -0.858788477 -1.306157680 0.680624296 0.651769609 0.589160654
37.647504016 -25.942952566 -25.997834295 -0.406663557 -0.697594169 0.271805272 -0.523554220 -0.796618939 -0.018573646 -0.126853092 -0.676899046 -0.571291795 -2.667012308 -0.120243793 -0.598460120 0.620435040 -0.743069325 0.219537313 0.069299869 0.824219375 0.981894482 0.152151897 -0.954370599 1.183418323 -0.755224916 0.065980482 0.387229318
40.339637603 -23.397487817 -31.381572836 -0.455284506 0.134558641 0.268149509 0.838275510 0.428411171 1.122929852 0.550950600 -0.678279575 0.225286509 -0.075295335 -0.379137233 -0.202863575 0.477889135 0.025715358 -0.163374726 -1.557519633 -0.244606345 0.002396177 -0.917383292 0.081043296 0.767434880 0.218145313 0.431266216 -0.553243809
38.413306757 -22.841298735 -23.512691260 0.185390116 0.575344104 -0.365328517 -0.707915773 -1.275019417 -0.532542976 0.680800384 -0.596395462 -0.798805579 -1.367466074 -1.199606314 -1.161053556 0.879708381 -1.301394297 0.519903144 0.394268589 -0.861257179 0.233794434 -0.027004429 -0.734187003 0.447038836 -0.598310725 -1.166047996 -1.728305807
43.237036209 -22.489046326 -31.334895677 0.080607119 -0.658401457 -0.734293461 -0.144302207 -1.567953856 1.669081246 1.101234566 0.076325604 -0.767634683 -2.047760209 2.213808337 -0.582651801 -0.325773634 -0.448386196 1.561333114 0.611075331 -1.234618375 -0.840870677 -0.160299782 -2.012484031 0.042781380 1.150522010 0.760868801 1.940524142
33.558697272 -19.048121530 -19.133775444 0.484004354 0.075238313 0.586107193 0.645412535 0.503001045 -0.167642948 0.043768109 -0.167062306 -0.188157814 1.003963434 0.243080087 0.726574335 0.019753726 -0.436152255 -1.054412578 -0.596220133 -1.081457181 -0.340096089 1.911088322 -0.811147973 0.047008985 -0.339078764 0.778966249 -0.268527326
39.574958012 -13.578490902 -26.547890882 0.525037068 0.016672157 0.459722128 0.716040279 0.415673292 -0.032225821 0.838605206 -0.357908295 -0.142801979 -0.053047173 1.203663966 1.362026918 1.635393073 0.155144088 0.065663119 0.014116610 -0.583450953 -1.291507071 0.468197584 0.619068917 0.537536685 0.463165563 1.386787719 -2.446726566
39.788311078 -20.941895835 -29.031040044 0.106742958 -0.929057971 -0.275211427 0.222970623 -1.317942324 -0.976463045 0.242364827 -0.092651066 0.715271076 -0.878384566 1.475224976 -0.821792968 -0.637514163 -0.253728598 -0.501699437 0.372134443 0.406223817 1.170615720 -0.657451702 0.655359162 1.718141692 -1.274822393 -0.438607873 -1.232242642
27.982132791 -12.224274452 -25.775873345 0.743251691 -0.317594673 0.555006113 -0.196669169 0.299033058 0.638353269 -0.544249478 -0.747268704 1.139011663 0.171216451 -1.078265526 1.156180499 -0.112772270 1.461467459 0.965898753 -0.697193148 0.515454555 1.539641920 1.229676116 -0.410274240 1.099095225 -0.505343545 -0.931483112 0.989844940
38.470559256 -17.168337861 -19.445010151 -0.814494651 -0.453250044 0.211501646 -0.293989651 1.280509057 -0.103681439 0.602816617 0.570601436 -0.772534695 1.237501520 1.066397518 -0.487412062 0.462338766 0.110956471 -1.113408754 0.262084979 0.909581337 0.304037085 0.666500684 1.206486547 0.661857514 -0.033862050 0.459257215 -0.070884267
35.336760947 -15.813724311 -32.757019641 0.142162361 0.090342152 -0.765275603 -0.621274022 -0.286746126 -0.285874466 -1.520997805 -0.764234124 -0.410104967 -0.391117094 0.441024431 -0.776034577 -1.161962451 -0.641781981 -0.797842438 0.772291872 0.147341940 -0.516428841 -0.201194928 -0.480279761 0.720255874 0.299338180 -1.425433732 0.809640360
38.322299438 -16.316569380 -35.390367759 0.415810729 -0.436815540 -0.097962711 -0.791641920 -0.108936866 -1.267582653 -0.758026177 -1.689843276 -0.565055502 0.774044418 -0.637125685 -0.318566256 -0.136861423 -1.441533629 -0.868082790 1.504466597 -0.493803354 -0.361738720 1.464519131 -0.114533113 -0.685508904 -0.399693225 -0.871801870 1.455645899
30.634919035 -17.601577892 -24.326444322 0.598213140 0.312079495 0.735063870 -0.066547238 -1.167334524 -0.160368840 -0.096787762 -0.942882752 0.094605174 1.459277022 0.395714925 0.867113745 0.472318568 0.573442596 -1.336413812 -1.404017697 -0.080042171 1.297780812 0.778877717 0.029887495 -0.475019540 -0.872987135 1.277692470 0.526957970
38.328715499 -18.634404191 -31.701649951 -0.123144339 -0.028697204 -0.576527203 0.807234988 0.362612107 0.363759662 1.781234181 -2.102806425 -1.437021231 0.180002951 -1.961568732 -2.165694170 -0.253105342 0.229254585 0.071304772 -0.024333297 1.501793404 -0.402673328 0.827741826 -0.243376539 0.450309975 0.428730393 0.098604632 0.115173541
33.662713771 -13.430300691 -30.943845366 0.809233330 -0.437984259 -0.303587176 0.247277241 0.021694408 0.266211476 -1.266155191 -0.061816892 -2.465296246 -1.359840301 -0.802875534 -0.293105941 -0.036947461 -0.968329430 0.623573103 -0.641964402 0.342113606 0.118880674 0.301587968 -1.908015423 -0.577833912 1.528189460 0.601733711 0.114112267
33.181439802 -27.602101585 -25.264916967 -0.118701071 -0.163143231 0.976742821 0.072579632 0.299610804 -0.934919030 -1.743597047 -1.375519293 -0.406800000 -0.318270247 1.243177482 -1.447032188 0.429067139 -0.850393093 -1.677579729 -2.627644200 -1.622777614 0.196274319 0.370564497 -0.595940175 -0.096518002 -1.824287368 0.987411145 -0.878638949
32.136071688 -27.171637456 -29.268420505 0.330998901 -0.562575436 -0.553600832 0.517179587 -0.393909523 -1.011475885 -0.469215449 -0.390977516 -0.286579143 -0.599497754 -1.802825869 -0.862132687 1.824946398 -0.777273360 0.881423863 0.402094079 0.909614045 -0.369387128 0.475139788 0.084897655 -0.172304298 -0.805609810 0.280744541 0.580229592
38.379336271 -22.534835527 -27.760411494 -0.767377239 0.312170637 0.202745290 -0.522088128 0.848313827 0.805762768 0.388265070 0.056116145 0.698776959 0.183957950 -0.925658412 0.235009601 0.625425020 -1.609243062 0.168319336 -0.024312392 -0.250433233 0.107334068 1.236141277 -0.188488792 0.403684347 0.265518050 -0.115727470 0.541208268
38.077644453 -19.256231450 -19.165599473 0.441535405 -0.415261873 0.553103008 -0.571560255 0.746302897 0.367947192 -0.399388152 1.080730609 -0.058939756 0.130714499 -0.697900280 2.813760062 -1.785337599 0.862335939 -0.199932847 0.362233025 -0.444328292 -1.478689206 0.638710313 -1.468446265 -0.108652928 1.884577627 -0.462424165 -3.112480862
33.702405229 -20.301117017 -25.714325138 -0.572612470 0.812333449 -0.076132849 -0.080206704 1.722745704 0.602459608 0.248183183 0.166126412 -1.108180284 2.002737022 -0.549338782 -0.913202904 1.438713782 1.098135118 0.224278954 -1.012922967 0.317981574 1.759531347 0.517936002 1.384105680 -0.881411168 -1.129217298 -0.935790572 -1.181903625
38.188614259 -24.990428689 -28.163979051 -0.569101128 0.570882672 -0.369596074 0.462185701 0.141930313 0.683158189 0.227779158 -0.271072757 1.702650122 0.096804143 -0.535250406 1.245809480 1.463766365 0.418826829 0.003563595 0.624573129 -0.226947966 -1.640719124 0.488794759 -0.742915708 -0.665668265 -0.650256039 2.033282233 0.871854561
39.755383509 -14.153866176 -35.105663926 0.184399067 0.093799453 0.320205855 0.924481940 -1.282147326 -1.549607212 -0.091663863 0.353460246 -1.773783674 0.641491040 -0.565896574 -1.455056311 1.311570703 -1.718807725 0.967975955 -0.982411886 -1.547659450 -0.187981822 -1.194245546 -0.276887854 0.741611974 0.351812795 -0.515293075 -0.064462020
29.356701955 -13.835258787 -25.476453045 0.221537181 -0.268020775 0.140181412 -0.927057341 -0.840496826 1.261037435 0.484031025 0.195046006 -0.074728736 -0.033721561 -0.105440492 0.484064824 -0.625915867 0.336373600 -0.309732038 1.189850027 0.355895425 0.712727705 0.881186546 -0.514106080 -2.182939254 -0.315136572 0.593464355 0.268684648
38.893484356 -22.901466219 -22.213208940 0.561157992 -0.352552538 -0.746364975 0.061218787 0.357869984 0.543357529 -0.635988119 0.131014628 0.578035276 -0.730814056 -0.126587196 0.762310666 -0.402248856 -0.814018731 0.322881209 -1.358912294 -1.042481886 0.559489120 2.083048548 0.016220614 -0.784528754 -0.801322991 0.363578686 -2.603075410
37.018986659 -27.918142708 -24.921156113 -0.960239292 0.038629592 0.117191394 0.250428500 1.519995359 0.734782375 -0.366729577 0.406843186 -0.046421506 0.784154891 -0.398244797 -0.231332892 0.625843159 -0.200064221 -0.835037797 -1.287449299 0.696778627 0.692746899 -0.186228380 0.419263857 -0.063899754 -0.827048541 -0.097363969 0.975164621
36.356964453 -21.159486033 -36.451683511 0.395480662 0.049524381 -0.848245813 0.348742631 -1.979995296 1.419618813 -0.649322386 -0.683107774 0.037530419 0.590619677 -0.676887996 -0.348797004 -0.713753039 -0.250525944 -0.081129381 0.753575907 -0.149683099 0.062090028 0.144927021 0.965710694 -0.330521997 -1.874765794 0.450693813 -1.207786968
37.582884186 -19.738070975 -30.112255048 0.134807822 0.160230565 0.168304719 -0.963237530 0.167036901 -0.721579957 1.880515035 -0.999379406 0.351779133 -1.096822209 0.213842210 -1.676676047 -0.275361522 0.178467909 -1.010574325 -1.371393120 0.164180916 -0.345549086 0.465156557 1.353899396 2.974075978 -0.994430254 -0.693040321 0.223823601
34.738484907 -16.212947383 -20.480278674 0.249756766 -0.454564601 -0.798510422 -0.305571084 1.827440096 1.279208896 -0.130063186 0.827856067 0.691457290 -0.424032602 -0.716126089 1.587544164 -0.965981057 0.915511477 -1.066471859 -0.169115205 -0.045376351 -1.534416263 1.093861265 1.280014325 -0.515197021 -0.460039358 -2.039954239 0.533516845
27.602692096 -15.327019746 -28.388261171 -0.834243294 -0.028376692 0.321728171 0.446904770 0.411453889 0.589863698 0.145403809 -0.015469317 1.239840201 -1.762205258 1.208242040 -0.147070363 0.018931850 -1.350970046 1.023774775 2.155394755 1.091138538 0.650408250 -1.392476082 1.058848236 -1.361196293 -2.181602366 0.856818684 -0.973690705
39.438655712 -18.552666444 -24.425772926 0.052625726 0.728182960 0.669471595 0.137068935 -0.847175752 0.647687027 0.052393895 -0.076408467 0.687036715 -0.379066857 -1.879695696 -0.704505538 -1.627825276 -0.289869672 -0.307371180 1.324211265 -0.005239707 -1.029636942 -1.500713031 -0.736260430 -2.370755419 -0.549015272 -0.608066963 -0.246346461
41.105351622 -12.949577049 -27.622522741 0.529623895 0.777013967 0.255209254 -0.224980138 -0.251828305 0.565260648 0.375786578 0.696608593 -2.061698088 -0.756010946 1.012278600 0.020382902 -0.755972092 0.832662415 -1.997314453 -1.072033631 -1.537509534 0.197014085 -1.318109906 -0.792215339 2.968173697 0.578988280 -0.770734762 -1.392590505
43.404487970 -21.758142509 -30.602490813 -0.704879268 -0.326804956 0.473572327 -0.414816814 0.861344561 2.844045994 -1.443261974 0.607526122 -0.938040948 1.029716539 0.180573410 -0.812465276 0.395970984 0.425152406 0.015070063 -1.164915437 0.239232089 1.002899120 -1.599914333 0.116127141 -0.518991576 -0.647751612 -3.356768121 -0.819985102
42.426752709 -17.818788091 -27.136701373 -0.848187750 0.291287601 0.424422389 -0.124878783 1.693434792 -0.716295619 -0.967285519 0.360471782 -0.166298644 -0.331437039 1.355633606 1.468596594 -0.409277253 -1.309196908 -0.661247552 -0.565824467 0.368296329 1.259794527 1.243235935 0.444589961 -0.081558152 1.150508778 -1.493481744 0.203396416
29.743303285 -16.279342012 -21.851606488 -0.132545638 -0.218539431 0.758686932 -0.599221420 0.000274539 -0.596301853 0.216391375 -0.559536847 1.181789434 -0.245844365 -0.916022775 -1.008770622 -0.197748632 1.036408682 1.179391318 -0.301757617 -0.921605444 -0.697093591 0.050940039 1.021780918 -0.042070592 -1.049872111 -0.067761306 0.282850967
36.059588397 -22.672161174 -19.430654263 0.778797452 -0.369054737 0.501785985 -0.074053733 -0.459740028 -0.196791723 -1.214256297 -0.502992924 -0.129722847 1.802476398 -1.143058527 0.280041671 0.255821426 0.034031854 1.137741720 -0.443020078 1.109655006 1.154564701 0.686110739 -0.915916810 0.172316819 0.827989988 0.203054162 -1.094701363
40.638191373 -23.430273123 -24.932313514 0.745079297 0.044358778 0.659938880 -0.085847623 -0.963463721 -0.769864760 0.004333042 1.874727693 -0.131677946 0.978396391 0.754293590 0.292282807 1.243612037 0.484396913 -0.660346674 -0.674004761 -1.775942964 0.894844664 1.699569242 -0.123332426 -0.263626726 0.665822637 1.939688060 0.614835959
40.429131491 -25.232295032 -27.300967671 0.312438293 -0.782601612 0.495486093 -0.210738135 0.919658535 0.755418803 0.166236812 -0.706087997 -2.328602278 -0.718002485 1.075343993 0.335095026 0.481253329 0.715995315 -0.357661803 -0.347612607 -0.102193851 -0.089392730 -1.385250925 0.087920783 1.170991893 0.035604095 -0.990184820 0.862902633
