6.789716620 -15.665204164 -36.887165167 -0.423281445 0.113676036 0.895752918 -0.074412951 0.288993340 -3.460941817 0.686856807 0.562299733 0.034352209 0.494276685 -0.714400403 -0.291690631 0.668162002 0.971604848 0.311933171 0.639234830 0.548620935 1.325904037 -0.908342615 -1.065935807 -1.092970967 -0.495459859 -0.926405004 -0.213972408
19.458466675 -19.308710486 -39.678883840 0.686971599 -0.428999952 0.338136317 -0.479262865 -0.863813458 -1.355336057 -0.037929158 -0.398473568 -0.844389006 1.586178712 0.368925274 -1.651501221 -1.382555001 -0.386311874 -0.089481228 0.286919300 -0.357459846 0.408921508 0.539924003 -0.473129443 -0.860458754 1.922943435 -0.916677938 -0.881611348
13.953470466 -17.412444569 -36.142545113 0.348979382 -0.393530937 -0.223776575 0.820530826 0.710680687 -2.688837076 1.493540792 2.021473657 0.764051011 -0.065076244 -0.783615828 -0.090191709 -0.689551523 1.290290601 0.353472227 -1.319250258 0.439267288 0.860797296 0.034630988 1.698224566 -2.023386059 -0.251791102 -1.328899187 -1.677308946
5.604917714 -13.917449905 -39.282662371 0.573187758 -0.740396403 -0.266965220 -0.228031864 -0.869219085 1.521286599 -0.930793853 0.663185953 -0.176608300 -1.174850765 -0.199125746 -1.865266927 0.652922162 0.015831328 0.687968419 -0.840036339 0.295285677 -0.884332114 1.232900059 1.024882019 0.870822026 0.557274625 -0.115566583 0.757931434
18.034621040 -10.315740059 -39.572783678 -0.968953606 -0.119125061 -0.102031609 -0.191122158 -0.730640235 0.943638851 0.357584112 0.702948199 -1.627820229 -0.507864733 0.723702233 -1.196947904 0.096895545 -0.449051896 0.654555153 -1.351940834 -0.587702952 -0.796281978 0.159838697 -1.516117807 -0.267106402 0.211940830 0.991186027 -0.318601099
10.383971332 -23.042700735 -33.350424909 -0.708377498 -0.499447292 -0.239249276 -0.437622562 0.399208631 0.207032168 0.670565040 -0.707374999 0.358455627 -0.139872801 -0.077772769 -0.593828597 0.560726317 -0.403852571 0.475402409 1.723918392 3.103041652 1.343941845 -0.697069821 -0.074990516 0.567298064 -0.626917436 0.326190319 -0.502800028
20.742006131 -12.788686948 -32.205764161 -0.022235653 0.339728538 -0.919070186 -0.198494559 0.298063792 1.149655704 -0.853126660 -0.083353040 0.685604442 -0.404020628 -1.949384671 -0.544479163 -1.605926438 0.556667820 -1.310757320 -0.461444561 1.366747698 -0.290641018 -0.582303690 1.432940296 -1.495471002 -0.884059600 2.095173994 1.391270027
12.655496668 -20.954531005 -44.788097603 -0.627790527 0.534218661 -0.454387941 -0.337670070 -1.688507944 -0.108992403 -0.423627651 1.316965563 -0.903151818 0.368243648 0.491049364 0.602348514 0.368910026 -1.017533220 -1.635279852 0.440334377 0.700509691 0.022387486 1.603555131 -0.505254552 -0.655084782 1.074855922 -0.149505057 -0.211228028
12.610295736 -25.129988715 -35.516053997 -0.863677262 -0.207653255 -0.259368389 0.379037930 0.456332627 0.769379718 -1.695050592 1.334277284 0.745837192 1.913095984 -0.272050719 -1.816588557 -0.580784014 -0.774166260 0.104125944 0.661287220 -1.345975523 -0.441496315 0.313566366 -0.067655051 -1.104351753 1.428127867 -1.152047315 0.044574544
11.600162420 -25.650635674 -34.791941795 0.772769346 -0.046887193 0.226415259 0.591071281 0.603807865 -0.659096832 0.235852516 -1.187663492 0.611251687 -0.557064305 -0.726192720 -0.085512028 -0.430153516 0.005978336 0.616844039 -0.601990908 -1.353773085 -1.691789926 -1.321131681 -0.584940601 0.405934096 -1.054781277 0.146736220 0.536587338
6.832200945 -19.822123434 -37.248657146 -0.474966302 -0.691962025 -0.512483205 0.181539342 0.328789622 1.808338020 0.406334211 -0.008332693 -0.774646460 1.488191964 0.646665019 0.737962870 -0.349183128 -2.648274093 0.293274216 -0.090658880 -1.134577032 -0.121631294 -2.324517532 -0.048965167 -0.080171464 0.275645649 1.827891555 1.219962265
12.038515648 -19.148938533 -29.795806460 -0.624200618 0.659324529 -0.233803314 0.347851641 0.413099284 0.460808962 -0.335421356 0.501452889 0.054484366 0.007168036 -3.652845548 0.347696071 -0.125989660 1.390717363 -1.277709600 0.915845282 -1.051065894 0.116559117 -1.233931632 0.189642197 -0.948608152 -0.393411928 0.593733164 -0.369965761
15.832267660 -23.117580051 -36.278303394 0.605159066 -0.223912948 -0.563538591 0.515819497 1.605640869 -1.115276318 -0.162583705 -1.314563425 -0.286997997 1.702266611 0.602563136 0.551873527 -0.253820434 -3.213138182 -0.599916668 1.957366204 -1.412449079 -1.019387663 -0.319355354 -0.554259931 -0.994039023 -0.284327187 1.488134082 1.561098112
16.799770265 -10.658498619 -38.659895453 -0.428700105 0.455103950 -0.245370772 0.740870974 0.411076644 0.015188023 0.392101337 -0.341809941 -0.151560047 -0.106495243 -0.048589746 0.687899926 1.632545352 0.563238395 1.000196429 1.402054438 0.811542911 1.071901348 0.237214857 0.467358041 -0.134267561 -0.510002295 0.734138827 0.196266648
13.806771229 -17.451077351 -28.546111337 0.008284558 -0.906660434 -0.023900725 0.421102099 1.336102880 0.715927476 0.179131542 -1.211335179 0.883483990 -1.030346951 -1.368489137 -0.917141088 1.622604509 -0.896200546 -0.412279289 -0.801432586 -0.579170319 0.505887661 0.828800328 -1.081807542 -1.273372852 -0.496099858 -1.259554493 -1.838426522
11.074863771 -13.098452566 -32.375057377 -0.372407906 0.865828484 -0.296385952 -0.154300862 0.648703128 -1.025444272 -0.118482541 0.825033031 -2.070655507 0.898143564 -1.003233225 -0.586093615 0.576943536 -0.445294556 -0.662716821 -1.116130854 -0.660710825 0.966697014 0.765828299 -1.921410660 -0.168287167 -0.200371050 1.329236362 -1.152296968
12.131797291 -13.894038040 -30.974191312 -0.448992123 -0.365139803 -0.606420018 0.545283192 -1.069828201 0.399837676 -0.642077856 -0.459604135 -0.718442971 0.774311050 -0.674897128 -0.231414550 0.324158388 -0.565079379 1.019214656 -1.731412623 0.248651295 1.141842368 0.382999128 1.034032701 1.196963058 1.314619847 -1.327466276 0.227560207
18.090492457 -9.004608297 -37.137995244 0.018828591 -0.568938933 -0.822159471 -0.002789118 0.371738831 -0.130138499 1.920725579 1.152192833 0.798280263 0.984856968 0.593373216 -0.890591009 -0.392209390 -0.618344263 0.019842019 -1.370416270 0.713102151 1.326608010 3.077694083 -1.228344346 -0.523589031 -0.152993522 0.060865674 0.658705741
19.567822892 -16.863138279 -40.788949203 -0.462084906 0.684168824 0.228721914 0.515826372 -0.365386105 -1.723092194 2.462659179 -0.615649626 0.815373561 -0.575016660 -2.541068327 -1.155797837 1.968592481 -0.785836584 -0.866368649 -0.831244084 0.115345431 1.288310742 0.816448991 -1.520540843 -0.066552661 0.508703639 -0.200823703 -0.001570564
17.572503772 -11.531611707 -33.307978304 -0.129696890 0.940071786 -0.016207692 -0.314930252 1.128355389 1.179112204 -0.094313928 0.971166715 -0.147222735 -1.087402995 0.161170874 -1.269479280 0.221076655 -0.146044270 2.463315892 1.194896197 0.490365864 0.546928276 0.253748706 -1.733186253 0.692755571 1.458176870 0.127267436 1.380056450
17.999659722 -18.438744700 -45.394402998 0.394723645 -0.660046607 -0.631577173 0.098193662 -0.560462783 -1.105627099 1.141228947 -0.397713476 1.295968147 -0.618397036 0.728824438 0.736402522 -0.624767411 0.653943593 0.034609378 0.784084697 -0.310919837 1.626730269 0.002115472 0.988563631 0.974777703 -1.200182405 -0.002492270 0.182726493
8.375561301 -15.600550895 -42.875172087 -0.338237297 -0.152750207 -0.266344577 -0.889563641 0.233812911 -0.467940419 -1.105543470 -1.407686413 2.692924789 0.222748276 0.851254450 1.556516113 -1.253237412 -0.002396786 -1.163456633 1.533787668 0.216882417 -0.754864127 0.905578954 -0.992031289 -0.913671479 0.123703427 0.539912348 0.006590478
10.078996635 -21.887873610 -45.363712638 0.690264624 -0.610330287 0.033624930 -0.387170573 1.471027459 -0.304933056 -0.706782870 -0.273900195 0.754191376 0.829712492 -0.971803597 0.350815275 -1.072799403 1.453711921 0.635706581 1.472801541 0.206595490 -1.014091021 -0.694415087 -0.097424853 0.941194525 1.163865631 -0.344648011 -0.013537851
19.304918177 -9.205602382 -36.575112153 0.745098337 0.064997523 -0.616796941 0.245286208 1.476489401 0.770260415 -0.877983727 -0.499708176 -0.427186956 -0.258129966 -1.699485301 0.830233881 1.345904892 -0.373861942 -0.468927470 0.231628424 -0.588865654 1.391664036 0.469436100 1.943243055 -1.161200956 0.819869369 -0.948524360 -0.203277645
19.484131675 -15.525335749 -30.942920270 -0.794776214 -0.342537753 -0.085887488 -0.493580791 1.375627169 1.874788099 0.793566219 0.047117424 0.592148159 1.226639544 0.305037122 -2.012988437 -0.482848902 -0.602202470 0.965859484 0.871050170 -0.099692831 -0.528181841 2.182159595 1.387023582 -0.567803482 -1.009291262 0.394941548 0.055404818
13.199057972 -24.007357883 -38.802109587 -0.678154107 0.080501681 0.551688619 0.478817454 0.695291880 -0.792185281 1.223938671 0.565341919 0.022664922 1.759182314 1.203280641 -0.275313371 0.203978020 -1.124429688 -1.351813225 -1.164751628 1.345361239 -1.076050255 0.212828338 -1.712661202 0.669562150 -0.379772706 -1.232604651 0.638298792
8.316495779 -23.166435028 -42.971016740 0.160609297 -0.843677586 0.366107428 0.358298949 -0.739558309 1.447540214 1.165109555 0.622895478 1.454755411 -0.155442479 0.815519274 0.496749423 0.890270635 -1.085650808 1.646888810 -0.699577297 0.483790272 -0.828923350 -2.301122734 0.384044836 -0.751622565 -0.383924380 -1.111683318 -0.863974726
17.130542636 -22.967338535 -44.771491393 0.893960945 -0.409429948 0.129063146 0.128622122 -1.416462814 -0.806635480 -0.086147955 -1.560720565 0.238721832 -0.277108305 0.431188823 -0.517922731 -0.271885766 -0.867882731 -1.599500121 1.423101276 1.174954347 0.648911833 0.009873808 -0.010346427 1.498963849 -0.336713069 0.749120049 0.896442683
10.237413432 -17.030919647 -42.667885786 0.841846982 0.210447565 0.267505342 -0.418863192 -0.594928421 1.789359758 0.792781625 -0.610451440 -0.682808153 -0.774771301 -0.240337931 -0.559922571 0.596618062 0.703917598 1.425981167 -0.209450089 -1.786321270 -0.046818135 0.408518608 1.601111518 0.241153390 1.101850543 1.763700685 1.487491643
11.356494373 -23.031898821 -31.866585785 -0.200457466 -0.001615920 0.598930432 -0.775304154 0.411596278 0.373253490 0.293336302 -0.172870474 -1.279154418 0.394933049 -0.319017620 -0.265519209 -0.964211493 -0.056407929 -0.471274035 0.247018124 0.175720912 -1.158418961 1.080578856 -0.262215937 -1.364067278 -0.006436508 0.699084877 -1.659465481
10.117901037 -17.879591907 -39.929992068 -0.730324438 0.320663126 -0.558687364 0.227309929 -0.677568517 0.985689659 -0.052383272 -0.956447881 0.426991111 2.332330200 0.368489804 0.170925836 0.208816432 1.322243154 0.058919683 0.123050310 -0.390960584 1.668852591 2.509821858 1.020794354 0.815795326 -0.836738893 -0.801030032 0.397595634
11.374441852 -12.401343528 -33.229147293 0.307905692 0.686579675 -0.494175816 0.435422435 -1.151801388 0.125052951 -0.306372571 -0.074776284 0.210979646 0.488798970 0.652556543 0.120381429 -1.877406997 0.071833025 1.692808309 -0.769385551 1.844422592 -0.052535018 -0.097193888 -2.457287141 -0.272913839 -1.227210441 0.728475915 0.568241867
9.527810960 -15.822967653 -36.685934145 0.390721614 -0.739830414 -0.501712222 0.219709868 -0.625240997 -1.280284739 0.710690005 -0.826455158 0.466188392 -0.986255331 -0.311443740 -2.086574856 -0.694053212 -1.725239228 -0.228621739 -0.212608795 -0.231074240 -1.044791590 0.847199673 -0.309883671 1.654424527 0.380438182 -0.242272508 0.714622364
12.852868165 -14.902897406 -42.103668767 0.239205611 0.225569406 0.291169084 0.898398399 0.327201528 0.577522471 0.454560415 0.377014511 -0.194608386 0.604076998 -1.032798550 1.400881383 0.046706603 -0.294370079 -0.987764005 1.748941042 0.921378766 -1.226148848 -0.662682779 -0.883488341 -0.449116523 -0.768839884 -0.542945869 -0.605812845
16.979307832 -20.647451296 -33.648730522 0.312937510 -0.720708873 0.577058174 -0.222828856 0.535122215 -0.112087699 -0.497619070 -0.515614823 -0.476157359 0.419270354 0.580109283 0.183822824 -0.442525257 -1.584176422 -0.705827860 0.636081387 -0.537793046 -0.249179610 0.733560248 -2.011417382 0.004387071 -0.161120746 1.446738471 -0.634042495
21.196824212 -10.452299124 -38.398669957 0.132477285 -0.969589272 0.070912677 -0.193178168 -0.238181352 -0.679501794 0.050041362 0.287193763 -0.524679545 -1.294703232 -1.917362973 -0.850590158 0.414243609 0.248098818 -1.133289759 1.726407524 -0.565063371 -1.222129686 0.226815164 -0.849871009 -0.218585460 0.680845927 -0.552415943 0.320828833
15.587214629 -12.247566939 -30.140975589 0.401071085 -0.443361270 0.291231975 0.746831109 0.562999466 0.752387618 -1.049769211 0.216915614 -0.861511245 1.281237408 0.452406163 -0.266526182 0.579946739 -0.972679325 -1.217746775 0.213617069 -1.413748682 -0.556276408 0.682400410 -0.790794906 -0.061933369 -0.455931626 0.781825990 -1.423246482
9.352002958 -12.039215693 -33.753065378 -0.693767849 -0.410642921 -0.510445286 0.299172481 0.619071268 0.873170623 -0.213640332 -0.452300725 0.099628443 -0.086946430 -0.024942848 0.487288437 -1.357268194 -0.383103109 0.282134067 0.619221948 -1.078271966 -0.040997487 0.606729054 0.554890527 0.625326211 1.357575624 0.265832797 0.997443395
12.959775372 -14.729544250 -40.809940685 -0.198400887 0.774885528 -0.449902866 -0.397211427 0.663345821 -1.022070540 0.276901200 -2.070407526 1.158285687 0.354093021 0.853831231 2.369193117 0.278402674 0.105682797 -0.444425198 1.569796869 0.007593967 -1.017789636 1.100297256 0.433479508 1.061862339 1.073516710 0.432465102 0.027407863
6.554149645 -18.751258698 -44.253032699 0.148970722 -0.624251522 -0.746759678 -0.174550123 -1.886549980 -1.115644331 -0.817061162 1.175948029 -0.977547037 1.178632398 -0.837655300 0.373382345 -1.461500207 0.615263073 0.676409076 -0.219223450 1.877606433 1.553196800 0.582266244 1.471588730 0.551695933 -0.626286618 -0.609854560 -1.454891454
15.395511362 -23.084310015 -35.736268764 0.794417638 0.377541364 -0.432902169 0.197379958 0.440287678 -0.053248629 0.561013746 1.157926795 0.920686565 -0.987880500 0.122981385 0.840992202 0.401038784 1.314223372 -0.948391974 0.653554366 0.800312377 1.310312896 -0.087568185 -0.490058772 -1.065303121 0.868367970 -1.457106853 -0.405049992
11.095897805 -20.572267713 -33.230935223 0.597385150 0.505909577 0.272034037 -0.559628417 0.675851718 -0.783678944 -1.235655442 0.505192088 1.193892961 -0.466841072 1.326727890 -1.079227316 -0.200518856 0.192984127 0.767567625 -0.910363433 2.017748559 1.301897062 0.220484361 1.478459923 0.611565665 0.979959854 -0.176500578 0.832839974
13.999120407 -14.714026744 -47.421112857 0.010290808 0.376274162 -0.901788570 0.212342246 -1.569454059 1.451110607 -0.368383272 -1.390343184 -0.527784807 1.240237364 -0.358481208 -1.384295864 -0.728311599 2.226587976 -1.545471763 -2.321496095 0.810594405 1.217157601 -0.275944708 1.945871109 0.873499270 -0.338802203 0.407787895 0.935220263
18.547558872 -17.106385543 -36.393969147 0.608608986 0.585037031 0.187252725 -0.502258093 0.080134630 -0.959442230 -0.658141316 1.417121413 0.316519006 -0.840601528 -0.000808874 0.544075953 1.376339112 -0.486530351 -0.126946426 1.300802112 3.051854065 -0.443156874 0.516105430 -0.197310150 -0.339514814 0.049078897 -0.016986102 -0.116472536
17.119248613 -13.300265029 -45.153915897 0.368072732 -0.157124070 -0.698123496 0.593681797 -0.170176751 0.581759713 -0.276514182 0.134991926 -0.480180011 -0.263350622 -0.862971220 0.926770831 -0.336669880 -0.321827845 -0.077714696 -1.214276234 0.445981025 -0.998611124 0.269449087 -0.200921180 0.469904687 -1.033432062 -0.505213504 0.073060433
21.451933306 -22.052048490 -39.551642190 -0.337337959 0.582840216 -0.348486955 0.651964129 0.464189859 0.313485310 0.669139167 0.099684114 0.765057112 0.905711169 0.521301567 -1.363990643 -0.593249038 0.234766837 1.188094883 1.373716329 -0.272460118 -1.431926891 1.290134694 -0.218155204 -0.452932245 1.677040752 2.184640336 1.698282872
13.626570554 -11.673968024 -44.855442268 -0.645620365 0.736457160 0.178941869 0.093728351 -0.240646308 1.598657367 -1.495011224 1.560099173 -2.016012644 -0.307622135 -0.163689921 -0.129767621 -0.124075215 -0.522941297 -1.106970092 0.700716558 -0.332907364 0.722420693 -0.674175117 -0.507117135 1.405977632 0.603575020 0.305848331 1.302073535
15.159225039 -17.901048699 -43.462398442 -0.105613797 -0.593677021 -0.461266261 0.650866159 -0.712724919 0.123345371 0.708438760 0.379622138 -0.563671306 -0.017229951 -0.604592598 -0.045892186 -0.529534528 0.270823117 -0.187764975 -0.729338249 -0.278215328 -1.575884614 0.828258270 0.236504597 0.432614441 0.586813891 0.062459131 -0.874915558
13.066795370 -26.633947364 -36.371142212 0.132907327 0.400168061 0.392316262 -0.817489520 0.940945262 -0.072709328 -3.037139042 -0.674281497 0.513131740 -0.454088700 1.570230927 -0.705575548 -0.346246239 -0.079951531 -0.660319531 -0.312848413 2.592478198 0.435117141 -0.894307867 0.195616889 -0.198244379 -0.494350797 1.348705866 0.429637374
10.852706276 -11.535129290 -43.323118401 0.746052851 0.207930679 0.412115076 -0.479928266 0.951037850 -0.083871111 0.740114584 -0.476835398 0.283933062 1.453684242 0.614365308 -0.048190888 0.850943326 1.285848502 0.021836457 -1.342111147 1.673978946 -0.504916812 1.697281959 -1.268881587 -0.053653238 1.498278556 -0.381374954 -1.289343949
8.644750373 -10.572141085 -41.772514953 0.588413385 0.571644472 -0.561893138 -0.106152658 -0.189980526 1.715096462 0.364071134 -0.464488136 0.819727585 -0.455487240 1.032504318 -0.953871868 -0.453111289 0.749136410 0.416872015 -0.895608449 2.250196378 0.383524858 -0.077851378 -0.819202147 0.931305313 -0.240813415 1.813286220 -1.131620094
17.755730603 -18.626457422 -29.947549485 0.529218777 0.847509171 -0.018667935 0.036155210 0.607656394 -0.159645279 0.800720199 1.793045141 -0.695825530 -0.533328427 0.749060284 -1.521533766 0.529968993 1.237042535 0.439033891 0.894948695 0.358488205 -0.636622635 -0.621444852 -0.421355364 0.352664347 -0.479805941 1.066710550 0.926891747
16.397280555 -19.742011139 -35.485220157 -0.437465154 -0.252532674 0.803651212 0.314636644 -1.273998360 -0.031505364 -0.696805254 -0.575346657 -0.167156654 0.178189345 -1.476502941 -2.359936777 -0.340684628 -0.101543557 -0.035488174 1.127148404 0.907372718 0.945271621 1.594962662 0.086338848 0.067809442 0.744408355 -2.475931496 0.386180865
13.416158199 -23.878728904 -34.660873974 -0.555305617 0.563960480 0.610102796 -0.036862277 -0.240451668 -1.498052630 -1.644054451 0.194669474 0.328271403 -0.178543403 -1.215893874 2.793696019 -0.337909572 0.550445501 -1.209783331 -0.328730941 -0.139566674 -0.343530624 -1.829729521 0.758040012 -0.365965082 1.284678546 -1.304166039 -0.319394912
8.714627264 -14.314105055 -33.782399654 0.794702173 -0.462491465 0.149551442 0.363571820 0.159231871 0.356706846 0.200707391 1.194864295 -0.227699831 1.172346259 -1.089797092 1.492681211 -0.384619284 -1.212449772 2.018487347 0.784008323 -0.530151205 -0.561392060 0.690477826 -0.486800701 -0.784417325 -1.861969554 0.289522119 0.828787632
19.850391217 -16.838426806 -41.243793007 0.149262164 0.380319240 -0.212251777 -0.887708998 0.752589127 0.414899223 -0.765631001 0.985727485 -0.484116217 1.435281682 -0.282424970 0.749048833 -0.032876096 0.876789307 0.133419963 0.108013196 -0.590465160 -0.635297903 -0.037828101 -0.104626363 0.158101245 -1.081741809 -0.799649118 -0.107127957
7.077117485 -21.064635373 -32.497654121 -0.408336077 0.595267098 0.496318578 0.482272329 0.352331743 0.547536851 0.531329659 -0.420588137 -0.099516281 1.588473350 -0.487456781 -1.192516921 -1.589791642 -0.913616819 0.652194267 0.580196992 2.115548079 -0.215703165 0.461062945 2.300593837 0.771920801 -0.629963591 -0.240616789 -2.061084473
18.867232273 -17.380625707 -31.784447104 -0.420805745 0.484096920 -0.079681538 0.763035746 -0.464115940 0.673333591 1.841289570 1.711464396 -1.146399249 0.662528885 1.143672737 0.584704292 0.204914633 -0.344745622 1.061461419 -1.466203541 0.146040485 -0.393476777 2.211687099 -1.174766978 1.054121413 0.545847846 -1.222237979 0.050783550
19.884997259 -18.068602813 -37.458471503 -0.712460703 0.600062135 0.360260356 -0.050375163 -0.175132491 -1.545237043 0.195725857 0.080017609 0.913989047 -0.460432194 -0.425844961 0.695114785 0.681577191 0.801072762 0.888932103 -1.824456866 1.254498654 -0.044789738 -1.506498330 -0.707468228 -0.893267170 -0.752261356 -0.441093569 -1.249744050
10.497712126 -12.554289081 -36.642618740 -0.395427353 0.815282909 -0.420342864 -0.047569570 0.528100493 1.898499031 -0.026624819 0.424584366 1.591719484 -0.235099288 1.958429941 0.255172371 -0.622448911 -1.580902614 -0.035697217 -1.122987878 -0.722619750 -1.479741483 0.006561148 -0.350315979 0.166276196 -1.439446308 0.560105547 0.442454011
12.340743868 -9.168960584 -42.617972466 0.231734753 -0.553142247 0.764191512 0.237368892 -1.191202621 -0.561392148 0.393506386 0.553829865 -1.686472127 -0.361622951 -0.683468115 -0.012603347 -0.635464387 -0.103459970 0.904052862 1.545817687 -2.143530454 0.383584285 -1.184155285 -0.105736161 0.286003968 0.889006103 -1.083375739 -0.772282093
13.860539116 -16.149378122 -32.492573616 -0.718579824 -0.601616499 -0.241221128 0.252017842 -0.735975162 0.896174859 -1.518260320 0.380235262 1.556903235 0.888952989 -2.195004393 1.382261436 0.594247074 -0.826981743 -1.407219891 0.049538969 -0.916257880 1.107294645 -0.560846261 0.172732313 -0.784941625 -0.178979862 -1.220102681 -0.340744217
16.976356285 -11.362121227 -30.989834153 0.096869869 0.475868611 -0.317247324 -0.814567019 -0.995600039 0.903833346 -0.403080837 0.133064504 0.314565675 -2.844785715 -0.701662402 0.624658265 1.217172249 -1.891417139 1.436383417 -1.389565029 -0.564108388 -1.091132136 0.632880011 -0.258061922 0.563397861 1.150435742 -0.005237038 -1.078854015
10.804448925 -16.386379468 -44.422748847 0.841814635 0.380186318 0.223738986 -0.311042362 0.636964162 0.096559401 -0.751168154 1.725947248 0.545447096 0.080306511 -1.383457483 0.577086845 0.235496053 0.124068440 -1.148662137 0.277923476 -2.863658312 -1.011953489 -0.617731900 -1.583702624 -1.471332714 -0.923536148 -0.040429575 0.385015690
11.579194804 -24.508427207 -41.303264721 0.596416076 0.676009171 -0.166087280 -0.399642941 1.058328172 -0.379782067 0.111968065 0.707939124 0.673506611 0.539231353 -0.370863091 0.141525084 -0.924356414 0.701185314 -0.449819772 -0.087926850 0.991154493 0.738428695 -0.869545972 -0.215021704 -0.403203836 -0.247809975 0.625855550 -0.132850257
14.872512165 -18.902673817 -39.455978143 0.496021162 -0.246465841 -0.126325840 0.822957701 -0.251785138 0.459224150 -1.808456049 -0.900379575 -0.595427439 -0.197440115 -0.483281055 -0.565263767 -0.248918671 -0.393150738 -0.812874460 1.779974338 -0.637395352 0.153031070 0.384668034 2.747884976 -1.415182804 0.069577370 0.031930156 -0.669790794
10.749535584 -16.651690768 -46.856048509 -0.754920880 0.039307653 0.488101894 -0.436240662 -0.080513753 0.009343423 0.582666097 0.755786464 2.263638611 -0.192325121 1.130062411 -0.253944664 -0.010235061 -0.288284561 -0.482832191 -0.108193399 -0.418854720 -0.903634570 -0.044757381 -0.725026705 -0.420915856 0.698356358 -0.885153696 1.461677482
12.672720512 -19.488654049 -33.053731284 -0.129199842 0.068252966 -0.350947269 0.924924293 0.544553937 1.659407891 0.127360339 -0.126853730 0.653977678 -0.989611484 -0.744984792 0.585964709 0.605055014 -0.113829445 0.124841610 0.702551736 0.499320527 1.417003245 0.074658342 1.495947487 0.237962973 -1.394042771 0.862823748 -0.134661420
8.686895001 -11.241674884 -35.528769993 -0.230828775 -0.537497344 0.809054975 -0.056962537 -1.200752495 -0.641248892 -0.702433661 2.454823743 -0.703369186 0.739001600 0.908158662 -1.812550161 -0.420996765 -2.751258803 0.346046392 0.048390333 -0.490515408 -1.245188502 0.445225859 -1.123531237 -1.018881887 -1.293813295 -1.277429166 -0.436764516
12.635083812 -25.256343050 -34.413037646 0.819165814 0.222055986 0.473028223 -0.236437747 -0.457979031 0.058987383 -0.876973282 0.060613365 2.525917693 0.374673466 0.382055742 2.127646835 -0.016794478 1.657533461 0.691617850 0.045945736 -1.232106837 0.761205121 -0.391004176 -1.484388334 -0.261225761 0.711484435 0.288208672 0.846799824
8.301134324 -18.885779926 -30.057873476 -0.109599425 0.266276296 -0.915313218 -0.281578787 0.119766605 0.924962503 0.880872741 -1.167083380 -1.703721101 1.464230234 -0.340009398 -0.310001967 0.228315184 1.351888960 -0.938348674 -0.772183419 -1.043179192 -0.237465137 0.065627201 0.444972960 -1.278557526 -0.491236920 -0.084809427 0.296886830
18.685846285 -10.398753065 -43.102857755 0.348793333 0.808738414 0.257828089 0.397253150 0.285126500 1.016046690 -0.330080837 -1.701558969 0.776837097 1.531426003 -1.367625647 -0.638612095 1.083914104 0.444667560 -1.083990915 -0.189975695 -0.511334737 -0.669216108 1.999367620 -0.116765385 0.663440520 -1.697666289 1.181599396 -0.527368453
14.613553184 -19.116848873 -44.475404552 -0.793090415 -0.256034749 -0.552440188 -0.016236967 0.379424579 1.672684765 -3.239044615 0.478238937 -1.406001320 1.621346316 1.124252517 0.878921569 0.927910446 -0.685286437 1.741319549 0.609552258 0.444421317 0.986597195 0.486639286 -0.548776044 0.585720543 -1.169715256 -1.940868178 -0.014783113
8.743986636 -13.712582917 -35.767425583 -0.225750316 0.637863474 -0.218971770 -0.703006648 1.207424555 -1.735837734 -0.592489663 0.860353125 0.751558224 -0.253438535 -0.901524055 -0.630574405 -0.268517904 -0.179653520 2.695009879 -1.146252520 0.032019393 -0.118343002 0.072286313 0.249043439 -0.637896280 -0.660039847 0.834159505 -0.251203843
4.975909962 -17.611127067 -38.631490122 -0.977814681 0.108507167 0.170918607 -0.053772421 0.200604333 0.526452215 0.191834529 0.725116920 2.005256316 -0.765996472 1.663367285 0.737657615 -0.210597073 -1.188569146 -1.577103559 -0.151441142 1.492919016 0.604448671 0.939240134 -1.869901152 2.426913515 -0.627936746 -1.048575039 -0.181910692
8.308046956 -15.354212723 -45.773385384 -0.287040018 0.027994077 -0.944788956 0.155557669 -1.929112706 -0.123579150 -1.224077553 -0.666507389 -1.639631902 0.223125839 -0.068640553 0.082712544 -0.245546793 -1.156341542 -1.138404819 0.043590567 1.850707329 0.389327534 -0.485044677 -0.719206299 1.775247449 -0.973584609 -0.131671856 1.791502243
14.052300345 -7.605421764 -41.503525466 -0.589483175 -0.762293583 0.114826508 -0.241315047 0.599677059 0.564930241 0.535375087 0.836598313 -0.755352502 -0.666164637 -0.749216056 0.617509112 -1.775221471 1.379880113 0.712015423 1.096114453 -1.165010817 -0.752471424 0.462028278 0.035251967 -0.629818073 1.118853833 0.279543865 1.312535610
10.981604917 -22.429322127 -40.755159804 -0.034794628 -0.568468133 0.581185241 -0.581254704 -1.095095453 -0.307056366 0.596367570 -0.016910689 1.110762794 0.137250315 0.955371893 -0.081815827 -0.215580421 -0.497243704 -0.689915030 0.815047785 0.690778797 -1.444959117 -1.367842478 -0.765126606 -0.122305404 0.651434194 1.136708120 0.073815891
9.433352562 -11.973588609 -40.550329438 -0.721914773 0.122039157 -0.142732061 0.666012810 -0.611833651 1.581248346 -0.864365149 0.568240365 -1.549699092 -0.179904046 0.365788248 -0.020416964 -0.029510485 1.491898295 0.784201537 0.419306081 0.655145626 2.049081722 0.323410213 0.189433348 0.145185325 0.918660098 0.912687289 0.711262444
12.368401387 -17.648559217 -37.125001893 -0.640845265 0.699358771 -0.278310438 0.150857404 -0.239938041 0.217097495 1.281861450 -0.207169340 0.393996128 -1.857447768 -0.898937326 -2.574741214 0.236770121 0.852603968 0.540992506 -1.349128246 0.304262347 -1.620398582 0.854553488 1.448608728 -0.660875997 0.177782300 -0.462148058 0.023656112
11.129565137 -14.443354777 -31.534416270 -0.017980954 -0.329175984 -0.196108793 -0.923504845 -1.285524405 -0.106122540 -1.092157453 1.889357455 -0.643942588 -1.264934606 -0.973589869 1.398532783 0.035204668 0.390419329 0.894298756 1.158720413 0.391880381 -0.785944494 1.096141532 0.138980704 -1.503911730 -1.038325768 0.719955514 -0.926126604
11.829790400 -22.558331618 -35.689944724 -0.061813876 -0.130794331 0.006650523 0.989458265 1.055658302 0.579734017 -1.295387301 -0.635702959 -1.150805991 -0.345904060 1.097324719 -0.370624466 1.204393608 0.044326972 -1.609367634 -1.736668187 0.093796703 0.494063455 0.709254880 -0.273919928 -0.432401265 1.069442820 1.090084747 1.135074714
18.517604470 -17.779710382 -37.909283038 0.700470788 -0.411104423 -0.166864194 -0.559008201 0.812737117 0.747947709 0.226223166 -0.368832902 -1.432589114 -0.718521019 -0.211867458 1.108513017 -0.682712219 -1.099908366 1.853707502 -0.569787429 -0.916452411 -0.008015521 -0.584097746 0.855572058 -0.434262730 -1.912860872 0.728311821 -0.235302095
15.897707600 -25.499098202 -33.483328772 -0.980446652 0.036234263 -0.138458291 0.135058293 1.131284751 -0.394069340 0.159742353 -1.095227689 -0.831674010 0.797889158 -1.782181784 -1.196786289 0.068769782 -0.256468330 -1.179665642 -0.049058513 -0.541810422 -0.297799160 0.557130748 0.061352003 0.744561312 0.963716926 1.340971352 0.756655607
4.879963317 -19.140140855 -37.380593899 0.652124815 -0.485048260 -0.581098769 -0.042256735 -1.341307849 -1.779169653 -0.184111752 1.157865861 1.150834005 -2.357570132 -0.171809183 0.891489138 1.245147955 0.614635254 -1.871429817 0.523816983 -1.184058277 0.150790552 0.895836833 -1.036044177 -0.120041358 -0.194609450 -1.778479370 0.960747402
12.999687644 -18.904882077 -40.461395948 0.197803862 0.165230357 0.476283635 0.840670245 0.653853127 -1.530493288 0.355328374 -1.373172574 0.280361642 -2.103507809 0.221861295 -2.274186811 1.074143657 -0.232693371 0.728958352 -1.206155050 -1.319045889 0.005441245 1.031670798 -0.333837664 0.002322704 0.691156160 0.131588677 0.316585534
11.729452189 -20.431154809 -37.286340090 -0.568107759 0.181672568 0.769459913 0.228429628 1.654254892 0.587004046 -0.824434973 -0.452220643 0.145936154 -0.991688615 -0.626762209 -0.215283302 0.583540271 1.938863031 -1.578991758 -1.190743107 0.180264582 1.782360567 0.577772132 -0.083068742 -0.358753385 0.577249507 0.761260658 1.419513999
18.572968713 -13.458553128 -42.200039990 0.203315133 0.146367601 -0.763108085 0.595739484 -0.781137014 -0.904907711 1.065032916 1.163215881 0.977475605 1.606948939 -1.559284858 -0.056613573 -0.458972857 -1.187968681 1.254614898 0.946991768 -2.118608796 -1.408027562 -1.212446139 0.646334055 1.624492128 0.954685453 -0.911764290 0.045054135
14.405626460 -13.545304243 -28.831273611 0.799431388 0.145254025 -0.275212786 -0.513876100 -2.153238206 0.962291088 1.369980195 -0.956294045 0.627446578 -1.200016939 1.493149038 -0.024933713 1.451435434 -0.038883515 0.437837133 0.900387321 -1.137084257 -1.318631028 -0.153130047 -0.326466662 -0.380422999 -0.232399617 -0.184395746 -0.229620553
7.951035734 -10.948995978 -35.581329687 -0.578198957 0.735921924 -0.349393004 -0.045049047 -0.027248356 -0.148536253 1.141476825 0.205809037 0.530343845 0.901915559 0.929679869 -1.590215891 -0.810604318 1.633337727 -0.298739134 -0.148392210 -1.192741136 0.203155693 0.005458915 1.111919546 -0.886645493 -1.117103665 -0.865881438 -1.548308204
16.533266923 -22.981760369 -35.233573227 0.214784331 -0.407641671 0.364526630 0.809207201 -0.808290747 1.225420250 -2.040545788 0.637626686 0.081890356 -3.347921701 0.954459965 -0.361019866 -0.287253554 0.705584892 0.663517402 0.586674399 1.687669508 -0.352693790 1.252208462 -1.580224501 0.465653649 0.601963508 -1.093091891 -0.579482750
21.120759558 -20.431749476 -39.373560659 0.830798104 0.041813951 -0.554880806 -0.011549706 -0.100932049 -0.754270601 -0.403600363 -0.579100518 -0.193075292 -1.985220391 -0.625802458 0.156180519 -1.816406222 2.479863343 0.289131959 -1.322222436 0.760275417 0.755803636 -0.246827520 -0.623744430 -2.168230162 1.365711328 -1.111017501 0.285718336
14.067493874 -8.972378682 -34.132067301 -0.282381775 0.086082287 0.029603877 0.954973289 1.250687590 -0.865363624 0.259275681 0.429392288 1.556127730 1.427982846 1.377751232 -0.195875788 0.577613951 -0.291581819 -0.864952615 0.607729151 0.828439317 -0.171719029 1.095262845 1.380927870 0.382252206 0.462848228 1.780597429 0.072690151
10.244812606 -10.825813522 -43.849456018 -0.511559456 -0.617454754 0.562544957 -0.201493726 -0.633090809 -1.075479349 -0.859154506 -1.664821561 -1.059195758 -0.488737341 -0.947605444 -1.401089562 0.489813866 1.092082318 0.855369790 -0.942665047 1.525470645 1.487646035 0.621988226 -0.810114526 -0.202570814 -0.545215317 0.370080539 -0.593094723
8.349611922 -13.703094691 -35.902397133 -0.267025820 0.190177499 -0.425465269 0.843509950 -0.475919390 -0.021633727 -1.474604582 -0.945466786 0.562870563 0.506975768 0.866460640 1.034725118 -0.305260996 0.596209243 0.269835391 -1.182910753 -0.471721310 0.552759804 -0.765747830 1.845331745 -0.856218349 1.509456935 0.488469334 -0.715900098
15.879983563 -20.245648690 -39.167452765 -0.160624222 -0.279950820 0.887784943 0.328123898 -0.233284816 -0.740677727 -1.668809308 -0.706317000 0.718111190 -1.856278169 1.071978276 -1.174022835 0.996798080 0.854291589 -0.403175499 0.266717941 0.484105525 -0.006614047 0.304971715 1.243864542 -0.486734461 -0.554036974 -1.118026384 1.076055032
9.619996655 -24.904670089 -38.782831330 -0.135447571 -0.918093553 0.317134849 0.195406428 -0.452503536 0.027975174 -0.986629482 -0.163027810 -0.833116409 0.790598113 -0.591293819 1.009154127 -0.133632756 1.558950593 -0.509478535 0.685941593 -0.399782884 1.386494286 -0.036698525 1.133305759 1.088412317 -0.563410629 0.205725924 -0.021855080
18.352641967 -8.283327608 -36.906327276 0.985614183 0.142724657 0.017770357 0.088761307 -0.908039213 -0.729069168 -0.757079594 -0.156389748 -0.196858674 -1.201192422 -0.701351465 -2.089431068 0.928612482 1.122330653 -2.042285073 0.266211148 -0.473705726 0.051193504 -0.855381777 -0.590996698 -0.574150258 0.214106772 0.650126432 -0.063931000
10.285608257 -19.665071692 -43.687535281 0.348286698 0.287235621 -0.862937383 -0.227004727 0.521463188 -1.040280472 0.270381056 -1.571809383 -0.289827738 -1.702347485 0.646172415 0.095685709 0.250697376 0.083226818 -0.330769860 -0.426579949 -0.048835847 1.621010653 0.804670345 0.994859210 1.825943903 1.365125461 0.901850601 1.346436897
14.166362778 -20.033129180 -36.697989395 0.382683580 -0.074539982 -0.545588170 0.741842718 -0.350206859 1.194489183 -0.896009323 -1.022160876 -0.945051703 0.744684082 1.508462011 -0.423646680 0.800518294 -1.637667452 -0.136056180 -1.238047281 2.560963223 0.252689360 0.868135036 0.288669840 -0.611258064 0.270100184 0.827469993 1.310685887
12.135064208 -15.276824028 -40.412748965 -0.154714522 0.215997368 -0.044551853 0.963028393 -0.709389275 -0.983833158 0.510081879 -0.358085130 -0.785187050 0.661020669 0.608713271 1.277857393 0.489735658 1.006570286 -0.440003363 0.973090672 0.835788660 0.414185334 -1.798533165 0.035295927 0.127514241 0.170558058 -1.052715507 -0.710996364
15.351784101 -13.221519521 -42.813241699 -0.506324584 -0.290802201 0.094167687 0.806351005 0.002406543 1.045226697 0.504292714 1.404152532 -0.241732977 1.653866777 -2.297703426 1.386282403 -1.983476275 -1.321703804 1.846266598 -0.054937998 -0.448970194 -1.200370642 -1.469912148 0.957487765 -0.917178250 -0.399354786 0.386019539 -0.725316735
10.346797119 -9.598495473 -32.124669529 0.303521210 -0.696565368 -0.542386838 -0.358452341 -0.525666338 -0.500101231 1.233253314 -0.935308835 1.478434748 0.903722854 -0.476252479 0.819537901 0.043832962 0.950964420 0.862835816 0.978984609 2.172363070 -0.616423411 -0.719624908 0.262137558 0.077723593 0.129129227 0.648189889 -1.319493557
10.180859136 -18.405805936 -29.449070420 0.049421529 -0.617018759 -0.738577217 -0.267112444 -1.019023365 0.388305558 1.513119415 1.696663477 -0.151267741 0.199099342 -1.723697274 -0.550771363 0.502243482 0.739740479 -0.128366340 2.112564561 0.537451076 1.074414077 -0.017302827 0.955886069 -1.428816374 1.337216154 -0.614083741 -0.518149920
20.770157549 -19.183588088 -40.796613166 0.408903248 -0.341809434 0.829249257 0.168256095 -1.165351948 -1.276594579 -1.197588538 -0.868539907 1.249555779 -1.828486973 -0.458196395 -0.091469138 0.661186833 -0.115550463 1.013036213 -0.598290009 -1.298207979 -1.673455786 -0.261240651 -0.123687376 1.307535781 -0.369983684 0.015915621 -1.628850658
13.943854867 -17.838466697 -38.717454483 -0.385643233 0.554322263 -0.736530681 -0.039098345 0.136595646 0.478261888 1.034655402 -1.145910870 0.793012695 -0.551949338 -0.619636807 0.506265971 1.401651416 -0.402558130 1.007227766 -0.393368725 -0.477371909 -1.910220368 -0.816101006 0.136178076 0.939372387 0.362431606 0.889960216 2.136260354
17.796763355 -16.419145738 -29.695409436 0.695097450 -0.010341516 -0.314805829 0.646242894 1.629133002 1.960070183 0.107673204 0.391444754 -0.340840698 1.208581400 1.062196860 0.133361140 -0.934284269 -0.390479205 0.121320016 0.859457312 -0.071493393 0.422880315 -0.591002716 0.769275612 -1.363231268 0.145015959 1.544941209 -0.239507043
5.549389888 -12.624330379 -40.810460690 0.426976876 0.343915556 0.230490938 0.803919626 -0.715188906 0.182545281 0.856162487 0.489624031 2.632800657 -0.152565290 -0.572852579 0.878061192 -1.207168433 0.459413209 0.025618557 -1.710522749 0.138163853 -0.342725202 -0.468251077 -0.429396426 -2.213707500 -0.250332399 -0.447166199 -0.170809921
7.179914448 -21.191352096 -34.736879963 -0.339630308 0.835439365 -0.149399712 0.405428227 -0.725037605 0.005899945 0.720484319 -0.643985652 0.602825800 -0.545834977 0.495615044 -0.247307491 0.633966714 0.066944933 -1.835299467 -0.393256322 1.075858267 -0.102703441 -0.085395403 0.533554776 1.211658764 -0.673384136 -0.728883245 0.689501070
13.923260929 -17.361280076 -28.142704357 -0.790366126 0.051483150 -0.590040481 -0.156598537 -0.523998561 0.916097346 -0.093680921 0.622290082 -0.610051609 -0.113160007 -1.610995387 0.927305091 -3.246494763 0.634084127 -0.075616922 0.536010296 -0.864927194 0.960880152 -1.617163417 -0.231283608 2.357135623 -0.578247134 -0.278003141 -0.838126823
19.431950800 -22.112534571 -34.984429782 -0.449148341 -0.206968984 -0.440286887 0.749384457 -0.210027770 0.090092798 1.406739219 0.203717565 -1.054919846 0.201520384 -1.012813683 -0.676684398 0.068492123 0.553168613 0.181926742 -0.808667750 0.531694540 0.094979524 0.327785851 -0.774982329 -1.732347941 -0.225204473 -0.789850763 0.815738287
21.216255595 -13.465639143 -34.120468849 -0.162116381 -0.057031942 -0.825023853 -0.538331941 0.542839403 0.751322769 -1.421458409 0.717779054 -0.848209490 -0.737931465 -0.254467139 0.252614378 0.810256351 -0.555066451 0.399378885 2.000219079 0.685664106 -1.076998145 0.488629966 -0.535803408 -0.123487760 0.059488988 0.755124084 0.440697545
12.529057774 -22.949343300 -31.578527759 -0.650503117 0.123416847 -0.473443051 0.580917941 -0.293141914 -0.259839942 -0.742204996 -0.038005213 1.021251728 -1.274063079 1.972985632 -1.515236356 1.229563904 0.385676779 -0.009798367 1.342884961 -0.629519301 -2.070108411 2.573608972 -0.444310317 1.767161297 0.488986361 -1.529238256 -0.306509817
12.094847544 -20.198050630 -45.836463787 -0.916881594 -0.174002711 0.086174723 0.348747927 -0.570559431 -1.096809995 0.405842468 0.050928902 -0.373938336 1.632239373 -0.704902803 -0.114959292 -0.173292502 -0.599188485 1.366723869 -0.808551932 -1.124418787 -1.107026942 0.926760521 0.034896665 0.897518704 -1.156221107 0.691002172 0.434634154
15.296113337 -8.561724908 -37.959104615 -0.083312832 -0.174143771 -0.517870756 -0.833392344 -0.564864235 1.558390165 1.454855337 -0.575211013 0.656284530 -0.668933090 -1.106864255 -1.271474698 -0.452945976 0.018057609 -0.007557729 0.004851183 -0.213597256 1.600097828 0.133361221 -0.247700460 -0.203959392 0.379096520 1.699296097 0.389279632
12.542315302 -19.976730098 -43.049665762 0.423473213 0.775040711 0.407952308 0.231424389 0.157237507 0.264530270 -1.076698540 -0.397837483 -0.572267594 1.231970791 -0.807901761 -0.333639473 -0.663856823 -0.344971122 0.952328190 1.510263024 -0.687645114 0.100675199 0.804188212 -1.281212822 -0.340683795 -0.659467816 -1.289068385 -0.544105097
7.848776097 -22.682597668 -39.897665787 -0.351039825 0.273358134 0.188109598 -0.875591886 1.721902540 -0.215640362 1.619177547 -0.083232417 1.246359108 -0.886949412 -1.359137655 0.074903516 -0.162871120 0.664717636 -0.280387095 -0.092049679 -0.084810908 0.198298972 0.960164206 0.575759780 0.237533250 -1.310815752 -0.839076435 0.974435068
11.653793729 -17.343239696 -47.641673785 0.474723800 -0.507227705 -0.103424047 0.711801121 1.241618129 0.390755759 1.111973540 1.208006733 1.078319653 -1.677739646 0.768464440 1.082455117 -2.035501636 -0.935307620 0.766961083 0.420207029 0.521189150 -0.328908947 -0.709617469 -0.621652632 1.101838008 -0.513656046 -0.940578867 0.589403195
16.210736165 -22.714904972 -36.381257883 -0.473153749 -0.091628953 0.869422799 -0.108782638 -1.083454045 -1.692240083 1.086337370 0.238191255 -2.165801936 -0.096999803 0.067887812 0.618446199 -1.089922671 2.333407214 -0.120419490 0.564083326 -0.610675400 -0.867954938 2.155498569 0.246643709 2.821635239 0.827203727 0.226954766 1.398876089
16.244354378 -23.014991814 -45.288497033 0.628539058 -0.301286700 -0.495599868 0.518213999 -0.499125088 0.865160149 -0.932416851 -1.641413536 0.380725820 -1.306657255 -0.483162043 0.558537973 0.921940907 0.069859741 0.117714916 -0.605995729 0.827901711 -1.076074123 -1.356292555 0.493695521 0.377635666 -1.442054001 -0.112247897 0.488971339
11.436382088 -9.354854779 -38.110882051 0.754631152 -0.048611522 0.168443806 -0.632293783 -0.145759358 0.734859801 -0.999056135 0.838217133 1.925434923 0.398083483 -0.903313471 0.218911420 0.941424452 0.462681263 0.193490971 -2.172194990 -0.878670353 -2.171422513 0.079365234 0.054074625 -0.013864930 1.649170624 0.667095316 1.260791126
15.777384556 -20.513778484 -45.891468304 0.808307767 -0.174451962 -0.067349881 -0.558273285 2.520980367 0.614753596 -0.672080027 0.667985579 -2.094659905 -0.782329934 0.514830507 -0.351274727 -1.280090504 0.891280622 0.442374729 -0.573040675 -0.339614558 -1.029643131 0.193934063 -0.594772280 0.091297806 -0.627958086 -0.074621795 -1.869830253
11.384239598 -15.970837875 -39.562847796 -0.220881940 -0.271116835 0.108401268 0.930567567 -0.729566783 -0.220257724 0.378204080 -1.865011595 0.042431444 -0.742782667 -0.088942609 0.568972737 -0.443378355 -0.794935058 0.371784458 0.007432843 -0.142632988 0.278325379 -0.842685266 -1.881263747 -0.149532247 0.071995060 1.172919034 -0.147607824
11.199718653 -20.942205628 -46.105054743 -0.282289311 -0.124890697 -0.584261818 -0.750568576 -1.314327126 0.760952505 0.543587460 -2.007571246 -0.162209575 -1.256322756 0.168619962 0.802616699 0.295842247 0.336011822 0.333531448 -1.672118811 -1.523002964 0.213645974 -0.908194472 -0.507579206 -1.402459039 -0.954814119 -0.386977924 -0.431352399
11.354798139 -22.669599238 -45.448323605 0.506162161 -0.316170624 0.440982323 0.670351098 -0.170067860 1.332346762 0.275801037 0.524257126 0.948001145 -1.055664197 -0.264750114 -0.146387229 0.721148232 0.675519411 -0.909063205 -0.804404065 0.648215284 1.136259979 0.051041648 0.084001376 -1.531756184 -0.776698523 0.138273839 0.687806047
19.490791880 -13.003522047 -36.344606089 -0.633075396 -0.478474120 -0.231119654 -0.562904758 -0.468028356 -0.812605328 0.366932014 1.954305793 -1.254132285 2.261253999 1.677177016 -0.931103995 0.748791078 -1.197477728 1.127627832 0.968940593 -0.031169941 -0.380716112 1.295455451 0.898488211 -0.964229577 -0.198598615 -0.659383413 0.293007557
10.822416622 -19.691034722 -31.963087671 0.273039019 0.493917424 -0.466017129 0.681412729 0.560303365 0.685913815 0.100288811 -0.265683255 0.262442669 -0.503186975 -1.945469760 -0.328710765 -1.312124937 -0.751872243 0.950803007 0.282743459 -1.469226154 1.340941866 1.066364111 0.547206062 -0.083999082 0.520830456 -1.407913246 -0.213864440
15.509226323 -19.929915722 -38.930435476 0.837160948 0.127192724 -0.358360901 -0.393142497 -1.141194918 2.326265678 -1.055936634 -0.837873745 0.245347000 2.118894462 -0.622644805 -0.110108095 1.110939404 -0.254043489 -0.143700674 -0.527982534 -0.045435682 -0.671000124 -0.050766776 2.015274237 0.481395416 -0.223006955 0.805914519 -0.303023902
12.420325886 -23.332982015 -43.254571257 -0.278877081 -0.053337241 -0.432481377 -0.855770162 1.216862845 0.331026451 0.486186563 1.902281290 -1.583747574 -0.829516562 -1.207615788 -0.748111379 0.585856116 -1.915267137 -0.837096135 1.526666490 -0.763260518 -0.675895849 1.231302637 0.687765135 -0.461076359 0.376496988 -0.313740063 0.171462329
8.367228847 -21.757753544 -32.893048082 -0.158863754 -0.272334934 0.907100921 -0.278861814 -0.966917028 -0.459571499 0.033880748 0.311138867 1.361304103 -0.010604771 -0.720529693 -1.752329210 0.773053764 0.315822240 0.099332252 0.370101193 -1.232738634 0.625227466 -0.632763444 -0.581149237 0.579471256 1.694094277 1.366136266 -0.007812567
15.543132156 -19.378158310 -43.096170865 -0.589514221 -0.678254552 -0.430458148 0.084554885 1.728634913 0.319630590 2.068264767 -1.696126982 1.847301992 -2.350755760 -0.272788220 -0.273888017 1.913992646 -1.705326561 0.071552334 -0.833545889 0.484810122 -0.973314891 -1.019806573 0.573525029 1.419615849 -0.014070883 -0.362040037 -0.124023680
15.599865906 -17.639496126 -29.780732231 -0.175436264 0.032295159 0.592623932 0.785478208 -0.444337397 0.072765843 -1.307090139 0.696459754 -0.069410471 0.910850126 -1.358917597 -0.227006099 -1.622640399 -1.874474233 0.254960683 -0.983907464 -0.884912023 0.951483314 0.203901654 0.014940734 0.980376977 0.190428539 -0.522201118 0.102116919
8.460256273 -15.797727011 -36.560709418 0.142490612 0.201196822 -0.967560014 0.055171401 -2.605447799 0.884829863 -0.209189343 0.151947659 0.102266979 1.150069351 -0.855508067 1.669723558 -1.193370717 -0.074506081 0.324363275 1.302664196 1.705717892 1.110324350 -1.180218961 0.295937659 0.534586732 -0.099306329 2.253364813 -0.369562531
21.240424440 -10.689673376 -40.156232483 -0.631230742 -0.070116599 -0.749106476 0.188337197 -1.425813219 -1.658793210 -0.190550524 0.214287513 0.007292730 -1.345090178 -0.644674458 1.226002793 0.194490592 -0.308769600 -0.139940320 0.378790800 -0.083020137 -1.047805901 0.053968502 -0.679128856 1.187627738 0.639778587 -0.357535828 0.318013964
18.694248689 -15.855951323 -41.610460555 0.301460371 0.075764508 -0.755166353 -0.577152635 -1.279038078 -0.487376537 0.970028711 0.658707999 0.193508661 1.102754848 -0.805588253 0.149428783 2.188074501 -1.341761575 -1.470697724 1.105775139 -0.853948171 1.385658949 -0.051755018 0.811462092 -0.555599753 0.685607098 -0.114133712 -0.771409860
20.384246352 -13.875164704 -40.415675242 0.512386096 -0.358530456 -0.701530702 0.341717830 -0.031995852 -0.378897446 -0.446343488 -0.636838974 -0.454194157 0.973404643 0.611563866 -1.473505213 1.163441434 1.183257900 -0.722146560 -0.579259842 0.984165754 -0.046882157 -0.467441332 1.110669053 1.310898950 0.709880162 0.959454996 0.365099180
12.066334185 -12.218547844 -39.010862390 -0.388046623 0.247522556 0.204635220 -0.863873156 -1.280664421 1.903764753 0.658410930 1.355189605 -0.120715740 0.348286778 0.728196609 1.064793937 -0.801771416 -0.613529215 -0.209257948 -0.261945629 0.148455691 0.082784811 -1.751483173 0.874499092 -0.192179777 0.377482364 -0.765283842 -0.121756249
19.885451442 -15.770667903 -31.284305118 0.385107953 -0.292832624 -0.404692739 -0.775992723 0.005996377 -0.667524581 0.554771226 -0.453842604 -0.704562857 0.543025040 -0.784768513 0.226640330 0.816409646 -0.427606767 -0.364483369 0.244805491 -0.648397180 -1.535182442 0.665932694 -0.880403655 0.948535671 -0.099200381 -0.563416838 0.843401063
12.851612842 -9.088225646 -43.586383078 -0.114418682 -0.498241845 0.669687325 0.538685731 1.355415387 0.771965282 -0.462050367 0.869308346 0.174698566 0.190862756 0.876135947 -0.682933356 0.233152629 -0.188741742 0.291796549 -0.066335628 -1.384874604 -1.976513121 -1.161232574 -0.419416381 1.901180480 1.878820348 -0.181224996 1.248754677
7.044380163 -15.663647015 -39.294218592 0.855948346 -0.177753357 0.478957921 0.079721279 -1.614440498 -0.853601806 -0.242865048 -0.829178722 0.591857389 0.296867917 -0.483573796 -2.082576506 0.692160725 -0.254206678 0.999953154 -0.686734794 1.186339644 -0.312852800 -0.258544289 -0.223870180 -0.170329557 -1.424837459 0.090328343 1.515339080
16.659427955 -24.156193844 -38.948165484 -0.039172109 0.768734926 -0.557523526 0.310933558 -0.250008971 -0.423278290 1.565430885 0.904453239 -0.946191625 -0.533028076 0.209147445 0.529967139 0.733359025 -0.393404314 -2.069335368 0.158236754 1.899206541 -0.888676657 0.193615046 -1.129908031 1.614176337 -2.958709078 -2.003463845 1.611778332
14.865961065 -19.351015301 -39.082433776 0.628747889 0.604778813 -0.488159888 0.024871744 1.407542165 0.718718433 0.135264255 -0.410358963 -0.503758250 0.748592762 1.305716689 1.232272202 1.352849742 -1.764003134 1.245500915 -0.243960092 0.256794070 0.640097635 -1.171068933 -1.571506859 -0.798545190 1.447148664 0.030007684 1.824804718
7.349936069 -23.670871037 -38.521965846 0.207275198 0.497590639 -0.825105528 0.169237749 0.126180669 0.389048138 -0.646777362 -0.582552194 -1.669691695 -0.321225002 -1.086182748 -2.210587599 0.968979270 -0.639076729 -1.519007681 -1.298059544 -0.734578132 -0.173448018 -0.598183913 1.419599268 0.381540538 -1.133111315 -0.841131368 0.944633099
11.974890371 -10.427475073 -35.518642469 -0.188911659 -0.518427845 0.833755065 0.019936057 -0.554154562 -0.250230186 0.709549771 0.031564493 -0.452268398 -0.138766797 1.026567086 1.235346629 -0.326740935 0.155193683 0.185739522 1.244573299 -0.513216611 -0.371441072 0.061693893 0.861070057 0.234178682 1.090450490 -0.690434545 0.061979189
8.659829149 -15.649015989 -43.264260121 0.940840231 0.199324475 0.082655581 -0.261261303 0.943980136 0.405240967 0.025724196 -0.835278633 0.866420318 0.278921413 -1.223788175 -0.384996147 -0.281400566 0.639640135 1.956780015 0.981580438 0.184999596 -0.361556454 1.169435558 -0.679694750 -0.811809593 1.512728133 0.167513303 -0.850197235
16.868644968 -10.840637136 -44.090920468 0.467414217 -0.240485948 0.630640372 0.570949367 -0.652814350 0.934520950 2.214758730 -0.264152462 0.327240800 0.699182830 1.013318647 -0.331274481 1.345401536 0.611828080 -1.416549955 0.851804312 -0.381274091 1.091110740 1.751965231 -0.763758741 0.487559559 -0.065030037 3.126778012 1.593002012
22.383288444 -17.480513658 -35.072548205 -0.610665846 -0.115282273 0.701467013 -0.348914389 -0.996947724 -0.644692789 -1.521385331 0.975902290 0.359976159 -0.527743227 -0.521613127 -0.270751197 2.710940353 0.463636850 0.397009455 -0.310389116 0.186276402 -1.454690873 0.978308978 0.644739843 0.280326163 -0.510233470 -0.347079024 -0.798659228
15.571629399 -21.201346068 -38.500112362 0.311492759 0.284966270 0.894094168 0.149539643 -0.599764658 -1.530765735 -0.295003941 -0.631013631 -0.184178713 0.533137008 -0.717816660 0.105702135 0.950389532 -0.715645886 1.608788587 -0.858233872 0.093092128 -0.597576204 -1.209459320 1.417931247 0.858917770 -1.221178474 1.003021091 -0.168903206
20.139862392 -18.715093692 -41.319232720 -0.611630070 0.198098244 0.147250801 -0.751653474 -1.201930437 1.187444128 -1.804866260 -1.060898617 0.148654065 -2.730837593 -2.077561003 -0.397063245 -0.234121903 1.113750392 -0.416770824 0.949310504 -1.866793149 -1.287051929 0.642163594 -1.020372935 1.067874619 0.027820210 -0.469290898 0.389830845
16.286311105 -23.464664026 -33.650481900 -0.574566414 0.623661310 -0.373493539 -0.376061938 -1.228099440 1.287054733 -0.512392238 -0.534445248 -1.336607419 0.283020591 0.831931178 -1.013108094 0.298026133 0.827156208 -0.522336213 -0.980967726 -0.503795014 0.008401164 1.316622734 0.364976642 0.709642208 -0.028843474 0.989807105 0.167075054
22.017647877 -16.848868840 -34.587536698 -0.893552453 -0.305914311 0.193914388 0.265287878 0.174452446 2.017364450 -0.370542269 -0.131050258 0.461130931 0.433844280 -0.478469954 0.187930421 0.802823725 -0.683433819 0.594339953 -0.869964929 0.231073718 -0.182611984 -2.553707493 0.030893754 1.286463222 2.086568407 -0.523070136 -0.827206498
12.395315059 -19.309378100 -34.110614607 0.605032231 -0.675707973 -0.421130197 -0.002023041 -1.932641686 0.512186186 -0.982640994 1.020322325 -0.316806724 -0.526897567 0.829421010 -0.471049089 -0.241492523 -0.649991195 -0.972494583 -0.757511093 -0.936277668 0.008820167 -0.219521262 0.228284406 -1.244595656 0.653948896 1.152005974 -1.886676115
14.549087295 -18.354471372 -37.453676952 -0.938945319 -0.043563011 0.240263415 -0.242399347 0.995756194 -1.161937321 -0.562401206 0.470458942 -0.459582284 1.551736077 0.499789702 -1.173693007 -1.119049387 -2.038792714 0.339584616 -0.732838177 -0.464874564 1.405338890 1.325460030 0.281184159 0.407263047 -1.395148703 -1.270276244 1.079565837
12.668680896 -12.105662701 -30.059830581 0.147374871 -0.411433547 0.789877158 0.430229194 -1.002998276 -1.191857336 -0.559871951 -1.374836127 0.879591016 1.359923494 -0.165131412 -0.543722849 -1.391020385 -0.763507955 -0.600414853 0.418705214 0.429814035 0.509440305 1.259709204 -0.086276147 -1.109659366 -0.066173205 -0.620748125 0.847289508
8.952458475 -13.615058702 -35.293667016 0.276266820 -0.820836774 -0.244289391 0.436149433 -1.669534331 -0.335806475 0.146067477 0.371000126 -1.118976179 -0.091150707 0.151621127 -0.645252495 -0.583146523 -0.420875144 -0.301566809 -0.568264609 -0.505037414 0.138431576 -1.817370462 -0.951707269 1.701096499 0.061045544 0.131516076 -0.360953685
10.439303264 -21.668617679 -40.351368822 -0.304023992 0.810866098 -0.480464157 0.138635408 -0.607226439 0.305781374 1.091857685 -0.570243741 0.301017745 -1.620481375 -1.141104023 -1.186297716 -0.667169094 -0.397853749 -0.405295899 0.008390099 0.546518477 1.096058709 -0.448773534 0.041861182 0.022435282 1.451007011 0.143766211 -0.912558738
18.206902724 -25.346803761 -37.341272633 0.482300039 0.725550567 -0.176538905 0.458036092 -1.117180628 -0.186340150 -0.875316178 -1.290180057 -0.332364269 -0.024542184 0.547736133 -0.476042788 -0.214957890 0.984924192 -1.685732755 -0.732921791 -0.514927139 -0.137659230 -0.065455347 -0.207035159 -1.242285442 -0.321414085 -0.491927303 -1.412710761
8.885165531 -14.858717018 -32.083291852 -0.011301418 0.125148037 0.847212587 -0.516179309 -0.064295026 -0.289842610 0.500863135 -0.312775068 -1.846951727 1.840272118 0.411556313 -0.599162235 0.321794992 0.439547388 -0.145945263 -0.863732160 0.667494234 1.097196448 0.384748543 -1.123588942 0.202370061 -0.065487019 -0.338138113 0.598682455
16.302708005 -14.085092085 -43.787013971 -0.778690532 -0.080195686 -0.553247583 -0.284827702 0.132660693 -1.176659741 1.117993187 1.257393867 -0.116041148 1.079131597 1.324809258 1.539297328 -2.654402258 1.046404131 -0.348452569 1.961836157 1.230126026 1.166402550 -1.796118587 0.274467419 0.579122147 1.122296854 1.193850309 0.371575930
11.527226328 -15.134621742 -31.574020341 0.455796682 0.282350027 -0.180545066 -0.824579485 0.533688430 -0.261837344 0.611145080 -0.194423664 -1.736674736 0.411505976 0.081986596 -0.064142923 1.001321313 -0.755140444 -0.260553765 -0.679075062 -0.541283513 -0.042575416 -0.217909130 0.359620718 -0.448417785 0.853876498 0.954994278 1.055693840
10.418180150 -16.211622112 -30.951812742 -0.457677129 -0.369193152 -0.671565464 0.450808042 2.085759492 0.323511066 0.525691790 -0.627502479 0.924281264 0.197919258 0.411399386 -1.932069090 -0.170082260 0.365117094 0.793685140 -1.323416992 -0.063020172 -0.237211152 0.740792574 0.015289213 0.185711037 -0.788885561 0.758995683 0.383947655
15.840975679 -9.274626592 -33.514684829 -0.677735061 0.064408701 0.710516369 0.178025831 0.026062915 -0.202177824 0.953403470 0.016701941 1.412650489 0.213332049 -0.287251941 0.688623509 1.649924921 -1.319642551 0.217228568 0.728539859 -0.353375313 0.273758681 -0.540866811 0.632607546 -1.362711592 0.751750526 0.068081343 -0.478629210
12.473585354 -12.162566000 -30.903427264 -0.862248324 -0.061918534 0.093213500 -0.493968791 -0.249648304 -1.290855392 -0.331888325 0.064574183 0.457802643 -0.746940655 -0.896331029 0.952898160 0.040290553 2.973069097 -1.043308830 -0.416381689 -0.703430670 -0.097623811 -0.121193747 0.514196177 0.602652747 -1.521466690 0.853565781 -0.981986178
16.079353700 -14.152571918 -38.493129185 0.725966777 0.356317352 0.528658113 -0.257935617 0.690813798 0.150675710 0.391301145 -0.486530528 -1.184044252 -0.230078564 -1.615710841 0.425176529 0.727088565 0.483201211 -0.018048747 -0.552693291 2.473634373 -1.598359594 0.248367659 -0.736107541 -1.651894068 -0.505881774 1.259531342 0.849679671
18.880481593 -10.927191799 -36.304917215 -0.516161657 -0.344936165 0.262123159 0.738842091 0.972298611 -1.257665793 0.969964976 0.214469196 0.758970144 0.387361962 -1.102933724 -1.251092777 -0.558168252 1.804809146 -0.380749771 1.714401534 0.150869392 1.487653384 -0.404022623 -1.339783591 0.209256035 0.996434763 -0.214851457 0.318282413
16.364326989 -13.362091930 -35.929647080 -0.045642114 -0.515684816 0.840380127 0.160459370 -0.676963531 -0.469451821 -0.068335766 -0.869789054 0.250138041 2.309454918 0.569261425 0.221175653 -0.477191494 1.426378835 0.682742929 -0.047606482 1.248321449 -1.113848946 0.104353956 0.001595301 -0.101131299 0.079237181 -0.004154014 -1.867425739
13.548535978 -10.735887763 -39.280838747 -0.121900748 0.686470447 0.493876488 0.519600373 0.755882053 1.364098738 -0.363109910 0.373144749 -0.349362357 -0.076239396 1.125181111 0.194035021 1.056976780 0.944065164 1.728573311 -0.111175597 -1.076458310 -1.276970072 -2.037096797 2.055677091 0.794203638 0.615444369 0.726350247 0.001257490
6.485305563 -11.585607415 -35.737124710 0.659579303 0.144722059 0.722467264 -0.148498217 1.613599175 -1.352751146 0.602102778 1.499960710 -0.431166381 0.135309544 1.623022218 1.956481655 -1.239260191 0.468550784 0.541295895 0.431303251 -0.209135026 -0.769344516 -0.881947892 0.361364729 0.868608247 1.414095600 -0.089505432 1.555975462
13.276049614 -18.582266846 -45.308655032 -0.746317035 0.421264761 -0.034253406 0.514172723 -0.337749296 -0.600090460 0.328669719 0.415546077 -0.403121898 0.454084423 1.377073956 -1.391038945 -0.196582630 -1.616074047 0.722472350 0.022726419 0.364115909 0.847631388 0.030433363 -0.070848705 0.569025588 0.102489896 -0.565060876 0.118453629
11.164065891 -20.527191361 -38.840249890 0.017916381 -0.716849785 0.680589020 -0.150346184 -0.651142254 0.438120316 0.454232044 0.890455857 0.166797544 -0.494734763 2.294136380 0.088689346 -0.241714381 -2.214591012 0.314291400 -0.859908071 -0.943951494 0.603111455 1.305836234 0.251676908 0.899885579 -0.293276339 -0.562680675 0.882711990
12.595775587 -19.494506623 -42.335002521 -0.116100217 -0.752918928 -0.646572941 -0.039714728 0.344532474 0.373693985 0.491258072 1.208955774 0.142739062 2.075297931 0.679836122 0.424695717 -1.215200828 0.019997405 1.071225784 1.738599027 -0.077738480 -0.749973015 -1.301045671 0.472740939 0.469444397 -1.293027471 -0.640774489 -0.071805299
13.211212383 -18.864613737 -37.614613017 -0.292663819 0.135088665 0.627476629 0.708782069 -0.015008814 0.161413931 -0.239277684 1.384373478 0.456417803 0.363823764 -0.767094424 -1.406261503 -0.799212612 0.147595899 -0.993470238 0.592055071 0.227903962 0.385102543 0.704919527 -0.917902248 -1.554087204 -0.721295637 -0.619623038 -0.512870939
20.488221939 -21.648952096 -39.619288826 0.575815506 0.349175340 0.465227074 0.574523154 0.429061768 -0.174961002 0.178028404 -0.344152508 -0.353063193 -1.477447225 -0.307537926 -0.109683953 -0.156469102 0.105670915 -0.143592760 -1.762522197 0.166410564 0.613511973 -0.160090873 -0.939724559 1.113490407 1.135495671 -0.114901673 -0.870662790
17.137289388 -11.428550397 -39.078278753 -0.338417370 0.883804740 -0.271624439 -0.174880042 0.574953898 -1.796662521 0.047909308 -0.043568309 -0.249153110 -0.909148252 0.087959501 -0.716551510 1.134693660 -0.973036021 0.486410858 0.376035161 0.895170781 -0.156014638 -1.520857100 1.316575270 0.991761757 -0.095534631 -0.162758050 1.581470416
21.378928813 -15.881787820 -41.057053010 0.503931129 0.061748975 0.830091104 -0.230627926 -0.305625547 0.314988208 -0.237314947 1.214062228 0.808200400 -0.665558200 1.487516934 0.839114920 0.687757738 -0.498320961 -0.641919738 -0.262425620 0.647164958 -0.255725532 0.979464864 -0.192157771 -0.817258569 0.356276105 -1.883203689 0.607837153
19.571089991 -19.709675863 -40.945850782 -0.830451049 -0.286323442 0.165378878 -0.448352282 1.334273374 -1.328918380 0.426628076 -0.229519510 -0.827142174 -0.132908114 1.767832704 1.477784457 0.011474041 -0.367203759 0.543393159 -0.420001665 0.394808196 0.523386875 -0.816384464 -0.561897034 -1.789831978 -1.080192556 1.388287157 0.307103613
16.259363493 -26.524549491 -38.706698224 -0.451197180 -0.133339997 0.333507341 -0.816954346 1.425984789 0.552489589 -0.214932661 -0.671769456 1.411293599 0.894778876 2.156832006 -0.653674419 2.367719720 -0.649602954 1.035305304 -0.873557275 0.350495156 0.622951647 0.693613815 1.063164757 -0.874638981 -2.235941812 -0.941082978 -0.216891830
11.887133666 -15.306035792 -45.220904800 -0.011798600 0.605826205 0.671023449 0.427273839 -2.315345236 -0.907202127 1.097928353 1.553878592 1.186314016 1.548707053 1.915872360 0.659171888 1.540920444 0.373993465 1.473526810 -0.966796515 -0.258915558 0.227943942 -1.997105164 0.644622075 0.692547473 -0.414986756 1.545318161 -1.181331379
4.845444997 -15.789583862 -39.036835991 0.147367233 0.853219694 0.083675578 -0.493251914 0.092381182 0.748644184 0.711424219 -0.571618687 0.565647228 -0.214824863 2.134029150 -0.454510473 -0.886633926 -1.252915254 0.398873501 0.496293007 0.301874502 0.564720428 0.886001819 0.225095725 -0.031581805 0.405278325 2.201012738 -0.354607811
11.490236169 -7.518122587 -40.365108033 -0.155047797 0.297256832 -0.931575329 -0.140591478 -1.397475268 -0.637660411 0.795976492 1.743635888 1.685340502 1.967939913 -1.520255992 -0.670879292 0.227243846 -0.031231504 -1.258405479 -0.656840440 1.077296999 -1.635883618 1.094389954 -0.542198572 -0.079741680 0.661725857 0.287905557 -0.768163711
17.042384895 -18.349404251 -37.649481174 0.130808706 -0.522472929 0.759723965 -0.364322136 -2.375547201 0.911943107 -0.200374129 -0.574717871 0.625028577 -0.200650578 0.064867866 1.003207861 1.375274692 0.553445035 0.339016933 -0.433118323 0.094595665 1.718207004 1.850000143 0.966313122 0.088450745 -0.527698335 -0.743970071 0.087947777
12.611333799 -9.447977481 -35.626300525 0.447834436 0.154111294 0.378858033 0.795085290 -0.027834850 0.292532414 0.741991705 2.131561290 -0.769089614 -0.183613130 -2.546168125 -1.994338263 1.305251546 -1.138708285 -0.905847087 0.165836589 1.510208732 -0.270292832 1.895567953 0.658911489 0.909142174 -1.082374854 0.751801015 0.049431426
7.370531883 -19.237693724 -44.407851531 -0.315011213 0.390718806 0.095329725 0.859662139 0.595359372 1.621106786 2.122740581 0.611355410 -0.305774540 -0.060733105 1.314092543 -1.209402914 0.024996072 -1.924057863 -0.470201024 2.255507678 -0.613612185 -0.095719700 -0.418192171 -1.499769712 -0.266259469 -1.474776585 -1.338294030 0.509034374
8.662478171 -23.759283977 -39.692841177 0.168341819 0.972707503 -0.156127693 -0.033545325 1.112800974 0.328679376 -0.579599884 0.473990397 -0.013322750 -0.773033356 0.966005216 0.800050235 1.574893358 -0.498581106 -0.351285988 -1.178006216 -1.244625188 -1.275488672 -0.700789107 0.595795877 -1.930072645 -0.053087808 -1.057707874 -1.020708615
18.182781590 -13.462701462 -39.055965337 -0.815911353 0.498796285 -0.142963092 0.255053886 -1.034131359 -1.531677263 -0.704182277 1.671955174 0.849747630 2.702549961 -1.047106587 -0.774598625 -0.834148421 0.858379985 0.637453018 1.124273411 -1.261420874 -0.109710007 -1.760577459 -0.043712880 -2.714409647 0.842715821 -1.713731577 -0.529970477
11.635968371 -9.862544369 -32.601925416 -0.359785509 -0.800430305 -0.370284266 0.304557509 1.415773922 0.162119872 -0.682369626 0.347860510 0.950954903 -0.671362864 -0.077948931 1.672753813 1.675423340 0.831229013 1.346006137 -0.208522318 -0.075473761 -0.382288157 -0.193346835 0.710540243 0.854649575 1.288149918 1.488942104 0.625489859
18.130986327 -18.239594579 -43.020520744 -0.459602700 0.804269739 0.356801244 0.120865288 1.619335966 -0.385410760 -0.634385240 0.422771047 -0.137405374 -0.120086262 0.361352894 0.525717634 0.614084271 1.074240506 -1.667302166 0.038923848 -0.007101052 -0.378927602 -0.715872731 -0.362075423 -1.236387905 -0.452580099 -1.552613742 -0.806614330
14.275987198 -14.197425119 -34.306071023 -0.257689558 -0.466435319 -0.466404656 0.706045949 -2.107787842 -0.478274752 0.133647441 -0.525954716 0.216327379 -0.175914368 -0.516479241 -1.522398818 -0.539062534 -0.072077951 0.298852392 -1.395295515 1.208947424 0.594484741 -0.285791318 0.366579916 -1.566214859 -0.604021131 0.658406594 1.705753948
20.775628116 -13.017019712 -38.551372403 0.117278423 0.275205163 0.807099975 0.509016228 -1.031852372 0.441967663 -0.820739261 -1.748466576 -0.158006273 0.092124100 -0.508276183 -0.831233657 1.689804116 -0.600166395 0.163269398 -1.392427189 0.849690639 0.264130097 -0.855121347 1.170542283 0.629986389 0.745721154 0.312109265 1.521372954
17.059375267 -19.613013055 -29.727154112 -0.311519722 -0.247409527 0.341314095 0.851615334 -1.098559131 0.859354696 0.132078990 0.205874353 0.075441365 0.051780499 1.221784585 0.266224503 -0.428480806 1.074201773 -0.161913451 0.537575436 0.627344503 0.457311621 -1.671626189 0.593210675 0.386786157 -0.034022543 0.110298254 -0.099483700
6.945221077 -15.026425448 -37.016762052 -0.252967772 -0.561452582 0.260290100 0.743658099 -0.453297593 -0.450670467 -1.181976060 -0.643186949 -0.261731894 -0.532003809 -0.392941207 1.043389502 -1.090522029 -1.213109671 -0.324004377 -1.322289149 -0.027862327 0.090986345 -0.125411809 2.248734047 -0.110639237 -0.648161343 1.478453950 0.553380453
19.346842536 -17.099454525 -35.367209921 0.753423990 -0.625475706 0.162425064 0.121451760 0.181349324 -0.363175463 0.596084729 -1.522103458 0.187558488 0.035372593 1.238466309 -0.490155159 -0.727172189 -0.247545182 -0.981217912 1.208038533 -0.536031591 -0.863521013 1.044843840 -0.786963105 0.278913287 -0.231487110 0.225837047 0.295315580
13.430535829 -21.090471707 -31.255466076 -0.504471727 0.633950415 0.460208423 0.363074863 0.926646674 -1.194502091 0.840199696 0.771038621 1.928863978 0.097795681 -0.796356250 -0.480450950 1.109971392 -1.606032815 -0.329775925 1.451883585 -0.465206357 -0.626119970 0.573723668 0.692442509 0.329960012 0.118164727 -0.606253430 0.769307719
9.037061206 -13.622178441 -35.299899401 0.309875974 -0.920202343 -0.219031244 -0.096072068 -1.363448436 1.296835954 1.466756701 0.110632516 -0.637032526 0.297967593 0.375519096 -0.783959228 1.221222019 -0.098597866 -1.722434763 -1.223659083 -0.361996397 1.119540324 -1.043410648 -0.301680076 0.222522797 -0.285508604 0.871862834 0.123872889
8.830251652 -22.870108038 -41.492404505 0.356560704 -0.263312365 -0.746050331 0.496930545 -0.566145170 -0.749142233 0.053916913 -1.140141869 0.250495655 1.278211833 -0.785039596 -1.977424691 -0.298329999 1.485828351 0.389558940 0.212597107 -0.275876615 -0.526507936 2.273835484 -0.570645711 -0.136959544 -0.322837266 0.366414780 -1.843766072
14.199095816 -13.706127965 -33.213822144 0.076314040 0.776250244 0.449994139 0.434875845 -0.956525126 -0.267902206 -1.103582941 -1.425501038 -1.774265953 1.587928730 0.342663580 -2.294020327 0.852562209 1.187743618 -2.702011150 1.153239983 0.206723279 -1.417256306 0.159490754 -0.632547409 -1.563481686 1.068376679 0.516628232 -0.804730996
16.988518606 -20.990960289 -46.347192515 -0.438322919 -0.096032828 0.893514795 0.016793602 1.308480289 0.315306790 -0.603018280 -0.997561398 -0.619984596 -0.228934652 0.250242868 2.092928521 0.221651843 0.988044907 0.299131193 1.392541933 -0.343842802 -2.180272560 -1.137211015 1.562135070 -0.003067209 0.379119570 -0.813160118 -0.764097481
23.301983580 -16.463641057 -37.560919519 -0.184801482 -0.064775588 0.972721552 0.124359634 -0.005824454 0.525081518 0.435535103 -0.023587492 -0.258017616 1.006410851 1.453882017 1.437780030 -0.541663975 0.874426111 -0.307576966 -0.854487415 -0.203916374 -0.575784337 1.377582347 1.765623362 0.871448318 0.201965707 0.991616702 -1.066147704
9.570693689 -8.366210255 -38.364311643 -0.035769836 -0.780323825 0.190721285 -0.594508737 -1.088211768 -1.284942999 0.031034552 -0.323261253 -1.589960732 0.034319714 0.725636696 -0.097327819 -1.790703834 -0.010426065 -0.234226187 0.403118617 1.861047888 -1.216466087 0.509031858 -1.564823698 -0.284423188 -0.611561480 1.786257316 1.449863055
18.826971986 -12.333900701 -44.708045934 -0.221158308 -0.695739981 0.171188403 0.661611225 -0.203713963 0.691604834 -0.365152465 0.308817198 1.091725826 -0.448929957 -1.309845732 -0.360692599 1.235613525 0.198839624 -1.293625606 0.476179366 2.827536423 0.403963129 -0.654979694 -1.055184820 -1.486052646 2.597484204 1.143013644 0.070820539
9.915887023 -15.110822282 -33.586276775 -0.464267256 0.723605694 -0.116711485 0.497221423 -0.403075494 -1.256928800 0.381982888 -0.865335108 -0.291981740 -0.954258311 0.166457059 1.167124962 -1.189286949 -1.236036118 -0.789883576 -1.111408626 0.986679016 2.011854180 -0.196955335 0.993924852 -2.661991229 -0.427585290 -1.976366099 -0.370235406
15.261555317 -13.296068214 -39.641112399 0.745446973 0.024835392 -0.379248781 -0.547596910 -0.808112742 0.419449833 -1.389816681 0.593480237 0.127920047 -0.259007477 1.193155394 -0.520550701 -0.955668864 1.258988063 -1.295331260 0.574588226 0.354549415 -1.769129125 1.280048964 1.571050115 0.911283771 0.562696077 -0.674507280 -1.798107078
7.765235405 -15.662729763 -37.906188032 0.623259228 0.569646503 -0.170155714 0.508033296 0.852205334 1.981085733 -1.081256810 1.616503392 1.122823909 1.458846663 1.294981628 0.664913597 -0.122816336 -0.194667106 -0.197427102 -0.196902166 2.912024753 0.097087152 0.829132185 2.021474627 -1.497191726 0.542942937 0.622589858 -0.155683203
8.225941560 -18.593089939 -45.823590402 0.623124912 0.542981922 0.538463639 0.164142884 0.506243218 -0.330258839 2.508646215 0.169546971 0.428437638 -1.218892518 0.412153579 -1.396141762 0.836429250 -0.018367761 -1.167295766 -0.133065310 -1.546917006 0.625226199 0.093579002 -0.899952252 2.692439452 1.832626682 -0.298599298 2.464668417
17.939277465 -12.839994216 -33.718351971 -0.538242742 0.612474458 -0.576082988 0.057429780 -0.308211854 0.817704069 0.534468840 0.090678408 1.027479659 0.604959053 1.657920874 0.431191319 0.562689848 -1.635316595 -0.659046638 0.642219716 -0.064538890 -0.681660347 -0.139810182 -0.090850604 -0.892566763 -0.376836128 0.977984974 -1.629641262
9.829601754 -13.352773317 -35.298787668 0.585333112 0.678788799 -0.285146278 -0.339591687 0.126998075 0.108309758 0.094733661 0.607900049 -0.577230855 0.336516477 -0.265056367 -0.393512464 -0.260291774 -1.261300757 -0.504868787 0.085250699 -2.567212505 0.292351406 -0.160816282 -0.518880998 -1.823192559 -0.863253036 -0.223952576 -0.037688268
14.709735806 -20.349980353 -34.590817646 -0.272778319 0.635242186 -0.271117682 -0.669742156 -0.692147238 -1.718226476 -1.442203718 2.128466943 -0.369049297 0.835151713 1.517390309 -0.664272868 -0.564173786 0.657238219 -0.079763567 0.049533988 1.307086371 -0.332951395 0.978131461 -1.135033668 0.873044291 0.191587591 -1.049103215 -0.723114870
9.394711049 -22.210565301 -37.113695807 0.942538892 -0.205385383 0.068709514 -0.254393954 0.950733047 -0.125101783 -0.436229323 1.355662432 2.330417222 1.465415790 1.124105377 -0.918790037 -0.636826858 -0.951918531 -1.084105755 -0.558101143 -1.647960565 -0.033075273 1.082605148 -0.138039123 -0.736090896 1.018044367 0.839798793 0.714525884
13.057635987 -21.959912251 -35.731919699 -0.678625965 -0.281434292 -0.503655562 -0.454524601 -0.149113171 -0.076378743 -1.237747824 -1.439817362 0.116147922 -0.545375691 0.114645788 1.020813196 -2.541146064 -0.739061010 0.612704319 0.606221346 0.002988313 0.329953618 0.583592975 -0.773701940 0.250653537 1.174420382 0.791740512 0.581489779
20.304033119 -12.863455031 -41.583905695 0.428018469 -0.255111340 0.387609296 0.775549758 -0.737018845 0.448393257 0.238472776 -0.377623000 0.621579709 -0.150106474 1.023100712 0.156764371 -1.438096097 -0.612640673 -1.186259799 -1.163993226 -0.546144449 1.050893620 -1.674981366 -0.503824108 -0.653084272 -0.233687490 0.444354208 1.602710116
6.880091484 -21.988493702 -41.761331384 0.309630988 0.452195550 -0.558557408 -0.622624652 -1.143561693 -0.496101127 0.401162661 -0.853536544 1.071352078 -0.109085722 -0.731029724 1.309992445 0.191951893 0.792654367 0.233776965 -1.634324481 -0.528888754 0.716853124 0.117358361 0.274062203 1.224587037 -3.216262067 0.360064183 -0.056168161
17.484290944 -15.031957644 -39.323725251 0.409399372 0.156326863 0.602330638 -0.667197024 0.906545037 1.145580795 1.064635976 -0.372341870 -0.884004685 -0.217440547 0.282635656 1.617865635 0.951538372 -0.006035082 1.463903463 -0.104583970 0.937323695 0.264077754 -1.521889199 1.231123424 -0.842484863 -0.034560206 0.154462360 -0.246254339
21.473868041 -12.167179571 -42.291936485 -0.298850262 0.594730827 -0.676022587 0.316191755 0.122594188 -0.006357981 -0.074857352 -0.628547354 0.339918953 -0.677156308 0.147263708 0.870140496 1.628648129 -0.172128375 0.851217835 0.424099848 -0.118157112 -0.219266005 -0.732911514 0.239210466 1.263162201 0.874461052 0.542688799 1.119199752
18.408691069 -18.067331503 -33.828692465 -0.651712586 0.149855222 -0.127113894 0.732568205 0.110463635 -0.037080969 1.131256981 -0.996378678 0.917070754 0.470566096 0.837380079 -0.270151158 -0.105429163 -2.823318842 -0.682868459 2.624587307 -0.402110443 0.428051543 0.042347427 -1.545015335 0.883932088 -0.637556727 -1.036713152 0.255038235
6.607896821 -21.621455849 -36.834916752 0.335701620 0.752793255 0.566177595 -0.007047634 -1.212604313 0.419995607 0.176098002 -0.613891164 -1.016454415 -1.182958209 0.232801506 -1.185071459 -1.385260207 0.103103448 -0.491483178 0.351726672 0.061837584 0.280987356 0.045218755 0.183823834 -1.058078678 -2.358748596 -0.240426893 -0.869261757
8.956030952 -14.722650073 -36.057434972 -0.039384245 -0.077733755 -0.968475529 0.233369865 -0.305495357 0.916454868 0.672482566 -0.374280312 -0.565768709 0.311075174 0.205982762 -0.094795492 -0.307879790 -0.623035220 0.486577940 -0.165109866 0.103906245 0.818992183 -1.231081099 -0.754895868 -1.216958352 -0.856632836 -0.006506433 0.336318217
16.415294492 -13.065144273 -42.167683581 -0.482206926 0.292061103 -0.122333912 0.816829974 -0.264795709 -0.489386361 -0.602183341 -1.441678999 0.034746428 0.046616525 -0.911327764 1.303607742 -1.311247104 -0.060761973 -0.895072556 -0.828309303 -0.114535008 2.102833550 0.407357442 1.340805168 2.398380089 0.760540394 -0.219702009 -0.980713792
5.455603025 -18.273353215 -42.445202872 -0.158890678 0.560707327 -0.784467606 -0.212065135 0.356667224 0.645538350 0.052018923 -0.728168562 -0.690741512 0.394184268 -0.738428352 -1.029781844 1.185171947 0.930122588 -0.216301550 0.765279591 -0.827821469 -0.616673087 -0.242691662 1.212602602 0.638450470 1.238417599 -0.262602932 -0.577425199
21.801095352 -14.700969817 -40.726953084 0.112581362 0.209626074 -0.094857165 0.966635642 1.058375291 1.830999918 -1.820260452 -0.713116874 1.353477812 -0.674287951 -1.237902344 -0.200058119 0.814977558 -0.877012786 1.607184598 0.047623727 0.002342319 0.827521561 -0.293557905 -0.498082907 0.327420246 0.329951104 -0.405438362 -0.164312491
20.287198798 -9.378902131 -40.035828569 -0.009835615 0.130860979 0.269674322 0.953967727 -0.132732079 0.290375388 -0.312511463 3.608110640 -1.934899633 -0.279029259 -0.035150607 -0.362166539 0.609106327 -0.198080709 0.590722559 -0.365198425 -0.945809147 -1.626502472 0.657841918 0.180073320 -0.432556056 1.380843990 0.253105707 -1.096878810
8.871799100 -10.131971448 -42.080745063 -0.396705080 -0.200200526 -0.339585965 0.828991074 0.110698744 -1.291442406 1.304623937 0.718969236 0.468020368 0.098897404 0.513415149 -0.488408839 1.170941281 1.483112715 -1.237610865 1.031186989 -0.914414159 -0.384176299 -1.520718801 -1.721757727 -1.123439114 -0.938966469 -0.594276648 -1.095945388
7.499025149 -20.439559977 -32.614472873 0.497178496 0.634657358 -0.547228423 -0.224865815 0.252560030 0.612508589 -0.888681055 0.191796919 -1.967106270 2.461415542 0.597754374 -0.274368458 0.130379630 -0.257693339 -0.700701671 1.648249330 0.205756789 2.304342100 -1.621854062 -1.175916996 0.452494809 0.104048185 -1.657680162 0.688911792
16.256141168 -19.871011018 -39.325876793 0.832781323 0.389798624 0.283131627 -0.272706402 1.447113645 1.130878252 0.153602899 -1.236914444 -1.018619800 -0.707266352 -0.098077280 -0.573480597 0.054929809 0.296435225 -2.367742445 0.786605900 1.791603103 -0.186327501 1.983199792 -0.058730299 0.463298816 -0.419237197 0.480185282 -0.349848968
12.068265479 -25.077140964 -36.149824516 -0.031950931 0.035138072 0.961237345 0.271601214 -0.527504495 0.928318340 0.219080833 -0.370829401 -0.645275708 -0.315616576 -0.453139221 0.308634074 -2.253610850 0.597422658 0.381657502 -0.392362302 -0.590528698 -0.967013708 -0.353917157 -2.797128561 0.229575509 -0.280199866 -2.048143705 0.383625958
7.282355544 -19.133613752 -36.392427048 0.594858698 -0.637497084 0.137329583 -0.469979982 -1.019582008 -0.851928815 -0.882154991 0.544868513 -0.426738731 0.814575877 2.313078147 -0.223112762 -1.576960660 1.847997933 0.781492438 0.804827748 0.295658241 -0.501762457 0.258748836 -0.127989100 0.966920001 -0.181077287 0.212645265 1.040736561
12.909510905 -13.827283161 -37.768629598 0.720626466 -0.566677075 -0.326369958 -0.230341572 -0.542393482 -0.207560901 -2.166077757 0.765322304 0.115455200 -0.578550055 -0.317743236 1.177090781 1.089450253 0.790209024 0.657136031 -0.558738477 -0.225112708 0.227588662 -0.939487948 1.091152253 0.157772633 -1.153469342 0.945740305 0.342574820
17.378050390 -14.253526256 -42.348284360 0.115656965 0.416029335 0.272599714 0.859786284 1.168824109 -1.046141273 -0.014705966 -0.353123449 -1.171785374 -0.439334733 -1.009653975 0.943942966 0.901201252 -0.326153948 -0.668215203 1.379867581 1.393377740 -1.412506790 1.281358606 -0.108051944 1.333404243 0.347773550 0.414263972 0.830787242
8.768634667 -16.260171935 -46.141752386 0.543068041 -0.140179145 0.586835390 -0.583995835 -0.536132763 -0.940681885 -0.277230399 -1.158766349 -0.038758170 -1.185669913 -0.484561787 0.880255084 -2.007215085 -0.735777120 -0.294874920 0.919015630 -0.865570590 -0.973730931 0.330438654 -0.126363458 -0.882518135 0.134362188 0.532935721 1.387441392
16.250966738 -11.743065306 -32.036118815 -0.139734839 -0.886482509 -0.299790274 -0.323649081 -1.208070015 0.508868563 0.254940577 -1.016048664 -0.020889885 -1.337706101 -0.419773400 1.601427667 2.306033540 -0.085962508 0.075889921 0.285296590 -1.339722265 0.854021125 -1.325325795 -2.943274429 -1.836637008 -0.263835410 0.000613532 0.376055296
18.455105393 -9.602981756 -39.370580529 0.546890243 -0.757159263 -0.120860706 -0.336174959 -1.306464542 -0.361996217 0.098810398 -0.124550108 -1.937199104 -2.099745259 0.025936904 0.189647201 0.007721362 -0.628948189 -0.676745731 -0.406700333 -0.018941177 -0.042448468 -0.394851146 0.223785768 -1.854949138 0.160283488 0.999485724 0.522361830
12.476167003 -12.261215503 -40.183986661 -0.522740968 -0.139054809 0.346079882 -0.766573125 0.363766775 -1.991002098 -0.606447871 -0.586828104 2.484483148 0.000142862 0.161092630 -1.916013985 1.644697153 -0.973150467 -0.080793665 -0.180497459 0.546694474 0.185965558 0.012137089 0.152531775 -0.910577493 1.206242450 -0.587385309 0.178008938
20.256877962 -23.510871481 -38.498499624 -0.418824902 0.484071427 0.012138451 -0.768188266 1.563220668 -0.537115498 -1.079883469 -0.498998963 -0.103929824 1.768009633 -1.848123458 1.471325273 2.713824904 0.867464105 -1.425658262 0.172026230 1.153303238 0.329424631 -0.587698353 -0.379150547 0.164597820 0.985960603 -0.791561878 0.238069521
13.443873544 -10.633049106 -33.073464755 -0.160164700 0.704662770 -0.280022098 -0.631969362 -1.213207348 -1.150901525 -1.023478378 -0.629261102 -0.516821425 -0.015064608 -1.266391554 0.386971725 -0.064614330 -0.425351191 -1.420969571 0.621225021 0.034676378 -0.334871696 -0.426560920 -0.115152975 -1.516603710 -0.978789582 1.607984980 0.191857864
15.548112547 -16.581930032 -42.724783334 0.182945774 -0.215931000 -0.589411436 0.756636508 -1.577560757 0.774785976 0.064435108 -0.092355057 0.145739150 -0.042183050 0.290743533 -0.748691169 -1.419368900 1.244650750 1.298831194 -0.069440223 1.867086224 0.943000433 1.494269587 0.527568123 -1.104513767 -1.461660580 0.498832311 0.063463156
17.726188178 -19.283813163 -32.035220096 0.371355362 -0.567687759 -0.641286831 0.358576357 -0.199037186 -1.485812787 -1.088231981 -0.026683754 -0.106147841 0.227475239 0.551530563 -1.443023531 0.052845842 -0.181191161 -1.299145540 0.890375077 0.355794618 -0.177396639 1.486098309 0.527607434 2.224338513 0.434242356 -0.086047310 0.429194584
11.264557023 -9.071423031 -36.514395331 -0.836996058 0.499164498 -0.074825515 -0.211361174 -0.577961802 0.439697014 0.232332483 -1.036600378 0.225763111 -1.929711615 -0.306569010 1.072004099 -0.101878393 0.278986413 -0.322658664 -0.040344153 -1.314757909 -1.783041367 -0.626460059 0.832720877 1.291143909 1.662522905 -0.759082338 0.387722902
8.714782844 -9.352966009 -33.898423617 -0.695812525 -0.600135705 0.355732492 0.170694053 -0.315242593 -0.239152709 -0.133270849 0.608440370 -0.447353758 -0.576595939 0.656947769 -1.260339918 -1.012619262 1.151212538 1.382425320 1.093356568 1.078395155 0.297893294 -0.676134454 0.178410036 1.369731138 0.296900403 -0.147497069 0.630132554
10.760710655 -24.079922807 -37.915502734 -0.192142790 -0.945903412 0.260908141 -0.016577883 -0.260365930 0.855490874 -2.304917727 -0.529515564 0.989614140 -0.031324649 0.302293377 0.187369551 0.457460361 0.197543255 -0.347804018 0.660692454 0.990074997 1.158202674 -0.947620017 -0.361721891 -0.800575964 0.411745554 -0.227639142 -1.282288728
6.866661038 -11.738791627 -37.818502332 -0.197054304 -0.015146245 -0.528307769 -0.825730642 -0.545278621 0.449732105 1.037349991 -0.910379332 0.126746901 1.485952302 0.141133920 -0.169513609 -0.960119563 -0.053954081 -2.219522561 0.529678476 -1.469401438 -1.899708087 -0.336655087 2.427603946 -0.738525200 -0.249116805 -0.443831455 0.065871020
15.432362912 -14.371946220 -44.833741901 -0.320188516 -0.056290884 0.939879444 -0.104581459 -0.959253074 -0.709875984 1.069192250 0.264120415 1.181059653 -1.086011905 -0.768892809 1.159227106 -1.138968681 -0.410839747 -0.591129484 -0.692298195 -0.037637035 -0.268360146 0.167328161 0.808900349 -0.305505571 -1.043884904 -0.685576517 -1.642054264
9.860199295 -13.818542920 -32.402826630 0.765927750 0.089314501 0.354893633 0.528609602 -0.023484109 0.074774716 0.395698636 -0.459851954 -2.054895122 -0.134310099 1.266926407 0.487554811 0.432791465 -0.628340196 0.360370792 -0.665341242 1.125291977 1.372314925 0.066317563 -1.083278835 -1.734170807 1.992448221 0.408012031 -1.258211210
21.551559319 -18.393042137 -35.324395798 0.481053685 -0.864471415 -0.115470121 0.089124498 -0.838066452 -1.367751490 0.218679124 0.251653784 -0.266460606 0.519084796 0.355011429 0.675880009 -0.770540438 -0.735075893 0.027831928 -0.691429446 -0.695757973 1.449145106 1.741402347 0.148041730 1.177448205 -1.635537078 0.809737934 -0.907354363
12.279664658 -20.001231085 -44.979514229 -0.325526871 -0.479532924 0.794739115 0.180194812 0.645948306 -1.287490395 1.134700498 -0.885332078 -0.522810653 -0.647569535 0.445994385 -0.569382265 -0.288886426 1.506201026 -0.041400685 -0.338295083 0.845607083 1.492493715 -0.935584574 -0.041217108 -0.036231700 0.336872544 -0.685173003 -0.040861901
19.131102342 -24.968204937 -36.639996490 -0.057796842 0.168905717 -0.767659555 0.615491016 -0.219670711 -1.443957389 1.112406838 0.408105944 0.446840117 0.972840673 -0.235501087 -1.077282846 -1.810420281 -0.079715511 0.669838950 -0.720259160 -1.881119714 0.089583896 0.199885058 -0.260695130 -0.292751351 -0.993661326 -0.529295694 0.183954709
6.110026739 -11.778738521 -41.186646868 -0.088406830 -0.853376063 0.014594812 0.513537262 1.220163013 1.299949138 -0.478300872 0.420829716 1.879520014 1.719567514 0.314935833 0.556462728 0.032274816 1.771318544 -1.019894771 -0.237990011 0.256394366 1.209825315 -0.760539903 -1.448809594 -0.739323359 -0.984562742 2.346389929 -0.559534724
17.519883458 -17.382896010 -41.873307588 -0.009974597 0.921232467 0.289961925 -0.259139597 1.019122444 -1.375505161 -0.111412618 -1.698755749 0.284382681 0.452780887 0.222795841 0.132095659 -0.581750974 0.541613947 -0.390850323 0.016961218 0.324987475 1.563855989 -0.477402183 0.147763513 -0.543447513 0.006654206 -0.081459239 -1.196299618
21.611201856 -20.413333599 -37.979166241 0.313896069 0.327103986 -0.875289610 0.168345888 0.222401286 1.315171601 -0.367079731 1.214941864 1.191232374 -2.017798810 1.283320487 1.724889719 -0.116936995 0.661467491 -0.968311878 -0.618059670 -0.900460092 0.218072543 0.021225787 1.130177991 -0.503558306 -0.466264940 1.390251183 -0.319684751
22.056352611 -20.859164688 -41.841578609 -0.922299429 0.279727697 -0.134389496 -0.230338106 -0.202556915 -0.177465703 -0.785050726 0.366550855 -0.469348171 -1.030758600 1.149662095 -0.976738767 2.310028403 0.577674168 0.075135352 0.798099822 -1.876373370 1.141860113 -2.626787677 -1.234934029 0.466502282 1.457845263 -0.346455993 0.025263270
7.564036862 -20.006022350 -37.947124846 -0.374547752 0.689486607 0.379470976 -0.490228497 -0.132159038 -0.650219431 -0.613013947 -1.662167078 -0.717335758 -0.714265903 1.771454909 0.480757799 1.067727325 -0.122719480 -0.161143033 0.243760075 -0.141228798 -1.431788255 0.776779980 -1.145631418 -1.341506284 -0.157182555 0.503486482 1.476494287
9.228022427 -14.698204834 -46.030066335 0.351580491 -0.831636879 0.128614219 -0.410158070 0.475005111 -0.146768136 1.466187493 -2.331077256 0.651328572 -1.799511703 0.068576051 -0.467523417 -1.294144047 -0.832899850 0.302563553 0.434625846 1.847403979 0.625440067 0.467362067 -0.522452299 -0.161146244 0.035591086 -0.478198743 -0.941480370
20.090811250 -16.133855785 -40.737493372 -0.176133435 0.237867523 0.800606566 -0.520984818 -1.521395269 -0.229017719 -0.486597549 -0.326620502 0.897255007 -0.673157639 0.548613012 -1.598312308 -0.798612751 0.960558615 1.936953223 1.074195969 -0.853993985 -0.441135905 0.618330367 -0.263486845 1.809643261 -2.358997932 1.057101435 1.552289388
7.906455114 -23.453847908 -36.959894890 0.560300656 -0.234767689 -0.380691386 -0.697152333 -0.037479785 -0.915852021 -0.715816152 0.837397128 0.809126286 -0.801681779 2.045925881 1.076802369 -1.224103935 -0.136893776 -0.456843990 -0.805896874 -1.440256133 -0.135283767 0.220235240 -1.854145950 0.918292361 0.770233617 -1.887690889 -1.540656230
11.925589355 -20.626270461 -38.743522016 -0.654615738 -0.180496914 0.021487274 -0.733782935 1.595531171 -0.964711367 1.349709385 -1.567654112 -0.800539847 1.290245733 -1.156297232 -0.249423256 0.720998347 -0.550604409 -0.354278264 0.891067464 -0.119746601 -1.771504280 -1.067434474 -1.212613113 1.105008550 0.260373244 -1.605489226 -1.124576709
18.310300916 -12.705613263 -42.083531271 0.748264403 0.169903035 -0.601984250 -0.221016526 0.476845592 -0.192869897 -0.254752066 -1.517677166 -1.543384585 -1.925986656 0.796002732 0.584271355 -0.294223822 0.078901071 -0.913858798 1.300659096 -0.596708242 1.258751559 -1.032520722 1.322218109 -1.525836219 -0.266648203 1.573653258 0.717044755
6.988385285 -20.330747479 -41.207671822 0.371421380 -0.196754002 -0.463839372 -0.779863487 1.639173835 1.546838368 1.103742936 0.124500532 -1.212509760 -0.431757977 -2.101082904 1.816751296 -0.597685488 -1.039046158 0.616939941 -0.152345576 -0.481650868 -1.257153531 0.848345247 0.372589498 0.914081708 -0.415526815 0.012124279 -0.000271493
15.734886086 -21.192826787 -46.033133601 -0.262718931 -0.175373422 -0.942125457 -0.112350124 -0.970438552 1.982266828 1.478125797 -0.903133062 0.499988097 0.068776571 0.079104365 1.637261507 0.105899685 0.875608582 -1.195604976 -1.010457953 0.424670273 -0.743000733 -0.435466762 1.407484365 -0.155246415 -1.412880405 -2.478771141 -1.006150964
