10.372837287 -4.655374998 -39.844421522 -0.150558321 -0.805319803 0.067359420 0.569433855 -0.718331858 0.281957383 1.083692711 -1.697475957 0.790781134 -0.076656924 -1.654553768 -1.100390652 1.929185342 -1.260473095 0.424860681 -0.899358984 -1.318508121 0.596223972 -0.160436289 -0.252509715 2.321362893 -0.211838897 -1.235976425 -0.368141927
17.156736325 -10.601366061 -39.918325506 -0.214335943 0.857760465 -0.453574296 0.112149213 0.888168929 -0.092598426 -0.434756847 -0.305343014 -1.045996582 -0.541712190 -0.191751213 -0.777726051 0.598897353 -0.917155667 -0.121172670 -0.448012989 -1.155854731 -0.649382895 1.266697841 -0.426927623 0.543696233 -0.572317981 -0.889914802 0.053563017
19.752395214 -4.605391278 -45.307446579 -0.282531404 -0.277024770 0.632856778 0.665526544 -0.165999419 -0.917323913 1.689865894 0.453727499 1.389391306 0.090118052 0.807582298 1.463985250 -1.197712387 -1.413767141 -0.984929470 0.330220950 0.373089283 1.047111227 1.348944006 -1.664190604 -0.313919071 -0.620704560 -0.398423340 -1.308034905
19.758934422 -16.517420602 -37.344025531 -0.481021694 -0.786853046 -0.280214770 0.266383363 -0.401764476 0.612759070 -0.353022218 -0.882120777 1.204341349 -0.142491667 -1.597349157 -0.832608953 1.205102853 0.607185821 0.788414708 -0.851557748 -0.124041565 -0.135148624 -0.628799490 -0.909604735 0.274104411 -0.638304146 -1.472172770 0.438947603
22.603113381 -11.004694774 -47.647154123 -0.473278128 -0.604215357 -0.286891035 -0.573258362 -0.332663551 0.245070304 0.777065599 0.467137838 -0.769363151 0.126906323 -0.979418174 -0.058500607 -0.913577921 1.649323761 -1.603884387 -0.934978758 -0.544613966 1.819359234 -1.058512214 1.671939643 -0.230065266 -1.021713386 -0.274542319 0.034818054
22.678253935 -7.200226430 -47.751638426 -0.358833045 -0.330130867 0.845717119 0.216829451 0.074194056 -0.265642678 -0.931965797 0.846927093 -0.820231100 2.224637313 0.082697157 -0.515302589 -0.220988132 1.618143828 0.108427560 0.705786489 -0.801577186 0.410315429 0.189308665 -0.472684390 0.184198298 0.957609774 -0.393063897 -1.555736714
14.685934060 -4.852287605 -48.484335016 0.330890898 -0.626007393 -0.697940963 -0.107258427 0.157949637 -0.073462970 -0.475199224 -1.168420548 0.589522566 0.995624565 -0.005748636 1.097773773 0.020512874 0.997069739 -1.783411483 1.326634104 0.174897543 -0.326026276 0.632468436 0.086102205 0.236012695 -0.679125017 0.395227540 1.803268982
13.328913426 -9.273462478 -38.120081255 -0.492353873 0.224892082 -0.377790385 -0.751189483 -0.416248272 -0.228019585 -0.747802873 -1.162555809 0.098585864 0.157965925 -1.409081372 0.379387440 0.492346131 -1.222663029 -0.496320442 -0.190426353 0.026629364 -1.446655302 0.197623804 0.426526510 0.009428853 1.375005462 0.104984575 -0.098808616
13.498375619 -6.381030676 -40.919257757 -0.011974343 -0.214808585 -0.951107182 -0.221605538 0.935373207 -0.255205271 -0.911891138 0.643136316 -0.621005287 1.281601531 -0.673916884 -0.898650138 0.325254533 0.890720832 -0.022010957 -1.322547419 -0.327245892 0.312417542 -0.069716438 -0.106105697 -0.208254650 0.762264105 -1.683734669 -0.603313406
15.442124158 -7.164570042 -32.137787540 -0.056887641 -0.150525670 -0.983651993 0.080836723 -0.730163096 -0.508780842 1.382219345 -0.375968709 -0.598695302 -1.335473194 1.386189048 1.379681212 -0.843478117 -0.160907486 1.369909817 0.959038399 0.593347747 -0.460204368 0.826643610 -1.705326015 -0.516114997 -1.447279369 -0.695436499 -0.821270781
10.810235657 -12.322009290 -41.034904642 -0.867766505 0.434157458 0.080723911 0.227974219 0.566841651 0.719915565 1.707786288 -0.663191774 0.780224542 -1.234137746 -0.604621762 0.286237052 0.128522895 1.055136584 -0.970481260 -0.343210482 0.192681530 0.786372092 -1.256724470 1.851691889 -0.432252928 1.083413675 -0.199456496 0.662741403
18.262775291 -0.351016605 -39.591110797 -0.061044536 -0.241149785 0.819993406 -0.515491184 0.893010262 -1.471275015 -0.349389473 0.870950263 -0.688287782 0.746497241 0.297700004 -0.827677024 1.323320730 -0.028820712 -0.116169152 -0.046902414 0.181052945 -0.382378886 1.744363018 -0.222884334 0.816753734 -1.932590564 -0.268994745 0.768619953
21.022031718 -9.177422856 -45.213725207 0.706672856 0.415450141 -0.213385045 -0.531489865 -0.519188717 1.593661296 0.160814335 0.731979182 0.235675189 1.029037955 -0.508979860 0.885255350 -0.845972251 0.303797490 1.001949522 -0.008282484 -0.659096985 -1.378559413 0.696285866 1.603024593 1.912421434 -1.189997548 -0.198508317 1.054399166
19.620171171 -4.028411174 -45.354818736 -0.580546091 -0.382030018 -0.425529714 -0.579606560 -0.136268217 -1.522935419 1.561821059 1.110870343 -0.278147095 0.484625517 -0.090705240 0.773982458 1.207372340 0.165775200 0.723493672 -0.579906885 0.690228025 -1.105689073 0.625202413 0.906539235 -0.748047768 1.581657650 0.264744886 -0.241728936
10.628642191 -8.943673780 -38.197784872 -0.138538671 0.925419789 0.256241815 -0.242374468 -0.861329230 0.266192669 2.136650463 1.227593669 -0.587733774 0.149696293 0.016055951 -1.534086270 0.335083881 0.203310457 0.147186774 0.329875541 0.270552995 -0.094317913 -0.109639933 -0.366358951 0.625288126 -1.094838451 1.403773251 -0.981146436
23.526688503 -3.393711389 -43.582420031 0.048080111 0.595501868 0.305808930 0.741314189 -0.167344884 1.235524334 1.400840363 0.542102733 -0.096713451 -1.807871092 -0.488362536 1.152400860 -1.147908028 -0.599553909 -0.358170826 -0.148628952 -0.240443735 -0.003163722 1.535547954 -1.625098910 -0.251226729 -1.273630682 -0.487434145 0.722024993
10.741882736 -12.722446117 -38.404646639 0.235381009 0.237525128 -0.428848132 0.839206097 -0.967780913 0.390677335 -1.531419552 0.135920453 1.843458552 -2.037700826 -0.314271024 -0.587608145 0.482296902 -2.284198036 0.630466146 -0.480595742 -0.008262319 -0.900664763 0.151413060 -0.073982343 -0.338646927 -0.909167615 0.644157866 0.032295100
25.278451069 -14.905606332 -39.591174790 -0.245971574 -0.084364760 -0.850334923 0.457505291 -1.102807211 0.203115446 1.312709528 0.555016114 0.628204577 1.133230069 2.107749161 1.871157361 -1.887817948 0.367282340 0.343363831 0.983495521 0.801012299 0.098680380 0.898675393 -0.396712007 -1.378660761 0.055727673 -0.325254787 0.520316378
11.446623019 -5.516650061 -33.443927699 0.577043488 -0.325757557 -0.383854144 0.643085393 0.095530351 2.022122204 1.192204450 -0.285753178 -0.342212873 0.830362967 0.380137100 -2.771968232 0.195395612 -1.411619236 -0.553311440 0.900373112 0.120198614 0.022491356 -0.644074969 0.027579786 -0.384219230 1.095814660 1.032738181 0.629031553
12.734454710 -13.338482249 -33.075304006 0.040068904 -0.533660069 0.356907814 -0.765648893 0.372982968 0.739872678 1.361135449 0.958585753 0.457595557 -1.312247148 0.443843084 -1.873413257 0.953208686 -1.618855347 -0.370839839 -0.988435477 -0.570850342 -0.770338208 0.611868662 0.146836470 1.032839692 0.858424246 0.769293194 -1.795251740
12.168535393 -10.378864972 -39.300135207 -0.392566874 0.753663893 -0.517935445 0.098106377 0.597195191 0.200066354 0.577294779 -0.301821103 -1.447259914 -0.183113443 0.334429242 0.742734788 1.072120488 -0.685957898 -1.165847494 -0.140477305 1.178730264 -1.935298432 -0.558483552 -0.567609319 0.680107578 -0.203273453 1.290750858 0.508168051
20.136694171 -18.189850018 -36.041398910 -0.864842458 0.276253280 -0.316852346 -0.274474478 -2.468776012 -0.910008520 0.830775794 1.661870371 -0.137554459 1.229153570 0.790365800 -1.013150772 -0.126846450 0.870268126 1.082259112 -0.550446212 -0.655137357 1.012702939 -0.943522797 2.207797155 -0.052416669 0.553843548 0.935945327 -0.026403399
25.152572945 -12.432012049 -36.414215905 0.009780002 -0.280768924 -0.360124729 -0.889597292 2.166487237 1.184592114 -0.745075260 -0.596650854 0.622910122 2.196928098 1.165000756 0.195107135 -1.081276633 -0.981835019 -1.313748209 -1.465941798 -0.873883679 -0.223670594 -0.126014324 1.466406478 -0.276046114 0.506413115 -0.797147439 0.631038109
16.351682568 -10.121641084 -49.459751726 -0.062262183 -0.784456020 -0.530064391 0.315885920 0.970518136 0.106361629 1.850470360 0.970312383 1.539780986 0.901464725 -1.463900229 -0.198346455 0.134539729 0.958729798 0.862375056 -1.177225599 0.963826544 1.753787597 -1.686333884 -0.158088193 0.956588466 1.248043256 1.362331951 -0.112282201
21.952677975 -18.230929427 -39.996951916 0.415789408 0.117883932 -0.887279940 0.161111314 -0.471101522 -0.941688368 0.099591810 1.220964869 -0.399264486 0.117391621 -0.192025149 0.892609650 -0.570763008 1.696046809 -1.304340911 1.495574609 0.111971294 -1.254664979 -0.199088456 -1.191509906 0.080128586 -0.560367873 -0.192195019 -0.381206979
18.549697553 -10.571707759 -35.980889245 -0.895635550 0.216471931 -0.351177102 0.166287423 1.188214439 0.619852349 -0.030176206 -2.277613011 -0.017856574 0.286137338 0.023915208 -0.920102946 0.834713742 0.447558144 -0.368702707 -0.254788204 -2.000865361 1.782691277 -1.734452236 -1.050219915 -0.931090653 -1.017715515 -1.049034622 0.431148044
14.537565692 -5.182428022 -48.067963342 0.104634046 -0.188736154 0.966139865 0.141435996 -0.105556990 0.300277739 -0.394575006 -0.491948576 0.259171556 -0.901149592 0.307524890 -0.555244666 -2.476295103 1.257341147 -2.251011188 0.714718677 -0.048244201 0.415900410 0.863485634 0.284233494 0.336727272 0.297566474 0.636997612 0.563468831
15.593527057 -13.666098334 -41.422302282 0.409544772 0.590012318 0.345735613 0.603842223 -0.194544954 -1.268943584 0.823486258 0.053748193 -2.031614248 -0.288766254 0.390422439 1.821586178 -0.762863897 -0.234090252 -0.372122378 1.060089727 1.603462373 -0.939182376 0.171686582 0.618606072 -0.183215939 0.775899235 0.546524817 -1.245567110
16.108926893 -13.550890383 -31.589683080 -0.375659488 0.865914767 0.223297048 -0.243331038 0.701477933 -0.919808832 -0.269902929 -0.323482855 -0.043766492 0.149172210 -2.170038017 -0.815261736 0.237222828 0.528219241 -2.469075222 0.088573855 0.560930790 -0.675674951 2.253784692 -2.876848331 0.781764433 -0.879937552 -0.124913659 0.429227829
18.243552540 -0.716795051 -35.852352943 -0.078052746 0.502655911 -0.029001758 0.860467142 -1.735303654 0.413656773 0.487345972 0.560497536 -0.451239816 -0.344928219 -0.505565447 0.289781783 -0.378971587 1.221768292 0.600472839 0.197159476 -2.109439614 -1.408388277 -0.035038483 1.315537278 -0.062327923 0.709295751 -1.017043756 -1.198372975
23.340379336 -16.898105244 -40.269033951 -0.081577598 0.092625947 0.794866793 -0.594097896 0.738929263 -0.442298757 -1.245203844 -0.452845943 0.335781517 -0.693168332 -0.638827059 0.663495389 -1.617181254 -1.080024377 0.274803084 -0.181264952 -0.483151163 0.927699261 -0.484001868 0.387175454 -0.087151157 0.149732540 0.760018232 1.139752217
22.314673869 -8.087674270 -37.783658372 0.565808480 0.314984844 -0.621844356 0.440403121 -2.074172397 -0.539926602 0.251081811 0.495848164 1.659427474 0.151307051 -0.555218376 -0.099004480 0.197996049 -0.642239601 -0.319883338 -0.368276599 0.080277870 1.268220279 0.054247736 -0.839225372 1.614214604 0.757761274 0.447085438 1.189676845
9.531037718 -11.553454652 -38.225793928 0.755880658 -0.270749288 0.471345820 -0.364927900 -1.790440343 0.820047789 1.009417937 -0.531883827 0.249623791 0.076027235 -0.301068229 0.006231927 -2.092577742 1.100185281 -0.802487017 1.908976358 1.074979415 -0.751464390 1.358514499 0.480449289 -0.030031619 0.986039331 -0.569311446 -0.071705416
21.782977755 -11.640041978 -40.625402833 0.557954941 -0.080324986 0.059972923 -0.823794531 -0.753248328 0.005556688 0.185392096 2.225474284 -0.080898395 -0.082459225 -0.130113737 1.317924325 1.220027498 -1.201907580 0.822748180 0.262158185 0.259918814 -1.991109665 0.000685873 0.355304978 0.545810125 0.446199093 -0.482357454 0.495907643
20.867219386 -12.857487880 -47.821379741 0.354318751 -0.284325878 0.519417325 -0.723755939 -1.141942388 0.074839677 -0.121483463 -0.213461084 0.855749292 0.324191943 1.090246611 -1.303481984 -0.069165400 0.796650594 0.086336604 1.146270387 -0.176075938 0.327255617 -1.202797624 -1.563097929 1.090201662 -1.134940313 0.061394735 1.239875405
12.974713655 -10.896922903 -46.585117461 0.622887106 0.734137513 -0.124034155 0.240144318 -0.356044866 0.475605960 -0.441557975 1.754156009 0.315033521 0.281582621 1.160121109 0.009638227 -1.268395789 -0.143754714 2.171644520 -1.350575347 -1.891218647 1.018726422 0.470291856 -1.122298594 -0.013886731 -1.713294929 -0.026169052 0.146515888
20.300690184 -5.627897242 -42.239778954 0.375351544 -0.712406103 0.329573361 -0.492920036 -0.220263040 0.393450250 -2.388039217 0.994191731 -0.367202560 0.646842789 0.182407121 1.429986154 -0.062497142 0.465085795 -0.929602810 2.022972596 -0.593634983 -0.764692881 0.080533739 1.150215976 1.505153922 1.484118443 0.323126061 2.831468265
17.794091223 -10.074083460 -35.188651590 -0.131400475 0.860307950 0.477976778 -0.118921594 -1.510768467 -0.644240437 0.723970267 0.197730918 2.055578631 1.165053406 0.072192478 -0.018378051 -0.274496859 -0.644622664 0.599576200 0.577352630 1.481270712 -0.659689232 0.031553849 1.242760727 0.785619421 -1.868518224 0.178155319 0.531329121
17.733533602 -9.181564965 -38.229479356 0.052639971 -0.130022707 -0.112625564 0.983686236 1.672276974 -0.585935784 0.018421563 -0.618638537 -0.661494649 1.131329936 0.081868374 -0.130851198 0.179316820 -0.132822810 -1.060853912 0.112167204 0.420823902 0.849254694 2.045820125 1.311804102 0.239041297 -1.006686131 1.709968884 -0.415466836
17.003840599 -14.171663752 -31.402544530 0.635688209 -0.214780203 -0.447995378 0.590821552 -0.631085651 0.703236612 -0.615094766 0.618960491 0.312039807 0.643941654 1.363323404 0.626428974 -1.097076957 0.771112207 -0.035755276 1.376760621 -0.490774582 0.947559009 0.386553636 -0.742633582 1.428807252 -1.656653020 0.956703856 -0.876678405
21.951380309 -9.559045953 -45.907601015 0.376130060 -0.331366293 0.187541873 0.844719245 0.524586875 -1.594045056 1.460678255 -0.638124368 2.091534552 0.835655265 0.321378041 1.628565578 0.889688756 -0.621349746 -1.241640980 1.495900377 -0.847095910 1.057562728 -1.002578390 -1.337958848 0.771614156 0.289708874 -0.231044633 -0.112726764
21.723359234 -11.635015377 -36.779563981 0.816939323 -0.206997450 -0.252239092 -0.475539314 2.472887939 -1.114839530 -1.101832177 1.113819501 0.219757681 0.694735340 -0.632355458 1.493667061 0.038912936 -0.309696750 1.647989510 -0.277045869 1.655824945 1.542926235 1.776450803 -1.204172343 -0.057462866 0.787111512 0.657690470 -0.512510968
19.096561507 -5.286274001 -43.284428706 -0.647039101 -0.424372504 -0.633170109 0.018547032 1.044480567 -0.790084066 0.226836146 0.868775265 -0.649988395 1.066089563 -2.739487923 -0.242713826 -1.038663587 -0.063706622 2.508284777 -0.441957935 -0.516579730 0.551838841 1.676675804 -0.217082226 -0.782977525 0.958559780 -0.618653082 -0.029086300
23.525654297 -5.537024792 -37.902675076 -0.648509867 0.507036567 0.510450915 -0.248573398 0.104818407 -0.255277107 -0.305005629 0.215844542 0.464918718 -0.440324458 -1.523612619 -0.071309051 -1.521573418 -0.254115506 -0.827040618 -1.170471709 -0.350144670 -2.129288595 0.335028810 -0.985793719 0.783562758 0.771335782 0.331259055 0.185670227
12.223942085 -8.137215248 -47.756413450 0.455126650 0.661044854 -0.101869155 0.587794273 -0.235950320 -0.631700929 0.979321939 -1.554840163 -0.672975898 0.217918074 -0.130486237 -0.860578953 -0.021754093 0.491666173 1.359684375 -0.314858017 -0.372071847 -0.516684508 0.296780589 0.704121276 0.397967546 -0.314629929 -0.467428660 -0.324628732
25.112493314 -6.911102758 -37.677093261 0.472489010 -0.747097433 -0.079461128 -0.460744496 1.188385527 0.537162689 -1.117521967 0.531651203 -0.851680242 -0.107380803 0.317899376 1.384182775 0.364938247 0.390417185 -0.174691810 2.069847449 -1.708681396 -0.859242587 -0.660983302 1.770298378 -2.390539419 0.829082314 -0.122507466 2.474048731
12.383330261 -12.309971780 -44.017103176 -0.049722884 -0.570093162 -0.712380336 0.406245836 0.151693737 -0.250559299 -1.266273346 1.543307316 1.031596326 0.993511450 0.607542207 0.097772118 0.559420765 -0.459328297 0.752034946 -0.110488579 1.485070311 0.219813023 0.732110086 0.140041274 0.524731797 0.381041953 0.389814542 0.374358405
20.656689218 -9.731660131 -42.145597382 0.111597227 -0.510773912 -0.061268086 0.850236609 -2.314390625 0.644148205 1.046572093 -0.615239174 0.856978856 1.040226084 0.064034125 -0.137594158 -1.732832180 -1.891005325 -0.419272909 2.406643242 -0.131518274 -0.613189439 0.870569720 -0.030821719 1.717142025 -0.839026609 0.579076186 1.043525841
21.141652977 -6.601735494 -44.021257235 -0.553944045 -0.675748305 0.480408633 0.075615928 0.566638085 -3.528070697 0.522981880 -1.480582825 0.113133264 -0.326580111 -2.121583832 -0.335587967 -0.262550998 0.036065426 -1.111905933 0.255597872 -0.229968158 0.100286884 -1.572898087 0.198880016 -0.782395766 -1.500388716 -0.394050083 -1.141736284
8.851898996 -10.026591847 -36.854269644 0.326065352 -0.712470277 0.203373072 0.587117437 0.363974153 2.768802490 -0.959093529 0.482916665 0.611359930 -0.268447312 0.730860800 0.793814338 0.212579303 0.451740740 0.880062198 2.655131854 0.634695933 -2.179425675 -1.654475721 -3.241818478 -1.949296411 -0.403149435 0.099958267 -2.354200890
21.329146557 -9.665366566 -34.214550588 -0.557723953 0.604573583 0.526534635 -0.214932671 1.037534146 -0.238617262 0.161824748 -0.274450547 -0.972870223 -0.445556149 -0.853623402 -1.512515364 0.545086826 -1.783647557 1.841315933 0.431812963 0.121922072 -0.254767541 -0.599818594 0.465201424 0.958701420 0.749566267 -0.427106617 -1.211189144
18.039065328 -14.864761577 -41.877353220 0.404900452 -0.762430539 0.253223609 -0.436615508 -0.766358769 -0.018973499 0.722874287 0.744973417 1.412630956 -1.451526091 -1.464164688 -1.293104783 1.060779934 -0.005399518 0.589110138 1.699794699 0.314519442 -0.541269960 0.365352348 0.411747220 0.444416957 0.170140029 0.039204057 0.208897336
18.023108735 -7.769292418 -40.290598399 0.646126363 -0.101033506 -0.756512623 -0.001266903 1.133180740 2.478112507 1.015661529 -0.484275009 -1.024882747 2.133652883 0.183244890 0.208729094 -0.407253620 -0.173951179 -0.725656751 -1.131243339 -0.870984271 2.052627351 -3.434422192 -0.783369638 -0.044652505 -0.406034368 -1.245310745 0.188347321
23.921723672 -8.674323761 -39.572137705 0.900272085 0.106098567 -0.217672670 0.361762180 -0.554759509 1.857122665 -0.183350739 0.888922401 0.160379042 0.222212856 0.833110557 -0.168512629 1.037289792 0.302455348 0.134426577 -0.368882027 0.409969297 -0.212297767 -0.774640081 0.345813626 -0.001145610 0.673172654 -1.298635170 0.154924864
9.366473528 -11.109969173 -43.475177051 0.213376557 0.161085242 -0.553523224 -0.788754734 0.709116792 -0.692342614 -1.063337359 -0.740704063 0.586504844 -0.195412200 -0.846471497 0.323777156 0.692004629 -1.235073469 0.815543824 -0.324192780 0.615331218 0.964310162 -1.802599911 0.083828207 1.108932397 -2.483388199 0.605566364 0.369663888
21.189061478 -0.699459125 -39.815795618 0.296732582 0.585173550 0.126245127 -0.744032163 -1.146827655 0.212245958 0.088351252 0.020656362 1.190761645 -2.151254286 -1.199474752 0.798070370 -0.196406482 -1.177648455 -0.893951670 0.356666208 -1.022510536 -0.153083139 0.218960800 1.670192858 0.790044159 0.408109462 0.323568103 0.833179154
23.458037883 -7.785944247 -35.928846055 0.102540665 -0.174731096 0.604963507 -0.770047798 1.042347236 -0.703496810 -0.008118410 0.373224670 -0.230253356 -0.786060290 -0.692404752 0.492174668 -1.383343331 -0.766534966 1.650273422 0.370842400 -1.561838884 0.623678240 0.608980963 0.691857288 2.139758965 -0.019181699 -1.663196517 -0.112044242
14.482502685 -10.644870703 -46.730270760 0.541745524 0.501657831 -0.673390621 -0.037366816 1.085344727 0.317369842 -0.487978399 -1.619101819 0.027796061 -0.627842250 1.061283662 0.377680155 0.225530454 0.322650778 0.127588140 1.131361700 0.599013499 -1.285807362 -0.171402273 -0.498857525 -0.186997798 1.406159859 0.175250390 0.313737896
20.918408184 -7.275067346 -34.559015903 -0.567431129 0.664762695 0.058180818 0.482418352 0.502704807 0.398223252 0.135556513 0.653943542 -0.751165713 -1.082580487 0.831946793 0.101908341 0.431712485 -0.606462929 0.022973325 0.998491749 -1.413831559 0.846996936 -1.139694149 0.955095296 -0.935055741 0.192126572 0.536491516 -1.361304909
17.310565988 -8.530776635 -38.007249625 -0.910733313 0.301836871 -0.227859247 0.165950295 -0.979010869 0.642691281 -0.520171017 -0.520389191 -1.647695897 0.479576453 0.184266176 -0.535155527 -0.370531047 0.023517009 0.433364218 0.943635127 0.375717970 -0.035168518 0.226696884 -0.975690554 0.251762203 0.588761260 0.998755466 1.179244523
24.016247118 -10.861357457 -41.978439555 0.513138210 0.537760940 0.617509751 -0.257262621 -0.988300700 2.083170857 -1.450560196 -0.242381452 -1.389330146 -1.644292804 0.111960383 1.180579581 -0.383484256 -0.205375776 0.399338441 0.966457325 -1.071147402 0.579848934 -0.506591236 -0.185270574 -0.498816151 0.591704275 0.329202381 0.237784635
21.982107888 -10.789845764 -31.800953116 0.527640734 -0.535613635 -0.251541616 0.609458863 1.163688877 0.668470943 0.230172779 0.794005561 0.811300351 1.312504954 -1.001249892 0.494225063 1.150762152 -0.247625306 -0.078399035 0.146952857 2.534279602 0.867698877 0.184863549 1.121042812 0.088481752 -1.198194388 1.309049901 2.418669534
14.058045162 -12.646923744 -40.353611672 0.215693599 0.894678909 -0.046094204 0.388460095 1.519283475 1.264959777 0.771435750 -1.624154410 1.389618326 1.011274569 0.681351512 1.037085268 0.200800084 0.289491579 0.766355673 0.616781523 1.969573139 0.264640213 3.029287814 0.801762007 1.028634322 -2.146591686 0.981592108 0.573348467
22.089433102 -6.636627285 -46.794750461 0.184394312 0.980248454 0.068884562 0.019147434 -2.008768911 -0.667017953 -1.513429075 -1.791971852 1.483686302 0.320183130 0.227230692 1.119931797 -0.293941331 -1.135693170 -1.239769896 -0.482334867 0.558062857 -2.012619151 0.192103222 0.650352712 0.350483145 -0.714387429 -0.799487321 0.324086210
19.316734100 -7.196990127 -35.434532987 -0.113393267 -0.394624231 0.841500907 0.351126626 -0.250963444 1.099302181 0.560817922 -0.366697376 0.161416685 0.437469785 -0.935923087 0.112295463 0.968379179 1.323501807 0.121229757 0.515076429 -0.253349893 -0.163315418 -0.005566077 -0.501883363 -0.422385346 0.448517557 0.387634119 -0.481011444
14.442888706 -15.723329089 -43.612492284 -0.296988688 -0.031537209 0.386769990 0.872474698 -2.113551797 2.038176664 -1.136588331 -1.375999640 -0.389512751 -1.428474465 -0.280574510 -0.279204818 -3.218029216 -0.381523603 0.329439234 0.999182068 0.275740169 -0.312129696 -1.081141203 1.068204736 1.341858021 0.408805518 -1.593870526 -0.503207569
21.961044645 -11.810165368 -45.986783934 0.601421856 0.265772754 -0.494100599 0.568789234 -0.426272009 -1.171148505 -0.430826160 -0.517994519 0.088006744 0.053823509 -0.741084172 1.491806804 1.067950393 0.884215730 0.169555699 0.331438833 0.455314739 1.612574659 -1.306474454 -2.091681211 -0.528712907 1.375981599 0.682897727 1.292123604
14.393147192 -16.839312991 -37.215531762 -0.408253450 -0.497871196 0.019538021 -0.764899771 -0.211295016 0.098796531 -0.285952589 1.548319218 0.112701516 -0.175367757 -0.660670356 -0.287956841 -0.674159535 1.381021106 -0.695031015 -1.753849453 -0.253776354 0.282930684 0.216310042 -0.438860503 0.446047301 -0.089614444 0.108630264 0.494650525
12.979448325 -13.320015035 -47.960117014 -0.265036190 0.758641461 -0.004413398 0.595146599 -1.106808452 0.037146408 -1.586351350 0.968157892 1.236377344 -1.244282032 -0.567078035 0.246808617 -1.226061915 0.110959005 0.819994887 0.215116543 -0.008711141 -1.029433844 -1.244683212 -0.721119880 0.444312589 2.351774623 0.422487868 0.326871551
12.983495955 -3.075847007 -36.054483337 0.731856620 -0.603057121 -0.197928845 0.248056787 0.280501995 0.944106673 -0.301577443 -0.610578468 0.495542134 -0.197789653 -0.538969637 1.509518658 1.352555320 -0.468570825 0.012718747 1.811869938 -0.605601698 -0.187317958 -0.406591042 0.115345895 -0.526178582 -1.190189294 0.213327560 -1.220357405
12.077900816 -9.112138354 -34.750736170 -0.115028102 0.325043590 0.645433798 -0.681564680 -0.614339111 -1.111113367 0.417882258 1.554414744 -0.870398065 0.365780239 -1.330025457 1.477594060 -0.078974880 1.054635749 -0.198702221 -1.110677393 -1.028071414 3.266028517 0.204505003 1.508737741 0.660279927 0.996491727 -0.779615836 -0.309609902
13.355574618 -6.978873534 -32.724172420 -0.825451662 0.202215893 -0.020182418 0.526622214 -0.148465472 0.275737290 -0.078543997 0.265354890 -0.290751825 0.543265636 0.133029486 0.160596113 -0.159208308 -1.527321917 0.351834495 0.077069170 0.222366638 0.866935160 0.787065964 -0.575237821 -0.528643895 -0.514283591 -1.256043366 1.192382394
15.509257637 -6.330174390 -33.577058783 -0.265034584 -0.111675795 -0.951429133 -0.109853500 -1.442347691 -1.330645920 2.523438919 -0.516914015 -0.582724316 -0.422184538 0.327775932 -0.112014320 -0.992350330 -0.702738911 -0.533859484 -0.313083775 0.457167146 -0.606723839 0.605922732 -1.086562687 -1.682179005 0.298823643 0.109085274 -0.990574213
16.282042077 -8.157492502 -32.609718764 0.054501198 0.336319463 0.377444000 -0.861077735 0.373268790 2.766344013 -0.445719099 -0.934624785 -0.093911516 -0.519140673 0.691886047 -0.974037046 2.476644424 -1.006814146 0.625514709 -0.990693102 1.075749193 1.351667141 -0.163607492 -1.425686675 0.948032042 -0.597478915 -1.533793015 0.530011056
23.863615100 -5.242478504 -37.616485241 0.289414309 -0.674677303 -0.496788069 0.462873102 -0.311513285 0.370054967 -0.220290511 -2.130489580 -0.198457939 -1.298842984 -1.628417886 0.159962639 2.691825682 0.655827200 1.156985734 1.467755769 -0.890280017 0.714541000 -0.337477815 0.509707865 -0.295466302 -0.276997109 0.498714560 0.480365017
9.809385544 -15.298601050 -40.434441116 -0.650767902 0.690630589 -0.240842213 0.203778200 1.067747928 0.088070272 0.284441487 -2.413085728 0.376220351 0.003688325 1.760026536 0.533666303 0.265085055 -1.418016505 -1.629986119 -0.316622700 -0.151773508 -0.006656008 -0.071479067 0.176526539 0.021598846 0.915763207 2.162769788 1.389384025
10.679363883 -10.089706461 -38.653212006 -0.139894239 -0.299590900 -0.082835779 -0.940113359 0.535684743 0.344712040 -0.865682372 -0.361997559 -0.403896176 -0.637720415 0.910844335 0.065742838 -0.758498189 -0.420231202 1.041895036 2.069980348 -0.440827971 0.153700453 0.520861835 -0.056742159 -0.163162123 -2.031395278 -0.860078738 -1.913664059
18.186460226 -3.443194475 -47.553555851 -0.206981386 0.824676756 -0.525916461 -0.021882173 0.767862282 0.180310218 -0.935683587 -0.653630670 0.777062988 -1.873221326 -0.053220642 -1.428707065 -0.614680454 -0.138607837 1.241561519 -1.637641774 -0.787141657 0.386531674 -0.478091337 0.680907805 1.809839159 -0.153439764 -0.192832197 1.121094230
12.746328505 -6.243892598 -33.771726943 0.810477118 0.346717725 0.402885884 -0.246163818 -0.138785820 -0.977862546 -0.536804269 -1.533909545 0.308359021 1.815120811 2.283013994 -0.012925788 -0.651109369 -0.368481218 -1.254243632 0.823705923 -1.024648813 -1.664518386 -1.873729638 1.243054413 -0.129410952 -0.525067750 0.074995926 -1.144463308
20.684732257 -5.780683540 -44.666854277 -0.369070414 -0.018355106 0.251707513 -0.894479428 0.804385436 1.505316879 0.354938499 -0.070264808 2.144025002 0.119705995 0.379359064 1.019388958 -0.975954102 -1.930809370 0.123027115 -0.702565170 -0.139143313 -0.013255786 -0.586535579 -1.425615179 -1.410406635 0.910049260 0.315398138 -0.571965633
15.842956805 -8.530563949 -45.404572564 0.824449242 -0.264576172 -0.498868514 0.037591247 -0.630177141 -0.634668488 -0.811915316 -0.149901788 0.260480888 -0.546077675 -2.551311280 -0.299045516 -0.649257148 0.052747109 1.300431613 0.265819905 -0.476569172 0.459023110 -0.466213412 -0.130152555 0.702733507 -0.930848149 2.682606131 0.130127860
8.958864904 -8.413799980 -36.052699029 -0.711638891 0.439496614 -0.413098909 -0.360225077 1.125115300 -1.759848723 0.227532246 0.161815523 1.658050911 0.866148598 -0.228484217 -0.678148579 -1.064067912 -1.100683811 1.030745976 1.740064896 -0.380446951 -1.883232377 0.312812326 -1.223729488 1.600674816 0.492676281 -1.897582540 1.534040989
18.576386469 -2.413344215 -41.735967649 -0.315595804 0.948084599 -0.020947537 0.033107138 -1.120810577 -0.264858027 0.309385264 0.717717344 0.117064762 0.171893811 0.431319501 -0.385080376 0.804728447 0.584131380 -0.584876630 1.394998386 -1.848035507 0.313765835 -0.187863315 -1.780243950 -1.457733319 -1.785789429 2.131325065 1.434350635
14.746364259 -5.019034088 -41.928574316 -0.534163248 0.529099696 -0.467302576 -0.465135936 -1.165805468 0.099880609 1.992742647 -0.136014307 1.067714559 -0.633951119 -0.996869512 -0.828294746 0.321664083 0.752121966 -0.032323349 -0.409821783 -1.077721124 -1.604061177 -1.442391382 2.211979297 -0.631762476 -1.155299234 1.543915110 -1.863911741
25.376650241 -10.766839089 -34.755681692 0.750703394 0.218164203 -0.443393317 -0.438464548 -0.069581881 -2.363365584 1.317877518 0.953189491 0.933784683 0.543674970 -0.675873428 -0.507158280 1.254490159 -1.362589512 0.221361091 0.600228251 -1.964545059 0.658004699 -0.538486453 1.913010383 -0.312143299 -0.344277318 -0.089352932 0.173234742
11.251054766 -5.585729452 -45.539772455 -0.993092491 -0.092352154 -0.044687905 0.056933076 -0.216963164 -2.035834064 -1.326259524 -0.447460454 -0.307087040 0.046715125 -0.961637320 0.756587909 -0.317487258 -1.560543500 -0.037879841 -0.108430973 0.771092659 -0.989712543 -1.388639220 0.016519698 -1.206032588 0.451276371 -0.175533865 2.015165107
18.276962257 -3.247231037 -46.701255604 0.794062948 0.082019733 -0.568820018 -0.197940863 1.050760116 0.633337181 -0.588217438 0.297509629 -0.981581896 -0.172116084 -1.305702156 -1.148155840 0.308339334 0.166699074 1.366689854 -0.347184691 -0.070777154 -0.386029568 1.427502554 -0.218024256 -0.292201747 -0.075540586 -0.940722358 -1.389639065
21.380113935 -7.957904193 -41.190946464 -0.017197612 0.784531340 -0.374950488 -0.493585808 -0.045614864 -0.765270442 -0.114393572 0.582983716 1.497365911 -0.189479937 -1.301653215 0.267240673 0.771122790 -0.361563243 -0.627045059 1.733288436 0.314726930 -4.124599675 0.527315698 -1.311671499 1.156128608 0.376307091 0.464117704 0.023523941
14.668835335 -5.345087220 -38.177935545 0.339631519 -0.705510800 -0.189452560 -0.592463223 -0.269426145 2.338686491 1.076089871 -0.178368645 0.488512248 1.172747397 -1.662826488 1.239239733 -0.669010915 -0.820798993 1.222296289 -0.464741244 -0.532547409 0.041481671 0.278803656 -0.630737624 0.353769036 0.567071923 1.100042909 0.545746261
17.773546417 -3.691606109 -43.259225782 0.545879775 -0.647787855 0.158532829 -0.507201645 -0.089158879 0.392750183 -1.111809805 1.492802595 -1.549120003 -0.397569911 -0.187653442 -0.986915533 0.518177155 -0.575552832 0.859011442 1.688976655 -0.688871800 0.536444028 -2.909799672 0.701217383 0.446365312 0.072963640 -0.049824153 0.372064472
11.411615170 -7.104632694 -41.818374069 0.140879646 -0.211287354 -0.212831995 -0.943511060 0.992833183 1.313505001 0.536280659 1.025876349 0.084372962 -0.930448607 -1.871751908 -0.558988810 1.399727032 -0.750415252 0.076663984 0.676306522 -0.621642759 0.565180881 1.088630753 0.367457151 -0.668425609 -0.100943698 1.546287928 -1.514545673
18.942412194 -2.210020174 -41.885204405 0.928505542 -0.282569747 0.183458063 0.156124744 1.047835124 -1.501426653 1.795195375 -0.689659196 0.445082292 0.347776848 -0.144106275 0.313496423 1.380646352 -0.941351273 -1.249560063 0.866722267 -0.392259547 -0.226039189 -0.327277668 1.361867342 0.617707362 0.094425524 -0.803934889 -0.175568219
13.444521954 -5.020981454 -38.528332700 -0.060916390 -0.594060513 -0.798432966 0.076720918 -0.097292207 -0.815294407 0.802683805 -1.213942734 1.154627236 -0.535344983 0.143126527 1.438926157 -0.569300346 -0.550161110 -0.741903318 -0.115565078 0.498457188 0.324540996 0.919139396 -2.588164225 -0.617093124 -0.796164750 0.209180048 -0.265699962
12.657749426 -14.556490853 -36.484657700 0.797634584 -0.068394824 -0.564891983 -0.199995667 0.182089822 -0.242419814 0.494394975 -0.590929181 -0.139209527 -0.760383348 2.116476414 -0.134732043 0.120817169 -0.214491210 1.523350426 -2.878418564 -0.395613372 0.096889426 -1.921404701 0.287882789 -1.075582665 -2.217713997 0.378408939 0.332895031
13.068577373 -7.790088852 -38.716902640 -0.366854629 0.806299676 -0.173578284 0.430312784 0.781115039 0.895397835 0.390303937 -0.666305069 0.745920351 -0.811612368 -0.109492261 0.833523793 -0.644209918 1.326110581 0.476668512 1.575357466 0.641471461 -0.548482186 -0.506346368 -0.039488466 -1.003419781 -2.032711582 -0.514573781 0.345618425
17.737447460 -11.472879529 -40.434875331 -0.433278440 -0.176858382 0.003601740 0.883729559 0.863534908 0.078781610 -0.110391174 -0.074929843 -0.799709489 0.468136319 -1.050477624 0.273998896 -0.719891298 -1.344142085 -0.002499214 -0.173963845 -1.077897143 -1.194580698 -1.031872287 2.206787141 1.124042046 -0.318460308 0.413860807 -0.187124688
18.640278178 -8.157945154 -34.176121495 0.627396191 0.045367620 0.144342193 -0.763859366 0.768261092 -1.925495970 1.028264283 0.801231903 -0.154625747 2.772493619 0.435745341 -0.041217613 1.084105112 0.275678073 0.679181591 -0.927210168 -0.108891836 -0.335540742 0.002839052 -0.591521604 0.161832032 -0.153040420 2.128375715 1.006423876
22.008639496 -17.349893372 -41.204180244 -0.381409572 0.204889359 0.069467830 -0.898733169 -1.232874659 -1.057337115 -1.399204811 0.094822918 1.046106373 1.577843376 0.266447153 0.632408070 1.732471503 -1.615320524 -0.957346953 1.492173958 1.362965042 1.075680955 0.505769918 -1.045347500 -0.505492530 -0.058177856 0.227216958 0.768778826
22.895711524 -7.946982353 -41.625904921 -0.076904287 -0.264609204 0.544469820 0.792224914 0.769539235 -1.518129407 1.234515796 -2.283580319 -0.015809318 -0.281478408 0.747748322 -0.768349653 -1.470058634 0.416144988 -0.469766508 1.188851635 -0.680303758 0.359394403 -0.707789955 0.322973510 -0.076013454 0.270564960 1.144007034 0.260090073
15.239408219 -10.806448872 -43.057627361 -0.942826624 -0.118147816 0.268265139 0.158596550 1.503098131 0.058984131 -0.885294518 -2.012754669 0.328906500 -3.374302731 0.831500029 -0.567237986 0.575713753 -0.083067045 0.365154511 -0.723684442 -0.100880133 0.663090679 0.543933354 -0.824142978 1.638937501 1.489579641 -0.375296556 0.836184101
17.049086620 -3.624462132 -47.890588228 -0.122475025 0.596586965 0.785155023 0.112318530 0.013640892 -0.773435606 2.179834590 1.518637199 -1.108595072 1.224232368 0.610507141 -0.832330289 -1.116956679 0.957986532 0.178713326 0.194723683 0.394883968 -0.398984949 -0.466830088 -1.742399279 0.982007155 -0.902087971 -1.007430048 -0.640014845
14.599813445 -2.275971100 -39.908335710 0.210181859 -0.131103505 0.600876606 0.759988659 1.532404796 0.916285499 -0.859737081 0.191232186 0.366040471 -0.392607076 -0.125431484 -1.626050076 1.649648941 2.008075338 0.941958350 -1.548869534 -0.150713721 1.096950888 0.791938190 0.790433936 -2.058908383 -0.025992844 -1.560952134 0.349898329
15.701711275 -12.163299713 -32.245133673 0.456672458 0.868667486 -0.014970438 -0.191423486 -0.461711533 0.618509822 -0.480918100 0.690837752 0.652933325 0.547634940 0.540454173 -0.640685877 0.794882582 -1.011940276 -1.745691742 -1.322863532 -0.243711380 -1.469856356 -1.175018273 -0.158776641 0.008928844 0.342396180 0.028736867 -0.582487974
11.223243614 -5.084372814 -46.005865594 0.655838021 -0.262454919 -0.681990208 0.189428776 -0.416804027 0.081013408 -0.534265332 0.183365212 2.589244954 -1.591956460 -0.258335074 0.079464311 1.915009483 0.266123039 -1.532920344 0.953814831 -1.563410652 -1.109681931 0.441244042 0.050024012 -0.195011248 -0.776905375 0.835321474 -1.120918102
15.371904783 -7.651300891 -32.717270449 0.164387177 0.018551290 -0.757680039 -0.631311067 0.212383559 -1.305462825 -0.684378607 0.901206671 1.038076092 -1.143601811 -1.332563123 -0.633471472 0.618352416 -0.875114902 -0.201432378 1.222755489 -0.282785979 1.180292479 -0.517595270 1.227205452 0.430377645 0.603456056 0.122722011 -1.013494314
24.100786087 -16.169562370 -42.858467155 -0.573252745 -0.076043479 0.500301534 0.644435455 -0.779931912 1.416794576 -0.462293525 0.305272504 0.307774247 0.083632491 -0.490928297 -0.463580475 -1.128700391 0.658350677 -0.693202444 0.441346499 1.025426360 -0.974035461 0.091518201 -1.235877182 0.647272019 -0.257466645 -1.461485482 -1.880554256
16.182378231 -3.848235121 -41.157990330 0.876728097 -0.183663303 0.220765919 -0.385847177 0.884559772 -1.662445500 0.791503493 1.134273190 -0.117632776 -0.545247079 -1.817474720 2.130038815 1.805888933 -0.222906993 -1.461299734 -0.060589277 -0.765667029 -1.024563449 1.143653550 0.524395327 0.015121646 -0.243838799 0.543649203 -0.541131501
25.268720477 -6.600355839 -42.530445423 0.023440757 0.104786327 0.349851404 0.930631158 0.186513157 -0.148124985 0.905207661 -0.053137971 -1.105165798 0.570308416 -0.181225897 0.687544646 -0.071803548 -0.244852746 0.116257968 0.560837622 0.988424744 1.751838889 -1.377736995 0.898673483 -0.866921851 -0.787090752 1.507816456 -0.276509477
13.435604314 -1.980489916 -40.988017850 -0.287922912 0.346712638 -0.167955543 0.876744934 0.510863418 -1.601176231 -0.697078886 0.420614705 -0.543098646 -0.860292080 1.358335119 -1.290596101 -0.223917663 -0.122414864 -0.784547076 0.095068014 -1.335024219 -0.035491768 0.921538844 -0.005516674 1.154149870 -0.350953415 -0.193322401 -0.205604195
14.504670556 -4.150616996 -42.444253812 -0.145029484 0.879445984 0.353173946 -0.284269895 0.662999043 -1.214715569 1.001089965 2.005441101 0.376344675 -0.714525572 0.929778716 0.683528338 1.062278619 0.199389849 0.502444756 -0.444433571 -0.816974311 -0.530469144 0.915595899 -0.352634682 -0.968993485 0.893597674 -0.833459102 1.435995480
12.577196532 -2.713543235 -45.464581688 0.493315670 0.292614316 0.791976298 -0.209260733 1.332018606 -1.379870685 -0.137820788 0.978973167 0.852507677 -0.075606652 -0.641510345 -0.041114668 -1.436476545 1.065613849 1.806270439 0.160992429 -0.323438295 0.468081969 0.746436635 1.466122190 -2.185926959 1.398905415 -0.125375023 1.625405587
8.955535469 -11.579347124 -37.112917708 -0.388551182 0.220845536 -0.790250507 0.419236644 -0.274423692 -1.429515790 1.045765103 -0.108148717 -0.945686258 -1.223138142 1.870408388 0.851387622 0.370829642 -0.371225958 -0.823387493 -2.076531620 -0.431093853 1.912810900 0.431596207 1.117576903 1.313683371 -0.816791881 1.995339418 0.460798349
18.919315214 -9.724537583 -35.392127323 -0.581220780 0.192698554 -0.316114492 0.724652538 0.386705566 -0.173670415 -1.504325605 -1.184669948 -2.243880725 -0.036752626 1.871469909 -2.119499713 -0.180530841 0.610672786 0.388193627 0.630600003 -0.325172688 0.801781410 1.798194252 2.600468959 0.143049285 -0.132539286 0.037709251 0.031009366
8.204976659 -12.077629788 -41.577475497 0.232553269 0.460598460 -0.213497121 0.829570380 -0.692817354 0.158893047 0.314687896 0.214991697 -1.486927013 -0.054430265 -0.098485715 -0.152741358 -0.333049852 -0.103418024 -0.154282965 0.048591341 -0.859280464 -1.992204040 0.541758734 0.459764741 0.801142809 -0.722855895 0.756305495 0.582413350
14.669579241 -12.999607621 -36.414308497 0.637707656 -0.041426305 0.721154457 0.267486552 0.244404878 0.001593049 -2.684267684 1.295561690 1.515440424 0.782302499 1.041039775 0.447057361 0.636191828 0.635598783 -0.601351673 -0.099531482 -0.180988043 -0.919336904 -0.880446659 -0.832504596 -0.470685558 -1.802637602 -0.381033701 -1.936204759
9.900708578 -5.966151166 -39.633307020 0.101734033 -0.780540467 -0.305622209 0.535725519 1.387430316 -1.121823315 -1.830922670 0.253396807 -0.199702480 0.626899308 0.371266541 0.778185402 1.163089830 -0.147544931 1.679699797 0.472100428 -1.469774627 0.705238845 -0.054638684 1.961033216 0.126526146 -1.113254651 0.915119733 0.215187113
22.974245554 -5.420537763 -40.673587163 -0.141093397 -0.681194956 0.650483144 0.304856957 0.970503528 0.984951937 1.531502123 0.082244048 -0.985581848 -0.471949639 -0.331350941 0.583118161 0.980121079 -1.308463324 -0.219229307 -1.524238450 -0.778262626 0.920184538 1.410249888 -0.465701890 -0.201260887 1.354374568 -0.402979717 0.107954511
21.216144994 -14.480570270 -45.250416338 0.838951482 -0.224884898 -0.479512641 0.125119228 -2.007957566 -0.746533700 0.148306516 0.416876181 0.358727045 -0.857560068 -0.830314004 0.539842889 0.383543251 -0.140377264 -1.052963477 -0.234945510 -1.370504738 -1.723209794 -1.044440405 0.698764484 2.204145942 -0.367413906 0.096491706 0.349902051
16.231176416 -9.410390911 -47.404789634 0.131512993 -0.925103993 0.291951965 0.204085730 0.593908722 -0.789206807 1.141353083 0.503849799 0.152923713 -1.211494370 -2.274109585 -0.904597060 1.428575534 0.550442748 1.644208230 -0.163034268 -0.864276018 -0.528938467 -0.890922771 -0.581854756 0.009714737 -0.635923239 0.705158120 -0.292852010
21.144746290 -11.148783619 -39.624130525 0.424897116 0.769768238 -0.469958497 -0.077835157 -0.006884870 -1.568658584 -0.844772092 -0.315050177 -0.214849892 -0.103479353 -0.833873119 0.467391927 -0.224568673 -0.105728211 0.531875293 -0.912256919 1.860143988 0.544184608 -0.948279430 -0.328635107 0.956572965 0.064560645 1.004495694 0.968962451
20.711992292 -2.491264688 -41.986572952 0.828507922 0.205342512 -0.408595831 -0.323200438 -0.377615987 0.179355777 -0.023153654 1.273072846 0.389488222 -0.738005594 1.348033856 0.262629467 -0.564955786 -0.435292118 -1.154643943 0.523625003 1.162346383 0.184056904 0.267863344 1.297034871 -1.444327955 0.205657916 -1.129394038 0.036296137
19.784746739 -9.548425287 -36.405084333 0.421806588 -0.451434770 -0.156168551 0.770647283 -0.440381115 0.395292850 -0.197002356 0.153398534 0.328784817 1.218761553 0.127424532 0.555761111 -0.633233079 0.210720025 0.858674120 0.511810112 1.589786185 0.596743502 -2.631143980 0.642710311 0.190645625 1.699558316 -1.741788672 -2.178015403
16.828117374 -12.238090374 -37.718671062 -0.010888531 0.489771931 0.787034034 -0.374943097 -1.726260364 0.130956232 -0.577909791 0.775335339 -0.163282228 0.106335437 0.033885992 -1.038260490 1.651129376 -1.412271613 -1.817317933 0.106297580 -1.555331383 0.169068258 -1.234706141 0.942930299 -1.911625861 -0.860318664 -0.082415680 -0.588798890
24.060092512 -10.642330348 -41.635909980 -0.921436698 0.226177632 -0.100581873 -0.299468491 -0.290926219 0.487072878 0.528675159 -0.936011786 0.197478707 -1.202396727 0.444620200 1.593837742 -1.065967664 -1.241194119 0.304315027 0.240636712 -0.714277404 -0.798514350 0.275578512 0.902149672 -0.457195934 -0.953732444 -0.548440118 -0.846548672
20.786073405 -16.730879492 -44.793977233 0.474647733 0.716166545 0.257140435 0.442372926 0.220742826 -0.830598377 1.271506015 0.463134674 1.869229428 0.010639740 -1.246816191 1.765137037 1.243174713 -1.363120113 1.208068066 0.631653004 0.931794358 0.880880348 -0.880547394 1.322488651 0.131289571 -0.265369568 -1.324371368 -0.582680082
13.314105997 -2.780897589 -38.021601318 0.844222423 0.300399107 -0.173526086 -0.408579948 -0.917908981 0.283754249 -1.047578594 0.665751983 -0.205911955 -0.783386433 0.230580302 -0.651039143 0.732782296 0.866082166 -0.246691243 -0.311856733 1.043483880 2.218652412 -0.735483042 -0.299708217 0.421394617 0.119978843 -0.911375609 0.901818720
20.505940699 -12.273113591 -47.202303122 -0.719171556 -0.608974537 0.237897122 0.235259954 0.027588392 -0.207184393 -0.556319728 0.744333863 0.050472161 -1.797537934 -0.531726111 -0.762226816 -2.183979423 0.874160672 -0.566808749 -0.195479738 0.463223934 -0.808251478 -0.267129362 -1.090021571 -0.858157876 1.048556197 -0.586648428 -1.820727288
13.169298856 -10.197517357 -48.592972891 0.485399039 0.149897632 0.847966975 0.151229898 -3.176074685 -0.072658656 -0.455978695 0.692196296 0.146843728 -1.100188790 1.180418694 1.849610141 -1.721635742 1.318917448 0.928493567 0.270347071 -2.037882032 -1.171767856 1.514595866 -1.209343159 0.224895485 0.132989494 -1.621961854 0.300011181
24.705728101 -10.445809831 -40.801550906 0.133587438 -0.116255126 0.207547640 -0.962061910 -0.186202741 -1.841249883 0.199481505 0.481054203 -1.831059078 1.521095337 -0.342390712 -0.497191406 -0.582437612 0.183712155 -1.306098475 -0.338873204 1.033219462 -2.122640863 -1.699726167 0.651507065 0.118428114 1.156950142 -0.401591579 0.221073662
23.334826622 -8.728491166 -45.801125023 0.244474800 0.775006813 0.559413761 -0.163256719 1.908146643 0.192744214 -0.948737494 1.212934813 0.627626549 -0.436512943 -0.076739428 0.795922910 0.010707494 -0.083742029 0.492735984 1.621708798 0.137741604 0.416906168 -0.837632982 -1.915450480 1.448386839 -0.872555872 -1.741241296 1.242677674
16.464657273 -14.287828393 -42.323555761 -0.469745844 -0.660052372 0.585121972 -0.036083033 -0.299448490 0.737013433 1.374576398 -1.539437314 -0.074124148 -0.214244416 -0.946927035 0.334289408 0.103479761 0.221458323 0.283515829 -0.358462209 0.133705800 -1.267873565 0.113582864 1.154705128 0.062775959 -1.442441355 1.252885281 0.835788092
19.682338753 -2.687322743 -41.870600270 -0.318808545 0.593547322 0.448872379 -0.587006197 1.478100069 0.982551779 0.805126665 0.319964763 0.721314527 0.315144784 1.675643790 -0.611917035 1.326724956 -0.069151712 0.441170729 0.687977918 -0.798680243 0.386911003 1.195368340 0.022622406 -0.281803821 -1.211893531 -0.153495461 2.245917552
12.965355880 -6.218514289 -47.678608591 0.709461331 -0.270662690 0.504071754 0.411482678 -1.943218680 -0.487700042 -1.952999726 -0.030539643 0.409819334 -0.079524510 0.130735753 -0.104925175 -1.484612456 0.083895551 -0.282794773 0.807805458 1.003517545 1.381240530 -2.060092030 -0.220014782 1.165565500 -1.756501072 -0.346703816 -1.343246136
21.320718431 -9.903803778 -44.169085477 -0.284202895 0.778729743 -0.045677716 -0.557424656 -0.285386140 0.644060646 -0.766011699 0.431321233 -0.426423647 1.638038566 -1.207418632 -2.380122842 0.797439007 0.240874654 -1.103193613 0.066763587 -1.507276450 1.099652780 -1.567510929 -0.427918231 0.758389794 -0.205260914 -1.087598301 0.024331188
20.247610580 -15.702919320 -44.607094128 -0.156548438 -0.447760926 -0.414932393 -0.776423756 -0.152979879 -0.261941026 -0.606338675 0.279337534 0.191651115 -2.041478387 0.066606928 -0.712861280 0.640768107 -0.843050842 0.429100549 -0.451644102 0.574993852 -0.048408854 0.878110958 0.775596221 0.715427606 -0.152222893 -0.617583451 -0.653133352
18.644372179 -12.701018593 -48.068315577 0.257385939 0.895523687 0.224912031 -0.284963828 1.195707417 1.065857516 -0.678871172 -1.011716088 -0.086807147 1.173640136 -0.034593441 0.050296731 -1.932162888 -0.654134862 -0.879897661 -0.633898162 -1.072301529 -0.247793694 -0.653905565 -0.435720323 -1.898196103 -0.398567652 0.635343679 -1.030154936
16.248061897 -12.254922880 -31.209479458 0.426112210 -0.244142317 -0.350506778 0.797475963 -0.948125302 -0.322023609 -0.331502958 -0.052913120 -0.324030064 0.044786871 1.771148753 0.218912952 -1.629170480 1.545943706 -0.801599315 0.237036931 -1.009988561 2.314412057 0.269602575 -0.821207156 0.484093449 0.601419883 -0.093425417 -1.068515644
18.889344510 -8.741647632 -43.857157863 0.517706096 -0.715369699 0.465239992 0.061468215 0.069782260 1.035807487 -0.845296432 -0.039230119 1.831321097 2.089582601 1.111234048 -0.391030080 -0.279891667 -1.110824698 -1.953892904 -2.420984098 -0.370214234 0.699867406 -0.651990508 -1.080847265 -0.177126041 0.256712318 -1.531262637 0.296723498
12.452224952 -12.509032068 -33.114855115 0.558528958 -0.162591816 0.506995023 0.636054519 -2.661154004 -1.027436409 -0.247882846 -0.773767446 0.599305015 -0.056508122 0.477088614 0.713018643 -1.309607462 -0.381050992 -0.720083652 0.623464427 1.875897236 -1.649215861 0.270296480 -0.741232440 0.640224860 0.664404087 1.240273706 0.231567244
20.399117727 -5.466121446 -46.321082056 0.870298533 0.234009660 0.157402696 0.403787486 0.258283170 0.824193131 -0.262923934 0.843945405 -0.527262017 -1.897990757 -0.120868048 0.613797689 -0.488596325 -1.225485836 -0.041746044 -1.508353127 -0.122028226 -0.741563598 -2.545503028 -0.777055764 0.243383894 0.831721612 1.969905283 2.013347500
8.668951742 -8.398745244 -35.095114815 -0.861897567 0.315864528 0.390380401 -0.070465068 -0.737415589 -0.143202553 1.342281054 1.290423551 0.533049677 1.052437641 -1.602545147 1.058150027 0.324746629 -1.948846229 -1.363161291 1.795425252 -0.227485840 -1.661797452 -0.935370671 0.424696194 0.086244425 -0.185639343 -0.943138993 -0.492521906
18.028674894 -15.787493967 -43.826735448 0.651132219 -0.625023838 0.424840962 -0.069872689 0.153962922 0.082292427 1.418559443 -0.313967290 0.135365852 -0.791171779 0.617763163 -1.295717851 -1.429889159 0.419080486 -0.578402157 -1.440762359 0.217486551 -1.138643974 1.039586944 -0.811355512 0.092744817 -1.036081908 0.402079907 -0.616705072
22.467055261 -9.802291256 -44.397625892 0.836567135 -0.446091287 0.205722303 0.242562004 -0.512937395 -1.122432410 0.573612979 -1.078633617 0.966516719 0.073573379 1.018129784 -0.357175051 -0.206603868 -0.060245754 0.286036205 -0.345414013 -0.972164916 -0.515633526 0.140707067 0.923558998 -0.215025758 -1.678964841 0.857571181 1.299270508
20.354098045 -1.674433370 -42.343492461 -0.485028448 0.518609392 0.620024656 -0.333708149 0.980906349 0.861198589 0.165408078 0.846028765 0.345911639 -0.596243001 -1.681286669 1.982540200 1.235502099 0.847463465 2.240827695 -0.992400940 1.070020064 0.753665290 0.373020666 0.068540656 -0.613016669 -0.853985897 -1.033534959 0.400889633
13.697066621 -8.751556422 -49.041117616 -0.699761098 -0.407906459 0.562295923 -0.166643396 -1.288100987 -1.043484865 -1.054035572 -1.744449341 1.465315755 0.122075366 -1.348028034 0.404491405 -1.078731070 0.918835978 1.013804078 -2.179524964 -0.641134759 0.682804173 -0.231331482 -1.106756995 0.070154880 -1.408710687 0.641028757 0.635549819
8.713237515 -7.928348676 -43.014956614 0.744182440 0.586608739 0.219033379 -0.232609248 -0.135637137 0.758575861 0.135043129 -0.149758352 -0.162923270 -0.030920565 1.443722299 -0.478975277 -1.315921225 -0.013842074 2.044511244 0.466058510 1.702223541 -0.201306379 -1.096545665 -0.010309091 -0.151529964 1.997774125 0.647065691 -0.651444582
20.817101097 -10.658758479 -34.223523028 -0.956609037 0.218595067 0.142721107 -0.129406461 0.467469749 -0.457850466 -0.059798516 -1.064664515 1.072114063 1.394814400 -1.072137635 0.380015594 0.817621063 -0.026690931 -0.555188433 -0.135007603 -0.806241442 -0.241365783 0.984208876 -0.100288374 -0.120259454 -1.611276047 0.413876749 1.287781369
25.588908250 -8.613174588 -37.497422919 -0.097395494 -0.311096960 0.852475790 0.408678145 0.355182625 -0.547713210 -0.379579043 0.997851267 -1.317104735 1.252524997 -0.258553833 -0.936459772 0.767984083 2.076738433 -0.030232670 1.544251501 -1.122279056 -0.128941765 0.145768945 0.266817686 0.022191389 -0.151961493 2.291609774 0.373192262
10.144472242 -3.886243174 -43.850420590 0.814481455 -0.483723936 0.050117332 -0.316416443 -0.582765673 0.689380738 -0.659359055 1.121325744 -1.021998597 -0.583311324 0.665237026 -1.282901108 -0.327480657 0.370241723 1.463429539 0.783934224 0.000313812 -0.522597017 -0.448132625 0.023478412 0.927325309 0.818217147 -1.019193467 0.004398433
21.605007247 -15.049439494 -34.724093061 0.720054763 -0.428301924 0.529084855 0.134713830 -0.220070385 -0.396846502 -0.821870709 -1.784829716 0.304681662 0.752608009 -0.577639243 -1.265860582 -0.307206656 1.083426239 -0.464796618 -0.568284949 1.727543494 -1.757172769 -0.132477094 1.771119390 -0.217009496 -0.380960878 -0.386544578 0.621154052
16.742022320 -12.194132338 -42.861749500 0.186231749 -0.216966187 -0.561556179 0.776465110 -0.034547581 -1.798430259 -0.180511453 -0.763234571 0.839791682 -0.360544963 0.395715391 1.007213799 -0.208489610 0.905599543 -0.913146137 0.587068854 -1.158439262 -1.102791350 0.869073880 -0.369323111 2.182726239 -0.290172807 -0.629406672 0.334087938
22.285474609 -12.209215694 -43.393221401 -0.312952215 0.102218149 0.148462579 0.932508029 -0.691748537 0.506612873 0.735794278 -1.389202624 0.853528467 0.571101628 -0.632184035 -0.798507547 0.475801431 0.389203031 -1.385515231 -0.212418905 -0.396228445 1.133314013 1.277821075 -0.378717588 -0.451391467 0.663629104 -0.394343203 0.866156663
8.309039899 -12.490193462 -40.516653723 0.744553244 -0.044972059 -0.546168282 0.381206228 -1.101331412 0.282938356 -0.249713219 -0.665015372 1.548476022 0.448364631 0.543493596 0.467488978 -0.252854497 -1.435174242 -0.573105837 0.447900840 0.314053856 -1.087026669 0.110022099 0.856004092 -2.762912633 2.009018316 0.166689711 -1.652775279
20.864146942 -7.397632100 -46.624493146 0.075500628 0.063380582 -0.404534315 -0.909194448 -0.220774616 -1.874197028 0.700425464 -0.920807420 -0.963756036 -0.771955351 -0.418389341 -0.004488144 0.017653744 0.907188419 -1.290389684 0.086991366 -0.570808774 0.908744449 0.751664387 1.236503444 -0.343269863 -0.891683423 -0.506242399 -1.295884018
22.002319731 -13.256608659 -38.542989110 -0.893525783 -0.296995316 -0.316267820 -0.115672485 0.089383755 -0.854037582 -0.506741248 0.350713924 -0.844409611 -0.430708870 -0.047534192 -0.328748482 0.148252555 -1.834120883 -1.279601864 1.626140372 -0.219442253 -1.595867038 0.481463209 1.422422988 0.020862694 -0.307853240 -0.695683060 -0.678384938
21.744759201 -8.000801437 -42.476454126 -0.613777968 -0.043978593 -0.778305818 0.124830058 0.642407273 1.148718111 -0.123235372 -0.099687065 0.227266447 1.039087661 0.473086336 -0.646697635 0.465989096 0.537919038 -0.326717666 0.376579324 0.072812386 -0.116011670 -1.119683109 1.334290864 0.032333692 -0.207196973 -1.150758687 -1.271817758
14.164852089 -11.117969376 -40.840050647 0.288323007 0.144688489 0.274295404 -0.905923350 0.307021557 -0.892472208 0.070820182 0.964197142 1.342716048 -0.037478977 -1.241023824 -0.047034424 1.818364339 0.780113655 -1.133991984 0.760175934 1.654659385 1.864124185 0.113550354 -0.078377760 0.714646177 0.068744877 1.523024317 0.442539300
18.213577709 -3.445360958 -47.445788887 -0.294559538 -0.483735751 -0.767278710 0.300861733 -0.857753233 0.647029022 1.113653287 0.937615040 1.522912501 0.366660970 -2.468742962 -1.149245702 0.251977047 0.720833395 0.674912337 -0.054959265 1.157446196 -1.830183454 -0.181493982 0.555107156 0.322563901 -0.337380155 1.321388116 0.331384210
24.257162686 -6.329831752 -43.214266249 -0.922290946 -0.297388099 0.066523633 0.237727438 0.246945316 1.910857703 0.919674568 -1.383657954 -0.279451872 0.107834187 -0.453691829 0.334213411 0.217226958 0.672972982 0.091723076 -0.252981430 -0.323192206 0.599706196 -1.030687793 -2.070421000 -0.958332626 0.080843297 -0.674734647 0.274568998
26.367464592 -10.707150896 -39.091474840 -0.373270549 -0.669358296 0.578330688 -0.279575007 0.953671128 0.714058014 -0.015787104 0.962885042 -0.173820814 -0.300771494 1.852974510 0.174650455 3.406058923 -2.306003309 -0.785124556 -0.141345052 -1.301903824 0.263773382 1.220773784 1.117500450 -1.074464099 1.805376421 0.837723630 0.040684184
20.934081651 -13.512021784 -45.053118547 0.081061299 0.451310507 0.817920241 0.347497297 -0.951310894 -0.709597837 1.141398982 -0.155004294 -0.531281502 0.469669996 1.121935265 -1.247584002 0.457878603 0.288783801 -0.028460134 -0.412002954 -0.602489909 -0.578840329 -0.530029760 -0.685230891 1.201414612 -1.006624767 -0.101274599 1.653910938
16.623042436 -5.852254625 -38.712458039 0.185478550 -0.124502068 0.749575275 -0.623084144 0.571201344 0.819993411 -0.624661256 1.316376640 0.781241114 -1.533421138 0.130147241 -0.618825214 -0.418861161 -0.637402377 0.091743144 0.464933995 -1.695461827 -0.651144030 0.601998788 0.597731399 -1.530587181 -1.854152263 -0.135867681 1.365515156
16.848355878 -10.946046590 -31.755097278 0.835856127 -0.511807965 -0.105139955 0.168352998 -0.351055567 1.279598778 -0.586587937 0.014903602 1.689588028 -1.227763916 -0.065784307 -0.155889151 0.735875029 0.609529214 -1.463934080 -0.017638530 -0.179513519 0.373007136 0.627055522 0.813800058 -0.362288970 0.383028809 1.085223361 1.296165749
13.323129595 -5.908122156 -43.813380741 -0.356793621 -0.134951053 -0.376905004 -0.844055178 -1.063172088 -0.257897934 -0.712069900 0.237496944 2.297012208 -0.196737631 0.648303161 0.581331539 -0.075282298 0.341068009 -0.798296727 0.032686339 0.832568819 0.841569775 1.362998240 0.869463700 0.204160389 -0.013011630 -0.862150851 -0.621773476
9.434282343 -8.783844362 -46.354850162 0.217956198 0.094987320 -0.187876868 -0.952982050 0.435625767 -0.140430696 -0.856161490 0.078726182 0.947551445 0.659074320 -0.432168646 -0.097401943 -1.446726663 1.595329910 -0.485436947 -0.819798749 -0.268802470 -1.600586873 -0.030092912 0.164644404 -1.555772527 -0.913785075 0.228104790 -0.112168986
15.371444308 -18.963536332 -40.887650532 -0.158925082 -0.772231574 0.160956841 0.593712144 -0.946417529 -0.443746102 -1.113290361 0.276670659 0.560869417 -0.032710819 -1.345858318 -0.836526082 0.417872023 1.176463519 0.734845070 2.168244105 0.190016532 -0.754363598 1.431258825 1.905483399 -0.634807520 0.511977409 -1.042656497 0.040103788
16.660426184 -4.457152277 -38.918536767 -0.189104143 -0.791701302 -0.543460557 -0.205181129 -1.089449281 -1.076038691 -0.328815309 -0.367779664 -1.051516516 0.653435434 1.319274735 0.721967986 0.027066512 0.225346509 -0.387006850 1.360112271 0.125596173 0.195251474 -1.671004341 -0.562489198 0.169712441 -1.051658418 -1.046419252 1.469549514
11.460151956 -14.122302648 -35.904815427 -0.432338568 0.791119064 0.180493873 -0.393237778 0.600729037 0.382103116 -0.616967113 0.132415236 -1.365091377 -0.052959319 -0.552799595 2.179850581 0.717601748 -0.364100071 0.897427592 0.201633133 0.931902029 -1.466061312 -0.010231043 1.484138242 0.059841128 -1.289215140 0.821062421 0.976065610
16.785264761 -15.346428696 -44.839558365 -0.847795774 -0.217183474 -0.366377862 -0.315976149 -0.211608376 -0.533173169 -0.785127663 -1.115568934 -2.481603945 1.262573973 0.083544556 -0.181180233 -0.524115117 0.516750060 -0.844931618 0.528621797 -1.038446829 0.397172731 0.070979313 0.382130429 -1.134115293 0.054656470 -0.672749117 -1.227400522
19.612499400 -15.523233751 -42.131303335 0.593824408 0.112527567 0.789070668 0.109898135 -1.560406744 -0.754011929 0.595059555 1.297578518 1.030432311 0.800176645 -1.066197423 0.080999383 -1.171138968 -2.043160961 1.542257404 -1.175951344 -0.956015109 0.905823436 0.512227226 1.010011534 1.720194036 -0.447371522 -1.406482057 -1.620598841
10.854844268 -2.287754130 -38.192195555 -0.067927313 0.009574178 -0.699994315 0.710846098 -0.157595211 -0.368665123 -1.611282411 0.097883856 0.988114355 1.322888231 -0.347899538 -1.112212533 0.391550209 0.937293276 0.422363187 0.768544816 -1.078178481 -0.926137126 -1.346924688 -0.047091374 -1.188283400 0.338624589 -0.535714640 0.789379266
23.419444302 -15.620416282 -35.821364969 0.368334210 0.827553131 -0.214502101 0.365341721 1.258984677 1.522581001 -0.606654975 0.773565240 -0.381102524 0.140566531 -0.165021850 -0.687265008 -0.819310948 -0.421497788 0.964935415 0.318640379 -0.946655194 0.202812636 0.298023018 -0.550074349 -2.281293366 2.211878072 0.094260789 -1.136921058
16.189858532 -11.085554224 -34.679595026 -0.014900055 0.328022319 0.214531559 0.919867141 -0.135841555 -0.325564448 0.320043031 -0.204193931 1.584041872 -0.521524425 -1.157834623 -0.628850256 0.996722922 -1.258701362 0.322996629 -0.276891243 -0.177368697 1.087024108 0.305915601 -0.893929255 0.332355368 1.421026683 -0.550548577 0.374260308
14.292169051 -11.966284854 -41.869374523 0.376743253 -0.255882498 -0.512196371 0.728178238 -0.212841761 -0.278859889 1.070439703 -0.092049953 -1.181602022 0.523112264 1.303218446 -2.207793353 1.141730649 0.947420552 -0.203456595 -0.374823854 0.664044136 -0.528659049 0.705387245 0.778738146 -1.710118359 -1.730399717 -0.951389542 1.011859381
18.196213687 -15.011206302 -47.556999140 -0.640282945 0.655306484 0.220414049 -0.334707050 -1.029548838 -0.017702513 0.947168807 0.085532806 -0.611005480 -1.592135373 1.137567408 0.251691157 -0.577391027 -1.715499328 0.235205238 0.424500372 0.034611113 -0.738429471 -0.499018697 -0.682111673 -1.831844589 0.527012262 -1.920419745 -0.315121132
17.615734507 -6.595622238 -32.960135454 0.289285170 0.189658243 -0.895263490 -0.280797301 1.831128208 0.009006857 1.368740280 -0.327273188 1.431072920 -0.709497096 -1.363972328 -0.061776219 1.712921135 -1.142697296 -1.226147281 0.074981180 -0.074899751 -1.370724445 0.451102589 -0.716568527 -1.771733167 0.324936676 -0.538408725 0.320599770
13.463352601 -7.129812245 -41.373660509 0.246724325 -0.746160301 0.557511367 0.267493902 -0.643370163 -1.864132868 0.456556264 0.007149047 1.367148689 0.220411546 -1.696964682 -0.771965266 1.098487399 -0.187288913 -0.380667529 0.902801492 -0.046037366 0.920348835 -0.826008981 0.957985764 0.985661347 1.038924604 -1.902592351 0.756306727
20.848316519 -10.676014875 -41.010624917 -0.179656842 -0.279943843 0.924641486 0.185453459 -1.333176478 -1.273411593 -0.415203017 -1.131012066 -1.967705645 0.255909947 -0.101713162 -1.879540877 -0.087600791 0.323129808 0.327079076 1.289441576 -0.708797887 1.961341297 0.071534285 -0.255557500 0.124948578 0.146912270 0.622550750 3.239877820
20.800553458 -7.407871701 -39.652858651 0.326954460 0.197648046 -0.505175374 0.773843571 0.361819951 -0.632062079 -1.370617078 -1.214101109 0.701649780 0.556909263 -0.019139458 -0.730091377 -0.534239940 -1.660238837 1.277585892 -0.338469915 1.226144010 -0.553448855 0.175026698 0.303372780 -0.334766309 -0.693755268 -0.009263489 -0.624791028
19.690166136 -4.541307210 -47.628130771 0.017690470 -0.046195062 0.997624664 0.047938422 -0.445001210 1.316364616 1.367037002 -0.672965609 0.563247815 0.517856587 -0.520621803 -1.616278500 0.230235024 -0.453772385 -0.386730338 0.711642096 0.807911376 0.414131122 0.663478375 0.527209770 -0.083233370 -0.404766895 0.773363641 -0.032046221
8.474946002 -14.187958629 -42.047034618 0.870843718 0.270221813 -0.301944427 -0.278282148 1.271308251 1.847940194 -0.834146276 -0.556142609 -0.472958132 -1.907552114 0.078103397 0.310030496 -0.035626839 -2.016603823 -0.684279415 -0.133631950 0.505478488 -0.125042417 0.643595809 -0.598014755 -1.255784446 -0.468799309 -0.200775817 0.811092363
14.831895347 -3.510572346 -34.557481538 -0.092658477 0.368867001 -0.067578485 0.922379906 -0.490725579 -1.383106462 -2.199299021 0.282924661 -0.208693949 -2.394496167 0.301064200 0.546250386 -0.842693660 -1.522781515 0.666866242 -0.120580001 -0.649412048 0.025401030 -2.305585564 1.052534949 -0.146900073 -0.257953934 0.768765269 0.677986559
22.469492572 -6.934430741 -40.310555133 -0.185401725 -0.362086773 0.802605862 -0.436283394 0.159309379 -0.878330984 0.613584514 1.126985541 0.384240138 -0.374839889 -0.855389785 -0.472229733 0.968545335 0.142292581 0.007686447 0.831784156 1.701349814 -0.241955268 -0.335534320 -0.367275814 1.160182738 -1.528155512 -0.036608143 -0.239006807
15.091392175 -8.144265347 -37.068993823 -0.413845250 0.146494254 -0.145021680 -0.886701897 -0.481366234 -0.042965905 0.822206465 -1.098166351 2.328076553 -1.305976875 0.377830241 1.727919910 -0.390088161 -0.163355021 -0.218718484 0.068576595 -0.701750127 -1.890080963 0.446958080 0.772946208 0.071045045 -0.999084149 1.060338155 -0.201781023
26.394998236 -12.511574309 -40.474388115 -0.645648279 -0.445871674 0.619630040 -0.019883748 1.290058271 0.486002306 0.346174061 0.972711010 -1.778432884 0.950253992 0.387830531 1.904604018 0.628585195 -0.669251031 0.556734073 0.594623736 1.274924444 -0.327750914 -0.641861636 -1.529474056 1.866339682 0.607359216 -0.432429095 0.174882989
20.764787992 -13.686886377 -45.458447380 0.369358010 -0.018913708 0.646765909 -0.667016335 0.799887424 -2.528832756 -2.067158887 -0.039437302 0.311123897 -0.131319365 -1.099930535 -0.829166061 0.414486058 0.177011781 1.198533855 0.367528987 0.944255906 1.472424599 -1.200456154 0.385160396 0.202330301 -0.532514296 0.810291355 -0.013828105
18.253867167 -15.145961226 -42.677214422 0.194326663 -0.295523345 -0.162789518 0.921087766 -3.229577543 0.516178792 -0.956220331 -0.139459503 -0.420847922 0.698453643 -1.336933231 -0.011006969 -1.120915387 -1.318509042 -0.100714807 -0.222211300 1.181119219 0.558158952 0.580233830 0.620247353 -0.808434250 -1.628052076 0.251517798 -0.396841747
22.498444265 -2.968186273 -36.881327279 -0.534092599 -0.220341032 -0.336164136 -0.743766495 -0.760117324 0.175364471 0.090586479 0.304313061 0.251342694 0.471462148 0.601414912 -0.393812715 0.884499509 0.478142896 -1.902276867 -1.015127059 -1.352056786 -2.137697062 -0.187853757 -0.611727625 -0.273868804 -0.705444897 -0.896261126 0.735100094
21.249986823 -9.537386346 -33.546922920 -0.462688130 0.478168492 -0.460495501 -0.587552960 -1.979232153 -0.878029763 1.462283984 1.099520511 -1.161256086 0.096326204 -0.333575753 -1.307926457 -0.622898242 0.155242566 0.255162329 -0.629337338 -0.234860005 -1.331687935 -1.623563560 -0.273330878 1.393881357 0.657443649 0.019608736 -0.861816203
19.188158255 -7.162060019 -34.765306049 -0.426441181 -0.241657663 -0.410630812 -0.768850980 -1.527216572 1.168840912 -0.570559528 1.097760409 0.569954058 -1.222509286 1.650717945 -0.053847672 1.212287150 0.558044038 -2.207222517 -0.591716172 0.068061762 1.090391240 1.275875069 -0.352517833 1.036013673 1.045263355 -1.482272802 0.369021454
18.942134662 -9.207846685 -41.348946536 -0.159385664 0.429210609 0.017480994 0.888858188 1.337706710 1.081130169 0.804467210 0.454254342 -0.059276709 1.200883447 1.591533109 -0.964791588 -0.236943349 0.473164456 0.116109701 0.433450283 0.082998499 0.230644851 0.335748614 -0.777723850 0.707033326 1.340988459 -0.013876712 -0.687715616
14.835513162 -17.330136777 -43.758805535 -0.441093962 -0.827613380 -0.291193502 0.188940610 0.280593247 1.786306345 -0.428262567 -0.694092352 -2.267633283 -0.288785327 -0.811791689 -0.794877669 1.990669169 -0.957860970 0.582803102 0.772012132 0.309100892 0.538997677 0.763394895 0.021564308 1.571417488 2.161094328 -0.246131709 1.131449366
13.526128698 -1.076833757 -38.408912158 0.421049711 0.080590780 -0.043422046 0.902406113 2.153142746 -0.313880681 -0.513820373 -0.185028668 -0.103794615 2.374013370 -1.267232046 -1.164924970 -0.165138451 0.060131113 -0.714689039 -1.450924807 -0.624204160 1.605202534 0.978835528 0.055846886 0.096572682 0.225775998 -0.112873936 2.317546932
15.995862628 -13.591569374 -37.870604938 0.206705347 -0.661592171 0.653969527 0.303137852 -0.026101706 1.063703054 1.123142495 -0.238445759 -0.308401582 2.005912609 -0.209618367 0.362884119 0.347992532 -0.483491235 -1.349360989 -0.989872127 -0.967781319 -0.778665320 1.046122016 0.880452950 -1.038301120 1.714068498 -0.364527639 -0.419306403
23.987636153 -14.569300455 -41.875196209 -0.012344007 -0.665847861 -0.742878150 -0.068016956 -0.753121955 0.058671090 0.593214869 -0.048503588 1.464712724 0.233874598 0.165070698 0.981965464 0.094349996 0.485221137 -0.413449369 -0.169053432 -1.022670803 -2.172795495 -0.003821721 1.017887628 1.310922266 0.175636157 -0.874967684 0.623839675
13.237388911 -12.804068156 -31.542308534 0.241416771 0.554890872 0.700127176 -0.378993404 1.394694538 0.236698674 0.571063185 -0.642253026 -0.838742171 -1.457436871 1.194855697 -0.214758678 0.459860039 0.520325166 1.648352424 -0.347637932 1.831982673 -1.647736316 1.166966543 -1.476563074 0.606790566 0.569156010 -0.633646736 -0.002146235
10.241519770 -6.197366330 -36.610779192 0.345002092 0.886594066 0.153791422 0.266969506 -0.662900643 1.187879691 1.425679538 0.162874203 -0.250521296 0.751888470 0.064574384 0.715145295 -0.292105979 -0.036128525 -0.075399636 0.551165002 -0.089291980 0.152088631 -0.262669446 -0.760448364 -0.177958547 -0.903507730 -1.512105019 -0.102257315
23.520323282 -6.511670749 -41.125484249 -0.626738818 -0.360299314 0.588516071 -0.361983000 -0.029143290 1.968752638 -0.001431103 -1.627347221 1.916611534 -1.447224310 0.439143187 -0.410599458 -0.999306343 0.996756362 1.264449305 0.140154488 -0.492243616 -0.067632458 1.231613850 1.678356375 -1.355366711 0.540610669 0.230866537 2.133726902
23.719951929 -15.357376173 -40.856248657 0.316985215 -0.061021231 -0.484141624 -0.813267281 -0.149438069 0.044948827 0.002618235 -0.374496796 -1.959360885 0.185606112 0.540746866 2.112049892 0.101312362 0.206235763 0.429175169 0.617265823 0.274293659 -1.153755950 -0.973534666 1.858949588 -0.344320555 0.067466090 -0.714627900 0.057361930
15.034696198 -15.376707555 -38.348419185 0.755362823 0.008610612 -0.598155898 -0.267511465 -1.146347920 2.080278655 -0.189229172 0.279982265 1.680086841 1.334936649 -1.086205212 -0.817747611 1.105362319 2.585852049 -1.763119546 0.199381248 0.971852207 -0.039196854 -0.207737535 0.103337398 0.078721020 -0.172427608 -0.506253092 0.657241752
12.979075497 -5.688251104 -40.987151306 -0.247768258 0.876819877 -0.402169661 -0.089762789 1.230708952 0.552491267 0.024874833 0.841512553 0.064130174 -1.250274739 -0.679581444 -1.565950903 0.293680335 -1.905775897 -0.619033737 2.106025754 -1.673912419 -2.168030220 1.060090308 -0.737365692 -0.468218170 0.608106742 0.452430901 1.632990041
18.799175444 -4.586334510 -36.052982711 0.819149814 -0.088247888 0.516220875 -0.233927129 0.287790008 0.208919453 -0.631604479 -0.203642487 -1.844767228 -1.918068176 -0.036653695 0.528158803 -0.965962462 -1.945948010 0.131281045 -0.118725233 -0.740381595 1.591749009 -0.878956919 0.487715606 -0.727017066 0.408489193 -2.353868801 -1.724788350
11.739438091 -13.438747236 -46.654780976 -0.339321918 -0.331471038 0.655173142 -0.587992976 -0.214631476 -0.944578439 -0.322991418 1.380004676 0.193718611 0.832334531 -1.554965872 -0.432639903 -0.808620234 0.390772923 1.553992787 -0.609392241 -0.305033036 0.497995603 -1.161422525 0.677678918 -1.526678595 -0.856449155 -0.963372320 0.168026474
14.506932341 -7.323771278 -41.391074336 0.229881026 0.120537599 -0.329949778 -0.907611450 1.318218638 2.755044791 1.119012622 0.824938282 -0.267161541 -0.279036490 -1.053114488 -0.951760741 -0.367855030 -0.572263773 0.827174860 -1.322407431 1.256915212 0.674482842 -1.686542939 0.611928687 -0.167307815 0.058290279 -0.379709637 0.545171218
11.834631915 -9.328964400 -42.346156809 0.218320115 -0.843340351 -0.484183250 0.081731028 0.766055006 0.131084027 -0.834246355 -0.707350499 0.895340500 -0.440249308 -0.285594192 -0.278785055 0.654745939 1.201005114 0.036102476 0.283709952 2.591799856 0.131072291 -1.013059395 -0.087703632 0.628459066 -0.075926535 1.782963050 0.253841876
14.869572920 -12.926026119 -44.043067763 -0.449100120 0.816274439 0.232563105 -0.279140688 0.470917033 -1.009873259 -2.589394682 0.464744124 1.046803090 -1.158588823 -0.324717799 -1.101569712 -0.733100364 -0.768718075 0.326381352 0.089056543 -0.411434922 1.164510992 -0.022033656 0.443650376 0.908174031 -0.818110118 1.902556792 0.497176013
11.491991222 -11.541100760 -40.455697383 0.412169927 0.062512900 -0.265358887 0.869363417 -0.270375781 -0.651460537 0.574745580 -0.882940000 -0.250043607 3.188716602 0.079596110 -0.222097684 0.503688392 1.125557226 -2.238923693 -1.316442264 -2.432798570 -0.855711534 -2.496754739 0.727019723 -0.602127900 0.265161491 0.924923639 -0.815386913
19.031039035 -2.105196918 -36.164595619 0.698498201 -0.305778292 0.637465382 -0.110624527 0.965932553 -0.388814107 0.324387051 1.124269456 -2.898575285 0.846351963 1.586050384 -1.417901387 1.226809339 -0.795340774 -1.384059288 -0.840009084 1.041112590 0.002905978 1.563445327 1.030006553 -0.295410599 1.268246572 1.270457777 0.570726315
10.175247847 -8.044773679 -38.598567275 0.469087411 0.813811234 -0.140444820 -0.312959308 -0.852670581 -0.367757128 0.083536533 -0.421559869 0.946994862 0.059447741 0.228495001 0.083023870 0.252129161 -0.894960610 0.690957030 0.412111864 0.264615286 -0.310838159 -0.289348795 -0.134779449 -0.921892904 -0.191127185 -1.832547942 0.362206009
22.597385042 -13.279567605 -39.289147067 -0.035487382 -0.514148527 0.856950088 -0.005337065 -0.418540455 0.303323845 -0.276576903 0.352081996 -0.398778735 0.668388895 0.273007407 -2.140241384 0.929250166 0.447572553 0.412505328 -0.659329810 -0.353805799 -0.601893494 -0.757703559 0.327856875 0.030552016 1.039189703 -0.867756580 0.267788334
11.796852181 -8.917821962 -38.607367127 0.061661208 0.710337130 -0.054312553 -0.699048785 1.553095866 -0.400319912 -0.401284664 0.962688626 -0.835709955 -0.223028981 0.262839522 0.707116519 1.015564312 0.765207577 0.630858225 0.594055733 0.356199389 0.294014209 -0.993055550 0.770632524 0.359429510 -1.121927952 -1.251475637 0.995942711
15.188220832 -8.090883573 -36.977289777 -0.266853177 -0.939807999 -0.174112445 0.123430807 1.899071691 -0.055941832 -1.331608042 -0.115600724 -0.918231450 0.284132251 -0.664835551 1.868067564 -0.887587319 -0.046534737 -0.960656809 1.192062248 -1.360836282 0.454735816 0.553063453 -0.047694801 -1.065922871 -2.097150736 2.148400813 1.121436263
8.864988037 -7.122347055 -44.169290004 0.614947173 0.179488192 0.408326967 0.650302277 -0.292946571 -0.260232496 -0.705358843 1.514241698 -0.464272336 -0.543984290 -1.025931389 -0.375252794 -2.206656796 -2.220368729 -0.946202224 -0.704621460 -0.775958170 -0.120232449 -0.970225615 -0.244722297 0.540920392 -0.130166184 -1.402089836 0.294146860
20.743934577 -2.971762005 -45.070117005 -0.118209309 0.979555369 -0.131305389 0.096211923 -0.053431320 -2.296646806 0.232490415 0.324797945 -0.775459388 -1.689837484 0.285169040 -0.059652735 0.544753088 -0.430655138 0.161117402 -0.068743112 -0.429956173 1.129767580 1.094912574 -1.318696602 1.085941435 1.393754315 1.281191449 0.103437147
22.160111893 -11.488565002 -37.403105542 0.014391297 -0.446160096 -0.231038096 -0.864497228 0.548697884 0.416535557 0.020273022 0.556186095 -0.992773979 1.216402603 0.082264327 -0.367742348 -0.111791305 0.956966262 0.137012717 -0.080157722 0.634005194 0.464731945 0.346048526 3.019135340 -0.551846424 3.409475316 0.675406996 0.089589185
21.024298998 -9.171054650 -31.073672996 0.492226576 0.165251169 -0.419672069 -0.744500103 0.397354069 -0.708234118 1.229898040 0.412165840 -0.528212051 0.070792603 -0.629400977 0.807004507 0.096088526 -1.075927573 -0.087865209 -0.369828615 0.058615450 0.934998333 0.625552708 1.740171249 -0.451044397 1.918110435 -0.661994167 0.095195951
14.268860444 -7.014517233 -48.955907090 -0.024963760 -0.129980394 0.105275771 0.985595718 1.136976208 1.707716331 -1.610194284 1.234907934 -0.464479223 1.359246033 0.260753518 0.945814653 0.138594236 0.597382403 -0.075066960 -0.419470656 -0.698826676 1.321820216 0.083959474 0.083635287 1.059590747 1.474445131 -1.093861363 -0.267817367
16.265049094 -17.404381005 -38.171317208 0.865366636 0.432428962 -0.207329459 -0.145465714 -1.649114647 -0.364287619 1.461679895 0.496922535 0.777541210 -0.336245224 -0.344952825 -0.612645342 -0.717567880 -1.208387839 0.310690854 -0.955200293 1.376564081 -0.682092107 -0.295305730 1.093878699 1.507313588 0.435469637 -0.309134534 -1.445583327
9.351830701 -8.896144074 -36.598450507 0.727719249 -0.031200259 0.169930056 -0.663758251 -0.272633031 -0.545047397 -1.230607868 -1.424603872 1.066990250 2.090996166 -0.620397567 0.140485196 -1.033651475 -1.632310301 1.058313628 0.587215089 -0.084341430 0.501211437 -0.915730659 -0.258423756 0.491923575 -0.490223366 0.463280402 0.388258526
11.149488532 -3.413109980 -44.622651281 0.844985527 -0.323397123 -0.177725506 -0.387075451 -1.563077522 -0.541580173 -0.791742838 -0.166496694 -0.908757683 -0.851426953 1.603398391 -1.012431950 0.763696966 1.984604368 0.335308053 -0.208973767 0.069994198 0.159964362 -0.174794025 0.428222736 -0.863984865 -0.340116301 -0.554723911 0.612465690
20.793368283 -7.629084109 -47.569810011 0.151936244 0.507972194 -0.114279879 0.840130785 1.446797096 -0.202972039 0.860466756 0.768536182 0.238153842 2.233545121 -1.046309429 0.591001528 -0.437539518 -0.383743464 0.298779575 -0.645031458 -0.663051265 1.024156264 -0.718939710 -0.397770879 -0.027902617 -0.788212456 -0.343115320 2.327266697
10.623905006 -12.162449386 -37.347556972 -0.654987933 -0.339207498 -0.253147358 0.625975636 -0.110777910 0.888973887 0.002358523 -1.531979973 0.711195509 -0.481274105 -0.218757821 -0.142228474 -0.965892964 -0.566550154 -0.892997963 -0.106358506 -1.673684229 -1.310258582 1.582750870 1.665057498 -1.260340416 -0.250675185 1.088173659 0.687394844
12.209677788 -3.160713161 -40.546276569 -0.177846773 -0.765741597 0.252263202 0.564246054 -1.624793033 1.195736399 1.289163967 -0.121759673 -1.956302400 1.478532783 -0.304574273 -0.549488283 0.142388279 0.720659217 0.815480170 -0.073259468 0.458056413 -0.547321830 -2.341213637 1.409236684 -0.340964946 0.795516374 -1.448045945 1.381528667
12.850801485 -6.604682771 -38.146915103 -0.370626409 -0.227994840 0.835822183 -0.334747213 -0.438928321 -0.669042112 -0.381172181 -0.601219265 0.777077092 -0.252688739 0.153842016 -2.114289911 0.918333776 0.583869589 -0.025574268 -0.084990944 0.374705629 0.750243551 -1.305447102 1.895498510 0.886241021 0.315009381 -0.955570580 0.016587225
16.643724959 -7.206613534 -48.047132793 0.810831537 0.547871277 0.100051339 -0.179941690 -1.100554102 1.145855967 -0.760244020 -1.422118469 -0.342238964 -2.393335668 -2.685011603 1.290585662 -0.217167938 0.981669234 0.736486902 1.351683033 -1.792521492 -0.513456343 -0.283830742 -0.834449628 -0.085320273 0.254417740 1.400928916 -0.408455771
10.192452425 -10.335217244 -36.529262853 -0.212236935 0.152111127 0.472868464 -0.841553982 -0.311046603 1.446712729 -1.008383361 1.681400612 0.359713416 -0.535791624 0.645243239 -2.424716288 1.510099261 1.042390469 -0.953673311 0.196667596 -1.421302604 -1.554977030 1.311334584 -0.245931948 0.112924180 -0.033195122 -2.653829837 2.380098848
24.961701993 -10.808257523 -37.836325838 -0.664287456 -0.549843875 0.241035473 -0.445304154 1.047412948 1.098222709 -0.423183448 -0.051713991 -0.313083165 1.186060857 -0.706866371 2.630304057 0.236613323 0.996146915 0.646658746 -0.388491605 -0.842376991 1.847394522 -0.764512488 -2.610159083 -0.769983660 -1.082237743 -1.057802743 0.176797611
22.095796168 -11.295280234 -31.986328891 0.234471073 0.897332939 0.086291218 -0.363827896 -0.981729317 1.433017178 0.385720449 -0.409632863 0.968751594 0.084055759 0.638403506 1.136356879 -0.055587123 -0.072866720 0.256219430 1.851434754 -0.470233054 -1.570561200 1.809012041 -0.523509331 1.143721711 0.339594533 -1.465822859 -0.191701421
22.812556027 -17.388413404 -42.083009324 -0.111912474 -0.239827175 -0.096160919 0.959537181 -0.333007123 -0.608129209 2.387400436 1.314344480 0.880303878 1.133970783 -1.392302346 -1.083415432 -0.072168317 0.703790404 0.880246659 -1.917693721 0.824885419 -0.165582905 1.682207796 -0.170515551 -0.318665753 1.187240642 0.352540869 0.341437223
16.813634453 -2.659548544 -44.744328080 0.216372843 -0.397588653 -0.156424702 0.877859538 -0.052163192 0.918203287 -2.191340550 -0.405499466 -1.505951134 1.188008502 -0.513068518 -1.263970872 1.170510440 0.069874619 -1.154051515 0.498688197 1.902729900 -1.127915441 1.446669328 -0.356892750 0.182276777 -0.761267356 -0.605475005 -1.324772472
12.342697008 -12.344008804 -33.338617138 -0.805192173 -0.015331616 0.519561113 0.285458852 -1.204134924 2.198570195 1.563580780 0.541090950 1.165678435 -0.872278726 -1.106280632 -0.040025778 -0.904114089 -0.595082876 -1.017484357 0.934066106 1.276671990 -0.384839630 1.392414162 -0.722816866 0.561966561 -1.306024076 -0.500695344 -0.317072320
14.345150183 -7.571171639 -40.705599546 -0.403672599 0.752197701 0.333553476 0.399986413 -0.063349374 0.231484367 1.037522087 0.127923885 -0.659094003 0.395423609 0.332739641 1.226197185 -0.752909353 -0.076088046 2.169026048 -0.976044697 0.523264951 0.162305203 0.170752507 -0.007798318 -0.787347204 0.008458056 1.350526914 0.175410008
14.141627397 -4.525281854 -42.265243464 -0.119920543 -0.189631283 0.444032631 -0.867464156 0.208092963 -0.897645703 -0.836592747 -0.302396038 -1.186478631 -2.076240439 -0.732606233 -0.792853910 -1.908096764 0.044232816 0.344588186 -0.327418326 2.308147574 0.032595304 0.483352232 -0.956774861 -0.780605713 0.307760471 0.447863551 -0.419496688
15.954515755 -8.724009575 -36.210903063 -0.004908749 -0.600486870 -0.731703990 0.322491386 -0.674691243 0.580407084 -0.046706759 -0.028990659 1.607283148 -1.528194375 -0.532149425 -0.826420559 2.069670100 0.739432843 0.590181985 -0.909673445 1.195460163 -0.964527429 -0.005202742 0.083458955 1.058397135 -1.555406428 -0.679064288 -1.677711852
16.516777071 -13.052298121 -45.580217951 -0.867534653 -0.022672154 0.492161808 -0.068164170 -1.472337849 -0.120870264 -0.812132840 0.403788269 -1.022841937 -0.923410128 0.483244576 0.847358298 0.883341651 -1.219814028 -0.463533502 -0.775455138 0.952000239 0.684798938 -0.427724151 1.052394656 0.269138029 -0.605464591 -0.650915228 -0.219179307
15.121081561 -15.047346052 -34.625997960 0.602569537 0.037980278 -0.575750905 0.551342314 -0.371751485 0.878766267 -1.274962920 -0.533946477 3.397348640 -2.212575638 0.106380840 -0.940102850 -0.039917616 0.491784661 -0.587320905 0.774839199 1.027479228 2.259038527 -0.850976788 -0.289464260 0.353103422 0.768335551 -0.374297902 0.984673999
19.486883274 -9.876096651 -49.217331248 0.638121011 -0.769544367 0.011420549 -0.021739652 0.775097543 -0.759724932 0.519050151 1.121187107 0.176760528 -0.524055431 0.889668965 1.043625208 0.311234796 -0.329899291 -0.260801053 -1.151244500 0.634880358 1.309489383 1.389373214 -0.273911318 0.641911612 -0.254753326 0.662844242 -0.420718370
13.312424249 -1.792986281 -40.870278231 0.259421292 -0.266840993 0.461750211 -0.805160369 0.212477796 0.972150073 -1.777177947 0.344292280 -0.536886665 -1.070796260 1.232926285 -0.942575720 0.339210046 -0.275854941 0.335055595 0.965130408 0.637119551 0.617444255 -0.353920964 -0.281204472 -0.057926130 -0.280184281 0.088919292 1.561624617
15.569602211 -17.863851367 -44.570807449 0.632508065 0.638727420 -0.368363783 0.237210777 -0.227557546 0.302453026 -2.070708265 -0.490738221 -0.206743615 -0.076698694 -0.322314239 0.062996884 -0.835702205 1.189147163 1.082584530 1.742627268 -1.146317822 0.842642292 0.774708584 0.584414666 0.924766246 0.258484057 -0.638345017 2.183804613
13.812881250 -11.006445923 -40.912367725 -0.299124668 -0.630700972 -0.028985577 -0.715472259 1.212218048 0.879709638 0.218113884 0.732066463 -1.401616219 1.778691542 -0.638456535 -2.142953835 0.386107146 0.036461810 -1.156292106 -1.760399677 0.830834516 0.507635728 0.528631467 0.959054060 -0.894879121 1.240904483 0.447661013 0.554848579
20.938055833 -11.108761089 -37.193693484 -0.569038329 0.299467349 0.763135759 -0.064331174 -1.059372879 -0.208830483 -0.454858278 1.095099225 0.247655123 1.553148809 -0.225751860 0.124881553 1.527174972 -0.026360548 -0.590919195 0.186776646 0.947819376 1.026805544 0.087394500 1.404534371 -1.823077422 -0.463886342 1.214937121 -1.000968642
8.211761035 -7.607756565 -41.530326677 0.586516789 0.091228224 -0.560705471 -0.577308273 2.135897806 -0.436112834 0.814844947 0.213720010 0.232523121 -0.552820989 0.040270153 0.995472348 -0.649542391 0.421863313 -0.756666590 -0.795814198 0.243713304 0.787985317 0.247672789 -1.935335017 -1.560795491 0.276276350 -0.540295461 0.208494834
20.344152830 -11.745973588 -43.029195038 0.060824794 0.058116626 -0.345830801 0.934517982 -0.510671087 -0.937864531 -0.816552388 0.082628923 0.172130385 -0.834617702 2.909688398 -0.200411532 0.168412423 0.155782977 0.099707685 0.581586623 0.711280304 -1.387739715 -0.431560371 0.548643854 0.273963923 0.062031980 0.452271216 -1.652524466
17.223890825 -14.363493944 -31.381620170 -0.753738749 0.476755165 -0.448248597 0.060461604 -0.543547536 1.295354659 -1.006071621 0.674492765 0.082784057 -0.284523075 1.324454913 -1.007769022 -0.375315678 -2.261515565 -0.373981295 -1.798065268 0.568021299 1.798622927 1.182757314 0.531784865 0.136481142 0.142639097 -0.957859290 -0.065339179
13.350087987 -13.775874630 -39.317393484 0.190530639 0.973933045 -0.038062164 0.117063105 -0.495109696 -2.060550664 -0.757126769 -1.074518788 2.528740235 0.321931743 -1.087575323 0.544751473 1.093329388 0.429283907 0.913723370 -0.468215314 0.239216986 0.052464942 -0.779434177 0.375266210 0.914951510 1.290116459 0.206128724 -1.272404502
17.654866858 -2.789299366 -34.184433085 -0.623850164 -0.393078850 -0.340776194 -0.583242297 1.176852210 0.635131453 0.155234577 0.785162897 -2.335985064 0.156990233 -0.137090918 -0.613771624 -0.501938374 -0.919888559 0.409747785 -0.155495963 0.833072808 1.396061175 1.277769624 -0.359810002 0.435432251 0.327720092 -0.404725415 -0.878827848
15.206432017 -9.614220124 -32.044364064 -0.472032645 0.637788036 0.297856117 -0.530747903 -1.134462982 -0.435641336 -1.225704846 0.880589822 0.260676606 1.087641856 -0.014817654 -0.386503496 0.442445250 1.388023681 -2.000067935 -1.384138091 -0.600551624 0.587517268 -1.300543537 0.474965889 -1.537156143 -1.169917567 -0.741791490 -1.396327651
10.686712472 -10.208512521 -43.229222121 -0.129816546 -0.346695838 -0.635235517 0.677809338 1.435927290 -0.634080452 0.449586446 -1.029563748 1.056618505 -1.380831667 0.803902391 -0.015599649 0.206589578 1.188472673 -0.372672118 -0.338278775 0.906984187 -1.126510459 -0.111743278 -0.171472421 0.166105968 1.108671912 1.935178667 -0.038626010
15.481523683 -9.930876055 -47.239190185 -0.469463029 -0.676089786 -0.517090934 0.234785074 -0.787073688 -1.011360717 1.127347403 -0.217334985 0.551550575 1.529850670 0.431959219 -1.297945319 -0.011136978 1.009623591 1.609404009 0.604853575 -0.519237979 -0.279119479 -0.069780738 -0.953844870 -0.392257912 0.743177852 -0.268819521 -1.672941879
14.491777323 -2.026743023 -45.028914853 0.144704883 0.602336945 -0.010185346 -0.784950292 0.887606408 0.025823830 -3.025858524 0.607482473 0.574143401 0.008936356 1.293082334 0.400133648 0.916491378 -1.774885470 -0.644337230 -0.492373138 -0.248984713 0.720402847 -0.929383881 0.847704064 -0.447637852 -0.285948373 0.682572207 -2.463893785
18.975354297 -16.555726352 -41.534976509 0.666832005 0.108653134 -0.028466653 0.736694796 -0.058883308 -0.927807435 -0.553382017 1.204713956 0.308177202 -0.328948373 -0.030012230 -0.727522357 0.691197616 -1.433400297 -1.463486797 0.248039987 0.043339058 0.745880792 -0.456559116 0.673300682 0.450563555 0.154922856 1.683996787 -1.019283335
13.281077210 -14.763125176 -35.182222671 -0.449989139 -0.668726379 -0.042192792 0.590368168 -0.471733016 1.417432239 -0.764927637 1.084379607 1.221599491 0.505711906 0.216106603 0.225593861 -1.782824374 -0.288970512 -0.479327884 -0.016935752 1.243298274 0.309702256 2.012197186 -0.851350006 -0.221924626 -2.006963519 0.421862550 -0.321994856
10.800680776 -9.489730948 -41.047740420 0.146150504 -0.048307826 -0.704479392 -0.692831271 0.662995544 -1.013425255 1.204874236 -0.397128324 -0.691293740 0.578846744 -0.748923437 0.051002202 -0.575885063 0.331235977 -0.733397093 -0.376548161 -1.290930793 -0.583282608 0.606522073 -1.336277285 -1.255795497 -0.320585862 0.264893769 -0.628491828
21.701140801 -15.023960756 -41.022821232 -0.311692160 -0.657478427 -0.638874189 0.249819709 0.876689799 -0.709719531 1.306713506 -0.418791389 1.153245095 -1.475304567 0.445750541 0.620001790 -2.056987392 0.609629874 1.013350107 0.274688190 -0.985876539 -0.150334227 -0.129804479 0.686045467 1.580584219 0.488045248 0.714988320 -0.380528169
21.897958159 -11.356872721 -36.143242972 -0.339881435 0.065390517 -0.902477199 0.256397341 -0.558963238 1.036994544 0.226159672 1.939266134 0.408467816 -0.306836261 1.754333947 0.387688944 0.583191094 1.342161006 -0.448638882 -0.408597593 1.661928044 -0.012798390 0.044448269 -0.547441350 -0.517253087 -0.666519993 -0.492237061 0.202160605
12.316578863 -2.314822117 -44.043586058 0.048165178 0.069557048 0.760070498 -0.644309531 -0.539821004 -1.662989374 -0.027949051 0.970315672 -1.404254868 -0.909309340 0.425340343 1.690045310 2.147264152 0.953104720 -1.062627031 1.453997958 -0.507377165 0.666007036 0.721852263 1.342353089 0.439929341 -0.194190844 -0.329869166 0.274324613
