2.830507532 -25.658483455 -33.185872731 0.162265617 -0.713308919 0.382467153 0.564428147 -1.843845099 0.160635024 0.241756646 1.159944456 1.520090702 -0.778941310 0.022758221 -0.686248097 1.404327230 0.907125177 0.055093619 0.532600748 1.422680319 1.322791038 0.338513524 -0.058093128 0.781877525 0.470921586 1.809621942 -1.281366819
0.530093890 -31.694701283 -32.352442139 0.171721849 -0.692805298 0.398476441 0.575976521 0.002015804 0.256671852 0.926666571 -0.386069427 -0.575470540 0.676740609 0.794692897 -0.050909557 -0.097510472 2.565325782 0.927267291 -0.622468256 0.122518581 0.335042818 -0.054509472 0.431227707 -0.156478811 -0.483784127 1.745039953 0.579640508
11.752342637 -27.281731502 -31.929673568 0.375059058 -0.698929784 -0.590559627 -0.148550280 -1.480407644 0.039501995 -0.150886627 -1.050344972 0.959830245 0.580780961 0.067623709 -0.213074198 0.848962671 -0.678745072 0.311912311 -0.694727943 0.063979527 -0.771139213 0.811006900 0.723494514 -0.081885993 0.036230936 -0.789050022 0.034531983
5.699047828 -36.834399171 -33.900916352 0.470773974 -0.411330917 0.255341769 -0.737549539 -1.105633874 -0.759478466 -0.550051853 -0.378840961 -0.218325728 0.683597733 -0.164233821 -1.944764739 -0.787039799 -0.660816008 0.769570622 -2.159715072 0.300895735 0.317855405 1.003052669 0.453754244 1.250522946 -0.303689856 0.482101279 -1.092196861
4.803464333 -21.162762266 -29.651518118 -0.455072603 0.095282074 0.141677540 -0.873932336 0.427636110 -0.101392631 1.278196170 0.928231261 1.013303233 -0.830172377 1.358288647 -1.831541551 -0.668072269 1.380501117 -0.827234826 2.028527786 0.497744010 0.051257611 0.317996385 1.089380836 1.577406567 2.001506524 -1.422904289 0.182465199
-1.071845706 -27.905826831 -33.427583734 -0.359374723 -0.351160474 0.790256400 -0.350757684 0.016942250 -2.372305810 0.394889619 0.463967851 1.226440166 -0.509027116 -0.891972339 2.439323545 -0.326009300 0.418034170 0.423555976 0.014150225 0.717728126 -0.291937227 -0.439956735 -0.611453062 -1.303867446 0.909134190 0.158071178 0.289127902
12.599637546 -31.826155572 -30.570275611 -0.140955965 -0.913011608 0.199474947 -0.326727663 -1.885758530 1.269105310 1.424412840 -0.501814158 0.222654176 1.760610782 -0.727962285 -0.482282408 -1.192888302 0.241640402 1.737024274 0.035310883 1.401164864 0.168287905 0.353664120 0.356451865 -0.004094193 -0.725729311 0.185752191 0.834418556
11.689157655 -20.518748747 -35.720171357 0.289859340 0.275444346 -0.697280738 0.594904654 0.650853950 -0.391819651 0.504847815 1.653845223 1.127744921 -0.181455408 -0.346936475 0.421938397 1.277669028 1.680032106 0.569657173 1.551904050 0.960163604 -0.098694041 0.358754863 1.398064460 -0.872291819 0.595087853 -1.616075830 0.456982027
11.379576534 -27.848926749 -31.798019565 -0.353056782 0.133441330 0.924965720 -0.044527928 0.562394409 0.399315993 -0.470453248 0.900913525 -0.051567225 -0.070466617 -1.254862367 -1.416369971 0.316935710 1.023793225 0.595099147 -0.560008769 0.601712279 0.403015801 -0.407847143 0.302994409 0.353045646 0.966282481 -0.089100299 0.712783852
2.724887159 -19.281262088 -36.456630418 0.106990567 0.114426801 -0.918207501 -0.363805594 0.202801486 0.906723665 1.749828496 1.010116456 -0.540616895 -0.251139375 -1.191139268 -0.568054389 -0.253697309 0.379395587 -0.115293720 0.737212545 0.429803008 0.611300585 0.082344292 2.574928893 0.689435337 0.807869786 1.484019935 -1.330795146
9.678293002 -33.090041708 -36.122774485 -0.309657340 0.830968212 -0.239716759 0.395145592 -0.405959146 -1.641025991 -0.455210761 0.427822900 -0.224286574 1.260247357 -1.392322360 -2.173684840 0.672034876 -0.526794501 0.190752598 0.721193132 1.432238727 1.774379347 0.311410470 1.953542890 -0.365427794 0.110586068 -1.011808215 0.673936117
2.729128537 -30.669212899 -39.784235625 0.856452137 -0.014332527 -0.091376191 0.507872727 -0.418982501 -0.501504231 0.009945126 -0.966734329 0.461622380 0.139083682 -0.625823511 -1.230307320 0.113172728 -0.109759172 -0.699327794 0.686810966 0.393773611 -0.327091941 -1.716581926 -0.761156551 -0.988072355 -0.954389384 -0.356199898 -0.232109132
0.893053299 -36.156428442 -34.269908498 0.823917522 0.540884128 0.140398842 0.094299750 -0.916743751 0.653643769 -0.321472460 0.337304314 0.099771374 -1.903655438 -0.818618243 0.353412766 -0.609471195 -0.166243539 0.588551600 -0.954353706 -0.134090970 1.293326202 -1.111770002 1.432206878 -1.105457936 0.109873230 -0.858845144 0.551215680
5.625676292 -34.192021070 -30.240813268 -0.491838367 -0.295780698 -0.154748569 0.804152771 -0.968805235 1.480988419 1.138682979 0.727028288 -0.315001285 -1.149615679 -1.677996718 1.549276834 -0.129835311 0.381854981 0.311306406 -0.780127607 -0.341404336 0.943698839 1.046704650 0.709220297 1.703459486 -0.716290424 -1.168962835 -1.476565699
8.376539652 -34.130869664 -34.273282770 -0.620786384 -0.140246094 -0.084923826 -0.766644144 -1.963219809 1.559664628 0.505719317 -0.152979225 -0.910750604 0.013223787 0.913365048 2.095530654 0.643784213 0.037770855 -0.919422798 -1.191811299 -0.516336528 -1.426009882 -1.368659033 -1.316215242 1.998659284 0.849150490 -0.852625462 0.244008968
10.764506128 -26.937208528 -28.794824313 0.099414939 0.818253136 0.544340965 -0.155792776 -1.053228659 -0.765024995 0.432266435 0.533204841 -0.290640783 1.835698675 -0.405966567 -0.598789450 0.665269162 -1.091831088 -1.825768383 -0.363826912 0.701281253 0.973222333 0.186200589 0.471572526 -0.100789818 0.446879018 0.101901245 -0.424378096
0.702010079 -30.975606589 -29.459856472 0.537145928 0.230463032 0.806929701 0.085002945 -0.369066673 -0.053399989 -1.668236989 -1.284619437 0.382947336 -0.938961231 1.972948869 -0.526366437 0.460952449 -0.798015291 0.783860912 0.716419686 0.329349659 0.768189817 0.108049137 0.442378120 1.234144455 0.262275364 -0.334838861 1.021206432
8.089510376 -32.943470077 -32.491679776 -0.264733206 -0.301730509 0.855011131 -0.328376302 0.947308419 -0.487023452 0.131584934 -0.261752712 0.102167112 -0.263742649 0.678796056 -0.784525853 -1.051466918 -0.477341206 1.264332669 -1.426211706 -1.462515577 1.928969562 -0.336389487 -1.393746638 0.640533119 -0.190620130 0.189095321 -0.209797522
7.282151882 -38.041362383 -34.017689058 0.574292793 -0.371554657 0.639686708 0.350622076 -0.879297806 0.124529465 0.729730404 0.390534445 -0.813369572 1.180749207 -0.829881228 1.869539930 -0.420923851 1.386596126 -1.601703037 -0.062442415 -1.886046856 -0.156691131 -0.627999591 0.757073656 0.813073443 -1.319740341 0.112192589 -0.269284166
1.654084139 -27.237582201 -41.582649167 -0.333696209 -0.050912926 -0.925763474 0.170342903 0.617052858 1.166307701 1.197970712 -1.331648343 -0.003157958 -0.407696339 1.651451551 0.664172563 -0.334796334 -0.596666807 -0.007481797 -0.835103231 -1.296812754 -0.665744919 0.337049688 -1.464656723 -0.276804639 -1.043906805 -1.078537341 -0.942053186
6.184082731 -31.581329666 -33.257944617 -0.045669191 0.084876085 0.626347655 -0.773562531 -0.451360548 -0.043813233 -0.431718898 -2.130709888 1.147991333 0.391377186 -0.803418542 1.677204877 -0.166100932 -0.870250826 -0.748958573 0.707524429 0.148882691 1.147259478 -0.281150299 -1.171675937 -0.507915013 -0.902930230 -1.822871162 1.143616698
13.252753166 -22.250003786 -36.245790998 -0.559347283 -0.738025649 -0.363987145 -0.099810401 -0.060844072 -0.107512734 -1.396489845 -0.056395551 0.502695550 0.705000762 0.808418006 0.142528872 0.577397505 -0.757137703 -0.681364323 1.380006246 -0.708200156 1.068603699 -0.543383015 0.031633971 -1.171889165 1.675100251 -0.051422296 0.207732634
3.731980354 -31.362838666 -38.697768672 0.038164585 0.898078791 -0.200659257 -0.389530245 -0.498542364 -1.735896270 -0.213870452 -1.222679443 0.813018754 -0.220785873 0.088768395 0.391134186 -0.811471241 1.960770112 0.782774916 0.265884142 -1.455280901 1.012746617 -0.458171627 0.607784836 -0.323455981 -0.650721320 0.206632707 -0.075812263
10.966103434 -33.637651185 -37.958855441 -0.386479359 0.550972591 -0.690831756 -0.264224138 -0.942312406 0.068754059 1.103992929 -1.585802144 -1.864375955 1.180791543 0.824708619 0.203518972 0.596980707 -1.754323865 1.331618143 0.589237673 0.592732233 -0.230843061 0.069341156 1.964331397 0.097596765 -0.294355210 0.598846789 -1.135547278
7.259422050 -28.119156310 -41.058422674 -0.687806913 0.650940879 0.313032861 0.072166820 0.257087356 1.644012955 -0.094543974 -1.302462375 2.020179279 0.883394741 0.651347336 0.889022144 -0.001012250 0.410709266 -1.260557189 0.172676154 0.798627279 0.045865920 0.617401871 -0.048483448 -1.427508243 -1.708635032 0.350084292 -0.197922546
9.516509380 -35.977007764 -29.450602491 0.112109979 -0.777176206 0.483535398 0.386810051 -1.009649225 0.285873184 1.310851664 0.349885992 -0.174155659 1.728959329 -0.178574025 0.145586702 -1.315638116 -0.583549271 0.730045310 0.656579109 1.483947535 -1.599831091 0.903458035 0.250383541 1.617429403 -1.224410006 1.580943671 0.758348275
2.852150750 -30.445342698 -41.162794869 0.581688895 -0.214834130 0.062305210 -0.782050117 0.133102935 1.609448932 -1.111991583 -0.175670668 -0.784468121 -0.328913710 -0.965743051 -1.026269862 -1.165558041 -0.093833257 0.554526138 -1.088486449 1.224598999 2.426397749 -0.164213814 -0.125243611 -0.196817944 0.788753851 1.350307794 0.879942757
-0.798466558 -29.755697805 -30.483117108 0.304785050 -0.648504188 0.696806902 -0.031757407 0.564244798 -0.958032929 -1.243204665 -1.375781966 -1.383698165 1.533902420 0.908745951 -0.700389357 0.845154027 -0.327528661 -1.806800113 1.122826058 -0.641949608 0.190882708 1.498244355 -1.259058536 0.938075970 0.306254000 1.741857323 -1.841656073
6.307198842 -24.209211014 -38.740761715 0.842079531 0.487598906 -0.021224253 0.229562412 -1.484477319 0.482358695 0.485723405 1.520255626 -0.573008128 -0.901749700 -0.310454923 -0.911012435 -0.969513298 0.127555123 0.905918815 0.243061655 -0.779468547 -0.344443342 -0.052898607 -1.799632563 -2.016642478 0.900981754 -0.462783591 0.445042679
-1.900867403 -31.140260785 -34.607176781 -0.076717988 -0.308950793 -0.698448774 -0.640962610 0.565495718 -1.318715756 -0.169003453 0.803628551 -0.055745063 1.626422734 -1.392164288 -1.360679306 1.093754172 -0.715415376 -0.679635817 -0.736910149 -0.270713474 -0.200126199 0.431675425 0.623311648 1.085961373 -0.144246722 1.508434154 0.901564888
3.304227530 -34.263901605 -26.580889873 0.346438120 -0.845111944 -0.184084753 -0.363151808 0.905919773 -1.027772927 0.307517531 -0.485492408 1.445448384 -1.511045284 -0.070611657 1.181958209 -0.458077078 -1.495464494 -1.009907467 -0.959204340 -0.081601585 -0.143846782 -1.851806076 -0.538701116 2.072290428 -0.137961292 -0.154651717 -0.497951574
4.876639536 -28.240619906 -24.744412265 0.445270648 0.737880630 0.331218892 -0.384135747 0.613232507 1.908060444 -0.291252744 0.255385751 1.320101819 -0.738274266 -0.664410341 -1.410676203 1.443056316 -2.166916425 1.055706157 -0.277151878 0.258007844 -0.919086296 0.579472603 1.286276716 -0.369471612 0.497070211 1.789683566 1.451395287
13.168152432 -32.345448428 -32.835116733 0.038039416 0.220996822 0.948010483 0.225808617 2.275580533 -0.327704252 -1.421435781 -2.154039973 -0.083506288 0.120276643 -0.686366913 0.639212790 0.982570198 0.726181332 0.659307097 1.182368445 -0.495058688 0.345255399 0.314699149 -1.110587942 -0.056785251 1.122755384 0.531428847 -2.411024181
3.662339780 -32.089864728 -39.048343559 -0.045940828 0.002687721 0.875643664 -0.480760221 0.615076957 0.641147530 0.361395479 1.685813787 0.042212246 -1.800685939 -1.197311902 -0.540024605 -0.956796394 -0.001039965 1.535251715 -1.400184566 -0.123711087 -0.387084203 0.332479449 -1.051248297 0.527033612 0.486605066 0.469879632 2.551426225
11.873784678 -33.221194473 -38.992096436 0.842268950 0.105559630 -0.071003260 0.523830810 -0.592928784 -0.257972090 -1.300906719 -1.958767501 -0.696950070 0.483521997 1.447672557 0.082379601 0.016795426 1.433416426 0.305887004 0.267316427 -0.002572106 -0.079219138 0.242364439 1.612383548 1.781148756 0.749057633 -0.761891680 1.497602673
13.539470699 -31.507024774 -32.806473334 0.939216878 -0.142105209 0.241802670 0.198013217 -0.987787397 -2.005158052 -0.895690223 -0.082208900 1.340375287 1.333512767 -0.456599417 -1.531107129 0.130817104 0.314077631 2.104170397 -0.349976785 2.212445660 -0.678154403 0.759982514 -0.937338228 0.485384975 -1.824975816 0.477461177 0.400660418
8.096601168 -26.174970962 -41.856587147 0.719461570 -0.587953515 0.363932715 -0.065105236 0.289137635 -1.112758548 -0.560373373 0.932396112 0.950188217 -0.071152323 -1.722314027 -0.656963915 0.029868855 1.349471243 -0.522099430 0.169274936 1.102378116 -0.822716391 -0.017275901 1.277153656 -0.489426759 0.560914787 1.083595564 -0.206178993
6.648573974 -21.894656137 -31.153023741 0.322657194 -0.377463956 -0.176287406 -0.849903552 0.386065953 0.516670531 1.553194563 0.343801769 1.618106275 0.267631794 0.790300392 -0.216720475 -0.015083006 0.398798843 0.376908089 -0.491711882 0.271588310 0.089515878 -0.258311986 0.439889086 1.172953706 0.192695479 1.198597722 1.125173714
9.926657563 -25.714406594 -26.623327224 0.104481101 0.475874882 0.728007903 -0.482318659 -1.195148790 -0.663459259 0.444084045 0.804657212 1.271340516 -1.395215540 0.254910980 2.088316965 0.427381335 -0.388546170 -0.012622072 0.199602711 0.292563843 0.175079044 -1.403308089 0.577700709 -0.324936881 1.000859848 -1.299673119 0.585136416
4.368251038 -31.456637891 -33.381064454 0.030235725 -0.215688795 -0.942647086 -0.252943898 2.148738645 0.782416727 -1.892648550 1.587517763 -0.897704831 -0.364428406 -0.378814676 -2.164989422 1.511805688 0.210878048 0.294527376 -0.851435211 -0.003297918 1.037833648 -1.209866986 0.625529706 0.563234628 -0.649042512 -0.958606097 -1.521496467
1.845820199 -29.721492994 -25.376457514 0.165450819 -0.242626360 -0.669540597 -0.682256451 -0.524749392 -1.979076393 -0.132048217 0.822516667 -1.310997375 0.205144730 0.353764225 0.580266273 -0.036568914 0.558580832 -1.539896372 0.002707705 0.996345494 -0.340576842 -0.000082493 -0.076133042 1.333611015 0.675742702 -1.706488997 -0.352830842
7.804495174 -34.711401949 -37.193932021 -0.777673002 -0.440412144 -0.139408763 -0.426411823 -0.463300156 -0.767941568 -0.555453272 -0.790744435 -1.217890163 -0.189838006 -1.240369459 1.138780582 -0.189872497 -0.554982395 1.374450195 0.401042801 -1.798187746 -0.036376391 0.516535234 -1.444031274 -0.302441504 0.594462785 -1.832641955 -1.084520334
1.220194670 -25.837263684 -26.966178861 0.437608050 0.734470289 -0.133133002 -0.501326433 -0.096786803 -0.343244645 0.255347138 -0.525625039 -0.193993756 0.544435390 0.822967345 -0.506398579 -0.935478716 -0.325046222 0.186455180 -0.621780754 0.219516225 -0.715091797 1.317210065 -0.497351335 -0.322616984 0.103594452 -1.268633964 -0.314547610
12.435523822 -33.546939175 -30.040578475 0.709319610 -0.639127724 -0.270067679 -0.124277481 -2.104292780 -0.566918594 1.482363404 -0.680422504 0.657229293 1.258250816 0.061249359 0.454589359 -0.414750886 0.051305392 -0.293576373 -1.407235615 0.776460967 0.469161409 -1.301894116 -2.433340493 0.142666696 -0.343210000 0.851270593 0.027532731
4.896950356 -32.039869286 -38.332296249 0.015729512 0.858694510 0.366976685 0.357385554 -0.448066248 -1.868033496 0.300268353 -0.173250598 -0.737838076 -0.548680222 0.753165424 -0.713930247 -0.599956150 -0.160599022 0.366922715 1.256462074 -0.127796126 -0.287265223 -2.146047409 -1.509439902 0.686864138 -1.059993365 0.958576509 0.538760901
2.649166471 -35.001280806 -28.781445077 -0.199669776 -0.436635122 -0.301962995 -0.823589765 1.626921421 1.841608100 -0.739666369 -1.143864676 0.791470204 1.104534684 -1.365030887 0.445989122 0.734446847 -1.074487259 -1.332821138 -0.336336747 -1.015034208 1.103285781 -0.914147557 0.476943092 -0.785358367 -1.317911957 -0.603739421 1.174312101
4.166452117 -33.625720491 -31.434179797 0.330415927 -0.864981560 0.037880521 -0.375762268 1.566710811 -0.597737261 -0.779936687 0.812323445 -0.588413206 -1.159831816 2.295083037 0.385184148 0.358247263 -0.829996939 -0.435550402 0.364431403 0.500819702 -0.020494381 -0.439438845 -0.353545681 -1.272967566 -0.865402861 1.320093041 -0.213473413
8.118068909 -25.631755879 -34.341569280 0.585856737 0.793748592 0.162854945 0.014605609 1.199219513 0.169394396 0.451144211 -0.698569771 0.273970429 -1.601229982 0.556317305 -0.254728195 0.657819440 0.323818880 0.184522298 0.119990085 -1.007737881 0.291669859 0.421595679 0.152087246 0.325533215 -0.678840051 0.066437682 1.562295147
7.127065117 -25.483356947 -35.581931272 0.504795706 0.557417358 0.451481768 -0.480240978 0.246409753 0.785197675 -0.719610334 0.355812968 -0.688254274 -1.416685069 0.671550561 -1.156722041 1.052770220 0.482853263 0.681542203 0.590354754 0.779332769 0.547362313 -1.284431960 -0.657251338 0.112242206 0.873807095 2.535583104 -0.180644521
5.761636293 -34.333621177 -37.479874020 0.446095520 -0.183510059 0.152082334 -0.862666685 0.515102730 -0.589049677 0.233846467 -0.337474367 -1.692985497 -1.037993115 0.659267738 0.714999301 1.937924832 1.560675491 0.418236078 -1.869140439 0.946434540 0.495841583 1.041215756 0.587300138 -0.240812015 0.028185899 0.323295785 -0.290414276
-1.739857259 -30.371781311 -31.477421979 -0.613931903 0.710463369 0.317892949 -0.131428664 0.526452194 1.956691598 1.537367456 -0.077209602 0.306807992 0.383926751 0.680470145 -1.334366790 0.700887477 0.519689340 0.659145505 0.626077931 1.275921198 -0.840134386 0.648502545 0.405351390 1.994489957 -0.347180499 -0.391061258 -2.421561083
9.644571215 -20.956481998 -32.919537113 -0.684895467 0.379177150 -0.033112083 0.621326386 -0.067903529 -0.455017999 0.090805690 -0.584218804 0.322515815 -1.044215202 1.506603074 0.548086780 -0.168726400 1.341987505 1.296541242 -0.245342652 1.349587578 -0.261612139 0.352514071 1.830910851 0.198901413 0.450095702 1.626851574 -1.604150599
7.834551718 -21.508127142 -39.098146640 0.419137859 0.758934565 -0.324720726 0.378018824 -1.248834713 -1.505504533 -0.338091006 -1.293144404 1.194745949 0.541843058 -1.995595677 -0.313720094 -0.467331227 -3.166567591 0.817883937 0.218890488 -0.752052095 -1.395456803 -0.126393895 0.088417731 -0.759708816 -0.614763863 -0.152594163 -1.041373236
2.779144074 -36.423224895 -29.988347293 0.171898252 0.133584935 -0.878047504 -0.426190845 -0.587587031 -0.279772933 0.972736390 0.067531579 -0.880937369 -1.863723873 1.584029553 0.168830070 0.047578343 1.045936258 1.075705067 0.046425119 0.693285922 -0.660066172 0.423626977 0.581989043 0.320974535 0.019090864 -0.333850519 1.920973418
6.732027630 -33.484371695 -34.768615457 -0.384303388 0.897789058 -0.168035692 -0.134349242 1.257338234 1.810015917 -0.619756865 -0.418453131 -1.461916995 -1.780532366 -0.206683290 -0.562021769 -0.052966744 -0.516976976 -1.569869741 0.208006283 -0.252229512 -1.574675689 0.473618155 1.798892330 -0.541818474 -0.432781775 2.234529890 -0.476380774
1.113160269 -28.397313270 -27.757231825 -0.256453580 0.324580980 0.753169289 0.511482913 -0.042709399 -0.846562888 -0.912859545 -1.711726304 0.448099121 -0.300706835 0.573762273 1.038417380 -1.689403800 -0.172679033 -2.070467568 -0.538871808 1.401383466 0.562056261 0.250276470 -0.143670183 -0.443298273 -0.418211140 1.314082780 -0.237763810
9.061718441 -30.625264223 -32.799743035 0.089635506 0.450028079 -0.884591355 -0.083296690 0.572203625 -1.034593838 -0.348785980 -0.119640544 1.319372765 0.684490204 1.403602075 -0.391298824 -0.908208421 -1.323477895 -1.492750497 0.012340843 1.085442135 1.827313041 -1.054138043 0.635633677 1.029608098 -0.561526397 0.165555606 0.019258139
7.893941088 -30.818842200 -30.767899103 -0.437657827 -0.141268182 0.297039259 -0.836819339 0.296016335 0.438328440 0.178881926 -0.179055890 -0.147790537 0.262801755 -0.428283440 0.036613552 -1.264407077 -1.215001911 2.698006132 -1.023716015 1.739691437 0.367260212 1.283966250 -0.466949879 -1.332162341 -0.581882301 0.545906880 -1.057771410
2.873287153 -30.412390828 -33.408129648 0.137419444 0.944108908 0.272303078 0.125001198 -0.038180399 0.000787429 2.109214360 -0.468144700 0.652025637 0.278520589 0.120642348 -0.103557876 0.421137891 -0.594694247 -1.368259856 0.477828694 -2.433365528 0.930920878 1.834377404 0.494610466 0.150170572 0.209526249 0.529469105 0.885402670
10.158979471 -27.496915954 -25.345781479 -0.252378676 0.874722338 0.347293220 -0.224840512 0.823011395 -1.866587837 -1.093275905 0.349071505 0.491447230 0.349438036 -0.192953105 -0.177978489 -0.866221313 1.367653616 -0.128300007 0.814876204 -1.548060722 -1.431097936 0.476586584 -0.039136158 1.537892073 0.989807685 -0.937221233 -0.585567185
4.956798082 -28.243091394 -27.895528741 0.835865116 -0.410853366 -0.076989309 0.355811279 -0.288315255 0.045302836 0.578653339 1.109262962 -0.507156855 -0.028920401 0.530085002 0.048641988 -0.964267039 0.089496987 -1.578824319 -1.018564946 -0.204822623 0.683791125 0.795432817 -0.053674593 -0.820339770 -0.796185291 2.059793886 -0.485442405
11.998173862 -25.088766392 -30.495135313 -0.657979331 -0.612941868 0.434427027 0.051367548 -0.523354032 0.393683331 0.643471814 0.031857821 0.219001471 -1.530696697 -0.688294862 0.913522946 -1.092971609 1.015646790 -1.110578987 -0.564791987 -0.512030584 0.349584871 1.127642494 -1.254074991 1.039789166 -1.408648736 -0.437329210 -0.608934289
3.756559978 -24.852948189 -42.488037792 0.084758224 -0.290257945 0.019947885 0.952978725 -1.746584097 -1.953945481 -1.032907590 -0.989806972 0.333968544 0.641755335 -1.039999208 -1.441861915 -0.671979269 -0.818670248 1.529249277 -0.337881836 -0.314837448 2.113210738 0.938878502 0.137115518 1.931763200 -1.052218264 -0.723709004 0.683993558
0.301817787 -24.122698923 -31.858661167 0.779834132 -0.070704088 0.287056999 -0.551777073 0.370467198 -0.463830095 -0.108693017 1.804509462 0.164138781 0.380044123 -1.252611950 0.869168716 0.960700927 0.225108917 -0.290178452 0.232618847 -0.173313647 0.379791985 -1.249560613 0.096692500 0.230445326 1.865242907 -0.016112950 0.424489791
5.420882295 -28.347467409 -28.768250424 0.603144825 0.725605962 0.265616715 -0.197889032 1.772564370 0.726418716 -1.868402811 -1.214861790 0.709404398 -1.150544953 -0.893088130 -0.529800105 0.429494562 1.494561198 0.605974598 1.817843811 -0.258396994 -0.221674876 -0.950438642 -0.331340490 -0.425151324 -0.066516629 -0.667558939 -0.476586553
0.515469786 -21.067191690 -31.995354219 0.205454526 0.535300889 0.551279902 -0.606079092 0.168491421 -0.836558271 -1.195498182 1.345671614 -0.202519175 -0.702013358 0.857019920 0.904053290 0.097126952 -0.102425230 -1.489090478 -1.629120177 -0.844652677 -0.461650226 -0.334930888 0.291619209 -0.025358561 0.916759502 0.516536487 -0.463037158
1.010505031 -22.365341910 -29.820781373 -0.085764069 -0.417704666 0.884168249 -0.190824118 -0.506091661 0.875020470 0.753866221 0.672296481 0.372022472 1.092937460 0.946782721 -1.363068028 -0.896113394 -0.929687246 -0.424361917 0.791135576 0.123377664 1.768364051 -0.630012692 -0.052007026 -0.644294365 2.570058111 -0.107274076 0.314198095
9.734420975 -23.406488810 -30.893482558 0.736994743 0.180961313 0.634775517 0.145436568 -1.075985209 -0.441286612 -0.954730619 -0.475797045 -0.348416652 0.760127925 0.144344196 -2.755377799 -0.383377740 -0.649308017 0.361670489 0.454824182 0.184684394 0.377436743 0.183031742 0.982825632 -1.268588076 -1.406361244 0.608940822 -0.562863173
12.503564951 -26.530207913 -27.050945519 0.026712662 0.483846528 0.874722548 -0.006279736 -0.507778658 2.185268719 -1.539705978 -1.629707166 0.335976150 0.425317631 -0.267469749 0.468902925 -0.958451478 0.655945364 -2.068761659 1.019885483 -0.450499171 0.358356562 -0.484915504 -1.231518852 0.123694900 -0.089455508 -0.607270925 0.478701100
2.904764811 -31.890592766 -41.058670836 0.043914612 -0.563467722 -0.726193933 0.391430715 -0.577217579 0.339365162 0.739940948 0.561441802 0.620910427 -1.458077085 -0.353350508 1.767813556 -2.289237752 -0.678431089 1.529464029 0.834611031 -0.401373361 -0.014327167 -2.206006355 -1.254875714 1.273664311 -0.916631852 -0.493655385 -0.209996167
13.620358188 -27.771040065 -37.243037225 0.272020890 -0.463695346 0.082680914 0.839139516 0.186610777 -0.727559933 0.302772960 0.655586028 0.114380835 3.567554059 -0.277546177 0.830857668 -0.861375758 0.445120007 1.066029712 0.695317079 -1.041549630 0.848929855 0.609227253 1.329877900 0.335289437 -1.161245987 -0.764729020 1.962900291
5.634481163 -31.478006226 -33.576232541 -0.625251277 0.321748534 -0.710539509 -0.025929261 0.516868239 -0.150057034 0.411910179 -0.309441616 1.430210820 -1.568167541 0.410083309 0.104734187 -0.372522162 0.199756033 0.413962359 -1.391681072 -0.917993652 -1.243976712 1.054274644 0.709347288 1.451718692 0.010940517 -0.060553782 1.794079343
9.432564392 -34.597019440 -36.120654714 0.216387256 0.082468478 -0.818547194 -0.525695727 0.623658951 0.212372199 -0.954958680 -1.266111009 0.429066407 0.827578967 -2.138937264 0.745291124 -0.889730358 0.427678169 0.635179269 -0.926921222 0.447123890 -0.072153706 -0.034414839 0.465978953 -0.072921278 -0.463444004 -0.240673821 -1.057932214
1.974021048 -33.214152467 -26.770172511 0.050395249 -0.161074385 0.053224900 -0.984216679 0.558978592 1.181769816 -0.669393238 1.104844382 -1.231602640 1.562842401 0.147214429 -0.076812912 -0.042665026 -1.103096690 -2.720916157 -0.171542120 1.430066911 0.743369237 -0.033756135 0.248069208 2.013261885 -0.009595845 0.874541212 0.117445501
5.526989623 -23.418272259 -28.137229876 0.271398764 0.487186239 -0.829683534 0.024849806 -1.627187327 0.161185159 -0.310766853 1.007634936 -0.416191859 -0.524815832 0.075315523 -0.601877605 -0.510727140 1.720375946 -0.399089894 1.081526467 -0.821094179 -0.443361647 0.467329687 -0.338106789 -0.249683909 0.288271628 0.231012966 1.222122168
3.140172438 -21.748904304 -35.367145659 -0.219458205 -0.908768272 0.176715874 0.307814592 0.884669711 -0.465411224 0.121991230 -1.138273965 0.039259366 -1.261244902 -2.008180277 1.180677738 0.164470809 0.872324764 -0.538934744 0.249600014 -0.847717764 -1.609008531 0.487159841 -0.658006314 -1.111078971 -1.265139721 0.322627841 0.054040798
-1.498200711 -30.979788587 -34.824797478 0.916689017 0.066527216 -0.367189493 -0.142923937 -0.611455943 0.910523736 -0.603589890 -1.546635062 0.612654994 2.208590935 0.548572775 1.212901877 1.303315105 -0.940212836 -0.009483371 0.472816590 -2.209194455 -2.277700643 -1.548232902 -0.369978785 0.819546287 -0.491335192 0.071031788 -0.957329363
5.247694782 -25.530693749 -29.857490942 -0.822986525 -0.348529176 -0.241035247 0.378315482 0.124702968 -1.836266073 0.303817639 1.381479863 -0.810006239 0.016684935 0.949505912 -1.044544856 1.735212968 -0.926488774 0.307921793 -0.627091309 -0.007092501 1.195209747 -1.422071782 -0.096491535 -2.113325927 0.573739086 -0.824291868 0.373420449
1.906355487 -19.726560024 -34.656179800 0.514661112 0.730405973 -0.435773497 0.108316728 -0.071511946 0.486594568 -1.232576456 -0.478206137 -1.476136211 0.081409513 1.936539192 0.500274601 -0.113263372 0.458923817 -0.024741796 0.810930242 -0.011430601 -0.378295560 1.712124622 -0.452911844 0.682252962 -0.339152672 0.753859252 1.357375398
6.915369563 -28.165029323 -32.572148759 -0.136128236 -0.506571104 -0.833042569 0.175769445 -0.773998115 -1.028294544 0.323575949 1.213234403 -0.369262950 0.681776647 -0.657575326 1.214760098 -1.264854831 -0.164930026 -0.303484722 0.494806591 -0.174692657 0.599100236 1.323274744 -0.596661230 -1.586180005 1.236039481 -0.285293590 -0.667522028
4.378914446 -19.837051129 -37.463879900 -0.501330760 0.803594476 0.163461368 -0.276014073 -0.029736354 -0.435038364 0.990498280 -1.101192524 -1.911824284 0.925903283 -1.566143900 -2.238669109 -0.019123038 -2.023525778 0.134723863 0.691397876 0.407621244 0.920378597 1.634336581 -0.241577810 -0.790168128 -1.392748654 0.343327581 -0.047572346
2.755019001 -36.774289606 -34.700818865 0.258437577 0.238024524 0.936244789 0.000199730 0.061886004 0.734487521 0.206232313 -0.639573151 0.888284020 -0.315288788 -0.451731082 -0.619030452 -0.372023380 -0.226064803 -0.041050613 -1.853521049 0.435646483 0.383181845 0.578910953 0.158202571 -0.597251866 -1.806157010 -0.717095833 1.351683176
10.106406529 -36.678576962 -35.470470551 -0.917852154 -0.306111796 0.177096311 -0.180221776 1.369790028 -0.055575712 1.776888901 -1.241358228 -0.528294936 -0.005592758 1.423734231 2.710408476 0.935994082 0.458985074 0.229958371 0.402565755 -1.523085490 1.200873604 -0.463603298 -0.482676279 1.758303250 -0.539091121 -1.747408165 1.430827906
-0.359128661 -30.165502345 -31.510838847 -0.170334409 -0.875728660 0.381111803 -0.242568130 0.499932691 -0.715472631 -0.096820991 0.079551677 0.923471514 0.164055365 0.020155899 0.857580238 -2.031941322 -0.145795088 -0.000888990 -1.281651537 -0.382502769 -0.595199113 1.213758689 -0.516098950 0.750105121 -1.627355023 0.109716318 0.551590457
5.777214107 -26.183093522 -34.620409936 0.737996058 -0.398507188 -0.331051942 0.432386923 0.218865393 -0.536608663 1.143135211 0.082762626 -0.822111638 -0.163080279 0.391916657 -1.445471652 0.884695808 1.221048406 -1.621528035 -1.398179799 0.856150931 0.938692164 -1.768701859 0.247250204 0.641818642 -0.260822390 2.860433085 -0.253193961
0.740557967 -30.503412228 -26.318679154 0.796195524 -0.310579922 -0.045022452 -0.517286940 0.414590045 2.044263068 1.791102314 0.925054644 -0.349390130 -0.932701532 -2.405372056 -1.290160955 0.362174082 0.133182426 0.466541298 0.228443552 0.115522737 1.189127352 -1.500853316 -0.487379528 0.566522832 -1.901449041 1.505874962 0.491235517
4.800029435 -29.340245748 -26.909377467 0.213956813 -0.476205171 -0.812032278 0.260872950 1.336431366 -1.344301906 -0.844728438 -0.206623320 1.291471701 2.743957292 -1.075736747 0.031223500 -1.186142039 0.905596856 0.983109279 0.157944998 -0.854818127 0.346848032 0.366443563 -0.592921571 0.827831580 -0.357629833 -0.960084191 -0.956114523
13.165940246 -25.374111137 -36.657839821 0.096580472 -0.648912082 -0.440751742 0.612636290 1.005269167 1.001646184 -0.453527107 -1.792938559 1.062157165 1.609832237 -0.045872542 -0.640755959 -0.528921261 -1.018852692 0.566435472 0.158499596 0.116381632 -0.803062643 -1.247733555 -1.590572147 -0.183980404 0.386938075 0.478906928 -0.844803949
13.898274044 -28.622521472 -29.260478814 0.895561258 0.275204856 -0.109534697 0.332015770 0.498038905 -2.118532337 1.724969855 -0.581513258 1.052764665 0.558899338 1.177662028 -0.207382677 -0.744819545 0.958850749 1.919134697 0.144640653 -0.399652262 -0.767008198 0.420281232 -0.096259538 -0.859988325 0.142886596 -1.167173100 -1.535476714
-0.409304993 -22.111127640 -34.565954121 -0.106471923 0.373296411 -0.657774591 -0.645481299 -0.356801147 -0.944769479 1.298002331 1.459146445 0.415222288 -0.173456444 1.195085749 0.243053035 0.748538559 0.367410776 -0.860498480 0.846820234 1.170172523 -1.583526569 0.736033957 0.279164659 -0.020998116 -1.764344851 0.305483452 0.356073321
10.051137965 -28.839609632 -30.195517289 -0.358698607 -0.810473025 -0.020172760 -0.462668180 -0.103931784 0.351718464 -1.537892559 -0.560241016 -0.446285527 -2.202359523 1.414998966 0.970419809 1.344709062 -0.276325507 0.029811396 0.274149523 -0.576899322 -0.950666099 -0.298994001 0.430947166 0.783284755 -1.246201672 0.406847444 0.419298522
7.591770049 -27.590882757 -39.325284128 0.222419484 -0.155767385 -0.887040281 -0.373397422 -0.840558518 0.688470023 -0.650206013 -0.235905899 0.928440043 -1.728662279 0.628182382 -1.215873847 0.812174417 -0.414517064 -0.669040115 -0.090596898 -0.072030676 0.052290128 0.028802886 -1.223240881 0.618324092 -0.357109429 1.692652999 1.193792757
2.929852980 -31.853961696 -39.543502397 0.599811709 -0.459284326 0.653124987 0.052072767 -0.790018915 -0.577714854 -1.990046156 -0.154925554 0.184643195 0.324283165 1.701060453 0.002939805 1.941971066 -0.258792739 -0.253431672 0.422564029 -0.573757453 -0.821541487 1.014099282 0.160167843 0.543544096 -2.091858374 -0.968065495 -1.005452650
11.968442518 -29.924595537 -29.466596803 -0.948485431 -0.275908366 0.057310526 0.144794556 -0.564376665 0.760131955 -0.094440840 1.280256730 1.200350168 -0.941878416 -0.303167398 -0.340806093 -0.208725166 -0.256871335 -1.123763479 0.117581187 -0.031287410 0.371299960 -0.424997449 -0.129621375 -1.468075022 -0.300098630 -0.434002555 0.386832450
-3.132281301 -30.118059700 -29.896056961 -0.745087805 -0.482799976 -0.047371605 0.457716371 0.095110437 0.158565523 0.236384085 0.056309527 0.967768534 -1.013884111 0.136820619 -0.254862709 1.256122806 1.505995132 0.278949875 0.564435141 0.912352762 -2.793858250 -0.969455526 -1.146292733 0.506810070 -0.610481905 0.640766303 2.355661590
7.891514278 -30.845304289 -28.887760613 -0.494326392 0.797252112 0.271156954 -0.215648775 0.387130640 1.225865240 0.349669463 0.081197418 -2.304310360 0.631520012 2.493237661 0.505626046 0.428071375 -0.068874816 -0.520492761 0.534330709 -0.465013305 1.095284718 0.602859889 -0.732427724 0.970127974 -0.874575641 0.237249108 0.271458010
3.113315637 -29.315930353 -38.069976151 0.414172936 -0.785173910 0.077633583 0.453801428 0.188061715 -1.591963821 0.267450010 -0.164740060 -0.194700792 -0.647087158 -0.008013978 0.611493210 0.281469926 0.905689396 -0.462272367 0.917287482 -1.048105494 -0.431313607 0.179948845 -0.859570545 1.350628891 -1.887367089 0.134499908 -1.253002201
0.990018355 -21.373692284 -30.034454436 -0.411133927 -0.490633447 -0.041346087 0.767162444 0.186525765 -2.538545313 -0.394420270 1.031237353 -0.968243437 -0.451729016 0.007278715 -1.510313855 -0.770155918 -0.323015223 -0.500556987 0.291242859 -0.147346081 -1.012671357 1.366445951 0.211642115 -0.774860122 2.066921640 -0.599398880 -0.037463276
1.911698477 -29.621593178 -26.129534876 0.572057845 0.437073200 0.621973326 0.308003282 -0.475788024 -1.103884757 -0.669381861 0.037007701 0.554114681 0.055896115 0.300504269 -1.043219255 0.972317887 1.172736996 -0.221584407 0.863584919 -1.155566951 -0.563547244 -0.686713577 0.696984928 -0.599335431 0.058998244 -0.331740714 -0.572982030
2.333934882 -29.437014339 -25.977822734 0.484854034 -0.525273229 -0.696427971 -0.063187673 -0.664942449 0.748305059 1.170810252 0.269976883 -1.067292584 0.963654377 0.101734507 0.256671165 -0.674254276 1.266379140 0.673007174 0.189753796 -0.122908661 0.453792636 1.776438645 -0.447333190 0.514128667 -1.522324401 0.207031264 -0.048525337
2.956395470 -31.257395539 -41.833005078 0.058485632 0.698913645 -0.258147133 0.664423965 2.046652915 -0.327856747 -1.372131325 -0.929231727 1.380664136 -0.205315751 -1.343060884 -0.256657464 -0.784910855 -0.586590034 0.732809540 -0.796016421 -1.054935238 -0.046557247 -1.185413312 1.192096303 0.037399283 1.339918766 0.807202258 -0.053453619
-1.364341017 -29.651391189 -35.648737171 -0.755623633 0.311561589 0.574844801 0.038932721 -0.386717805 0.043105345 0.261360063 -1.712320666 0.752667718 0.356787236 -0.264380838 1.120482671 0.262013220 -0.840226849 1.026252616 -0.696226872 -1.371645495 -0.781295431 -0.560719374 1.627819463 0.551711341 -0.676360028 0.351085130 -0.838443493
8.462796673 -37.351106757 -33.123603393 -0.533291495 -0.211905276 -0.801871564 0.166428152 -2.073216148 0.500831356 1.475110260 0.213281292 0.712691225 -0.853388248 -0.292534525 1.247230325 0.329547483 -1.113979330 0.713125859 -1.132479394 2.155797846 -1.354912159 -0.511526274 3.412462275 -0.628955547 -1.847755881 1.310924653 0.808692356
2.374095577 -29.483454679 -24.451622961 0.589028969 -0.805418076 0.065491686 -0.007578644 0.797639946 0.406357793 -0.477596846 -0.914201190 1.111597903 -0.421305905 -0.737963274 -0.011313490 -0.112857883 0.456760982 -1.483393574 -0.716584993 0.221335215 0.230934519 -0.543468811 -0.656456417 0.066336437 0.533793274 -0.004490850 0.206318561
6.819257294 -28.316579543 -30.029565516 -0.590859307 -0.671162948 0.159351340 0.418369127 0.816158748 1.296152748 0.164020576 0.737234109 1.339161313 0.858945369 0.295899682 -1.066995610 -1.815845047 -1.703315708 0.672107846 0.789685174 1.316932900 0.826823318 0.676414071 -0.110278572 -0.600235120 0.439315997 -1.479315240 -0.808583490
10.000387982 -31.074260378 -41.682689525 -0.376929113 0.708532882 -0.428554561 0.415026008 0.102411684 0.008375475 -0.010027060 -0.313824335 0.290860850 -0.715755594 0.174773924 0.004089436 0.200232517 -0.061110442 0.131427869 -1.059135629 0.433287684 -0.628047531 0.494154826 0.051170452 1.648662294 -0.512934760 1.581198638 -1.470787470
10.410887497 -31.472526942 -36.386217016 0.932380104 -0.024538683 0.339490154 -0.121703041 -0.818528935 -0.250250962 0.029458445 1.345180631 0.184197430 -1.081677853 -0.148344849 0.954526114 2.096360559 -1.919231529 -0.050795278 -0.669558577 -2.120713002 0.728303523 0.132672755 -0.416293374 -1.634030088 -2.214888335 0.762941863 0.884227576
15.670416919 -26.439067129 -33.921983616 -0.775413489 -0.549490127 0.275605827 0.144346631 1.045854474 0.682369920 -0.074120500 0.348780012 -0.155797192 0.512922106 0.121174984 1.184925327 0.432917791 -0.207243908 -1.619343346 -0.000244833 0.862361998 -0.685048972 1.276824047 1.852525647 -0.918469912 -0.927135587 0.000787433 1.989764205
3.499171741 -31.949236212 -27.938297247 -0.581992776 0.662973747 0.406382057 0.237915622 0.484264392 0.708595902 0.160248633 1.064449822 -0.207499664 -1.249481726 1.475243088 0.236726353 -0.341300719 0.354230979 1.239479520 0.263607134 -1.234679029 0.209672208 0.040244131 0.341875176 0.318126968 0.277451162 -0.773894247 0.120316419
1.661234508 -28.880260368 -41.178338383 0.408956717 -0.782419852 -0.218872472 0.415533898 -0.822067329 1.474749413 0.518978389 -0.364221893 -1.201868586 2.043852389 -0.264823789 0.662056929 -0.424912860 -2.583679994 -1.240756382 -0.406033431 -0.435951671 0.053847073 -0.793024823 -0.263608604 3.104362155 -0.714083347 -0.196298272 1.406314088
-0.674457039 -24.901603297 -27.265014781 0.314284839 0.403394469 -0.163659761 -0.843631095 0.233796951 0.448946464 1.099372643 0.262021600 0.597604707 -0.291947236 -0.016857069 1.122155355 -0.603308015 -0.156282044 0.852667322 -1.005466882 1.165169968 0.683325738 0.560824886 1.871569754 -0.857134737 0.358009084 -1.119301901 0.499367498
6.348213512 -31.486818524 -36.071330059 0.926508006 -0.112660030 0.353712458 -0.061466492 -0.823272911 -1.102654580 0.418965109 0.983385196 -0.149988655 -1.227012808 -0.746649766 -0.425842448 -1.981937139 0.955957542 0.697896709 0.118425833 0.152719773 1.637799944 -1.025911688 -1.577085429 0.008193079 -1.250799147 1.019964446 0.349842851
5.670193585 -18.790738437 -31.008290580 0.505433927 -0.715137150 0.238006023 -0.420081582 0.417687141 0.151586208 0.274787176 0.473371173 0.314195440 0.469887937 -0.710809034 -1.076565275 0.318143588 1.218986707 -0.701364178 -0.749057627 -0.961498121 -1.311751119 -0.656700966 -0.158709736 -0.046405187 0.177892676 -0.212746836 -0.931108915
9.329777684 -26.606634746 -42.272800288 0.653974938 0.360163063 -0.367291690 -0.554703671 -0.292881937 -0.801363413 -0.211730684 -0.802827812 0.335771968 -0.259996940 -1.198669357 0.947530964 -0.021091649 1.368135537 -0.364209568 0.702877947 -0.097018423 0.354616863 -1.100440184 -0.292231563 -0.187704972 -2.327450487 0.584325784 -1.841040608
9.106851532 -32.616395135 -36.625997852 0.387953163 0.147231706 -0.592988678 0.690057675 -1.163111460 0.334548687 0.614356422 1.361944765 0.418190000 0.174652217 -0.841538192 0.123608252 2.404715739 0.061632143 1.545767520 1.756247824 0.444256406 0.794388590 -1.555419906 0.286050512 2.065031073 -0.303401268 -0.278557333 -0.281270988
3.731844292 -36.527617303 -37.692518875 0.153113094 -0.380637949 -0.911946638 -0.004945825 -2.284333485 1.515146385 2.056472277 -0.420249815 -1.842802460 -2.132125014 0.066403151 0.128726332 0.780685040 -0.568152231 1.014798958 1.327163130 2.105812418 0.598516521 -1.775764855 -1.118825713 -1.012768455 0.947559336 0.276026645 -1.143083124
9.362879932 -30.309780222 -34.688143984 -0.839987092 -0.091380372 0.225619904 0.484940173 0.048372561 1.511708711 1.730129085 0.089900650 1.322457668 -2.117027564 1.538511752 0.962070482 0.025777803 -1.009791750 -0.710813660 -0.203662408 0.156851154 -0.783713213 -0.714189355 0.320148384 -0.829989795 1.043942061 -0.848776005 -0.095226498
14.461988037 -24.172254269 -32.916188142 0.582850534 -0.739613198 0.336145189 -0.016247563 -0.962557002 -1.222354105 0.619542194 -1.221909130 1.128394024 0.220859255 0.218196855 -0.294743479 0.698008623 -0.597763714 -1.850939646 -0.458834371 1.091459112 -1.253094506 -0.968352270 0.540543581 -1.242301379 -0.543727058 0.947056527 1.574755306
8.639139456 -23.465722683 -32.074093838 0.685570973 -0.482543923 0.542313445 0.055135564 0.613737446 0.968507934 0.261623106 1.060298868 -0.051713921 1.812862314 0.072781477 0.694331592 -0.729340357 0.279669936 0.921266184 0.712136750 1.159894539 -0.129898507 0.176629718 0.482398031 -0.389046568 0.345239921 1.005594739 -0.256205271
3.470190658 -24.445586929 -27.359397410 0.069884777 0.627277582 0.316591434 -0.708102264 -1.228646952 -0.520858828 0.169742777 0.851087565 -0.495934465 -0.922260284 -0.904029764 -0.091414588 0.949806892 -0.739325264 -0.123752854 0.634383688 -1.294898805 0.617954217 0.787348394 -1.036451299 1.032870750 -0.870211035 0.225592477 -0.091264601
12.254119463 -30.795690160 -30.206673035 -0.366332757 -0.051781540 -0.305049012 0.877532953 0.219583887 -1.493543717 0.328396916 0.532129539 -0.486728160 1.793076602 -1.248781992 0.070917723 0.249394511 -0.364834759 0.263808537 -0.156842741 -1.118133007 0.146152322 -0.854586671 -0.878295889 -0.754224147 0.949600112 2.055816225 -1.289130238
8.352045195 -25.824588739 -28.082572011 -0.833811929 0.133571090 -0.182188897 -0.503709873 -2.297961472 -0.094768756 -0.679900455 -0.180473643 -1.522773896 0.505859368 -0.637449001 1.407116737 -0.795795384 1.438313086 0.210583484 -0.249861404 0.650827325 1.196825732 0.993341440 -0.275598646 2.119567752 -1.251251987 0.892137976 0.022166964
6.956027714 -24.973433462 -24.107774343 -0.175674936 -0.355092531 -0.770095746 0.500000153 0.023695885 0.321166189 -0.888881509 -0.545710729 -0.075426643 -2.764636296 1.782591587 -1.157618078 -0.122143967 -0.544999144 -0.128783374 -0.355619233 1.507018250 2.739918515 -0.738709282 0.143248755 -0.270448112 -1.338632920 -1.596338930 -0.059148366
9.714775527 -28.564316061 -29.181596116 -0.542172360 0.175590924 0.821658960 -0.009670165 0.388791084 -0.043146434 -0.435857749 0.389951373 -0.435954373 -1.075619323 -1.659492571 -1.586939683 -0.235389215 0.302819698 -1.184632239 2.076455522 0.298477594 -1.313674270 0.146299606 -0.647714506 -0.337913987 1.174382268 0.175506667 0.219086281
12.407144454 -31.859962274 -38.491310971 -0.085990485 0.312716875 -0.785273642 -0.527407907 0.514344744 0.460674041 0.210336508 -0.442864791 1.898149091 1.500727266 0.055638490 -1.857639897 0.825847440 0.936198609 -0.758843293 0.856764131 -0.374207693 -1.147522080 -0.273095464 1.499598992 -0.648723441 -0.445925948 0.178199128 1.059149068
11.664918765 -31.686463805 -30.801374767 0.063915641 -0.820695380 0.317683379 -0.470585970 -1.396686246 -1.911128774 0.095357943 0.025085870 -0.013598579 -0.124098899 0.126831333 1.189843961 -0.381146953 2.066879860 -1.606242675 -0.507460553 0.078262033 0.805423190 -0.173558136 0.257638410 0.329897285 0.018618777 1.210414664 0.151499772
-2.641266997 -23.690453172 -31.309467971 -0.596197161 -0.595373106 -0.386268864 0.375334751 -0.353499449 1.459695280 -0.117274241 0.999022806 0.579366179 -0.606427630 1.612843699 -0.845183775 -0.191731626 -1.121133034 -1.875096483 0.076603543 -1.580974605 -0.667927422 -0.560087977 -1.297403217 2.096538553 0.303833690 0.699496849 -0.708372196
-0.850289088 -21.449951608 -35.336155236 0.416839514 -0.664476260 -0.421856495 -0.454701239 1.503511842 0.439066243 0.540456202 0.237896554 -0.564409954 1.003765316 -0.364367924 2.315949981 -0.521360315 0.480188480 0.729417079 0.914220902 1.696960472 0.230026023 0.983353990 0.010427548 -0.263498215 -1.152678421 -1.548622156 -0.062514883
2.755557245 -21.965566301 -29.539651654 0.238249206 -0.021812611 0.446444617 -0.862234730 0.893690578 1.418876160 0.870458075 -0.438384062 0.045771558 1.091047295 -0.138678209 -0.344831274 -0.011510551 -0.374297216 0.559723167 0.799325600 0.248942081 0.426080980 -1.015471695 -0.600989041 0.075586337 0.276383296 -1.525975588 0.262413489
9.085266137 -23.366145474 -37.584594031 -0.223234405 0.559136931 0.305405757 -0.737739531 -0.955136039 -1.613853721 0.708952305 -0.363842714 -0.507913321 -0.431942832 0.359190965 1.182078545 0.046561495 -1.383322113 -0.090263206 -0.499647677 0.825158593 2.190338033 0.284320430 1.525411530 -0.933306492 1.314388259 1.789934406 1.742058121
6.373322973 -23.419119900 -35.539526098 0.140848266 -0.041369908 -0.467420952 0.871761407 -0.390280398 -0.576262819 -1.006127595 -3.125701641 -0.483051952 1.504428481 1.132047089 -1.114500688 -0.945783850 1.094184116 -0.403974189 1.389163433 -0.571080304 -0.486322277 1.152720119 0.020344823 -0.302828604 0.272757043 1.368828202 0.050485291
-3.275320342 -26.947508010 -30.213552607 -0.263234037 -0.200160344 -0.928966787 -0.166326144 1.153614848 -1.501063761 -0.305589232 1.524086124 -0.344058161 0.337177710 0.145055579 0.016993793 0.719174168 0.124843828 0.964957712 -0.299691036 0.117208210 -1.653592324 0.662841266 0.330873141 0.753822097 1.838911028 -0.245953265 1.368527897
8.371951841 -26.348936480 -39.989933622 0.443462860 -0.552679097 0.247420859 0.660809675 -1.695296720 0.767365197 -1.449877282 -1.929677019 1.529708785 0.865906946 -0.479878777 -1.389087859 -0.470919372 0.889539367 0.521337745 0.754053686 -0.636824460 -1.894940579 0.410829412 -0.209003912 -1.022006407 0.349242069 -1.363973141 0.626455334
-2.040130212 -23.854254025 -32.027097806 -0.157558247 0.168470752 0.972576150 -0.029810011 -0.692193107 -1.930008420 -0.330787081 -0.581827134 0.214638782 -0.267843868 -1.346437893 -2.368866171 -1.874793009 -1.526218059 1.424297758 0.507188408 0.093753239 0.134323387 -0.736741248 0.432080295 2.225323567 -0.772395348 0.404992562 0.515057986
-1.912372686 -28.938245751 -39.175169819 -0.951317821 -0.247066792 0.056221738 0.175475124 -0.779745709 0.317644247 -0.339280054 0.701763807 1.052060219 0.299322103 0.234014955 -1.010418326 0.575647945 -0.438487264 0.097494063 0.723765672 0.847865041 -1.272068650 -0.740095486 0.492307838 -0.381228249 0.262808280 -0.479655009 -1.108955185
4.458706929 -21.180763791 -27.858703808 0.370376206 -0.226915261 -0.741481559 0.511405933 0.365745966 -1.811029077 0.853271304 1.687736694 1.223992755 0.319817521 -0.796980393 0.095741148 0.043937839 0.120389412 -0.180648566 -0.892285042 -0.435244261 -1.056694533 0.247485073 0.363437545 -2.097257099 0.664318410 0.417042783 0.067044434
1.815101964 -23.875323274 -40.733911849 -0.329937776 -0.816929441 -0.465827508 -0.082292677 -0.896147044 0.910475656 0.768691337 0.412145775 -1.866326976 0.850757904 0.323552218 1.549838272 0.562379674 -0.830173381 -1.724522475 0.563486814 0.694319700 0.745246107 1.415616495 -0.805638141 -0.438307920 0.741691274 -0.990618900 -0.273302058
2.129912962 -31.975611752 -37.317398489 0.565476696 -0.153418937 0.504363142 0.634284287 0.688188398 -0.966547376 1.692539415 -0.865074738 -0.042343548 -0.692471813 0.422057936 -0.129007236 0.085780045 -1.086708402 0.114989272 -1.738106950 -0.376343735 -0.230186412 -0.852832357 -1.321143567 1.624766612 0.913357939 -0.619078760 0.043034319
11.682527049 -23.406914676 -31.391109018 0.339351231 -0.930913895 -0.114306049 -0.071931830 -1.256597688 -0.357303142 1.136895084 0.181785016 -0.666330943 0.370082910 0.526324174 0.465102155 0.670079156 -0.575466156 0.304419226 -1.380587129 1.021316429 -1.286482229 -0.830063108 -1.774385501 0.531154927 0.276407636 -1.059070947 0.091900990
-1.187685213 -26.331450323 -36.817936472 0.364596557 0.098614932 0.923251918 -0.070358665 -0.758482543 0.837556921 -1.026145256 0.228869676 -0.685316026 -0.265704244 0.428610477 -0.475178016 0.225329694 -1.009635895 0.629360253 0.981835114 0.336754529 0.664534258 -0.421081161 -1.037419098 2.756689375 -0.437763908 0.496280090 -0.503570654
2.101036176 -22.909843566 -28.121937775 -0.488868172 -0.654186776 -0.013353885 0.576948218 0.688673682 -0.052589651 -0.045075320 -0.550954502 -0.033302451 -0.948643661 -0.869811975 0.249211651 -0.679045904 -0.451392746 -1.543749584 1.417527830 -1.020753954 -1.458181170 0.804270476 -0.461590628 1.575172350 1.130442486 0.131263941 -1.327385975
7.406265247 -24.864794176 -27.060854914 -0.255842128 -0.048877705 0.827144380 0.497983886 0.015037776 -0.519427046 0.577320645 -1.232788273 -0.817027203 1.009610580 1.032744775 -1.163006586 -0.605395381 -1.265946536 -2.042482756 0.628355893 0.105463450 -2.077508591 -0.229246249 0.502432388 0.874578981 -0.645445243 -0.025751677 1.133525697
10.008961831 -21.544177002 -37.076533289 -0.162973897 -0.956195617 -0.106306273 0.218697111 -1.718059809 0.809701019 0.243483079 0.611696077 -0.230863082 1.786686230 -1.195678155 -0.038941491 0.460072773 0.354701890 -0.461011362 0.752086306 -0.980663564 -0.288684026 -0.291485561 1.826158562 -0.029020267 0.433375272 -1.352721227 -0.841669040
7.516984101 -22.361816073 -37.576190274 -0.390536029 0.431300079 -0.203923568 -0.787322697 1.844643814 2.209564324 -0.455007358 0.819028054 -0.834620008 1.771871104 -0.436849233 0.079349316 -0.332191576 -1.146208864 -0.344045173 -0.128118315 0.738093776 2.433568867 -2.082740816 -1.197447534 -1.384333901 1.323535090 0.072478728 0.895675822
12.058527942 -26.779793982 -36.577476302 -0.197851550 0.029447649 0.370050070 0.907221332 2.494124165 2.115758807 1.539755148 0.190506091 -1.356480537 1.416156657 0.411817571 -0.714833833 -2.060433869 0.323424296 -0.798993076 1.212575113 -0.169095335 -1.009003324 1.049071214 1.022625603 1.683108260 0.182620788 0.461590984 0.655615609
9.366775585 -31.874321598 -41.612325061 0.794512251 0.107604561 0.272013966 0.532146544 -0.935524615 0.691027738 -1.033869709 -1.630172176 -1.088320352 -0.452250689 0.790318479 -1.605126407 -0.004954954 0.078360031 0.210425776 -0.241121631 0.911681424 0.212051662 -1.272916098 -0.050512826 0.025475119 0.759783766 -0.999340767 -1.210409099
2.025601940 -26.053003574 -40.616077444 -0.413572246 -0.835502167 0.134370874 -0.335914563 -0.596143427 0.017186976 -0.103248392 2.051176136 0.155868453 -2.804612938 0.331126948 -0.989717315 0.062152842 -0.393837740 -0.059560391 -0.498052398 -0.032726604 0.543645549 -1.331860296 0.649410874 -0.726869305 0.465835294 -0.558685216 0.554748566
0.907701921 -27.183682053 -30.419704086 -0.599852400 0.257162236 0.032536922 -0.756958408 0.294030013 -0.170399343 0.778850613 0.326716179 -1.390706953 -1.529649948 -0.964706749 0.055546011 1.539323809 -1.263944486 0.311938754 -0.611365670 -0.206400540 -0.740710656 0.242815163 -1.001571988 1.474970560 0.214251551 -0.227657757 -2.683681652
3.616211514 -22.932425113 -28.780622223 0.848275345 -0.360220051 -0.388157153 -0.002116326 -1.803135357 0.368873817 0.803041895 -2.333459139 -0.874183380 0.549441477 0.527985274 1.205108654 -0.878581023 1.669746750 -2.546490970 1.981555266 -0.143396910 1.938853525 0.418886229 1.550409628 -1.432085880 -1.373730181 0.125121456 -2.202325679
10.540741089 -31.473543592 -29.454110741 0.883153173 0.050074800 0.463507958 -0.051897587 1.152438747 -0.921331743 -2.441021034 -0.605544691 0.614826813 -1.887934708 0.204972002 -0.072724175 -0.159635663 0.867393737 -0.634816727 -0.510750681 -0.528106368 -0.695398719 2.040219132 -0.420812361 1.443647324 0.964398496 -1.196724778 -0.600499505
8.489419535 -27.902153667 -36.563884141 0.056670890 -0.918319037 -0.384224375 -0.076486508 1.651118653 -0.201593569 0.174655233 -1.154021700 1.209455627 2.044021754 0.159044237 0.553628588 -0.928306157 0.094121602 1.565531675 -0.374764195 -0.113642700 0.299813248 -0.534840286 -0.869518675 -0.355225271 -0.409670164 1.425648445 0.848772981
9.730353738 -35.139551573 -38.596361739 -0.089209589 0.751590783 0.609425266 0.236122404 0.593193780 1.611538388 1.410973038 -1.518294261 0.222105415 1.099036980 0.684655901 -0.064235431 -0.022408509 -0.793855458 1.901309471 0.850903516 1.074228471 -0.055454529 -0.420637190 1.615600345 -0.967166082 1.713721029 -1.333583759 1.026002281
11.433647969 -29.140195390 -36.396510768 -0.328353342 0.470989229 -0.137696972 0.807089074 -0.760568919 0.185397365 0.609529399 0.511941914 -0.279042322 -1.131758570 0.664841872 -0.448227103 -0.645207795 0.919434373 0.260513034 -0.273532512 -0.658365970 1.018748218 -0.588370843 0.231896808 -0.089792838 0.923128893 -0.523893287 1.403434760
8.452383056 -24.319695087 -30.441868012 0.067401024 -0.957644139 0.129730932 0.248082024 -1.667306252 0.253497207 -2.802632332 1.289406810 0.928262018 1.199345661 -0.174837597 0.103167184 1.225174399 -0.148062487 -2.050723932 -0.454183881 0.633965885 -0.221366705 1.277529011 -0.989503202 0.839477107 -1.270929028 -0.840798643 1.006529830
7.928824012 -32.810341489 -33.372527237 0.510199668 -0.523444287 0.681898651 -0.026769526 1.644045458 -1.139400577 -0.862027597 -0.855314123 -0.618440445 -0.669320568 -0.642685341 0.602900352 1.190027859 -0.307297400 -2.439984197 -0.507668179 1.807223898 -1.296628396 1.518105905 -1.052965471 -0.572848446 -0.984359546 -0.567371713 -0.321454205
10.875115130 -35.523325946 -35.960504946 0.349485113 -0.222830134 -0.799620764 -0.434526779 0.977353246 -0.975969590 0.320539751 -0.237868281 -0.784809712 1.383411975 0.755746329 -0.399180124 0.751505160 0.357446411 -1.092057611 -1.530166419 -0.491678994 -1.313039258 0.430488639 0.055864244 2.371292332 -0.433853910 0.152653707 -1.523957609
7.995377120 -32.612088438 -33.143617986 0.433375126 0.867979371 0.181216522 0.161116060 1.324263122 -0.252768550 0.031985001 1.440604582 0.520423564 -0.389887326 -1.449124019 -0.793959587 -0.772560343 -0.270463299 -1.326569337 -0.215221251 0.869858650 -0.411523523 -0.298833264 1.517182634 -0.750309521 0.780795222 0.828053489 -0.161322538
6.586549369 -36.605591294 -36.195509875 -0.707370063 -0.248294659 0.651659538 -0.115400183 -0.522475142 -0.724827940 -0.571371087 -1.201699599 -1.008987308 1.962308963 0.734308984 -0.567057228 0.707197620 1.991604157 0.025831963 -0.690256210 0.592143301 0.338441855 -1.046007194 1.018029630 -1.261077304 -0.070182605 0.117009245 -1.881929822
2.325323886 -27.803019656 -39.794068426 -0.503871364 -0.165398074 -0.668641572 -0.521225070 -1.961163933 -0.494162350 1.193135052 -0.401138219 -0.998794392 0.424158272 -0.483978678 1.089243211 -2.004471989 -0.221539752 -0.072550065 -0.448764323 0.807843375 0.234477418 0.146953580 0.746945841 0.226024326 0.077621580 -0.120716274 -0.417015292
10.729417105 -31.520613462 -29.999212055 0.325504109 0.467577370 -0.629559870 0.528273460 -1.141676351 0.516960908 0.601741020 0.739106950 -1.908173666 -0.559295798 -2.050476690 0.187800323 -2.322383329 -0.826962124 0.752050285 0.518397855 0.745568943 0.274556374 -0.698172684 0.869618385 -1.477946371 0.532592634 1.235874148 0.089941273
8.473438262 -31.017242110 -26.863327617 -0.294304436 -0.637091391 0.139465655 0.698604888 0.152659719 1.071960894 -0.093147902 -0.840451043 0.636932328 0.907660909 -0.623140928 0.971611687 -0.307946059 2.687649998 0.524977834 -0.628750977 -1.787019232 0.901151526 -0.341465169 0.888946635 0.085737873 0.034313879 -1.080281899 0.084157960
7.948770034 -28.264494410 -32.883518896 -0.174781223 0.658333204 -0.687914830 -0.250643379 -0.104469529 -0.065821096 -1.172296265 0.048967583 -0.459775642 -0.853033433 0.933858922 0.927991988 -1.659035494 -0.403022420 -1.015168991 0.635962586 -0.972382177 1.793215108 1.125748538 0.405497467 -0.076148867 -2.426038880 1.185927422 -2.052091108
12.338914556 -33.263039855 -29.537856896 0.759851366 0.325263067 0.557961061 -0.074224606 -0.313129665 0.147143400 0.490717746 -0.063430185 -0.318806397 0.106143548 0.833388018 0.778170012 -0.925389479 1.386743264 0.279600337 0.513568910 0.826017487 0.891228306 -0.259423717 -0.810800460 -0.530749492 0.153038941 -0.993826256 2.274070067
11.451049426 -31.358236614 -29.692548826 0.702915257 -0.566137138 -0.186737138 0.387979542 -0.657113094 -1.940654907 0.752669877 0.763875027 1.125907296 -0.598512426 0.442915444 0.838811258 0.339014040 0.116384023 -1.690332295 0.635513990 -2.375349221 1.294660818 -1.268471781 -0.024775227 -0.603815650 0.152327805 -0.006899684 -1.393817399
2.537719641 -25.298868594 -41.736152298 -0.479539379 -0.523306445 0.435716164 0.553483308 0.787711992 -0.214649758 -1.034732807 0.741437157 -0.681510263 0.115452566 -0.448237802 -0.624047059 1.604795358 0.703558900 1.289750693 0.640346180 -0.767294702 1.212230455 -1.001112246 -0.719089265 0.926274878 -0.090996692 0.710721028 0.951279819
3.302755155 -36.136314564 -36.190092396 0.587867940 -0.357981744 -0.590169735 0.421853102 0.670882634 -0.150127397 0.028067655 -1.622485434 -0.467832958 -0.982532273 -0.138860699 1.321198571 -0.693514143 -0.091753713 0.834057348 -0.481459216 -1.787993613 0.216522671 1.135675923 0.417939332 -0.474278455 -0.643635849 -0.306194110 0.165918781
12.438470217 -33.105726616 -30.804941050 0.365986343 -0.620680449 0.693291217 0.012532584 -0.416927462 -0.708697585 0.101806650 0.182521616 0.321406629 1.532049474 -0.839875604 -0.774623754 -1.741137888 -0.413318232 -0.145868416 0.091831191 0.632084058 0.690568747 -0.106769827 -0.300899191 -0.425027458 0.405254378 -1.879455570 -1.194588158
8.271620166 -23.005380027 -41.059603459 -0.373129078 0.744803199 0.468383505 -0.294380328 -1.192550753 -0.749498170 -1.182776034 -0.257287252 -0.457796083 -0.517162597 -0.177013614 0.836549068 1.110275864 0.440278610 -0.870042415 -0.112099774 1.270683274 -0.017504847 -2.189702372 1.147183089 1.250058054 1.900149061 -0.331192486 -0.081305571
5.183757176 -30.811940462 -36.440267608 0.675902015 -0.256093608 0.188712567 -0.664800795 -0.498089010 0.370852005 1.405796811 1.450102545 -1.710358080 0.487493672 0.693197085 0.749620483 -0.542752645 -0.600151239 -1.688341329 1.110988815 0.667280878 -0.564545608 -0.988170571 0.125541681 -0.324235128 -0.049222223 0.845042601 -1.084206508
5.249883998 -19.764798256 -31.171372523 -0.546815604 -0.038171140 0.549393981 0.630636117 0.456291259 0.315197561 -0.300234257 0.166963788 -1.681386162 0.212771660 -0.268884536 -0.289070904 0.036826309 -0.315758085 0.540589696 0.171369801 1.952202131 0.902900912 0.476533384 -1.843425913 -1.501917668 0.777768717 -0.010822596 -2.768213216
-1.607023720 -34.425837144 -33.671421478 0.099296995 0.039680002 0.540609142 0.834450334 -0.125404677 -0.706634471 3.276425634 1.123835013 0.337709949 0.769776399 -1.037569929 0.046817614 0.302680173 0.015459568 -0.498457827 -0.776267850 1.929538557 1.118052265 -0.446501937 -1.493609639 -0.625643031 0.999207654 0.341076387 0.977118686
6.217967314 -29.940793133 -34.183043193 -0.035123822 0.743996279 0.618151351 0.251246416 1.220623294 -1.881546281 -0.687211079 1.261081993 2.043726719 -0.653243076 -1.064088089 -2.463527450 0.372111677 0.677432978 -1.044774430 1.140005655 -1.643896073 -0.509167813 -0.274106141 -0.505317562 -0.501937710 0.487515584 1.371713837 1.610075671
3.829222785 -26.919168881 -35.393743733 0.048897838 0.488316782 0.869412340 -0.057252996 1.448151812 0.382460668 0.743526883 -0.118652664 0.352439100 -1.056576672 0.623602046 -0.150465379 0.433832811 -0.901941440 -0.392643801 -0.209977423 -1.273213155 -0.378177107 -0.416449700 0.085180143 -0.683486511 1.195325715 0.756905740 1.795290048
13.484889352 -25.395792116 -34.637962952 0.403290978 0.529105428 0.723035462 -0.186074054 0.073337455 -0.552024849 0.736737763 1.155389305 -0.014132983 -0.705511774 0.120506835 0.001520245 -0.630012943 0.974832491 -0.746727604 0.031028948 0.066496345 0.257237869 -0.923060580 0.263665265 -0.713845329 -0.630525977 -0.177745084 -1.034061041
11.663092551 -31.950396645 -29.738483721 0.548401436 -0.240880271 -0.037530866 -0.799889989 -2.024210850 -1.308509333 1.216958429 0.476547777 -0.431582454 -1.676041160 2.042722672 -1.646925021 0.975941445 1.114860522 1.876298642 -0.608316485 -0.279426667 -1.244809301 1.435863996 -1.212340857 -0.493154737 -0.270449095 0.696834134 0.023423907
2.552111698 -21.040820338 -34.048224288 0.007954659 -0.234995599 0.921099112 0.310306651 -0.644848458 -1.037080603 -0.274517578 -0.814718962 -1.414267196 0.378662788 0.184863534 0.930533833 0.179414602 0.190604317 0.170096506 -1.600656249 0.010643872 -0.219470093 -1.322407299 1.460818871 -0.373259502 -0.722956923 -1.439015122 -1.888772339
10.662147440 -27.485059551 -38.441224568 -0.505690906 -0.049913856 -0.851238181 0.131068203 -0.620459169 -1.354214455 0.621010861 0.623768300 -0.540146496 -0.355395355 -0.497052178 0.627008656 1.191038623 0.821726102 -1.474077105 0.233427544 -1.092067409 0.693849267 -0.147050415 -1.050238472 -1.201442697 -0.179298007 1.350293783 0.037701035
2.497524696 -27.669128147 -28.439448204 -0.117460835 -0.750166301 0.177860432 0.625954583 -0.826294986 1.081812739 1.040251126 -0.701785594 1.828414932 -1.103425664 0.974891837 0.608136285 -0.782512348 0.376403639 0.270278205 -1.894223283 0.560972887 -0.599924552 -0.773331798 -1.299527753 -0.011745539 -0.521221976 1.235232641 -0.226399794
8.065430715 -35.571318424 -39.049150653 0.245650413 0.600867015 0.065295736 -0.757859599 0.652933927 -0.268414017 0.650111996 -0.998624590 -0.899469073 -0.772785648 -0.197371195 0.089939414 0.492264752 -0.164767177 -0.499544417 0.227678670 -0.274658800 -0.232860828 -0.870986438 -1.244470544 1.096491022 0.164287191 -1.714951411 0.531382627
8.210759717 -27.341554091 -36.324224750 -0.563823580 -0.409213832 0.395420443 0.598573039 1.032011134 0.303033142 -1.342445054 -0.544973097 0.914910266 0.019928066 0.546688049 0.192781594 0.622542004 -0.973728092 2.274294867 1.294813668 -0.868448809 1.192477947 -0.352314871 -0.466198591 -0.491999655 0.252735832 0.810550384 0.919060948
1.481196962 -22.092848421 -27.414390459 0.112187559 0.180539374 -0.440403696 0.872275226 0.517960924 -0.588722592 -0.034128824 -0.741446116 0.677519297 0.807630135 -1.902391147 -0.596219229 0.839530770 -0.273635370 -0.137950048 0.965624027 0.336006044 0.932929575 -0.353801771 2.095319848 0.183686857 0.222360848 -1.157024714 -0.928142445
2.962689303 -19.351391058 -30.809754304 0.620801829 0.160260010 -0.304440987 -0.704441271 0.404263237 -0.595338643 0.951680630 0.045061925 0.643563875 0.370691419 2.544374219 1.809279648 0.654037179 -0.143334342 0.121860746 0.891992220 2.254939091 -1.550384409 -0.457483610 -0.539085186 1.641683655 -0.903909909 -0.839952154 -0.325156938
4.313814196 -27.286160935 -35.915520127 -0.505117753 -0.479598762 -0.538975314 0.473652504 -1.136687263 0.803677046 0.686259556 1.247831670 -0.162821414 0.407584546 1.415908014 0.504211037 0.850728179 1.711389269 -0.135424985 0.838852405 -0.644526167 0.052601061 0.297928571 -1.896387193 -0.295145594 1.210513086 -0.655523931 1.317148011
3.719072390 -30.962022890 -32.114176233 0.834639492 0.290751296 -0.257888326 -0.390300159 -1.438252746 -0.697531302 -0.448409791 -1.184115362 -0.656031349 -0.542767384 -0.924908075 -1.513437796 -0.025164868 -2.621245775 0.040796802 -2.164871874 -0.600254580 -0.467212058 -0.263461763 -1.230548878 2.141913393 0.507462184 -0.478878533 0.057704471
7.205811059 -20.690404632 -32.876070778 0.315550502 0.191872014 0.870290063 -0.325896022 -1.664816713 0.989719324 -0.343600916 0.606963208 -0.264682304 0.649709322 0.636751827 0.602281744 -0.924454963 0.717285488 0.588082124 1.741450985 0.646943479 -0.904461358 1.463529694 1.206230556 -1.628309227 0.639825285 0.190340510 -1.243611490
14.160588386 -27.407490819 -34.190631650 -0.007945986 0.481879949 0.104793452 0.869912012 0.068862547 -0.949185700 0.447292055 1.192503355 0.319076350 2.225470818 -0.878078661 1.980634512 0.341036494 -0.201097226 0.180877638 0.660689430 -0.968376887 -1.197363051 0.186285227 -1.105927692 0.637728113 1.014001149 -0.465175398 0.105951871
9.622202985 -20.227956899 -38.038134887 -0.849194379 0.155349365 0.225697850 -0.451437661 1.238485876 1.042446471 -1.188537086 -1.047336239 1.444244108 -0.696026989 -1.078666084 0.321733525 -0.901013614 -0.020670110 2.196920338 -1.664446202 -1.343908851 -0.201306774 -0.142523638 0.976054718 -0.254454114 1.054457651 -2.215853179 0.736353953
4.366746271 -32.889739499 -34.846625799 0.041850294 0.853054388 0.315920495 -0.413208186 -0.101461304 -0.391865077 1.175993289 -0.210414646 0.653812467 0.023111603 1.121463952 1.041111224 0.175820820 -0.492898783 1.009093973 -1.076829642 0.030952250 2.359420880 1.363001117 -0.787939901 -1.040394923 -0.289838406 0.156876287 -0.925862721
5.146896261 -18.585500751 -32.822586244 0.169001333 -0.256452723 -0.429438847 0.849266052 0.722401507 0.389480239 -0.823857912 -1.386892528 -1.039861845 0.478875589 -0.253181750 -1.290750514 -1.388430537 1.570927212 1.363276961 0.979872760 1.330090811 -0.808060555 0.276317633 -0.415400246 -1.542386923 -0.311714508 -0.204948067 0.936139192
4.794030910 -24.970942703 -28.926835510 0.238911150 0.828280682 0.279839378 0.422566559 -0.763825433 0.417148799 1.060743128 1.055037377 -0.819058269 0.795115152 -1.417909626 -0.748628972 0.381344767 -1.049068124 0.193742074 0.790469547 0.379010896 -0.921330082 0.742883248 0.405431232 -0.407170026 -0.415480473 1.725428212 -0.898461439
1.105906100 -26.979920518 -29.581781661 -0.031572646 0.560888937 0.820658780 0.104527202 -0.578574832 1.063300156 0.145945719 0.316866532 2.407968092 1.189395009 0.548298745 0.651329206 1.548805958 -1.515384789 1.122917148 -1.572978248 0.522558737 0.290240018 0.845171446 0.103377894 -1.211567525 0.523486718 1.881315150 0.114070410
2.400587933 -29.791059054 -26.360195214 0.935557582 -0.193009955 0.022492742 0.294912266 -1.591598880 -0.151478328 1.659363687 -0.848735265 -0.017894203 -0.715851732 0.926966674 -0.303435956 2.023114479 0.550176086 -0.249552763 0.981814209 0.449043852 0.077937199 0.533356827 1.190934831 -0.256945435 -1.131918005 -1.467659938 -0.071040629
8.489159143 -32.827717221 -35.167069066 -0.589847168 -0.616051087 -0.482662013 -0.198994367 -1.573187298 -0.187813893 0.402642124 0.864446597 0.933300171 -0.624842330 0.284590440 1.089829976 -1.225363306 0.144015528 0.054430600 0.334945573 1.432002696 0.192367746 -1.091131426 -1.196243854 1.642842261 -0.059532356 0.329819916 -1.295338848
6.165917803 -26.473620868 -35.327354214 -0.221196838 0.545094952 0.807848428 -0.036391884 -0.497484395 1.817947817 0.478328359 -0.770688463 0.525724936 0.261338254 -1.594319386 0.415134479 -1.301886791 -0.299730055 -0.831226157 -0.019528703 0.525005154 0.690416844 -0.442323924 0.987216886 -0.905814517 -1.804587995 0.161774516 -1.129184984
-2.447837920 -31.155748475 -30.666181174 0.711301554 -0.157765055 0.679868607 -0.083300452 -0.138756892 -0.448855212 0.707686244 -0.297566521 -0.069686167 2.441881738 2.492053082 -1.085382909 0.150333511 -0.582588367 0.586106310 1.533874313 -2.013236783 0.278985600 -1.121236169 -0.421851906 -0.105306854 1.248190999 -0.043708853 0.052435760
2.210250696 -33.095087440 -30.454931495 -0.852873738 -0.417813395 0.007501477 0.313020898 -0.395194804 -0.999231836 -0.359445865 1.906499851 0.488511048 0.945326976 0.318565462 -0.127155822 -0.773260552 0.487693422 0.184290594 0.201553039 0.591495358 -0.556076589 -0.677024746 0.075088001 1.125732953 1.576535362 -0.307992556 0.124961413
6.845004299 -25.741885754 -38.398119343 0.247682918 -0.552615081 -0.643187635 -0.468593010 0.784175460 2.097650249 1.219036953 -0.504633909 -0.845414523 -0.091539109 0.484650842 0.650877621 1.011165807 0.753939170 0.257653445 -0.066894362 -1.172364607 1.508610125 0.219048255 0.737757200 -0.228375863 0.269305602 0.108256219 0.428142872
9.333148639 -24.824650770 -30.363372662 0.684079622 -0.263736169 0.339300478 0.589367025 1.721229707 -1.854104173 0.342869347 0.023733866 -1.666887664 -0.826175355 -1.199481649 -1.194983186 -0.061646447 0.422403438 0.768275059 -0.989533042 -0.733846432 -0.542201601 0.149188475 -1.167952422 -1.964468315 1.076291393 -0.404610099 -0.477575711
14.562499629 -31.746351548 -36.316033657 -0.017698619 0.330747514 0.906802739 0.260771227 0.241746006 0.713856891 1.539203147 -1.141072856 2.488808824 -0.428231067 -1.042691291 0.700850324 0.072404275 -0.468089066 -0.080964787 0.410678215 0.187188986 2.028306760 -0.074574174 0.832919491 -1.513408424 -0.545242713 -0.478650532 -1.631240739
-0.102341062 -34.985416075 -34.806333641 -0.126934301 0.300897654 -0.944154002 0.043834988 0.874509017 -0.890675558 0.316146723 -0.678737527 1.300517521 0.593883757 -0.978640253 1.478991643 2.556427325 0.112599488 1.525446483 0.287760289 -0.250280458 -0.574687128 0.996266643 0.117027463 -1.115499047 0.187144497 -0.276829949 -0.621764076
9.834590256 -21.788102369 -38.151046212 0.005968567 -0.849637121 0.522131096 0.073893561 0.167107477 0.166992619 1.113341018 -1.485699539 0.043352164 2.843932993 0.142579610 -0.368639283 1.074442960 -0.839121711 1.738705752 1.785445951 0.060915249 1.010749303 0.499312880 2.304262587 0.948530622 0.431416990 1.140944243 -0.315546198
2.033411331 -22.172334857 -33.290441637 0.234831473 0.252088964 0.938683176 0.013387666 0.483558355 0.922376498 0.164782822 0.653609103 -0.991004306 0.686043248 0.017612655 1.590217244 -0.104370872 0.815567732 1.597622452 0.355358067 1.503412118 -0.818442232 -1.066237738 1.692389663 -0.039157518 0.135862696 -2.862946139 -0.537070065
7.878475203 -19.596199415 -33.492826605 0.343912658 -0.794895283 0.280402561 0.413811523 0.621617806 -0.592361733 -0.342187448 0.535466296 0.386502017 -0.174673730 -0.296226948 0.593412633 -0.177069683 -0.052157878 1.373366147 -1.496522678 -2.702688737 0.759852174 0.509804576 0.671873506 -1.181959938 -0.453257347 0.315453326 0.331035718
2.216129719 -22.301910567 -39.208984281 0.041667074 0.199234397 -0.589101912 0.782002843 -0.411613104 1.829187424 -0.205334948 1.224444382 0.259095518 0.904027701 -0.457207495 -2.433069359 0.875214287 -1.473784360 0.728640406 2.151292000 -0.461742389 -0.422491997 0.693278449 0.367341385 -0.593883786 -1.451649543 0.167186407 -1.513397961
7.071571437 -35.769737369 -27.505755057 0.441918976 0.032899674 0.438483045 0.781893758 1.235253880 0.080919153 -0.625220891 -2.271409085 0.489077412 -1.072620973 -0.707739834 0.229248763 0.114413802 1.719696350 -1.302241182 -0.184647156 0.482261892 0.472860473 0.697858438 -0.646616794 -0.325096873 1.759584439 0.645131512 -0.024437504
-0.708542539 -30.771912200 -29.077986515 0.165618863 0.660219479 0.480867343 0.552672806 0.035611420 0.262118243 1.151461272 -0.653905702 2.457526799 -0.980837860 -2.053118800 -0.639510359 0.100433510 -0.993466245 -0.624135407 -0.105744767 -0.092540102 -0.589410538 0.410361764 -0.645048386 0.980564275 -0.520663397 -1.496615066 -0.875466849
13.082241604 -29.459220613 -37.479463268 -0.822884150 0.465184269 -0.296759703 0.135642730 1.326614735 -0.509918472 1.665515225 0.682112506 1.546035596 -0.713273686 -0.494695448 0.309444574 -1.107527141 -1.582754514 0.897210715 -1.620465053 -1.177677595 -0.408590335 0.827198282 0.160461395 0.036756909 -0.147041836 -1.527092044 -0.137304180
8.063315924 -27.254551247 -40.663366946 0.142396463 -0.721475862 0.430699152 -0.523157786 0.297272341 -1.435069248 -0.283866191 1.558745932 0.249638949 -0.311104180 0.262839602 -0.409762180 -0.673698057 0.678774544 -0.127488622 0.514844135 2.583051027 -1.540737579 0.017987501 -0.760222538 -0.186805979 0.299367731 0.530080448 0.516533085
0.458561166 -25.189250212 -40.898745949 0.763522827 0.006557528 0.456101603 -0.457122762 1.152068922 1.094017787 0.586072952 -0.299010746 -1.514387848 -0.608507781 -0.095870259 0.383884377 -1.289410708 1.298856908 -0.884007352 1.031343815 -0.272252838 0.891907387 -2.064048775 0.531275767 0.450294806 -0.386009997 1.408662425 -0.241710995
12.303084431 -30.289380464 -28.989564508 0.400212526 -0.354596496 0.645604061 -0.545239998 -0.364175971 1.135236052 -1.163300481 -0.143825704 -0.632507617 1.430708304 0.145837380 0.571338706 -0.433963870 -0.081827392 1.254387810 -0.000484741 -0.703735614 -1.140104709 -1.122545660 0.234164628 1.374685073 1.154214947 0.059146226 -0.822989028
11.357686999 -28.982760529 -31.497205631 -0.075751255 0.967018767 -0.228475770 -0.083278290 -0.742602496 0.448159569 0.165188412 0.515402319 -1.246221629 -1.746401178 1.346100948 -0.193457037 0.387758107 -0.599948402 -1.810400963 -0.848107049 1.004643062 -0.412455224 -0.092181254 -0.469892612 -0.148748501 1.625286039 -0.635504079 -1.110246963
2.714532712 -28.207395821 -25.509625004 0.450466175 0.742058343 0.492412973 0.062921411 -0.477139899 -0.804735155 -1.365233900 -1.013512436 -0.160847428 1.287335892 -1.504238588 -0.007881519 0.069340684 0.454455672 -0.177615463 -0.376724576 -0.157626680 -0.590656122 0.893533894 0.267082719 -0.991768175 0.401038013 1.253875913 0.469338797
12.881804456 -28.085007528 -29.806978418 0.236663200 0.914352498 0.324587097 0.050924018 0.384135267 0.091047549 -1.389257039 1.971244494 -0.740494724 1.040711038 -0.496330902 0.625907817 -1.234660517 1.912665333 0.053689986 0.792452450 -0.188819065 -1.546073355 2.060595575 -2.119979451 -0.522494168 -0.141773324 0.020439357 0.134498448
7.143789531 -27.156091216 -26.409164843 0.288679492 -0.404906081 -0.801595798 -0.331902687 -0.612377709 0.131772646 -1.446586420 0.873949747 -1.134641009 1.272074174 -0.155772422 -1.486201222 0.162266244 1.030216381 0.300414770 -0.897838449 -0.630934038 -1.217430590 -1.638811386 0.994971642 0.926551593 0.905829968 0.228255733 0.238178969
4.330033869 -23.440732835 -25.418315948 -0.686797849 -0.233080810 0.354887815 0.589946344 -0.887809809 -1.119815980 -0.039201152 0.216629473 -1.082423302 -1.089303587 -0.577162382 -0.350343821 -1.076021156 -1.656948671 -0.054626127 -0.509682682 0.378961691 0.424907590 0.792201164 -1.524031369 0.750140864 1.173328886 -2.304527850 0.665185613
5.547033788 -23.302625201 -36.631352270 -0.817743846 -0.260543110 0.511463106 -0.042635441 -0.295768477 0.425040657 0.302224057 -0.428824465 2.826260625 -1.516209235 -0.284952167 1.000165020 0.233240155 1.798068455 -0.175713727 0.559488777 0.781471433 0.291181820 -0.493379658 -1.134582523 -0.349404667 -0.166459527 0.593068604 -1.056506826
4.438740584 -32.081599337 -26.775120066 -0.327450008 -0.312559703 0.792981630 -0.407753674 0.626300552 -0.338595349 -1.966729335 -1.780534657 1.468893173 -0.765814042 -0.540763837 1.520425296 0.479129593 0.407840957 0.586530230 0.117310341 -3.715278709 -0.491638772 -0.549845286 -0.665635212 1.001369828 -0.075024235 0.985041886 0.064939604
5.672786574 -21.907618625 -27.878237902 0.403918784 -0.223215101 0.781170923 -0.420471906 -1.662658454 0.239776713 1.067809440 -0.794633507 -1.700808707 -0.288084518 -0.803255631 0.372093506 -0.492541211 -1.050437523 2.003439649 -1.236190335 1.668603442 -0.082832691 0.637692545 -0.992084481 -0.848312560 0.684773491 -1.436743493 -1.902042197
4.558174197 -32.190239027 -36.971715373 -0.031240438 0.390555518 -0.497950821 0.773650698 -1.227416360 -0.124842850 0.551074314 -1.158344605 0.291470980 1.282573876 0.423774406 -1.432404691 1.155320234 -0.793991335 -0.284942076 0.831099624 -1.915382007 -0.705874685 0.535743092 -0.254376673 1.032664407 -1.036551357 -0.217340135 1.843200137
10.231492980 -21.622372636 -38.048431399 0.174127281 0.946480655 0.268727503 0.040491829 0.324156592 -0.105866486 0.634618248 0.507756220 2.545526927 -0.141600193 0.539235630 -1.641142045 -0.502392540 0.798505219 -1.875634095 0.410584707 -0.237641056 -2.124427690 1.827382357 -0.983658238 0.966820841 0.245777674 -0.319304461 -0.182547657
-2.376868676 -28.518854290 -36.717536254 0.739809148 -0.099208420 0.609010342 -0.268228478 -1.445005553 0.867437767 -0.051325779 1.442241737 0.529319306 0.654076192 0.692275235 -1.407146207 -1.295814457 -0.084537070 0.181485293 -1.403499130 -0.441355476 -2.050824125 0.824472688 -0.650703170 -0.387498337 1.576023329 0.075659107 0.322769589
4.270331129 -22.436882419 -30.198049861 0.043744208 0.305567726 0.321607458 0.895144375 0.474426335 -0.906381311 -0.053086585 -0.844544722 0.586210399 0.243942538 0.743036445 -0.800281167 0.386057970 0.585691855 1.891250718 0.608530056 -0.206800555 1.586720886 -0.879370669 0.456089092 1.832414925 -1.245221676 -0.739419466 -0.261345986
13.681927554 -28.012131881 -37.347297978 0.512525372 -0.360859337 -0.517517121 0.582472584 -0.509630679 -1.337340695 0.074119283 0.776930214 -0.293802389 -0.494069611 -1.349986054 1.081958937 -0.421846136 -0.858817940 1.774866807 0.096667154 -0.238445893 1.603815806 -0.458978814 0.549609204 0.100795772 0.593572752 -0.986054924 -0.067217119
12.378333057 -20.620947047 -32.345868646 -0.809405714 0.550345287 0.194748398 -0.063682933 -0.020469061 -2.342343125 -1.171544856 -0.230540608 -1.317759649 0.369035747 0.304860543 2.216281488 0.713465662 -0.327896507 -0.837152074 -0.877547503 -1.248672989 0.190560667 0.081605119 0.471499032 -0.924537754 0.389960578 0.390651394 -1.070139995
7.677512307 -31.594072962 -31.933131562 -0.110006806 -0.672968083 -0.605336180 -0.410585645 -0.494417708 0.870121212 -0.164288967 0.829586352 0.263922471 -1.464057429 0.614329323 -1.675923041 -0.898837881 -2.627319186 -0.828248905 0.182109391 -1.617068848 -1.962010227 0.447599962 0.769621674 0.388973925 1.598256927 0.267827218 0.188185978
9.841570201 -26.940149343 -32.084527749 0.108913946 -0.192672613 0.846368911 -0.484432331 0.476629268 -1.040586058 -0.848730866 0.549036379 -1.844860438 0.798988762 -0.454900683 -0.429997869 -0.231902669 -0.763345285 -0.060854269 1.078764906 -0.626591457 -0.213651893 0.210342272 0.595120371 0.467067972 -1.467801802 0.375033111 1.054960610
11.738678923 -23.855772300 -35.753771993 0.016808105 0.830998447 0.555634054 -0.020733244 -0.531260868 -0.947439233 -0.399642470 -0.887508367 -0.617802387 -0.966719231 0.235253606 -0.115518675 -1.035657194 1.249720940 -0.825048900 0.253153834 1.003524462 0.477875694 -0.913755282 -0.722509756 1.778295645 -0.682374017 -1.370155940 1.862334603
1.121299380 -33.088166819 -33.503042556 0.248003237 -0.317991497 0.210345052 0.890578891 -1.273951423 1.608504670 -0.545565781 0.799506321 0.269555104 0.063149602 0.148116530 -0.849729705 -0.582890284 -0.727222015 1.219084209 -1.085696006 -0.307694155 1.213774528 0.255917333 1.216686058 -0.228588214 0.325779099 -2.061280235 -0.550298611
2.981187046 -35.804146644 -29.504497620 0.506174314 -0.849374533 -0.141155582 0.049250059 -0.169508406 0.449217389 -0.383967043 -0.353558622 -0.479489892 0.157862204 1.722206588 -0.698151336 1.347003693 0.848582698 0.860719242 -0.555914633 -0.376454560 0.206680793 -0.590990651 2.331812881 -0.432179686 -0.549315441 1.080813155 -1.029658504
-1.139643089 -23.923077115 -34.250443694 -0.315831856 -0.440982076 -0.511066708 -0.666780225 0.257788099 0.234822075 -0.221131625 -0.040584704 -0.280264764 -0.316855047 -1.792592435 0.331537903 -0.072500853 0.714425591 1.442369984 0.907154727 1.260947518 -1.307416890 -0.739947759 0.663470606 -0.069001385 0.598591884 -1.060275317 0.367349406
5.775953728 -28.969213384 -36.728561767 -0.486852165 0.177625617 -0.754525493 0.402635554 -2.781731342 0.031732149 -0.496774878 0.191232660 0.914100900 0.506949952 -1.094817296 0.602999187 -0.130085317 0.652505286 1.107998842 0.320468854 1.466248829 0.210465477 0.594951335 1.801194833 -1.689185098 -0.154111585 0.355023720 0.031508637
0.302958842 -31.216848367 -33.686641418 -0.970489686 0.127278214 0.060426631 0.195700403 -1.396783309 0.177926954 -2.040614971 -0.729426819 0.929062506 0.604957506 -0.660505580 0.026624887 0.766968937 0.192802172 -0.721231619 -0.099997734 1.140031858 -0.172812747 -1.452844356 -2.267617199 0.765239565 -0.074507205 -0.759491223 1.510346410
1.160650372 -28.969943558 -31.346656786 -0.036889290 -0.124865636 -0.959364063 0.250336471 -0.822190634 1.184283021 -0.550117189 -0.450644715 0.043829155 -0.721832593 2.768444071 0.936895930 1.726932622 -2.390767805 -1.082024208 -1.963572399 -1.445041023 -1.593679182 0.586272752 -0.012353483 0.139992144 -1.498332051 1.300167487 -2.125741325
4.775519211 -21.880363127 -33.693780662 0.117165807 0.325178366 -0.866490785 -0.360173464 1.554945601 1.241755176 -0.252800431 -0.014453245 1.083350404 -0.622899028 -0.539827930 1.081429578 1.303162738 -1.041240871 -0.662637779 0.182288515 1.023523849 -0.623928614 -0.484574536 -0.003619499 0.449190391 -1.248338396 -2.382900764 1.068332823
7.195461694 -37.723366356 -34.391373267 -0.168084996 -0.754317353 -0.141488645 -0.618654773 0.729580433 0.863147356 -1.734166943 -2.127817425 -0.256685779 0.647896004 -1.069748453 0.061235482 1.240590183 0.321603457 0.609156898 0.059293716 -0.442761598 0.544870810 -0.792473746 1.480273642 1.873127148 0.141436267 0.773409059 0.466698539
13.357203478 -28.708920438 -33.070951292 -0.324456169 -0.294042980 -0.896480589 0.067745661 -0.136115543 2.411089305 0.311509045 0.558735698 0.479806806 -1.989197030 1.066587897 -0.019541494 1.119892095 0.965756398 2.221027576 -1.071232361 1.217671197 0.677392906 -0.029414418 -0.315490541 -0.720728042 0.415948720 -0.598232467 -1.171050763
1.572195081 -29.685816034 -32.521718558 -0.269537704 0.451038850 0.835550885 -0.160524457 0.021002883 1.359686131 0.156805303 0.368180413 0.039941126 0.070838301 0.955259126 0.720659166 0.404983492 -1.805641149 -1.686152645 0.632016790 -1.117053481 -0.419583280 0.072131979 1.022426452 0.634039890 -0.258710412 -2.072077820 -0.156813279
8.977243572 -32.593309750 -26.615208191 -0.615870507 -0.199197682 0.461088026 0.606977458 0.090079453 -0.813041205 0.062626775 1.864363524 2.710202841 1.558282288 -1.653123587 0.857690962 -0.629267696 0.557342625 1.420984279 0.107198310 -0.219615498 2.305803498 -0.285804657 -1.619160887 0.583528732 -0.059105943 0.040795010 1.396059802
6.251323629 -29.544880829 -37.849750799 0.214751322 -0.265619614 0.114680074 -0.932832553 -0.862021575 -0.827279167 -0.288834260 -1.199064598 1.123756694 1.259160984 0.419694444 -0.260970018 -0.591824280 -0.100052537 0.562795882 0.701251395 0.317321481 0.337896075 -0.047029503 0.179409351 -1.109945812 -0.087512385 -0.183348773 2.323016753
3.976224407 -30.924854605 -31.897168624 -0.125241429 -0.372914354 0.916548410 -0.072031114 -1.438056672 0.156745237 0.543603318 2.548555107 -1.070719606 0.050048901 -0.670272575 0.418285055 0.097710436 0.704321729 -0.048883726 0.192902655 -1.300100408 0.590729122 -0.691567415 0.146343385 0.258993432 0.040562331 0.177190122 0.997302052
10.533044849 -33.352418163 -33.495297408 -0.619260234 0.683103741 0.213685842 0.322838043 0.859336885 -1.797265264 0.352446442 -0.224063941 -1.484172739 -0.600556507 0.522669871 -0.123263372 -0.516094599 1.224159967 -0.294654675 1.907649766 0.510195714 0.197457558 -1.219517811 -0.407507136 -0.222666578 0.589950493 1.322281173 -1.573329941
7.542222809 -35.512438311 -37.064153385 -0.068449052 -0.210960157 -0.870412844 0.439536143 0.782122344 0.540351800 -0.212420944 -1.266453330 -0.643573520 -1.968428747 0.619719353 -0.978383587 2.679376132 -0.273445381 -1.611574615 -0.216422640 0.113050699 -0.584768186 0.511358339 -0.155729424 0.007392438 1.638542464 1.303457911 -1.063436261
7.528379869 -27.275285885 -26.235562811 -0.435400971 -0.884858081 0.137487253 0.092463111 -0.650873057 -0.057982755 -1.070252792 -0.595157971 1.178164553 -0.360497148 -0.510297441 1.030417597 1.030936867 0.021658643 -0.451631240 0.578116620 -0.892128620 -0.260806544 0.524061074 -0.628040484 1.780415442 2.336369457 -0.578866631 1.360179465
2.256564399 -32.190416598 -32.692783424 -0.246111572 0.336656353 0.901572304 0.115147620 2.147952057 -0.359420939 -0.446924382 -0.261218106 0.328931424 -0.708626709 -0.035472946 -1.799800459 -1.884989823 0.858011183 -2.037076771 -0.502301033 -0.140576778 -0.757964306 0.512906790 -0.629820424 -2.076887681 0.309596997 1.197178738 0.501292411
3.237927004 -30.372496520 -25.360553786 -0.926120241 -0.106533228 0.164910282 0.322112666 -0.222930909 0.663465428 -0.361542231 -0.988200779 1.554198238 0.127429291 -0.426071982 1.140540194 0.819492982 1.119171038 -0.435802774 0.384032480 0.238373399 0.553246516 0.828479938 0.961895008 1.031364804 -0.864680612 -1.553093815 -0.987513087
-1.971180721 -27.554385022 -35.928388627 -0.720994702 0.576132513 0.201072288 0.328341136 1.365247600 0.107525752 1.730677798 0.960041890 1.297924630 0.505008368 -0.015286847 -0.058382334 0.272389081 0.425617478 -1.965541640 -0.053770248 -0.219600409 -0.054964403 -0.210774777 0.433175277 -1.853705124 0.144987289 -0.080380948 -0.352403500
3.724943284 -25.956319046 -25.162815896 0.937727853 -0.154565214 0.167254720 0.262301214 -0.899524554 1.398575833 -1.490132542 1.309896196 -0.434061220 0.242158898 0.940453960 0.798025951 0.338634514 -0.010655816 0.192393636 -0.570514063 1.849078376 -0.934330833 -0.533244291 -0.948537750 -0.196121159 0.986724763 0.658611690 0.508620554
5.770183068 -27.571589049 -25.641226378 -0.904986058 0.053419475 -0.417906532 -0.059166919 1.686101401 0.099174517 -0.308475517 -0.737634859 -0.893998281 1.252984122 0.566919379 -0.788130213 -1.498698193 0.244034269 -0.718584443 0.248482714 -0.018969777 0.762459973 0.760875685 0.844998953 0.621729153 -0.256829780 0.466590794 0.822548855
8.808648721 -24.994312861 -27.174613139 0.849329292 0.040405503 0.520794080 -0.076030754 0.881903392 1.732990667 -0.670064926 -0.241346150 -0.481723869 -0.875405783 1.073068513 -0.988132863 -0.075720030 -0.869164354 0.283795552 0.588832964 0.177865595 0.475240301 -2.002599568 -0.153551222 1.071761738 -2.553336137 -0.425764343 -1.217756250
4.492685723 -32.353289056 -30.736959955 0.684699313 -0.654436262 0.231937009 0.221597050 0.264812664 0.262337667 0.503609263 0.648016455 -1.434109425 -1.182051557 0.071488312 -0.250287207 0.023905227 0.651904456 0.062642787 0.214043169 -0.254087884 1.312912913 -1.651283640 0.496452318 0.891358583 0.520767555 0.608753960 0.582923163
1.285684600 -23.385101251 -36.802512465 -0.814022722 0.408860977 -0.272241272 0.309974837 1.609033624 2.188447149 -0.547087292 -1.052148060 0.638478587 0.310367221 0.194714153 0.491253929 -0.884810640 1.289543411 0.402096047 -0.950758931 2.346075091 -0.737336103 0.018305323 -0.618916793 -1.646203777 0.700503229 -0.448033063 -0.641200847
4.553458666 -26.318062001 -29.614600008 0.204703048 -0.413728049 0.886233593 0.038933055 -0.030506072 1.660077738 -0.123475154 0.563669544 0.538406350 1.519674688 0.255357717 -0.974394889 1.666237792 0.836545310 -1.705093682 0.521254906 0.584307826 -0.865889179 -1.390049549 1.406899266 -0.295683183 -0.806640355 2.680564210 0.318832354
-2.508110288 -25.482074684 -36.940526970 0.125254464 -0.524548866 -0.825369536 -0.167107556 -0.075768802 0.264108243 -1.882371298 -1.202497813 -1.449461896 1.958322023 0.722698351 -0.115807632 -0.694032150 1.362324997 0.221698920 -0.308236198 -2.359354792 -1.036582183 -0.707193255 -0.206838536 -0.517942673 2.658363101 0.665181267 0.642253054
8.588527347 -35.742183900 -33.399853034 -0.210201321 0.046801944 0.638772976 0.738643397 0.380337176 -0.145252902 0.250052551 0.015385131 1.269118694 0.358945483 -1.541004099 0.810992516 -0.652472451 -0.279574574 0.070164930 0.379887484 -0.015649200 1.199933550 -0.502482007 0.006391427 0.674427426 0.627446862 -0.724041204 -0.155519180
7.865806618 -27.237486165 -37.254692057 -0.618130351 0.483182919 0.160512243 -0.598903128 -1.172746650 -0.146100897 -0.498840267 -1.142806511 0.980178991 -1.665514660 0.062793530 0.473402395 -0.727030803 0.433164150 -0.204573112 -0.879715576 -0.894379125 1.224809493 -0.357691937 0.586475733 -0.636121738 0.354948496 -0.339707004 1.223284932
8.224468712 -18.637533880 -32.444276146 0.593772604 0.617812598 0.158611862 0.490493595 0.340611493 0.183822589 0.937643766 1.448756145 2.509163518 -0.912745109 1.549620600 0.060649159 -0.594691023 -1.677496679 0.663948209 -0.550703607 2.247143442 0.221300826 -0.673948671 1.159886199 -0.320224829 0.392915044 1.860130697 0.265594416
