-9.513388028 11.182895424 -11.831634774 -0.639530696 0.232970738 0.481749506 0.551944325 -0.607183831 0.542388294 -0.432798171 -0.894728686 1.185749990 1.556210322 -0.037418301 -1.183455139 1.639201365 -0.242272623 1.015711827 0.948887937 0.711144992 0.086811871 0.832158179 -0.380736369 1.669424862 -0.499055865 1.434706052 1.524056108
-4.843322614 15.498577317 -6.141539381 -0.947599619 0.254349062 0.151291819 -0.120300886 -0.720435320 0.067549739 1.123499235 -0.134901342 -1.071241350 -0.304235439 -2.207208670 1.385051671 0.559524092 0.785959404 -1.985603553 1.539375925 -0.177564108 0.480354076 0.254825113 0.960083900 0.204440899 0.221457472 0.668794288 -0.138686945
-14.772442404 11.338844419 -12.813628562 -0.230839505 0.247423581 0.940881566 0.015380958 0.528365491 -0.652105151 0.381176615 -0.138488890 -0.525285755 -0.654778133 1.221876344 -0.144672714 -0.233428992 -0.494915302 -0.471210555 0.670943219 -2.021088548 -0.956304215 -1.474075729 -0.214922314 -0.140485649 -0.183256569 -0.297728434 0.187072062
-6.509091351 12.479266093 -9.581484804 -0.242149022 0.445801773 -0.426731655 -0.748681991 -0.806947291 -0.120458543 -1.373518496 -0.132729165 -0.258940814 0.522271904 -1.961830997 -1.102630300 0.120542877 0.504765676 0.442598215 -3.072475322 0.944872113 0.914407670 1.538264647 -1.292903537 1.215079761 -0.721418413 -0.072771113 -0.569820414
-14.902609402 19.334066958 -6.653650973 -0.108838395 0.827099923 -0.206009247 0.511488135 0.712409537 -0.091178373 -1.441662767 1.516350172 0.271740208 0.247225376 -1.451043181 0.222170440 1.183359059 -0.234009706 -1.682276077 -1.570209576 2.189805311 0.379541080 0.274554570 0.938141472 1.596657494 1.208171142 1.416950477 0.455819815
-3.520529915 18.377746557 -6.081453931 -0.002260661 0.190435312 0.880958693 -0.433175556 -1.314068885 0.482306754 -0.853141936 -0.744974597 0.291795540 0.773937851 0.725928272 -1.219344511 0.814047745 0.020271684 -0.306284059 -1.332894854 0.277561209 -0.103345049 -2.797605760 -0.101534374 1.914487380 -1.064498440 0.862426040 -0.051851055
-16.219182841 16.064613835 -8.363963224 0.826069090 -0.319487448 -0.089906314 0.455471715 0.204913493 0.666488762 -1.212857170 -0.225534256 0.462589035 1.004149581 0.632569855 -0.358609936 -0.452212261 -0.448968201 1.645422837 1.029242885 0.956158945 -1.221205713 0.509214310 -1.593361836 -2.692232162 -0.134873164 -1.686386832 -0.026140444
-13.755081610 12.128297499 -11.362891284 -0.377256826 -0.413992389 -0.415321413 -0.716795447 0.084546541 0.890023657 0.053130981 -0.339673794 -1.039358756 -1.147471527 -0.202527220 0.737895341 -0.136189725 1.722742016 0.625210876 -2.109351470 -0.426422571 0.326060015 0.698020758 2.013243948 0.114732382 1.250201167 0.474950443 0.118504325
-5.950600068 9.740960398 -10.720772558 0.083483003 0.953401924 0.287515216 -0.037287536 -1.065852359 -1.127765922 0.272925593 -1.031111511 -0.572799000 0.147774935 -2.030975843 -2.185652108 -0.486129702 -1.918333312 -0.380568281 -0.897147759 -0.677374631 -0.325572484 -0.223576005 -0.111897951 0.756916764 0.543041955 0.438212758 -0.657972230
-3.849393915 19.830893260 -14.426984387 0.719046815 0.673181478 -0.171604416 -0.018716290 0.833585409 -1.116851277 0.937128592 -0.803302472 -0.777360352 -0.750688363 -0.073392222 -0.200553571 0.891700551 0.277566168 -0.689101595 0.467984814 0.270087845 -0.345678874 -1.459863703 -0.947764308 -1.362637739 -1.654938897 1.464024874 0.377418111
-6.347197870 9.606195762 -16.002051274 -0.881109979 -0.160776392 -0.029991418 0.443730403 -1.880831554 -0.372337174 -1.700592925 -0.187550062 1.534114603 -0.235019014 1.205896351 0.342056906 0.701988909 -0.337525339 -1.148933382 0.444506354 1.438219285 -0.563444625 0.965792515 0.063296292 -0.223517852 -0.631108608 -0.164201116 -0.000108980
-5.081263440 23.563968408 -6.334412663 -0.465462217 -0.091574700 0.010054983 0.880260130 0.990106260 -0.657561039 -1.341544343 1.609037231 -1.198354301 -1.406513178 -0.851519916 -1.034440367 -0.510546831 -1.934724643 2.376424609 0.561471893 -1.013748584 0.587682139 -0.042836882 1.174156408 -0.550376435 -0.248422646 0.182949139 0.210065210
-16.027357495 13.369343380 -13.879059680 -0.289059073 -0.501544497 -0.439350741 0.686927140 1.682427748 -0.351576929 0.013546937 -0.133458193 0.779922123 -0.369307171 -0.691853913 -1.148441324 0.726889425 -0.582027733 0.641850321 0.331394914 -0.610443058 0.865012496 0.030385199 0.215241010 -0.295822453 -1.143173125 0.153456498 2.149551355
-2.288886523 17.384967999 -6.107545462 0.234437009 0.047553497 -0.868743554 0.433661840 0.471917336 1.206791396 -0.512914996 2.044541809 0.438317392 0.595609444 0.364845186 -0.606742861 -1.343423615 0.530393327 -0.878357524 1.011780613 1.837920513 1.260679411 -1.413989952 0.327937190 -0.723941614 0.748172968 0.161336198 1.016049494
-8.272506982 24.757332345 -17.140132322 -0.663476372 -0.315501453 0.551593800 0.394971160 0.170467736 1.753690645 0.459178516 0.137337033 -0.744336537 0.011627472 0.319838710 -1.246291257 1.632682728 0.576037130 -0.984519095 1.168475991 1.147987470 2.335774642 -0.737879598 -1.649968523 0.013567667 -0.047884053 -1.610466465 -1.531893615
-10.022776556 25.301438568 -19.830969232 -0.815098730 0.559237912 -0.055472828 -0.140676166 0.811069897 -1.810813361 -0.185509794 1.033918030 -1.525420175 -0.667283372 -1.210035155 1.254714339 0.002650822 -1.224298249 1.141913085 1.324178967 -0.023354345 1.117984756 0.667862247 0.301688768 0.120568475 1.083968839 -0.411775041 -1.410167368
-9.306636655 21.680937112 -19.914287209 -0.332972841 0.108548822 -0.935820825 -0.039819898 -0.218201520 0.000931517 -1.247451403 0.958780251 -0.344144239 -1.586716712 -0.044002875 -0.165559731 0.815497883 0.943904291 -0.102075824 0.747563766 -0.528899713 -0.225911260 0.083701164 -0.177277849 0.221545402 -1.420560388 0.738507673 -1.069875919
-6.022867808 9.233311657 -11.066147912 0.735886806 -0.555469634 -0.214949342 0.322057254 -0.014046685 -0.851015682 0.303071876 -2.414866836 -1.595674653 -1.095677371 -0.541806450 -1.084615965 -0.238228408 0.773769414 -0.596282130 -0.617822694 -1.326827302 0.259315255 0.313610565 1.061755035 1.654066253 -0.710880069 0.687967212 0.968714899
-9.270830585 17.235336142 -17.066304184 -0.112249815 0.807150279 -0.309820561 0.489815910 -0.308025241 -1.637512744 2.254928402 0.519006303 0.225974873 1.762028069 1.266164145 -0.546431105 1.362072137 -1.181042222 0.152376461 1.694971795 -2.384758912 -2.010672647 0.764813765 -0.040523008 -0.590364450 -1.321982578 -0.457223077 0.160919577
-9.835437454 27.385250456 -10.197301323 -0.747047990 -0.374785635 0.084451114 -0.542515472 -1.504357536 -0.263858318 -0.106631059 -1.300878334 -0.250907790 1.074710006 -0.806187540 1.058874302 0.082787448 0.624200298 0.430088329 0.051675265 1.874350797 0.624029025 0.211570034 1.301794051 -0.006461878 0.239772317 0.490785947 -1.569781174
-7.351297101 19.128188292 -21.063148764 0.100202512 -0.799521054 0.326376452 -0.494169963 -1.769145224 -0.288343715 0.144321139 -0.612329145 -0.034808862 -1.259729739 -0.949431993 2.110089054 0.759680380 -0.889999887 -1.930769587 -0.484512894 -3.207794468 -0.616202887 -0.812366845 1.727736202 -0.572835974 1.289820896 0.784040232 -0.297202154
-3.773132153 9.975783788 -12.812584383 0.941641952 0.280596283 0.097881605 0.158099180 0.851448278 0.619314525 1.026704325 1.418583810 1.390549175 0.810115411 -2.617136882 0.402141807 1.964745293 0.992515424 -0.533197787 -0.094028793 1.048097176 -1.578316198 0.642818220 0.294779263 -0.473221318 1.425053546 0.212129731 1.371374809
-8.257680081 27.016536420 -14.753089332 -0.352459217 0.253653558 0.892179029 0.124293821 0.571628503 0.316179161 -0.781573677 -0.159064189 0.852021395 0.416188029 -0.912508826 -1.231623553 1.433650985 -0.532821440 0.023754486 -0.888561880 1.108444762 -0.161499767 -0.126881588 1.054533984 0.907310444 0.564953558 -1.050132263 1.093827733
-3.719573212 19.046747768 -10.157118165 0.430450606 0.615058237 -0.152148796 0.642857982 -1.712948114 1.395152160 1.927128225 -0.805415088 0.548272842 -0.862966642 -0.899338517 0.312971104 -0.964716001 -1.134899371 -0.325716074 0.120427995 1.029256569 0.956082183 0.742240101 2.084630665 -1.504365864 -0.099969890 -0.963391737 -0.405347884
-13.060242595 12.582959748 -10.496710101 0.370851238 0.645264295 -0.636644156 -0.201959322 -0.669812549 0.006552884 -0.244508449 0.743343804 -0.113634031 -0.630762666 -0.658456107 -1.052880206 -0.144213990 0.227534316 -0.464429327 -2.159821649 0.276765601 -1.529623603 -0.607796588 -0.887036474 -0.638813763 0.556505594 -0.161253882 -0.222959914
-15.614659973 15.047820232 -13.473284075 -0.491240106 0.299932135 -0.194132427 0.794378042 -0.399144162 -1.688943769 -0.261851304 -1.434209326 0.745499390 0.079811304 0.831496805 0.723039743 0.474011749 0.301058293 0.740338254 0.455847744 -0.469142718 1.156157022 -0.944348553 1.442158779 -0.172390259 -0.222946848 1.844684692 0.410105558
-11.826398938 16.927821337 -6.125376810 -0.794485210 -0.407706563 -0.273078315 -0.357766465 -1.052315195 1.763820914 0.370427454 3.674791998 -0.413301048 -0.714806934 1.477396709 -0.232492338 0.800601927 -0.066698234 1.088453393 -0.133271656 0.424296715 -0.449351583 1.129798128 -1.738676194 1.534864361 -0.674315454 1.871768649 0.202028550
-4.810704957 21.361375462 -18.415487925 0.685145957 -0.179790064 0.689059403 0.153126386 -2.002294601 -0.400528631 -0.056240831 1.249039936 0.021157622 -0.378269423 1.019223748 -1.029754469 -0.074628067 1.193302648 1.145949146 -0.661513160 0.854395800 1.803693129 -1.170104870 2.031293346 0.030631761 0.528950079 -0.128721363 -1.035111055
-15.667635170 12.902677524 -15.932947780 -0.940062158 -0.013637855 -0.303205264 -0.155446825 -0.042350188 0.241566624 -2.489404239 -0.775762826 -1.320915863 -0.408641463 1.092270954 -2.013313765 -0.295398668 -2.508012957 0.598145446 -0.302820708 -1.034091507 0.550384606 -0.116053779 1.734734771 -0.267398168 0.267579564 -1.525849048 1.400374768
-6.216374956 18.921642362 -15.181150938 -0.705892390 0.467972046 0.276247604 0.454318566 -1.242629834 0.023655622 2.053597747 0.503016764 -2.196338218 -1.145829134 -1.517438184 0.304326137 0.112472291 -0.631509821 -1.545991321 0.886699050 -0.707486758 0.707102655 0.594467026 1.331441058 -0.790061002 2.441920993 -0.838703643 2.034757472
-12.142349311 18.041402425 -8.630617136 0.605772713 0.331480910 0.672570432 -0.266099307 0.365756918 0.187444085 -1.580815751 -1.770941588 0.251169990 0.795231495 -1.719214426 1.735604162 -0.493909075 0.303802737 0.620920698 -0.144474279 -1.037189895 -1.152819250 -1.136864230 -1.401581947 0.031725504 -1.058496240 -0.134229197 0.525405245
-16.868719448 19.062345017 -10.797213372 -0.038180313 -0.522545278 -0.235950280 0.818422972 -1.209193582 0.359726228 1.064720985 0.457869285 0.933524075 -0.110585219 -0.492759621 0.991252049 -1.671971464 -0.398045656 -0.305700072 0.515891603 -1.017300935 0.824277492 0.220368594 1.466264854 0.195695443 0.417171545 -0.105366858 0.850198732
-8.262017862 14.822427836 -12.646589417 -0.769724093 -0.113568797 -0.627913434 -0.018752815 -1.334850266 0.267047346 0.319426235 0.170922667 -0.797004744 -0.947006121 -1.450194737 -1.082061259 -1.547373713 0.096668953 0.230277238 2.527620554 -0.916275145 -0.369005596 0.709422311 -2.788418705 -0.409895549 0.246194899 0.272002166 -0.568911156
-2.077406964 21.710135872 -8.108479960 -0.331379939 -0.584036303 0.712829243 0.202394179 1.990942956 -0.387517317 -0.799615713 1.153748439 2.542344867 -0.269387901 0.131569942 -0.235378414 -0.122138509 -0.576221991 0.851585237 0.219888709 1.633403947 0.757462439 0.496205614 0.688659233 -0.321476527 0.564410030 -0.402130314 0.417594116
-13.356827578 26.636520364 -11.968383580 -0.353927288 0.026702222 0.787770825 -0.503427843 -1.070592327 0.953455521 -0.756796554 0.464222273 -0.851343705 -0.918948570 -0.064413999 -0.003796690 -0.746522540 -0.958923548 0.707126966 0.924382405 0.204466675 1.286725588 -0.157713135 -1.590130539 0.714385788 0.720425089 -0.225242007 1.146205087
-9.058328762 16.051394171 -7.545909015 -0.156683325 0.494701868 0.853415379 -0.049016197 -1.769235429 -0.117272473 0.546031866 -0.710845299 2.172793905 0.334597785 0.548979669 -0.205717639 2.110972345 -0.851909242 1.288085885 0.309950195 1.614180294 0.425447712 -2.047511084 -0.675824016 1.039996607 0.185794948 0.796505667 -0.015525183
-10.518698740 24.448975539 -8.173783475 -0.688828149 0.608911924 -0.169900110 0.354790083 -0.652324807 -0.303366632 0.486578962 -0.375289815 0.814969332 -1.065161098 0.198591373 0.555381955 0.430930480 -0.079668364 1.082930647 1.324524455 -0.566654475 0.625650741 1.635325096 -0.581989773 -0.815339637 0.067089775 2.180614808 1.529897500
-9.311584374 15.614977811 -17.393700117 0.287623537 0.889287863 -0.311893434 0.170769683 0.212158060 1.913728240 1.789404038 -0.150104456 -1.518154763 -1.375286633 0.443021825 1.177578659 0.734709676 -0.090408167 -0.074521169 0.615289590 0.842864703 1.109267669 -0.308018730 0.632380403 0.262785640 -0.516589326 0.599133883 -1.904437157
-4.434057654 23.889473459 -16.214550686 0.359090731 -0.478113589 0.624944774 0.501901656 1.950606864 0.287239615 0.057315286 -0.046423185 -1.227822473 -0.713942124 -1.719851019 -1.187435806 -0.038872799 -0.630688732 0.013767872 1.557966821 -0.669391672 0.191399215 0.010386407 -0.088804842 0.097875581 -1.338060932 -1.794418049 -0.546720330
-6.306038266 14.938150505 -6.639234629 0.034202993 0.114408747 0.264825233 -0.956874281 0.218759506 -0.547333192 -1.206809713 1.956705107 -0.264011512 1.484425746 0.935334936 0.937052341 -0.099503549 -0.922244492 -1.656587921 0.189401278 -0.435255103 0.260887931 -1.312599232 0.306039890 -1.419934886 0.551115028 0.498418374 -1.593580344
-15.270096697 16.734624028 -15.316957731 -0.535909572 -0.365966631 -0.680142653 0.340991684 0.787961278 -1.838385374 0.037502053 -1.288596108 -1.180265919 -0.568078776 -0.509395446 0.140547265 -0.113539791 -2.120064143 -0.911525909 -2.517451578 1.564240462 -0.399060096 0.547924432 0.844863497 0.699715132 1.338242924 0.468672190 -1.421210782
-5.268131293 17.220122971 -8.396317639 -0.827329864 0.372987589 0.413552138 0.073349734 -1.403309236 -0.756960598 -0.198743331 1.455614857 1.371476957 -1.754503121 1.010404977 -1.394704834 0.627867973 -1.041189341 0.948254094 -0.766546311 -0.438690741 1.046219156 -1.012209115 -0.893118746 -1.052128329 1.068576477 -1.265355382 -0.651523957
-8.706602135 24.409577453 -10.113309877 -0.934083673 -0.044750934 0.224154074 -0.274299103 -1.180385986 -1.607995015 0.450074651 0.383942231 0.658312453 0.392665264 0.572679351 -0.507266461 0.323755279 0.714636799 -0.039574330 0.710384021 0.260024308 -2.847307183 0.731347827 0.042618734 0.321410770 0.334335101 -0.001853446 0.552039875
-12.171174460 19.483415894 -4.286332869 -0.456391297 -0.658747679 0.431634547 0.414065329 0.345817648 0.220547726 0.632424044 1.985176410 -0.913717993 -0.967472931 0.644696623 -0.447498504 1.058951068 0.199796938 1.571363931 0.992706140 -0.889977815 0.813272610 -1.228397685 -0.440694333 0.760243171 1.003741033 0.055081045 0.877341275
-3.287720154 12.693764245 -17.701634530 0.377482462 0.388504503 -0.128119818 -0.830756615 0.478687971 0.114399846 0.877194758 0.816494305 -1.086854855 -1.281803792 0.698166221 -0.270785044 0.225620584 -1.333077962 -0.942761849 -0.538711313 0.414244996 0.676746291 -0.559719210 -1.092191204 -0.634212730 -1.410586706 0.753580272 1.424361295
-3.978702117 10.076092826 -9.929109552 -0.700019696 0.245280847 -0.624205339 -0.245310876 1.456927293 1.914899198 -1.413140874 0.786421225 1.591753132 -1.699534653 -0.076219399 0.519771304 -0.877021296 -1.222371650 0.484959211 0.301774858 -0.620164322 1.387130351 0.189498088 0.361957185 0.694058510 0.441872237 0.402891819 0.011075813
-3.210001393 20.854228868 -14.939619372 -0.088593975 -0.652525507 -0.744852393 0.107501082 0.785552229 0.300826007 -1.122802203 -1.421390415 1.511990971 -0.728418924 -0.023999468 0.422400170 1.010858846 -0.362119650 -0.488030833 -0.645063818 -1.516352320 -2.427313171 1.001630353 1.250931530 -0.423655725 0.036376189 1.334270149 -2.008946491
0.304015956 23.213559642 -11.369997247 0.878378483 0.258299752 0.107216706 0.387604253 0.360059887 1.104360170 -1.684154152 0.166356081 -0.194156861 1.573871450 0.142107878 -0.678018814 -0.571394697 -0.337119932 0.745210307 -0.091011778 0.401144408 0.717124318 -0.029677793 -1.810324561 0.052724986 1.294128007 -1.135711247 1.644288817
-14.749690342 24.501772307 -12.587682502 -0.474024940 -0.248415807 0.689392326 -0.488188656 0.068748785 0.073825691 -0.231190621 -0.234116575 -0.745859605 -0.850352501 0.442983451 -0.155290190 -0.099618341 0.245027804 0.342103748 0.450562021 -0.016414035 -1.421004039 0.904336605 0.540536686 0.258865648 0.959215025 1.017084886 -0.938856636
-7.013564659 22.242636569 -21.082814195 -0.322965581 0.384499572 0.840558629 0.203259698 -0.282008648 -1.342331311 -0.853558539 -0.603354100 0.179757174 0.173498668 -0.726373024 1.037659742 -1.474966781 -1.020851641 0.558047241 0.068637508 -0.003223290 -0.259615356 -1.045830957 0.257172163 0.402439467 2.246605150 -0.473718735 0.587155966
-2.206199064 13.048885577 -18.153131266 0.630567386 0.679203488 -0.375210978 0.016855726 0.427161602 -1.284564899 -0.302241719 -0.568922242 -1.753869395 0.092823733 -0.569780807 -1.578355888 0.696761705 -1.297443936 0.672244734 1.145229902 0.328524908 1.586471358 0.258394472 -1.069353475 0.145429076 -0.055651233 1.742323577 1.226929967
-12.823922963 13.764990990 -7.015395539 0.470601915 -0.112455545 0.826816838 -0.286812666 1.579567949 1.856821766 -0.331093688 1.123177323 0.159302345 -0.120587577 -0.440961392 -0.113196813 -0.725744232 2.164771817 -0.507807590 -1.117080664 -0.811149278 -1.286998779 1.095778217 -0.930260453 -1.442449266 -1.077000818 0.134726078 1.014194677
-4.066625121 13.964193740 -18.162434906 -0.301168842 0.725901548 -0.473732584 0.397418810 -1.027627464 0.023990313 -0.381491834 1.060290127 -1.690776670 0.336423012 1.045212320 0.078239608 1.590593420 -1.200275906 0.386936860 1.981215523 -0.052997534 -2.345663659 -0.066019300 -0.174810087 0.464015989 1.062302726 -0.710842892 -0.850524587
-10.498159075 17.065838985 -19.108773591 -0.244971595 0.098221334 0.505399169 -0.821530990 0.202688132 0.206495347 -2.159289133 -0.463696260 0.090265021 0.348348343 -0.581695251 0.518747901 0.348200073 -0.213218651 -1.072836939 0.556935740 -0.829575405 -0.870218419 0.735498703 0.997414085 -1.071120324 0.730719330 0.373902369 -0.642648606
-3.956111877 13.637665699 -13.968965862 -0.359771096 -0.849711120 0.256431967 -0.287747140 0.051163522 -0.504098840 -1.610887636 0.213843266 0.879131129 -0.684385232 0.325085612 -0.206148949 0.450008429 -0.763508806 -0.574769659 -0.489752533 -0.268067715 1.132039810 0.747562159 -1.132388231 -0.723852225 0.406438937 0.613493401 -0.413328159
-4.744512832 18.587571714 -15.625358084 0.407991511 0.862600438 -0.297479939 0.031130339 0.960789786 -1.399694046 -0.094244342 0.493144858 1.281042285 0.368279914 1.425095116 -1.282998027 -0.340755392 1.064801907 -0.014013642 -0.095811979 0.504624165 1.027715102 1.453034066 0.500780294 -0.416880685 0.014146398 1.182077763 -0.828774614
-12.447122918 19.072667896 -19.508359352 0.886349659 -0.264842349 0.078359896 0.371621499 0.542336017 -2.905058214 0.060321300 0.637825244 -1.216873344 1.517489929 0.341377914 -0.054817565 -0.463439909 1.396990010 -0.359356848 -0.703224818 -0.557751648 -1.375412077 -0.351358160 0.441782872 1.169953272 0.109192864 1.218536884 0.250470383
-10.345391027 15.140588521 -14.602601785 -0.053060618 -0.688963786 0.362158631 0.625583407 -0.002697133 -1.243496506 2.531389935 0.613225255 0.952144921 0.991095807 -0.652078544 1.694209756 -0.070449556 1.780896689 -1.180313268 0.080677143 -0.386287542 -0.943186854 1.667837898 -1.381317877 0.324602839 0.728898190 0.736622844 0.416912298
-4.726677545 9.492764108 -10.649149331 0.111606860 0.045976503 -0.078556085 -0.989575167 -0.789334583 -0.029316211 0.644067567 -1.388821810 0.697720477 0.516655851 -2.100790750 -1.594333056 0.797081277 0.183532601 0.175275575 -0.168993714 0.712596694 -0.098706620 -0.195551395 -0.930139561 -0.702672210 -0.768263388 -0.278296594 0.032247199
-12.911405952 25.501412911 -9.741814378 -0.640032281 -0.423599900 0.323766707 0.553260267 -0.415022312 0.945892960 0.147439571 -1.242060305 1.618503337 -0.614156927 0.989307979 -2.357540079 0.033113821 0.598269940 0.344959755 -0.374010847 0.335865208 -0.100313655 1.507437151 0.625477203 -0.954962690 0.166227207 -0.205767585 -1.039891406
-14.777548393 19.788546010 -5.585344299 0.362150760 0.733442440 0.131274776 0.560067807 -1.701200559 0.081147138 -0.524439847 1.056488946 -0.176402651 -1.443972862 -0.603960981 -1.053493253 1.838429620 1.748794116 -0.745629941 -1.689851715 -0.498193833 -0.855696777 0.089851238 -1.532306199 -1.478301700 1.180848602 -0.830991998 1.208735406
-4.135891420 15.525313491 -10.979417214 -0.760276942 0.515710421 -0.321826205 0.229018834 -0.848936001 1.255424664 0.090751927 0.433277193 -0.472042444 -1.093445119 0.858973200 -1.510105239 -3.017156273 -0.971782902 -0.167175329 -0.251579486 0.817864297 0.365547028 -1.422318977 -1.439752185 -1.206132076 -0.962371934 -1.402839549 -0.462884789
-7.980011739 19.093299573 -11.924691604 -0.007883797 0.747041797 0.294542444 -0.595912030 0.243385819 -0.863937091 1.259419896 -0.326687048 -1.743238177 0.580796589 0.353776223 1.641684643 -0.128931695 -2.834721137 1.318644739 -0.430826701 0.136304753 -1.062770040 0.112781813 1.175807422 -0.386304642 -1.597834619 0.802647492 0.630242453
-10.293239023 12.908094132 -9.605664071 0.567302472 0.561725329 0.125849350 0.588892606 -1.239594785 -1.916317822 0.868553194 1.317799101 -0.136082395 1.446453528 -0.061564421 0.541923676 0.483295791 0.819852465 0.478325445 -1.308324177 -0.100755695 0.331018219 0.626601328 -0.448829533 -1.011633609 -1.852820314 -0.653581007 -1.131700484
-6.061928767 16.933740378 -10.865836744 -0.498741527 -0.322936575 -0.386137614 -0.705596628 1.335957966 -0.586306115 0.194945499 -0.384116214 -3.159852619 -0.224955703 -1.300140042 -1.537242094 -0.719967190 0.395863526 0.736391404 -0.437872297 -2.679804782 -1.223391210 0.650256513 -1.178512842 -1.407121893 -0.545559222 -0.998536844 1.292302536
-1.212470406 17.943229071 -13.635422018 0.082810670 0.669149954 -0.700787490 0.232975591 -1.705031528 -0.611446304 -0.941831710 -0.235083502 0.557992860 0.551472591 0.831715107 0.054142200 -2.426184449 -1.845342370 -1.856867079 -0.737563431 1.215435732 -0.763063215 -0.741371090 0.897497269 1.536366746 1.398291009 0.576132283 -0.432205104
-13.621599885 25.224165161 -12.259456094 -0.527677701 0.696762731 -0.477657772 0.088999962 -0.281701544 2.264837178 1.643824820 0.783372485 1.292903008 1.265063481 -0.832258367 0.392372039 0.690993805 0.399960061 -0.330220754 0.208212532 -1.891735901 0.866839153 -0.405727519 0.474758329 0.423378064 0.134759422 2.078267330 -1.400954975
-2.065382429 21.736710783 -6.882282132 0.183648939 0.153581683 0.222851318 -0.944998954 -1.273550373 -0.870339116 -0.203679941 0.478311394 2.385455350 0.564649287 -0.813430626 0.571717041 0.221614456 -0.453394597 -0.989847211 1.652711821 -0.421504893 0.635266257 -0.232930276 -0.100013106 -0.883114176 -0.918703782 -0.885881292 -0.772822472
-9.484133910 10.638115038 -15.141421464 -0.361202516 0.923697758 -0.052147309 0.116601258 -0.216949180 -1.562459724 -0.032683062 0.860885782 -0.908246116 1.159421631 -1.013174281 0.362056919 0.678816482 -0.232163674 -0.069996001 -0.395006024 0.357572577 -0.667809749 -0.555572873 0.305739440 0.387363615 0.354350141 1.503311102 -0.908131675
-13.454032491 25.775233303 -17.063936442 0.205648772 0.061661947 0.220304136 0.951510628 0.302145275 0.026605330 -0.164780904 1.679172184 0.804762956 -2.007210417 0.519573283 -0.014760071 -1.285979224 1.354672250 1.702696060 -0.504293663 -0.408519518 -0.774128659 0.131843021 0.214412105 0.310367799 0.094257494 -0.923469094 0.896711977
-6.733590582 23.498979622 -12.797377080 -0.772789824 0.383606814 -0.475891475 -0.170789356 0.625447928 0.619094553 -1.100979817 -1.851176834 0.480253311 1.947375219 -0.533649390 -0.113257156 -2.111357300 0.550560008 -0.377657947 0.498795606 0.007181276 -1.561421097 -0.112053367 0.616130975 -0.572359498 0.128759292 0.257536210 -0.377973828
-4.591289724 18.373930251 -19.668077161 0.172797679 -0.980489816 0.086058904 0.037074908 -1.738775294 0.690523121 -1.549728721 1.306807685 -0.504314899 0.432092957 -2.616471807 0.243577112 0.563519860 -0.477034481 -0.565782803 -1.706548959 -1.125049060 0.623055410 -1.352884568 0.741922598 0.533441436 -1.213918555 0.799421432 -1.031263502
-0.249979721 20.090411637 -9.012532805 -0.803952527 -0.446983428 -0.138765265 0.366892832 -0.645875151 -2.336240527 0.960120960 -0.375127788 0.793580134 -0.224654650 0.001800711 -0.226052842 0.271165953 0.131826866 -0.116008370 -1.431734858 0.031029830 -1.737585059 -1.952799335 0.654386995 0.814923826 -1.395664312 -1.596630728 -0.302705863
-6.429874057 11.283534024 -16.290335499 0.329418776 0.127604701 0.236555171 0.905119860 0.059516372 -0.155949028 -0.099600752 0.322288277 0.140421211 -1.731516638 0.276075120 0.854021784 1.261445184 0.147600909 1.582364518 -1.452365838 2.201207737 1.545831543 1.116504621 -0.981968591 0.787587403 -0.386035169 1.101041125 -1.174046401
-11.602466099 16.892711063 -12.643351940 0.487167453 -0.468911655 -0.592755969 -0.437527249 -0.518558231 0.095116833 1.811140274 -1.117203706 0.000655632 0.122433943 -1.647992865 0.354421628 -0.345636514 -1.276970197 1.127467957 0.580393304 -0.449693246 -0.868517398 -0.105539342 1.506609844 -0.750297579 -1.252594726 1.736183304 1.321505555
-9.601841592 15.662822761 -8.948984685 0.429420915 -0.065242744 -0.663978389 -0.608665558 -0.754825228 -1.994218700 0.419863736 -0.599111307 0.031463169 -0.783993065 0.154434583 0.595068405 0.484479535 -0.522469324 -0.006501666 -0.832978603 -1.095591772 -2.210837633 -1.190063071 1.309630191 0.286332886 0.564816441 -0.234552271 1.792944198
-9.362867836 23.421939681 -11.672580738 -0.010362647 -0.793403322 0.596517888 -0.120707060 0.639036675 -0.418520358 -0.542201106 -0.334104389 1.499727280 0.232808930 -1.141739302 -0.085881443 0.187688864 1.087084342 1.309803449 -0.134883836 1.003148196 0.969683357 0.045129500 -1.357633875 0.465666682 0.621174013 -1.221492314 -0.434066996
-4.075068597 15.930440933 -20.416199213 0.462377358 0.768839353 0.074809380 0.435312285 -0.736771864 -1.800483573 -0.721580777 -0.437843897 0.166380620 -0.622273386 2.563716705 0.960903801 -0.748826518 -0.767364951 0.689862187 1.299787164 -0.563574310 -1.108636197 -0.155121847 0.040661306 1.175768127 0.159382707 -0.080302635 -0.849910188
-4.254655475 26.695269952 -15.275690522 0.211062817 0.920111026 -0.121784373 -0.306621516 -0.716743328 -0.757898900 1.241958566 0.803666392 1.796918825 1.394125816 -0.180222880 -1.144788915 0.216785624 -1.658651280 1.140008538 0.470697914 -1.067618851 0.697626936 -1.447510575 0.143984675 0.609427881 0.731708961 -0.774618518 0.865596204
0.294048597 15.084207703 -10.095759066 0.501882440 0.771880380 -0.340805456 0.190174491 -0.778858199 -1.377732765 0.008982510 0.416968728 0.114637511 -0.674689577 1.113548224 0.754127424 0.094520635 1.379119891 0.464545665 0.032467444 0.635440035 -1.891417059 -1.531348558 1.181699704 0.141916958 0.760362244 -1.515469964 0.563279013
-1.709852697 16.747412008 -18.872828932 -0.234682297 0.666685456 -0.360297175 0.608802652 -1.193987415 1.038399513 0.683047774 0.667538844 -0.211308178 -0.905036598 1.437633413 0.098190943 1.886245248 0.959309068 0.489427027 -1.134941680 1.505201733 0.912254367 0.551091786 -0.531106562 0.476515871 -3.278343820 1.305353891 -0.634203266
-2.938174363 19.799889098 -10.406603592 0.287469208 0.849428543 -0.247106438 0.367111719 0.757406427 1.884400556 -1.280855198 -0.477495873 0.191841111 -0.610655568 0.037747388 -0.891769005 0.347083304 -2.054895000 -0.761164141 1.016747091 0.175379560 1.598271065 -1.084051917 -0.031691754 -1.019723292 0.293979694 0.849299361 0.686036895
-7.578115817 9.993937946 -15.315879934 -0.082722638 0.439175862 0.329048504 0.831870549 0.394058256 -1.643121401 -0.576100427 0.537428564 0.436151638 -2.617112013 -1.095799186 0.415582607 0.467095464 -0.288695274 -1.145908691 0.052440429 0.557187033 0.723185086 -0.816849006 1.266128092 -1.675044603 -1.260640991 1.842022795 -0.360107546
-5.666819660 12.547127037 -9.505757207 -0.421288600 0.371515610 0.563591760 0.605686713 1.217381613 -0.554325353 0.309470815 1.061473454 -0.991256030 -0.165728410 -0.742087094 -0.035572770 -0.371165655 0.019681270 1.878504431 0.969922050 0.305314773 -0.278241202 0.024434038 -0.605405452 -0.190971721 0.937598847 -0.855167666 0.052566058
-2.490231165 16.369288011 -18.766559667 -0.841509361 0.038431395 -0.368519479 -0.393164618 -0.310973004 -0.591820852 0.205915360 0.186045476 0.247545160 -0.277367983 0.014776407 0.594276527 -1.572698024 -0.592859774 0.101080130 0.224767873 2.692494071 1.197656408 -0.260905922 -0.337467913 1.229084010 -1.161556507 -0.975300616 1.497104017
-12.376923572 22.108680190 -17.731626079 0.230208388 -0.602120830 0.681365761 -0.346691944 1.121697831 0.746220424 0.832055519 1.345384205 -0.168083661 1.067788291 1.656141033 -2.059116190 0.649421853 -0.428460905 -0.380575195 0.117559118 -0.919219304 0.374883635 -0.785687346 0.551268084 1.053722989 -1.124923274 0.434910165 -1.075264508
-3.423638741 11.656158550 -17.145087087 -0.891422078 0.359188822 -0.189436638 -0.201156231 -0.689258807 -0.788952772 -1.236916680 -0.537438333 -0.183490267 -1.768368533 1.763542950 -1.004365156 1.128539769 -2.535739008 0.921245459 0.065897875 -0.197025701 0.642678655 -0.678970579 0.584753116 0.102884553 1.752811501 -1.123561833 -0.313257066
-16.432074754 16.260735889 -15.150375479 -0.113864512 -0.830927063 -0.349258831 0.417867632 -0.466898899 -1.039841359 -2.038055021 -1.103115110 -1.594773047 -0.364983752 0.608961814 -0.558091227 1.070459744 -0.108785164 0.262487996 -0.975679500 -0.067689366 -0.698598622 -0.354022649 -0.704615538 0.479781425 -0.592345133 -0.924273732 -1.264253564
-5.251555698 20.718396065 -17.377692445 -0.523661880 -0.049915197 -0.089256323 0.845765935 -0.211279455 0.499538694 0.961582657 -1.190148488 0.245486769 -0.365662004 -0.482440670 0.175688940 1.789087691 2.109666254 -1.190714009 0.615009664 0.602238158 0.162043663 -0.749665992 -0.558333391 -1.044810335 0.170586068 0.470443809 0.488447336
-12.474449564 26.460832836 -8.987164721 0.050805666 0.120398458 -0.667916649 -0.732673424 2.489703360 -1.044438077 -0.343998100 0.461724249 -0.051309036 2.329728404 -2.117628163 1.032971076 0.572487160 0.840795247 0.879708953 0.498155457 -1.102996596 1.650510353 -0.304715053 0.245231137 0.137837817 -1.987447504 -0.578155487 0.382282418
-3.681438690 15.700933528 -10.532602608 -0.657662300 0.534609407 0.037532694 0.529400016 -0.083073279 1.157226061 -0.539486115 1.739643932 -0.187907947 0.797125810 -0.466817408 -0.318818664 -1.584957908 -1.329393575 -1.645271252 1.839397835 -0.512147621 -1.172545208 -1.044054262 -0.765081300 1.752423719 0.717174775 1.827225059 -1.044925029
-10.478622781 12.595412394 -13.554945755 -0.353908861 -0.690732292 0.600792085 0.191536653 -1.614276052 -0.671651398 -0.205794081 0.512528081 -0.465369632 0.734455843 -1.003664489 0.015194105 0.304129633 1.548460120 -0.905160417 -2.310314684 -0.287593314 1.540006314 0.979254225 2.200411523 -0.695941505 0.234861568 1.696726258 -0.764066855
-9.103256651 22.586908207 -4.876185850 -0.628806692 -0.105576151 0.299784444 0.709637307 -0.916369923 -0.294218634 0.734933193 -0.348004705 0.772585178 -0.342232038 -0.240814293 -0.580904084 1.617758687 0.364634015 2.378193679 -0.298183930 -0.667382584 1.369176615 0.063277742 1.168474905 1.660122121 1.481902401 0.194536199 -0.367372890
-5.725892311 24.061244770 -14.206314062 0.379730256 0.078007753 -0.016922133 0.921647093 1.368092741 0.155227936 0.510375927 -2.147056276 1.547490331 -1.019383814 -0.579154990 -1.523846332 -0.564993097 0.038156385 0.492515442 1.274604676 1.598035382 -0.485378359 -0.869933182 -0.550128273 0.207641289 -0.339108448 -0.390348190 -0.959018900
-8.243222872 17.621571682 -7.016995032 0.008907589 0.751237674 0.003477254 -0.659962514 0.778947509 0.396543917 0.094190755 1.847909777 -1.965218251 0.490506276 -1.119632634 -0.685253641 0.138754448 1.444237943 -1.153557560 -0.017553441 1.602011650 -0.056275106 -0.745055351 -0.412710996 0.263943925 0.054157606 -2.248762939 -0.160720601
-14.619500716 19.652823699 -17.320869694 0.297477771 -0.348591057 -0.788630997 -0.409941948 -0.628567754 -0.432711248 1.477588627 -1.304750424 0.008088023 -0.464421290 -0.048050817 -2.229564213 0.495011424 -1.123071834 -0.419150332 1.113643976 -0.388030447 1.326764487 -1.966756241 -0.650443262 1.123319981 -0.970027770 -1.170437866 -0.536733080
-11.130449051 14.180581200 -14.545188050 -0.343875307 0.107920928 -0.170029517 0.917165639 -1.383382082 -1.545307594 1.343872496 0.347363610 0.962327777 -0.161468896 -1.222113289 0.580612008 -0.709264585 1.252093539 1.110224389 0.199783882 -0.585096893 -0.899106341 -0.764926886 1.595220283 -1.327956628 1.490700247 0.896576460 -0.139140778
-3.215706229 25.934512262 -12.453283894 0.625592580 -0.509331856 0.417407452 0.418313283 -0.474165621 0.368275507 0.420052267 -0.059543419 -0.318970893 0.076171143 1.421822064 -1.032951035 -0.662460907 -0.663993266 -0.135468018 -1.356642928 0.718034157 -1.470257264 0.335781952 -0.735950562 -0.106097314 0.762645677 -0.872160994 -0.348250244
-4.380889493 9.896558515 -14.844110522 0.053552372 -0.450069761 -0.739553114 0.497624904 -0.491162289 -0.094619078 -0.519673425 0.631724839 -0.215818559 0.119545321 0.800605342 -0.406720860 1.416229627 0.942916452 -0.430062154 -0.823713642 1.561956808 0.292625130 -0.017518165 -2.012811052 -1.239014343 -0.607214511 -0.201678686 -0.227459719
-5.182676443 20.624251428 -19.201147716 0.247982978 -0.469027471 0.389912893 -0.752652384 -0.297450426 -0.996266410 0.767669937 -0.830269809 -1.029374647 0.398117259 -0.805381885 -1.130858598 0.747404732 2.699991200 -1.418602458 -0.360646271 -0.166496607 -0.691730999 0.170929048 0.785311844 1.450691944 -0.701827244 0.290314936 -0.771998921
-12.956266717 19.582421521 -17.150681341 -0.696269448 0.095190330 -0.250680187 -0.665813112 2.518338663 2.440024371 0.387125732 -0.385476950 1.040770345 0.472634266 0.021062111 -2.620253277 -0.751416027 2.131453830 0.320695160 -0.994918777 0.700556372 -0.474153961 -0.489788168 -0.756055520 0.119179693 -0.437653035 0.337554297 1.271571387
-1.765989807 16.588831873 -16.968497035 0.441413044 -0.182668191 0.031623672 -0.877944645 1.153793137 1.006909612 -1.966919655 -0.409505814 1.460921437 0.083589281 -1.550438992 1.111470332 0.902493886 -0.789409411 0.286743463 0.606255995 -1.936895707 -0.819193111 0.314540703 0.878259766 -0.386852895 -0.003308756 -1.777092555 1.376049797
-14.471385674 21.514703537 -17.356431477 0.004650351 -0.276896441 -0.326285931 -0.903794350 -0.088363122 -0.091447676 0.573198919 0.072889839 -0.522788760 -0.027057547 -0.023148882 -1.178481281 -1.090242098 -1.860155360 -0.621715963 0.418479255 -0.382128567 -1.085580549 1.759092422 0.722872773 -0.165628364 -1.327572102 0.031529489 0.876199117
-1.242759314 15.976231188 -19.330249125 0.493484785 -0.704335692 0.422148406 0.286661338 -1.620143114 0.281858709 2.135038907 0.545939375 -0.697147740 -0.096902734 0.728729333 0.125150951 -0.696426878 0.842550041 0.124479452 2.415699140 -0.988440316 -0.852993407 -0.201062570 0.601896313 -0.389685646 1.192857657 -1.120051060 -0.498050078
-11.537757671 20.333925276 -4.390540011 -0.293026245 0.234843185 -0.533030101 0.758197342 -0.147347427 -0.681594376 0.652937529 1.875499429 0.248222662 0.051835236 1.082465962 -1.467487705 1.366944404 -0.101919787 -1.214482880 -1.481881061 -0.029361418 0.276121345 -0.198212842 -1.077758226 -0.654975563 0.535097851 0.430743220 -0.500805985
-0.213105934 18.860109232 -9.616053262 0.858296946 -0.011760478 -0.456066833 -0.234927835 1.177670280 -1.875693516 0.668452632 0.978430814 0.538692691 1.172823815 -1.181370731 1.484581589 0.571843874 -0.074252345 0.527108378 0.148845834 -0.929837752 1.042094875 -1.427210026 -0.865314537 -0.152356234 0.100753835 -1.401671801 -1.726784266
-7.715289613 23.853842360 -19.450642968 0.709898397 -0.645996035 -0.262123468 -0.100123302 -1.253261240 0.426084605 -1.009880457 0.009699013 0.949696611 0.131621931 0.023122346 1.123369275 0.054028826 -0.919293668 -0.007453242 1.529736679 0.707027341 -0.537187384 1.571994202 0.320369097 -1.193792289 -0.257700077 0.759295095 -1.136944312
-6.548806133 18.919008490 -4.587198421 -0.033282329 0.524312842 0.444064991 -0.725806182 0.423133062 0.660514937 0.621106645 -0.500507147 0.907480890 0.245402164 -1.088391465 0.065890490 0.219369678 -0.856006176 -1.354733386 -1.452504271 0.476643307 0.844795698 0.219558637 2.030748825 0.257547075 0.471088355 -0.441355186 1.055516251
-4.911426400 15.551002466 -6.624440387 0.184624806 0.912453056 -0.364451531 -0.022763638 0.766851077 0.196708886 0.393366957 -1.703800119 0.750664760 0.015707902 0.988311779 -0.665820234 0.640901946 -0.123260743 -1.650052740 0.127874005 0.619454757 0.329732883 -0.976586139 2.394140806 -0.237365790 -0.754947087 -0.482360403 -2.337312007
-8.016722913 20.960679834 -21.425926525 0.395471970 0.176359621 -0.803960836 0.407610328 1.155771297 -0.258656584 -1.899619409 -1.289076375 0.236877532 0.265915746 -1.107587538 -1.185150825 0.023734414 0.705065771 -0.289676360 -0.362547111 0.800879319 0.915394333 -0.298328771 -1.756245388 -0.444506851 1.641932053 1.932478138 -1.307781970
-13.606030786 24.068759451 -18.623407295 0.629691130 -0.472810551 -0.138559397 -0.600616814 0.626637568 0.369826364 -0.343621213 0.410525394 0.307076224 -0.072103211 -1.281394995 -0.073592996 0.725150722 0.875704928 -0.174669160 0.483368946 -0.356086317 -0.501121247 0.426370004 -0.499958506 0.312824768 0.174088170 0.739839247 -1.779409518
-13.728121917 11.596948551 -12.529045114 -0.668074410 0.216363500 -0.698780862 0.136267107 -0.728858195 0.110327164 -0.717071750 0.961116782 -0.797696244 0.570922673 0.759303036 1.440554014 -0.763506161 0.201154550 0.508106742 0.218437036 0.093511984 -0.236418725 0.493380779 0.327506696 -0.109307148 2.726440887 -0.215242176 0.083705326
-14.290864898 22.638406579 -17.837156501 0.661829652 0.185796225 0.550849417 0.473314055 -0.119560471 -0.319922219 0.293306279 -0.132554676 -0.345468686 0.580773306 -1.225900364 1.431238682 -0.665660594 0.765898785 2.582044566 0.042353457 -1.357680541 0.347059216 0.399393857 -1.769005551 -0.681904636 0.115693729 1.232553489 0.371984435
-10.038194144 12.570052148 -9.354149363 -0.617189712 0.551804547 0.526523921 0.193290358 1.004973424 0.327318833 -1.187214728 -1.350195615 -1.479774200 -1.028777103 -0.793713817 0.860598525 0.536977132 -1.925341415 -0.238605257 -0.334755221 -1.285475219 0.765949469 2.005203760 -0.602173238 1.554632597 -0.297894502 -0.833310159 -1.314451747
-6.474752466 20.739626403 -6.894169356 0.364301488 0.539205626 0.107882101 0.751600407 0.779344972 0.869749782 -0.045426867 0.395952386 0.106751786 -0.931614829 1.421211885 0.289663156 1.266633079 0.303472387 0.914517618 1.363618954 0.238089473 -0.286501661 -1.479834969 -2.652267832 -0.898398058 0.155320234 -1.930282941 0.006687152
-9.958260168 23.295621020 -4.936177808 0.375868479 -0.540683214 0.133431452 -0.740662269 0.889174183 -0.484536840 -0.795528395 -0.957818323 0.425167320 0.707280362 0.629292258 0.482749334 -1.087189951 -0.487187574 0.235441061 1.054199271 1.772770794 0.193360077 -0.838858702 -2.449663716 1.637244857 1.636555858 -0.169011153 -0.461543935
-13.479168940 16.785178706 -11.256997138 0.641673237 -0.019809771 -0.636462240 -0.427526428 1.087978136 0.252296786 -0.449158159 0.286415639 -0.000667546 -0.978425464 0.087649500 0.530285354 -1.186700578 0.706103005 1.481433090 1.004231741 -0.443359405 -0.911386417 2.254593984 0.569296740 -0.361639237 -0.562923096 -0.752429157 -0.240369184
-0.664760646 16.422957866 -18.724453111 -0.023105915 0.737952192 0.672951660 0.045041564 0.689715849 -0.074969837 0.238036241 -0.194125524 -0.733233929 0.097723521 -1.532528102 0.908991190 -0.316265855 0.843318028 1.493394395 1.228287775 -0.798250911 0.946783354 0.003057587 -0.402747540 -0.679206254 1.430792893 0.548263817 0.871730258
-11.553485251 19.111285362 -12.386326028 -0.163830532 -0.522198982 -0.509915325 -0.663667192 0.679429645 -1.521602245 2.906983417 0.083092223 0.090442354 -0.288392566 0.715971178 0.269217338 -0.151343474 0.738273991 -1.855659952 -0.524819941 -1.094277557 0.052642053 1.101769957 0.771300029 -1.502176914 -1.559069991 0.637797871 -1.512710642
-0.401776843 18.547799393 -6.827646344 -0.142850060 0.820139393 0.554021003 0.005095499 -1.610838756 0.820329897 0.316437187 0.927956934 0.602737964 -0.171009684 -1.620481550 0.107624912 1.353654423 -0.007942323 -0.033175848 -0.562857988 0.002401025 0.787489175 0.883096330 0.108222326 0.498016105 -1.883358626 -0.617488326 0.387659664
-7.584166443 8.902607020 -12.146201265 -0.048923339 0.728523953 0.545851797 -0.410980745 0.221210655 0.571004295 0.426126769 -0.704146087 2.489813139 -0.422290216 -1.362006587 -0.386131282 -1.213014084 -0.685250925 0.310473686 -0.460538621 -1.312825732 0.962144283 0.081107926 1.415060678 -0.074465058 0.366968711 -0.709829808 -0.001961041
-2.728561029 16.559118386 -14.128729636 -0.925511241 -0.322792236 0.111275893 0.163865160 2.161057921 0.461244898 0.360746713 -1.168669569 0.535414050 0.342495355 -0.264955556 1.285478971 0.328844528 1.481228939 -0.421966385 0.260027719 1.684774653 -0.626838132 -0.110698329 0.623828802 0.861330736 0.792207492 -0.957929584 -1.433550296
-13.316448432 25.935669487 -9.897148637 0.938447045 0.283398828 -0.047617708 -0.191663254 1.178853772 1.100885243 1.175220212 -1.064476262 -1.114430965 0.859669527 0.683724850 -0.333958724 0.438223251 -0.910329833 0.624243820 1.238569662 -0.092589521 -1.013735641 0.090623439 1.068123242 -1.360651712 -0.677904178 0.052642204 0.246564196
-7.074912544 12.836419673 -7.876412281 0.248788000 -0.199520567 -0.613487303 -0.722446817 1.283130219 0.577289609 0.884064691 0.960074239 0.604450987 0.334708735 1.369576874 -0.908981748 -0.728217205 -0.073882126 0.064546226 -0.781444704 -1.517021312 1.692188782 1.130235847 0.640348998 -1.836352513 -1.978023160 0.359363583 -0.211083819
-14.720112405 23.325387830 -8.122850125 -0.750141236 -0.473370531 -0.334666320 -0.318130350 0.228331072 0.229612816 -0.111052833 -1.560131980 -0.765158599 -1.232646115 0.488202578 1.081572380 -1.220470086 -1.249846471 0.289126222 1.390657844 1.193176600 0.773301923 0.359204599 -0.606402016 0.603192091 0.815525660 0.499525827 -0.834933827
-8.643746168 17.960758733 -4.651149345 0.162252646 -0.221538192 0.780044803 0.562249957 -1.026903894 -0.366642185 1.549316252 0.399693312 -0.547991621 -0.769670778 0.568929415 -0.166332990 -0.051054260 0.288212511 -0.709530200 -0.343866663 0.621818372 0.995205862 -0.764898113 -1.677114034 2.543014513 0.681439767 0.690112504 0.672024883
-14.323180047 22.401004220 -9.799685390 0.576780619 0.000857876 0.762910496 -0.292046155 -1.032823768 1.575744415 2.299339303 2.383497814 -1.014560788 1.076712032 1.243117426 1.179343493 -1.092475677 0.589144020 -1.672606522 -0.286234756 -0.917096775 -1.219975710 -0.684029424 -0.049324019 -0.650670116 0.596382146 0.466519421 -2.221541001
-8.903413566 17.926102978 -8.168408110 -0.007057750 -0.031145661 0.529129660 -0.847939821 -0.415685487 0.377903830 -1.105182737 0.534173416 -0.120009597 0.233849284 -1.427906842 -0.061405677 0.199494800 0.212062520 -0.695294521 -0.060339686 0.712891927 0.834269477 -0.707002877 0.004276102 -0.714731250 -0.613565793 1.134744754 -0.645347609
-6.742040488 20.941869770 -9.231364098 0.011167173 0.835995545 -0.544454527 0.067498238 -0.078994789 0.424705986 -1.522616315 0.804059110 -1.675704775 0.033680058 0.000291902 0.210938050 1.842562184 1.733806581 1.714991343 -0.181005034 0.046324143 -1.607744213 -1.319109638 0.817568459 0.035146264 0.462260155 0.073794990 -0.611622895
1.246436891 17.840199565 -10.662929605 -0.071345147 0.641631887 -0.485260027 0.589695767 -0.112696411 0.986646126 -0.259113136 1.269640564 -1.604477902 0.737694620 0.584444256 -0.625979482 1.283313483 -1.523392680 1.239850446 -0.010518318 -1.234535569 -0.356013446 -1.354634837 0.517715390 0.700651610 -0.485494185 0.224497906 -0.469885593
-3.802828388 23.092495970 -15.314742804 0.714426015 -0.472150649 -0.200432007 -0.475916215 -0.564324655 -1.262695819 1.290886875 0.097862958 -0.349267628 0.645697239 -1.522538742 0.739498556 2.047959709 0.298647870 1.351019076 0.133783413 -0.196924379 -1.149615012 -0.279002920 -0.121018019 1.508320211 -0.923693241 -1.042641950 0.428551395
-11.734917084 23.854128626 -9.899831299 0.422966193 -0.276793070 0.035985864 -0.862084807 -0.345165184 -1.559800009 -0.314385536 -1.685591636 2.017294467 -0.665839794 -0.573160368 -0.785726344 0.000335274 -0.414307137 0.139273709 -0.464501324 0.713207482 0.010687922 -1.294928243 0.752212762 -0.795710428 -1.270130060 0.697109637 -0.409350857
-11.994683036 14.302576462 -9.141879888 0.427860402 -0.645548947 -0.228592626 0.589870702 -0.476067977 0.454412504 0.602108169 -0.936301284 0.244495810 -0.656618979 0.036835117 -1.578228486 1.102046549 -0.196818522 -1.056355195 0.675635059 -0.678434054 1.443723230 2.000043436 -1.800232096 -0.303106440 0.101817248 -0.855355797 -0.315306900
-8.122709689 26.996956408 -14.250282250 0.311738800 -0.520299464 0.782626036 0.140013843 -1.115898422 0.233118404 -0.283016404 -0.578179721 0.800787194 -0.785080412 0.110888228 -0.066125967 0.649307486 -0.254541050 1.644822082 -1.840254635 1.571882915 1.459798235 -0.649253637 -0.242197713 -0.004480259 -0.411941164 -0.927723669 -1.186623099
-7.021479049 19.040340750 -12.104879906 0.931446864 0.084157589 0.031605970 0.352597934 -0.708658684 -0.011947027 -0.206708933 1.270580131 -1.321244064 0.127188250 -0.403351592 -2.139868367 -0.553547359 0.500167876 0.553632747 0.692657737 -0.059069335 1.284173184 1.361614006 -0.844702697 0.928418399 -1.427207924 1.027318587 0.081597453
-7.992513598 13.147786275 -7.175700059 0.576890250 -0.814225779 -0.048394152 0.043497431 -0.597695465 -0.445334957 0.006171627 -1.366329589 0.468748556 1.333943369 -0.193670508 -0.262005407 -0.196491130 0.550964665 0.168596979 0.930951914 -0.715027740 1.401006766 -0.056187361 0.670940353 -0.050255488 -0.838097656 -1.266050791 -0.195281207
-12.916424790 22.637829102 -20.797349488 0.383657923 0.219973699 0.896888546 -0.003017661 1.749407418 0.152804926 -0.374684247 -1.237674609 0.730534686 -0.259254968 -0.566681993 -0.606492392 -1.044950826 0.741348124 -0.118285272 -0.655492661 0.207952511 1.323058140 0.030133256 -0.087138318 -0.187240838 1.564217567 -0.363319057 0.905438821
-5.092214285 14.068574300 -6.453517958 -0.400775860 0.727797796 0.546754552 0.103675151 -1.194801838 -1.226956444 0.644402320 0.693662038 -1.040462147 -1.168308925 -1.408720969 1.094169429 0.587395433 -0.077946150 0.962304073 -2.045753435 -1.543230240 0.142127238 0.481543640 -0.855630924 1.278108044 0.634409191 2.535492822 -0.308396843
-9.391228104 24.625300377 -9.960826215 -0.689590254 -0.497283734 -0.427063605 -0.307881221 -0.629914912 -0.561285631 -1.667612836 -1.346359741 -1.148714307 -0.365907825 -0.070069515 -0.705210606 0.719051038 0.472380573 -0.384744222 0.700357853 -1.962705726 -0.679724102 0.135200327 1.396530330 -1.484945128 0.496984461 0.811550893 -0.879185158
-3.393118712 12.605869407 -9.541680591 -0.550651752 0.636620873 -0.043968313 0.538110861 -0.147025409 -0.683127907 -0.086016963 0.990953327 1.695170371 0.081814650 0.362259622 1.003272578 -1.611906928 0.488365698 0.283320895 -0.284498972 -0.466474788 -1.778850033 0.310396168 1.437860165 -0.582776303 -0.382204152 0.361424121 0.009954627
-8.040264162 17.986620837 -3.153514585 -0.591706689 0.268253971 -0.502050934 -0.570848369 0.715383560 0.119209904 1.052499974 -1.516834425 -0.164394984 1.481108908 1.131880022 0.753453287 1.206259488 -0.820055013 1.724760499 0.637389491 1.418479300 -0.041993379 -0.244568531 0.885386182 -0.293137739 0.389912138 1.665009363 0.993698194
-11.720436255 11.474995268 -18.439477146 -0.592497011 -0.184947111 -0.435304488 0.652113381 0.037532730 -1.106997045 0.591207877 2.389795145 1.590206401 -0.777719081 0.345585055 0.762060373 -0.006138421 -0.204912416 -0.717141477 -0.623822427 -0.807510949 -1.509644641 -0.282025203 0.798495432 -0.556554529 -0.625567642 0.284102297 -0.008996309
-7.814804351 22.306760389 -5.689096864 0.312723834 -0.057365236 0.936803138 0.145989432 -0.426213953 -0.181216034 2.233832067 0.492009985 0.491689863 -0.329454783 0.216833576 0.250147586 0.437179467 0.503432373 1.064658243 -0.137283187 0.918806358 0.722727594 -0.674459022 0.272100728 0.467118347 -1.863173819 0.418117911 -1.796412492
-10.084996323 23.844825674 -6.670819279 0.089343616 0.622843023 -0.728389268 0.271170355 -1.449273709 -1.306276310 1.719196054 1.472731590 1.961944323 1.872170320 -0.318813236 -1.644570549 0.092956458 -0.134554089 0.093320147 -2.347829329 0.265062917 -0.232726827 -0.050238103 -0.800703585 1.230979781 -0.268949789 0.878631789 0.961621264
0.186109504 16.290277965 -15.938163962 0.762756111 0.013238185 -0.098234800 0.639044435 0.319361956 -0.054931526 -0.273374135 1.253709505 -0.506941338 -1.054615383 -1.125570052 -0.597573724 -0.439041635 -0.736515067 2.199698780 0.079577781 0.139558730 -1.306264603 0.994346111 0.114828096 1.313018394 0.932006239 -0.527849826 0.068233156
-0.295476180 20.032982696 -18.461774751 -0.150654134 -0.559798310 0.715070369 -0.390645044 0.317621787 0.266244699 -0.524698247 0.281030911 0.165734419 -0.230715015 -1.244263752 1.057326231 1.722158471 -0.687025786 1.113775415 -0.454588490 0.118663016 0.833589629 -0.235597788 -0.944054855 1.219363513 0.357105776 0.265042884 0.266829147
-8.943164689 20.275607131 -21.351369819 0.251476065 0.602126933 0.294404614 0.698232675 1.812088758 -0.126825840 -2.034285606 -0.219885408 0.155831110 -1.443850431 0.219576067 1.663330721 0.329579487 -0.276031112 -0.751707716 1.261098309 0.571126943 -0.928120966 0.230430377 -0.353547281 -1.453730571 1.138090370 1.425722588 0.657483121
-5.662728270 10.659847446 -11.565903371 -0.768271669 0.444435609 0.306906447 0.343575414 -0.966867967 -1.243017948 0.119283881 0.565417285 0.149032369 1.414900411 -0.506066704 -1.059243206 -1.679744979 -0.617650383 -0.092403959 -0.396127025 1.008383444 -0.369831159 0.596609852 0.047199357 0.036776471 0.439642376 0.283425848 0.244919459
-17.060663231 16.925793214 -11.485061192 -0.132277216 -0.967303138 0.213847269 0.033116814 1.036783004 -2.512887817 1.946675676 -0.152220703 -1.146722610 -0.395127858 -0.716435605 -1.339058865 -1.220992148 1.780103121 1.798764069 0.039090102 1.292237811 0.467087902 -0.468626009 0.012524761 0.026533714 1.189126000 -0.188061803 -0.396005059
-14.905877180 16.821453012 -10.897468900 0.454653971 -0.520625771 -0.718908870 0.073543253 -1.082502441 1.850886216 -0.057468391 0.607131932 2.020571945 -0.049704281 1.760903454 0.445977343 -0.488870284 -0.805353039 -0.328856419 -0.217849985 0.958629547 -1.100540243 1.744689805 -0.322488381 -0.866301273 -0.302017644 -1.022627466 0.650076827
-10.208356819 24.391695851 -20.400029661 0.320777427 0.861763790 0.126348070 -0.372157464 2.549979112 0.245356265 -0.741972544 -0.401410221 -0.590314802 -1.139292983 -0.561934886 0.291558491 -0.978578228 0.065677326 -1.549616681 -1.316981771 -0.381563996 0.405960497 -0.889237764 0.021758904 -1.162385729 -3.028667913 -0.924877430 -0.700884088
-6.753514056 17.021573504 -3.571251615 0.738104674 -0.614437983 -0.230807923 -0.156189495 -0.676409706 1.287074874 0.585104454 -2.681525186 0.122653617 -0.851786237 -1.016534364 -1.095454494 0.516375996 -0.510478349 -0.213746048 -0.700469816 0.243040135 0.250799347 -0.131448311 -0.969414478 0.229979124 0.618574910 -0.169091971 -0.357432627
-6.543594157 14.043382565 -20.121798071 0.610319911 0.560744182 -0.413184827 -0.377298115 -0.510645480 -1.169283929 -0.380980342 -0.529218801 -1.523712981 1.117236299 0.831692944 0.951831288 -0.627120001 -1.887565617 1.875076473 2.275887192 0.552635276 -0.419110315 1.196144252 -0.590512614 -0.738523352 0.746857413 0.985308185 0.633727243
-2.869405505 14.745224221 -14.900559007 0.743433758 0.055691082 -0.243180261 -0.620538565 -0.939469252 -0.866920579 0.967081476 -0.308959194 1.075504200 0.874085426 0.285764580 -0.655235408 -0.742629968 -1.927717692 1.289981122 1.260198286 0.644548308 0.168240398 -1.339155805 0.932283097 1.058703947 1.301856801 -0.686595537 0.332945227
-15.711087885 22.433337714 -10.760571826 0.297656404 0.575210721 -0.759762221 0.057399124 0.696322085 -1.154186944 1.891628795 -0.111033010 0.424149316 -0.255678392 1.036028354 -0.680787532 0.713636113 0.365483864 -0.552621335 -0.583923329 1.405756299 -1.341811063 0.942908480 -0.514842388 -1.447201385 -1.608350545 0.912071368 0.337320375
-10.616290171 24.399568913 -10.567774428 -0.744218897 0.248968414 0.549694185 -0.286337677 -1.203387586 0.551801960 -0.114995694 0.654915363 0.415440563 0.409148096 0.437220284 -0.135275978 -0.401146615 -0.085111582 -0.823858447 0.285359632 1.050475900 0.761735273 0.115478712 1.622680700 0.936825007 0.551688175 -0.473971893 0.540524486
-14.919747627 18.082399545 -19.679076911 -0.333807415 -0.208321761 0.745197500 0.538382150 -0.767361101 1.488115685 0.813698158 0.410639986 -0.640253345 -0.080294400 -0.146507665 0.203996527 0.640452741 -1.875057491 1.939449788 0.796340503 -1.640725238 2.158186534 1.810054342 1.819018133 -0.516872883 -0.526180878 -0.447878159 -0.079089176
-4.413998964 22.465870613 -17.941734941 -0.465909489 -0.802498696 0.028856868 0.371606610 -0.574884568 -1.198316883 -1.458018959 -0.856364804 1.273238979 -1.556668290 -1.125447354 0.074144903 -0.250064251 0.053219287 0.765587214 -0.953362269 -0.423948888 -0.332844146 -0.087180819 1.412190407 1.463873842 1.000831608 0.223103321 -1.091500036
-4.813508286 14.803152142 -5.396559497 -0.395852452 -0.535367435 0.253163225 0.701848222 0.671988174 3.288388540 1.062601613 -1.791229968 -1.070794714 0.297351971 0.181083675 -0.735770547 -1.838051275 1.067378728 -0.514317610 -1.216231369 0.226786856 1.842668900 -2.159341721 0.577255390 0.896702531 -0.216131334 -2.745573014 -0.402727292
-11.080852816 15.789616684 -18.816120765 -0.366459960 0.411931735 0.528260349 -0.645724668 0.707383722 1.612406417 0.262126512 -0.361721561 0.094311632 -1.204348439 0.540435208 0.163150986 0.974241441 -1.633262384 1.507667654 -1.015713570 -0.376358862 -1.970204678 0.538172363 -0.741550557 -0.107656150 -0.001698565 -0.473203325 0.029369046
-9.416441577 21.758933120 -7.553191837 -0.388522844 0.197775967 0.705927436 -0.558212435 -0.435539749 -0.887665971 -0.990275895 0.116537541 0.470893646 0.564609821 0.285554520 0.397187362 -0.114504501 -0.299156156 -0.289171610 -0.331597629 -0.013386829 -1.365621707 -0.040973363 0.703193591 -0.950151015 0.110985780 0.450297524 -1.326266126
-9.059548696 12.348298769 -11.815543107 0.496500448 0.576291076 -0.647177228 -0.050373965 0.431001378 -1.225734142 -1.624027490 2.111438699 -1.408721331 0.915508895 -0.304845514 -0.993088614 0.964327141 0.383677570 -0.482905059 -1.237317417 1.143288473 3.171619020 -0.517000009 0.736488714 0.879434562 -0.387894222 0.141692358 0.904992662
-3.149560355 18.992126309 -7.992610733 0.755253934 0.162738570 0.427049042 0.469826317 0.005109237 -0.730505804 1.160555093 -0.512373485 0.071488585 1.630752504 -0.460234077 2.189979637 0.128999051 -0.573727349 0.009143400 0.153297466 0.112614652 0.505140390 -0.206313001 -0.007141882 -0.640118998 -0.925999706 -2.125623096 -0.216126051
-12.865512610 17.316244303 -11.771308463 0.213492871 0.007976113 0.676881216 0.704406839 -0.054354519 0.404801260 -1.079324147 0.582891282 -0.205370567 0.733435688 -1.264586741 -1.306656743 1.476762686 -2.404672698 -0.454135181 0.320922582 1.073778412 0.350260049 -1.670081121 -0.423607498 0.953651781 0.628527221 0.994161193 -1.397874471
-2.598566673 15.612042100 -9.011719772 -0.017889151 -0.842340955 0.332251100 0.423970402 0.460991855 -0.646062120 -0.937025762 -0.077738030 -0.331047371 0.073019030 -1.141721005 0.178585979 0.452555857 -0.976096712 1.772177683 0.725078587 -0.049376456 0.334111919 -1.043977891 -1.158949920 0.378552866 -1.016608566 1.880224769 0.191999115
-12.268798123 26.769782570 -13.782972088 0.114554242 -0.016920203 -0.260166183 -0.958595112 -0.317019814 -0.152621795 0.741176039 0.941571889 1.346973474 -0.109621702 -1.691396347 -0.365186343 2.040509401 -0.023354933 0.001597853 0.752520168 -0.286530817 -1.600033359 -0.343298953 -1.765914798 -1.709319231 -1.378274539 1.218061884 -1.339758025
-3.859592790 27.017550878 -14.276808438 0.421761598 -0.174470176 -0.439019086 0.773911852 -1.524214091 -0.402871822 -0.900167890 -1.717742206 -0.402475027 2.044102751 -0.076858939 0.557672897 2.079957510 -1.127294381 1.415197924 -1.353800215 0.670958229 -1.712077181 0.477056905 -0.107720646 2.045714430 -1.273923313 -0.343328372 -2.315291566
-11.499128528 15.558521819 -8.267536978 -0.592936832 -0.203094567 0.340179445 0.701039554 -0.667234971 -0.435602515 -0.553425270 -1.574666792 -0.201527141 0.770654276 1.006017194 1.567565954 -1.003499990 -0.300464828 1.473130999 1.131307179 -0.592249793 0.627740556 0.240916424 1.108826961 -0.456878211 -0.099551009 -2.473751427 -0.071286686
-10.328231615 12.013161515 -5.760278916 0.574811012 -0.460848251 -0.145029341 0.660437492 0.106248249 -0.918470436 -0.739510018 0.454532344 0.452970926 0.600842160 1.835764688 3.444787752 0.510754818 0.533965067 -0.954943246 -1.297217359 -1.160157894 -0.299886910 1.360032745 -0.570213140 -0.329504212 1.296869683 -0.639577333 1.537715618
-0.771734408 15.765321587 -9.963342449 0.747621889 0.283020413 0.455260753 -0.392044136 -0.716167570 1.568639208 -0.558766898 0.233625060 -0.204523759 -0.416360301 1.587673682 0.606517075 -1.242364670 -1.339870542 -0.972711717 -0.031471528 0.419710476 -1.668428939 -1.426187069 0.340415537 0.581037578 0.024527714 0.247645593 -1.606331992
-6.502704856 13.708730721 -8.580528886 -0.216150139 0.902136792 -0.093575046 0.361485874 1.097049835 0.471485299 0.727345956 0.058260065 1.576122584 -1.227118040 -0.221741569 -0.667389021 0.841083092 -0.253139204 1.320928536 -1.029802570 -0.412352219 0.669515709 0.205628340 -0.150369025 -0.585800580 -0.798747327 1.193487116 0.614862929
-16.434501995 17.076582693 -14.913800995 -0.930936798 -0.081066300 0.052227873 -0.352217521 -0.719306131 -0.879311786 0.346084182 -0.631661170 0.810183364 0.950706831 0.952746951 -0.172272320 -0.180425836 -0.493424815 -0.538040519 -2.544101163 0.542277243 1.454895986 -0.180052049 -0.289314298 -0.571577538 0.164627310 0.037709243 -1.058045135
-13.117916995 18.028047771 -8.094871183 -0.501633294 0.375869144 -0.696904422 -0.348440313 0.481371424 -2.083395051 -0.549509485 -1.377361104 -1.054243895 0.337163239 1.936595195 0.295560693 0.094723887 -0.802356825 0.180929363 -0.326297867 -0.688152342 0.617297258 0.598740580 1.037109861 -0.083324294 -1.262583290 1.069217647 0.372195255
-2.746024357 15.861605176 -16.491267836 -0.814785516 0.552485809 0.025581911 0.173866499 0.370304048 1.262806691 0.918786145 1.619584666 1.157229176 0.520823500 0.415786993 -0.409664815 -0.341624995 0.567267028 -0.972917881 1.467891608 0.727054668 -0.616737463 0.816037317 0.034233059 -1.053548446 -1.110391840 -1.201304666 3.063189752
-3.304826881 14.289783416 -6.584460805 -0.379529428 0.087571880 0.208633300 -0.897084570 -0.300153317 -0.959920958 0.841025672 2.376504795 0.516950067 0.723854268 -1.630686015 -1.174117169 0.451960092 0.013624340 0.515238335 -1.358997306 1.126017952 -0.112236940 -0.760781556 -0.138883962 1.093843666 0.154248370 0.139330081 0.224980176
-2.674536097 13.710434179 -13.245328533 0.722337554 -0.450791121 -0.284423051 0.440589776 -0.270032325 -1.070254212 2.384368727 -1.365860833 -0.394909002 -0.684817384 0.128584447 -0.046033983 0.781508373 1.953833845 0.281010593 0.886620826 -0.144985073 1.287030991 0.853263187 0.444215748 0.607343456 -0.408144487 -0.463821976 -1.444806396
-11.301555166 24.408928169 -13.772455605 -0.166666608 0.017229140 0.596357572 0.785036970 1.176920369 -0.412739630 0.088536382 1.582562696 0.077668647 -0.640928006 0.485686685 -0.312962717 -1.439237655 1.330005914 -0.171168941 -1.081118382 -1.775300547 -0.911186248 1.541093810 -0.544932090 2.017696376 -0.340434824 1.229902524 -0.882075115
-5.442831446 15.357530517 -19.161775181 0.565001517 0.026474632 0.264308916 -0.781161428 -0.055356275 -0.411428625 1.177330093 1.210567189 -0.478991930 0.922114318 -0.903616210 -0.025198945 0.495194016 -0.106612114 -0.192224099 -1.007856312 -1.131280814 -0.169121154 -1.128010446 -1.740317374 -0.915105245 0.328521920 0.637848650 -1.113929917
-7.496416251 18.457793042 -12.132049681 0.776276961 -0.291627901 -0.442479227 0.341407938 -1.454641191 -2.676412281 -1.061475792 -2.583308220 1.008619220 1.290831276 -1.402519486 -0.693035948 -0.799087230 -0.629567810 2.012141228 -1.200982480 0.467228235 -0.517226294 0.885025687 0.315810109 -1.647389939 -0.650892697 0.499216850 -0.183925204
-6.214148218 13.661936740 -19.011778865 -0.925222496 -0.145963189 -0.211165379 -0.279405196 -0.829710202 1.151109676 0.093380900 -0.667107789 0.396220586 0.340757608 -1.028246632 2.138865708 0.056611600 0.383813679 -0.458165546 -2.038476898 -1.204547694 -1.134561607 -0.735923876 1.199545768 0.471995167 0.121577047 0.248956500 -1.006881654
-4.619739482 21.147043685 -18.644021722 -0.157458926 -0.436685521 -0.731175630 -0.499894629 0.689733786 -3.389710064 -0.421220870 -0.254360040 0.953293524 0.414198092 0.166705825 0.107410851 1.749090232 1.164433607 -2.242758820 1.247557741 -0.131283862 -0.529708483 2.442587065 -1.066849008 -1.149600528 1.022783414 -0.423244526 1.268595144
-4.955968195 22.091970391 -17.135071309 0.683956832 -0.417272776 -0.413132862 -0.432906133 -0.201783466 0.281773111 -0.393937031 -1.363837574 -0.091182867 -1.086968136 0.628793152 -0.917541767 -0.611551815 1.059632289 0.721566390 -0.343115682 -1.268684338 0.570707969 -1.115478949 0.418294861 0.323237668 -0.965653224 -0.059853553 -0.311541479
-13.004695921 21.874323571 -7.675385774 -0.261236357 -0.567374168 -0.316889193 -0.713738999 0.915405308 0.788300674 0.914265814 -1.284001065 -0.033106071 -0.756605364 -0.348182543 -0.110110740 -0.229461446 2.325613945 -0.249324148 0.495512574 0.768973555 0.067560918 -1.393183517 -0.643479695 0.607376697 -0.704737189 0.503369863 2.159502285
-3.649394834 13.104016428 -9.925230735 -0.042892571 -0.390730195 0.036154147 -0.918794329 0.696443622 -0.292773559 0.009943217 -0.807016380 -0.047469824 1.298072864 1.474466504 0.849425598 0.517151604 0.828870063 1.446092193 -0.177075471 1.234658317 -0.278200722 -0.326173664 -0.666386858 -0.642957522 -0.034464432 1.616262446 0.867742578
-8.951010303 19.569630987 -9.081768740 -0.032528209 -0.946622983 0.148404060 0.284294000 0.155010057 -0.786402890 0.192324405 -0.586562148 -1.145903958 -0.306581430 -0.110144901 1.142912913 0.291194868 -0.146416746 -0.315449338 0.659843237 -0.411033375 -0.612292995 -0.325906465 0.006438369 0.535802555 -1.119073825 1.155464943 0.800049683
-2.090364194 16.810142024 -19.470146923 -0.290843259 -0.937332358 0.189618606 0.029377430 0.538809730 -0.230983237 0.116895788 -1.782934318 -1.690376598 -1.233728721 0.201183018 -1.883420005 -1.020228357 2.117937839 -1.104454219 0.142865527 -0.254385414 -0.925317930 0.989382645 1.027629405 -1.469490613 -0.700532802 -0.317547227 -1.015361453
-1.703968107 18.597657847 -19.004356461 -0.770640439 0.360079220 0.422435368 0.313056910 -0.100934781 0.651477166 -1.110694202 1.326299029 0.612272489 -0.540288915 -0.213696743 1.521746872 0.328989338 0.139814586 0.669726390 -0.559401976 0.354426203 -0.541736227 0.740094657 -0.389808622 -0.933001907 0.065983520 -1.517356427 -0.534047133
-7.668473906 27.177103845 -16.284098142 0.944009818 0.284924883 -0.160241870 0.044562503 0.421525162 0.832913896 2.017703048 -1.081182989 -1.630345694 -0.772443307 -1.951953824 1.413144797 1.015583476 -1.067033180 -0.856179301 0.344356809 -0.526523791 1.742231066 -2.573716776 -1.071756622 0.871080844 -0.892846579 -1.202121168 0.081856649
-11.999382546 15.806212532 -17.200714221 0.694283892 0.304732218 -0.575690827 -0.306085322 -2.356884515 0.188475261 -1.066525345 0.047769012 -0.137422055 -0.168973435 -2.122301368 0.600875818 -2.235078344 0.298830428 0.153067938 -1.400701554 0.846375428 0.383293695 1.897956791 0.511022706 -0.087261433 -0.347148458 1.206448522 0.006384937
-14.495134149 24.082188032 -15.651448153 -0.133740273 0.088302344 0.713702085 -0.681869173 -1.245513377 1.889049870 0.323532177 -1.727083709 1.105198381 -0.032291855 0.848211393 -0.582447646 -0.638847838 -0.728190981 -1.790625084 0.196824997 0.803754042 0.312355902 -1.155841719 1.289229695 2.262699627 -0.026541287 0.177972786 -0.795979352
-10.270629143 22.944198576 -4.331172827 -0.342203722 0.505055006 0.716739096 -0.337788575 -1.250936688 0.219117590 0.181450629 -0.354921680 -0.689487291 0.040405524 -0.317740231 -0.789590580 -1.916928048 0.440384117 -0.311334350 1.144389655 0.049798955 0.730913782 0.082650646 -1.630896002 -0.558193511 0.352065540 -0.555612858 -0.166460238
-11.199208921 17.420212329 -4.408016191 0.602232917 0.677444222 -0.250310511 -0.340190369 -0.582769560 -1.111949216 0.332129980 -0.412743027 1.691089030 0.890422788 0.293199340 0.504920552 -0.365633017 0.449241550 0.548629458 0.917285241 1.371925428 0.525996588 -1.229136584 0.650623774 -0.228307198 0.777390124 -0.944651972 -0.711667312
-6.572256409 14.139394360 -4.624155232 0.045394990 0.542843315 -0.832758931 -0.098858453 0.627428619 0.024819780 0.460044575 1.355198337 0.222536067 -0.232958476 0.884903888 1.446657698 -1.661886179 -1.042331346 0.192757121 -2.065971808 0.548885254 -0.664504770 1.002123627 -0.482250716 0.056956031 1.097082043 3.169884637 0.504951918
-13.694989595 15.295962328 -5.648639994 -0.674785752 -0.102587043 -0.201457954 0.702534540 0.475977732 1.500631049 -0.122317374 -1.171712047 -1.218647140 1.332807840 1.784135219 -2.023841053 1.836420013 0.972160135 -0.800679068 0.162428914 -0.395033798 -0.651030044 -1.066045385 -0.244341639 1.709337036 0.153908478 0.938097309 0.598312950
-14.033549981 12.578030147 -17.022277079 0.734129771 -0.625127745 -0.206734731 -0.165920259 -0.678297029 -0.595723609 -0.124528870 -0.327813521 -1.600585983 0.628487386 0.590123546 1.320167332 1.418227447 -1.446313449 0.411224964 -0.713235142 0.700754297 -0.599731737 -1.256984699 -0.150251450 -0.177315563 -0.350402874 0.226343467 0.834598139
-12.219230185 18.862598252 -19.420869789 -0.705021763 0.092800925 -0.346878155 0.611561810 0.395893612 0.285401346 0.245947170 0.201429115 0.534753286 -0.083818046 0.070326698 -1.482525043 -1.582235789 -0.169534555 -0.948891607 2.634298113 -1.874439010 -0.238677418 -0.786596749 -0.242722989 -1.673365934 0.638192902 -0.030487080 -0.897093852
-8.917793156 25.528160593 -14.994757236 -0.281536812 0.497018746 0.609455258 0.549794215 0.308625483 0.807359570 0.049810280 2.774201903 -0.746407221 -2.689942706 0.194715597 0.994340545 -0.227963065 -0.078956336 0.330238832 -1.435410035 -1.096544021 -0.142449379 0.419925828 0.856757673 0.000033868 0.928140748 1.239046069 -0.705818123
-10.583942522 18.281802910 -11.047183182 -0.605249257 0.219508449 -0.283259689 -0.710811738 -2.196509539 1.822433972 0.699321759 0.857568226 1.811474859 0.217255073 -0.868214234 -0.714603686 -0.868802798 0.567616399 0.425838385 -0.102679946 -1.240491104 0.714006200 -0.032849951 0.772831806 -1.835718639 -0.400611127 -0.988635427 1.262503921
-15.012917329 20.293666501 -8.096417924 0.594067316 -0.382640083 0.578979804 0.406759116 1.257866345 1.352731849 0.982944581 0.479063711 -0.908343990 -0.287336453 1.064593573 0.641139322 1.571353670 -0.458320965 -0.196158456 -1.924769338 0.179413424 -1.242474808 1.496780755 -1.231970153 -0.115268134 -0.898058155 1.830376662 0.462505614
-4.217596101 17.685777411 -17.477720966 0.071258820 0.527594754 -0.567559648 0.628046179 1.014690069 0.487841364 0.978022143 0.031533119 -0.735769438 -0.560894977 -0.353047930 0.573423070 0.052541283 -0.717698761 0.596185148 -1.029547793 -0.215483477 -0.658778810 0.576651479 -2.089525818 -0.162684314 -0.256853077 -1.345278849 1.089780096
-14.771926257 15.982885392 -13.270637462 0.106993048 -0.297228034 -0.913459117 0.256515934 0.153456982 -0.592559759 0.224441200 -1.058659167 2.677517710 0.620248601 -0.850386446 -0.661893571 -0.054168752 -0.109022943 -0.900140149 -2.998865339 -0.000908726 -0.360068012 -0.618047235 -0.839979292 -2.228753143 2.088750535 0.947448521 -0.428263091
-16.846287298 19.146998733 -12.026435719 0.094451897 0.754255323 0.604670479 -0.237805295 0.384320151 1.659143329 -0.214758484 0.175156599 0.426538693 0.204930562 0.184296988 -0.955750941 0.862502852 2.200194379 0.089751252 0.665312610 -0.966263469 0.740489395 -1.095729273 -0.283026709 -3.109353805 0.254911307 -1.112323324 -0.160688172
-11.339600923 11.666683423 -15.811110063 0.193475713 0.279899465 -0.737500009 -0.583367101 -1.005168625 -0.419866221 0.113402302 -1.779808239 -0.756762669 -1.346242509 -1.108419354 -0.740924692 -0.664831731 -2.168234382 -0.201381521 0.293790577 1.685212013 0.307677374 0.653080374 -0.587737424 -0.953430584 -1.532676504 0.343906866 -1.034190021
-0.612615822 13.778255272 -12.953660444 0.607979958 0.097720704 -0.026888124 -0.787456706 0.405213508 -0.031007307 0.346930686 -1.565395939 1.679960657 -0.260606075 0.907415275 0.280980814 0.903828960 1.414158380 0.907193079 -0.484838931 0.031813865 -0.560283902 -1.475854426 0.118139057 -0.716838190 -0.304077157 -0.578216143 -1.125408997
-10.322662578 15.372949856 -9.196463519 0.421570450 -0.411176350 -0.543390558 -0.598280090 -0.589781920 -0.534690433 -0.440018002 1.078808782 -0.362807297 -2.169040065 0.972968103 0.150326221 -0.036035081 -0.167843439 0.638818519 -0.418106134 -0.863961332 -1.113842811 0.589572287 0.125425732 0.645104991 1.202090659 0.966414692 2.204063349
-5.307336306 21.505488927 -12.979666856 -0.116267620 -0.316528622 -0.929328487 0.150466059 0.986303469 0.825443863 1.069553674 1.270584670 0.414564569 -0.539236846 -0.659888284 -0.527654802 1.589041225 0.242575274 -0.142100275 0.408885716 -2.005454213 -0.739895328 -0.298859437 0.582573525 1.763274782 -0.779785471 -0.222063761 0.516327092
-0.181031541 17.010636423 -12.178537993 -0.046953554 0.791808913 0.507657242 -0.336330392 0.227843732 -0.634142851 0.457099368 0.565950999 -0.789462569 -0.420938075 0.363634598 -1.448510584 0.920274805 -0.129326442 1.054768696 0.268547665 0.897456408 -0.968688740 0.376454132 0.840815511 -1.548651491 1.033546256 0.745124668 -1.435158936
-14.296577689 14.874692210 -18.254003645 0.639916574 0.535711494 -0.087668797 -0.543906385 0.686506605 -1.524530394 0.694715485 0.416728683 -0.973093461 0.554490227 -0.896209636 1.695404643 2.354431201 -0.602959911 -1.761241386 -1.637362976 -2.276836666 -0.263052070 0.427369831 0.058401948 -0.720665082 0.895228678 0.459125588 0.319165697
-14.965505255 15.544776385 -16.011444368 0.099839913 0.576598600 -0.728445842 -0.356276160 -0.506451256 -1.297681259 0.391677340 -1.405817375 -0.839123927 1.376653933 -0.352580551 -0.428160898 -0.495556126 -1.272272577 -0.046906967 0.749800114 1.055861182 2.777594001 0.502249033 -0.468608769 -1.560388940 -0.329621313 -0.934037025 0.068616358
-8.419653476 12.982254006 -10.099075795 -0.666284605 -0.648977665 0.075842127 -0.359361639 -0.213341839 0.309990730 0.114646208 1.390929912 -0.128951395 -0.378774547 -0.177057643 2.696662329 0.490506699 0.890560209 -0.117603681 1.181088269 0.265166539 0.674783749 -0.788329370 -1.885311883 -0.101352399 -0.518270582 1.942963974 0.075482312
-8.433457780 24.527799953 -12.337745698 0.387892054 0.473417368 0.644301876 -0.458574795 -1.154066838 1.547930297 -1.040803071 -0.094651035 -0.018100164 1.391940149 -0.173547632 -0.570169819 -1.019841839 0.474225100 0.781993433 -2.081878801 -0.977494251 0.354116210 0.753965268 -0.226444427 1.527313057 -0.145593286 0.783240082 0.012768748
-2.880712697 21.731236395 -12.276554050 0.106735558 0.237685148 -0.767945309 0.585126733 -1.279337689 -1.268967503 -0.479088434 -0.725108899 -0.872204064 -2.342458529 -0.547811223 -1.171323526 0.218403233 -0.057854242 -0.303937041 -1.242444112 -1.925462051 -0.114601569 0.046675737 -0.460892786 -0.452772655 -0.836084403 -1.117716000 -0.375748183
-4.088539517 25.249280046 -10.723872870 0.804854280 -0.037281045 0.150535004 0.572851573 0.683537486 0.155790358 0.781123359 0.396586994 2.557113650 0.540709832 -0.161397320 0.023265232 1.636381069 -0.196938706 -0.070165017 0.750479545 -0.285908656 -0.540391096 -0.713103857 1.275635660 -0.264248519 -0.708293612 -0.241453514 -0.192368016
-4.607821931 20.595926618 -15.060069471 -0.952449706 -0.206939067 0.041005200 -0.219850755 0.423050199 0.238466582 -0.256748226 0.179589470 1.060612318 -0.008317945 -0.680996671 -0.355865209 -0.623883893 0.148182819 0.590970981 1.672489691 -0.628494512 0.274892335 0.578846035 1.198525025 -0.471197148 1.637547147 0.447436988 -0.671130249
-6.926757326 14.873476073 -17.152147223 -0.899304644 -0.242605759 -0.050931008 0.360277166 0.837195686 0.417559114 0.479716981 2.510130346 -0.874722256 0.291150643 -1.134897761 1.602311308 -0.501095285 -0.991172211 1.350785332 -0.500818689 1.683292390 -0.854010530 -1.095749791 -0.094592941 1.534652718 0.068603674 -0.440983989 -1.476443431
-11.776975458 23.777776545 -15.247613711 -0.729178215 -0.158422997 0.224770853 0.626641324 0.709124624 -0.073343107 -0.732558376 -1.517443151 0.151757063 -0.275759612 -1.077976112 -0.726577751 0.734752609 -0.300589882 0.118104420 0.728243314 2.066211336 -0.417011860 -0.916800258 0.383230475 -1.510619705 -1.136279554 -0.979201393 -1.296454709
-3.126859232 18.204124728 -5.486672768 0.409844064 0.755370105 0.477245520 -0.183522643 0.961881805 0.245927146 -1.091432672 -1.165117449 2.002574553 0.783902996 -0.212966897 -0.324606489 0.647148644 -0.543332534 1.805603013 -0.537547161 -0.475580854 0.357491838 1.301098056 -0.816051047 0.313025311 -1.353850070 0.613183130 0.452786062
-5.481132606 21.307966796 -12.781025792 0.445813866 0.349833936 0.823204120 0.034658207 -0.874242508 0.058084999 0.181396892 -0.760953663 0.343002633 0.315001995 1.659985467 0.706719353 -0.215049173 -0.021329187 -0.328084630 -0.436336518 -0.215996127 -0.147266449 1.704009441 0.255079935 0.595417707 -0.032572669 0.509490586 2.096218404
-8.524962528 23.974341473 -9.068849578 -0.627249152 0.338718672 0.698355783 -0.064244546 -0.304569134 0.203627616 -0.578171526 0.861777569 -0.973671908 -0.022112755 -0.220714926 1.603957116 -1.029939680 -1.280103922 0.987340583 0.332009512 -0.220509995 0.778761456 0.897980853 -1.411037656 1.164041644 -0.598304953 -0.305979517 2.540746919
0.430904728 16.188238278 -14.544614159 -0.509825797 -0.784708207 -0.258803177 -0.239440185 0.122186777 0.452665601 0.919079216 1.771612774 1.242903038 0.457149933 -0.259272699 1.264727385 -0.799087269 -0.140584101 -0.100473785 1.743366570 0.120467035 0.629560443 -0.399842418 0.141847974 0.650628615 1.212448485 0.094750622 1.982881020
-4.414104547 26.311549879 -17.523638988 -0.920985965 -0.272782085 0.030229561 -0.276515751 0.020374313 0.568913392 0.395960439 -0.804665337 0.476751406 0.960617906 1.136575502 -0.866054310 -0.419250526 0.306990425 0.358151304 0.577432950 1.212347062 -1.253836522 0.387310092 0.867601836 -0.585369684 -0.833244664 0.482233805 0.170611330
-3.156832595 22.685593885 -10.684686113 -0.299233140 0.058318517 0.097636646 -0.947378258 -1.136953451 -0.398873518 0.262293265 -0.842745324 0.292184308 -1.959253413 0.369175543 1.605694519 -0.655347577 0.761030998 -0.509341662 0.406332052 1.323589869 1.317796399 -0.752398506 0.524121384 2.187715485 0.213879721 -0.655524679 1.013772340
-2.779735032 18.326764438 -7.136243279 -0.090676557 0.697596382 0.705382665 0.087019225 -0.260564249 -1.352491158 -0.313299047 1.118390066 -1.463637315 -0.394471057 -1.460800472 0.149482310 1.545179401 1.738981990 -0.130900563 -1.833398708 0.689629195 -1.942971535 1.096472195 0.555834886 -0.748414387 0.661449534 -0.159534798 -1.311604787
-3.073379174 24.824883911 -18.267538683 -0.223839862 0.953778684 0.124345890 -0.157289660 -2.518523243 -1.022189111 0.275024126 -0.364320949 1.128171609 0.481870283 -1.342238995 -1.476339417 1.511914558 0.560891191 -1.091076301 -0.901431188 -0.158277484 -0.249718745 -0.002487822 -0.534795184 1.025538989 -2.374494776 0.629579949 -1.184333777
-8.590198528 21.545075525 -19.455027089 0.313054815 -0.387899719 0.473328358 -0.726285589 -1.488276429 -0.067088153 0.999557546 2.361445646 -2.149839306 0.718815286 -0.362868802 -0.380093152 -1.722323875 0.352311540 -0.352832943 -0.964832394 0.292358683 -1.449049524 -0.111193122 -3.113060833 0.989482135 0.504834715 1.220137684 -0.670322872
-2.351867838 22.453961390 -16.137274612 0.192222514 0.405706181 0.602770876 -0.659636469 -0.852648716 -0.940910274 -0.378581173 0.656634009 0.688875633 -0.541871375 0.945312468 0.924976601 -1.701617086 0.838183339 -0.546187951 0.119718304 0.024395366 -1.530600757 -2.123937647 1.250228375 -0.236889398 2.359113175 0.385609783 2.423318668
-16.376892129 17.115838531 -9.820073409 0.487531256 0.717934564 0.041666322 -0.495123372 -0.741250865 1.433295940 0.681362859 -1.478433718 -0.284987949 1.650256016 1.098019843 -0.491774299 -2.188047046 0.063098512 0.584967806 0.032640290 0.123906469 -0.182404528 -0.544944197 0.309524946 -0.731760451 -0.688855791 -0.004561552 -1.377304351
-16.803945049 20.683271793 -11.498222191 -0.074897158 -0.024735155 -0.536813741 -0.840005711 -0.032352069 -1.026477493 -0.195562726 -0.989078430 0.113743973 -1.313642600 -0.598429905 1.107799748 0.547559695 -1.348350685 0.485290553 0.749022072 -0.252609284 -0.502325325 -0.655869885 -1.858330196 -0.972785977 0.163859993 0.073112241 -1.799064662
-13.911707248 22.958637145 -10.956902357 -0.948475495 -0.181138850 -0.217486953 -0.142416212 -1.341496179 0.186045832 -0.589941271 -0.549267396 -0.788328381 -0.832076519 0.726479979 -0.931294620 -1.395676350 0.022574958 -0.817420132 0.380169972 -0.208515097 -0.157766439 0.347272747 -0.016482135 0.606261707 0.857744654 -1.759471651 -0.544790591
-5.397136953 24.882967941 -9.118193243 -0.737470674 -0.107581486 -0.652294648 -0.138111985 0.108811974 -1.964686151 0.356278349 0.297152546 1.628830579 0.375526488 -0.414573638 -1.461303061 0.847212917 1.444403964 1.390493895 1.254002079 -0.288830643 1.595271047 1.100695730 -2.906899405 0.562676470 0.613773134 0.394245000 0.591362085
-12.472358674 22.770176297 -13.266911353 -0.357206101 0.184679261 -0.910208288 -0.099087059 -0.829522779 -1.999439002 -0.873738898 0.399939394 3.041287099 0.383739001 1.319725524 0.488158369 0.740250065 -0.930887956 0.590364085 -0.171726335 0.569403516 -1.307568174 -0.986867291 -0.253166000 0.230043135 0.532158486 -0.156102976 -0.727817900
-10.829099790 24.649395218 -15.163705956 -0.804745270 0.305153251 0.089936938 0.501176507 -1.858264238 0.770194420 -0.233162959 0.269949174 2.350410422 -0.299770172 -1.039341423 0.066442581 -0.547596155 0.483641221 -0.363155447 1.518612494 -0.000791463 0.403441839 -0.404562947 -0.648707957 1.198843229 1.256696282 -0.887882915 0.782933504
-13.136176396 21.365283835 -8.815930799 0.838013703 -0.484139390 -0.164957982 0.190081424 -0.121558535 -0.110469829 -0.229015174 0.242760936 0.843648776 -1.051440379 0.809519783 1.530085947 -1.281753123 0.559108786 -0.682638534 0.674369895 -0.207739371 0.751296301 0.272186720 -1.284523646 0.103190213 -0.683206301 1.651459827 -0.259323851
-2.710640831 21.254374338 -12.257708506 0.611734203 -0.448248136 -0.329572417 0.562349442 2.339746067 -1.809723374 1.318212899 0.534032874 -0.863448389 -1.681855655 -1.371783362 -0.827483735 0.452612465 0.046273790 -0.806223527 1.829764533 1.859340398 -0.460853458 0.394289317 -1.181773209 -0.192026383 1.778203909 -0.650022330 0.529102672
-10.012178516 24.335981151 -5.686708004 -0.390476230 -0.891437467 0.158504343 -0.166565092 -1.138079849 -0.278961284 0.997481489 -1.270114190 -1.366049148 -1.404232345 0.975886289 0.428857965 -0.162263430 0.192135636 0.934192895 -0.476002853 -1.253992676 -0.249717094 -1.864720139 0.351615896 -0.384252101 0.211006222 -1.375729820 -1.419253084
-8.466901813 9.652760621 -10.557896869 0.061803100 -0.515760351 0.455216694 0.723152404 1.638843032 -0.426246721 0.917459728 0.241999245 -1.013496797 -1.004659873 -0.005561424 0.674146744 -1.422211214 -0.930427995 -0.161626662 -1.184111955 0.308065828 -0.922013224 -0.349960320 -1.277422415 -0.104507696 -0.208839788 -1.343722275 0.585862988
-17.387374598 16.374027833 -10.019258088 0.587076082 0.331318374 0.240374850 0.698419458 -0.029657860 -0.919702872 0.348257738 0.046683640 1.207480442 -0.625978872 -0.118883201 0.446479323 -0.629159144 -1.409792897 -0.115084970 1.276508801 0.724831283 0.349205544 -1.222610086 0.526395282 -0.129917416 0.183793222 -2.280221720 -0.806630769
-6.498193465 14.030722674 -8.485859168 -0.591243568 -0.556338559 0.483165410 0.327825619 0.218942216 0.697198956 -0.786788989 -1.254971188 0.051560727 -0.922148683 0.368777504 1.516068601 -0.434512604 -0.560022708 1.692403082 0.348232569 -0.963832048 1.951628547 1.685712774 2.008449507 -0.703152833 0.284810018 0.256586029 0.017227896
-4.291574657 17.297403880 -14.619350335 -0.217065205 -0.952150846 -0.087494377 0.196560925 -0.405422794 -1.821827514 0.815234143 -0.383048358 0.664605361 1.543378468 0.182291827 0.468055132 0.879181622 -1.331595405 -0.308410300 -0.354300557 -0.586643629 -0.430673727 -0.168328874 0.939455585 0.361342789 0.148452267 1.068184715 0.089845985
-9.141737571 19.820532446 -19.035807517 -0.564870540 0.039236302 -0.807741011 0.164122652 -0.363294571 1.518445514 -0.558196110 -1.674711692 1.171465802 -1.177939791 0.937526136 -0.947450066 -0.900548304 -0.136676193 0.179840660 -1.881366378 -0.064617526 -0.675560886 -1.600784250 1.440138476 -0.185783153 -1.299501596 0.294362437 -0.566952455
-8.529863471 15.434830083 -12.884976008 -0.390663921 -0.136306880 0.282415799 0.865472964 1.774450825 -0.780868322 -0.067997258 -1.433564303 -1.365128575 0.277539493 0.593829443 0.376707812 -0.301683672 -1.531736376 -0.840958140 -0.304851079 -0.719120122 -0.543846094 -0.651525097 0.499324712 0.954947366 -0.144355395 -0.479995671 1.023765024
-4.233429441 16.651092876 -5.937624135 0.248790776 -0.168732790 -0.793147859 -0.529668641 -0.797031772 1.215951321 0.564905388 -0.033864701 0.658762529 0.956386467 0.454784295 -0.831198622 1.162836980 0.638935442 -0.157578456 0.079457618 -0.783772383 1.330691488 -1.006587360 0.461103663 -1.451011307 0.248688095 -0.149358610 -0.759985672
-11.512486529 18.047094684 -13.273008350 -0.060545149 -0.898867307 -0.409868081 0.142758555 -1.140923223 -0.729377289 0.839337814 -1.556866941 1.500864724 -0.142830604 -2.165523768 -0.198525892 -0.858560495 -0.302215395 0.210794311 -2.055993284 -0.088664904 2.991055974 0.212344544 -1.685211635 1.536671801 0.672035083 0.014150079 0.393812692
-12.105632457 16.483859852 -11.341067800 0.584381207 0.598099465 -0.530209867 0.140189628 -1.142045627 -2.179973715 1.599933056 -1.097335162 0.378900468 0.932429058 0.403011025 -0.334829930 -1.667817705 -0.682704851 -1.455424294 0.378385187 1.066923756 1.381480686 -1.645792465 1.458366521 -0.617319146 -1.001643315 -0.334832550 -0.738838692
-14.510853383 15.057512599 -15.296420927 -0.240716009 -0.954786075 -0.089084670 -0.150010915 -0.088984166 0.300161971 0.968431363 -1.083190852 1.053523424 -0.508235762 1.537002028 -1.074929508 1.653682429 0.792233256 -1.211288113 -1.311333239 -1.772293132 -1.397330649 0.852300312 1.300278643 -0.861006280 1.030724390 1.453738857 1.614156553
-10.405768782 14.946361803 -18.269280757 -0.342817355 -0.771926410 0.522130072 -0.118262703 -1.114753052 -0.764333857 -1.344848515 1.027881873 1.630564582 0.003182930 2.156144324 0.595112048 1.135989095 -0.885449080 -0.304967289 0.282498378 -1.415796696 -0.002382323 -0.156459507 1.040067450 -0.088555792 0.139113259 0.064890899 -0.643937373
-14.742883375 23.071462714 -13.232719620 0.287168796 -0.956821238 -0.011627271 -0.043497214 2.067172153 0.879971504 1.208412746 -0.146108889 -0.168677308 -0.421027840 0.537538021 -1.000483397 -1.106365165 -0.134348961 -0.669282340 -1.722786019 1.764096056 -0.670594181 0.750598514 -1.111727093 -0.613528019 -1.468928603 0.788402853 -0.189530604
-11.579270488 24.343124811 -8.733263441 0.332096314 -0.757581074 0.556915656 0.075019373 0.298736330 0.096668997 -0.141855780 0.612733456 -0.063419341 -0.487285972 1.500933354 -1.318292322 -0.880795551 -0.890072201 0.585022438 -0.113352274 0.015235997 0.449689335 -0.072694208 -0.021679305 0.509965261 0.807684889 0.377641294 -1.206441439
-8.359946524 19.004729863 -3.809721041 0.148381455 -0.235907015 0.811220010 0.514055366 0.589226375 0.695404616 -1.029970580 -0.110971541 0.696001940 0.756706700 -0.335875955 1.415894528 -2.433022679 0.618666405 0.084679217 1.972022156 0.954324758 -0.368956625 -0.894507920 -0.167947347 -2.073097550 1.145206464 -0.873772472 2.758598989
-8.471573992 24.588527524 -14.690009687 -0.590368085 0.391911689 -0.293516022 -0.641653409 -2.142472398 -2.530971320 -1.677017659 -0.565135034 0.642215502 -1.562035265 0.825141417 0.997911021 0.934039274 0.858546278 -0.584476388 -0.040083832 0.839904241 -1.409506461 0.983907693 0.302448408 1.842072270 0.912257788 1.154879384 -0.465282548
-10.182225335 18.803588591 -20.858004650 0.425415867 0.319466992 0.064975387 -0.844239528 0.686778237 0.897906320 -1.179309583 -2.101195485 1.236887228 -1.713113201 -1.497309787 -0.162184344 -1.600077766 -0.638236346 0.209584186 0.019464895 0.333243599 0.906460202 0.096879968 -0.290248220 -1.088636661 0.539419492 -2.918074317 -1.325956083
-5.407767862 10.929750970 -15.455461258 -0.601983752 -0.472907022 -0.623683872 0.158091551 0.586124864 -0.106428528 0.468661504 0.314327323 0.474237769 -0.598846018 -0.208232978 -0.545370818 0.742440447 0.184977272 -0.672690846 -1.166948082 1.085923998 -0.537482336 -0.451536158 0.711275280 0.048154218 0.205880976 2.675136635 -1.206293229
-10.656393271 17.389412780 -3.655903807 0.827948911 -0.316866713 -0.379349472 -0.264934077 1.440599930 0.304759158 1.143828926 -0.951713616 0.655402581 -1.490146525 -1.527597983 -1.073368439 -0.022814654 -0.044311551 1.321937860 -0.346452934 2.034314324 -0.019171367 -0.539708628 0.643464457 -1.082365921 0.405551298 -0.010838421 -0.544187823
0.781314869 21.004951006 -11.560012594 0.039623605 0.457939420 0.842268425 -0.281612070 1.065822288 0.359190395 0.023073638 -1.076165935 1.209929393 0.571699167 -0.405427506 -0.733460451 -0.719421843 1.911235580 1.024514109 -1.025051177 0.993652121 -1.352862527 1.610982714 -0.988136279 3.274740956 -0.148533546 -0.133344138 -0.658898436
-4.752572967 20.280190452 -19.627437793 -0.663212322 -0.575539260 -0.231489088 0.418708465 -0.591328538 -1.990858940 -1.654037094 -0.100600397 0.049570132 -0.279601132 0.888012521 -0.273536940 -0.693076349 -0.476290274 0.632863773 0.424778279 -0.008838393 1.295319518 -1.420990851 0.090018488 0.102742213 1.063428756 -0.477042026 1.008701113
-4.901010550 16.516992752 -19.256276089 -0.113680231 -0.509569504 0.208551150 0.826995855 -0.494634073 0.336189604 -0.440989045 0.538010235 0.303778364 0.288333874 0.412594715 0.271066753 -0.092643786 1.145789162 -1.109390448 -0.527517865 1.015616712 0.216630139 1.194956794 0.561584396 -0.025355521 0.664184598 -0.281459572 0.414603779
