25.191690008 20.250170770 -22.265441170 -0.558117988 -0.273184499 -0.416849826 0.663408443 -0.804492030 -0.052258518 -0.024034594 -0.277228500 -1.268995842 -0.967933944 -1.105191232 1.242991110 -0.751138271 0.757063927 -1.828212902 0.127215981 1.133861384 -1.344183515 -0.072883915 -0.588866106 -0.239378185 1.591016453 0.583728995 0.783502281
33.185593406 11.548864696 -19.320116522 0.318546561 -0.421089369 -0.073678743 -0.846039759 0.529349550 -0.895476979 1.322835971 1.457715149 2.209112147 1.179673974 -0.671105643 -2.845840840 1.020143679 0.347681663 -0.130149153 0.171568562 0.613430847 0.519427943 1.094708909 1.475686549 -0.812548527 -1.291774867 -0.088892646 -1.161032915
24.364152165 18.251789170 -16.724152314 -0.507282617 0.275438170 0.289647669 -0.763480444 0.616446017 -0.142636754 -0.106697559 -0.478932566 0.432134563 -1.128795627 -0.537668683 -1.382692100 -0.219893051 0.322334570 -0.511673819 1.050968401 0.455570843 -0.731064615 0.319383782 1.527904326 -0.059307957 -0.199783530 0.090130240 -0.705639269
27.766324620 14.269928250 -29.700894871 -0.163296884 -0.819165080 0.492546904 -0.244336342 0.193563107 1.113659545 -0.805586086 1.704170680 0.303589214 0.134680607 0.304567263 -0.142635796 2.137278970 -0.650783248 1.731044241 1.688344387 0.966963611 -0.252618740 1.240859960 0.361017707 -0.983922927 -1.016719509 0.120888557 0.133862037
28.997396218 22.051339611 -27.304001161 0.358690814 0.486463858 0.386437571 -0.696677701 0.253452832 -0.168032656 -1.757532001 -0.012185519 -0.099765111 -0.664088620 1.312588090 1.966831422 -1.494629453 -0.323603453 0.225795589 -1.073296911 1.470080427 0.548750472 -1.618796596 1.449266786 -0.340095203 1.636905235 -0.112715304 -0.195312784
35.230314117 19.817522627 -18.920646851 0.730795887 -0.638245105 -0.036137990 0.239321130 0.852122360 -1.910978704 -0.344757263 0.602013209 0.359279018 -0.483200081 -0.232011317 1.321258450 -0.635632048 1.185822074 -0.657219566 0.456202011 0.283708993 -1.961996929 -0.742670182 0.121585778 0.840777265 1.398691232 -1.191816393 0.103946315
37.525654754 18.191070496 -25.879662671 0.253109746 0.859973385 0.018693069 0.442754789 -0.862166246 0.051276421 0.171484748 -0.132531239 -1.301428159 2.184312281 -0.844084898 -1.013777095 -0.706540888 -0.754620486 -0.638077719 0.816639660 -0.192095850 -0.411896259 -0.431046803 0.934635781 1.928882834 -0.386306491 -1.052328683 0.594212152
36.983103698 10.516507703 -26.610738156 -0.729113715 -0.063399816 0.675550035 0.089475163 0.194032857 -0.718012952 -0.723921433 0.396540305 0.992898734 0.366273735 1.707436810 -1.654910531 0.331047064 0.549400717 0.100284753 -1.070439080 0.474575504 1.293293180 -1.317053090 -0.897452783 -0.690338693 0.062953507 -0.943012261 0.358149871
33.064356869 20.297799230 -19.203212773 -0.399915318 -0.767952418 -0.331738266 -0.374521754 0.588589383 -0.232482013 0.484006724 -2.143161791 0.318217726 0.923730481 -0.076130116 -0.603378454 -1.331926659 -0.607706214 -0.050444589 -0.394629091 0.357932608 0.710253134 -0.245061806 -0.568115750 -0.911298852 -1.009585006 0.683990547 -0.566922317
28.864143938 14.281226033 -30.367320139 -0.869431478 -0.199090851 -0.050626992 -0.449320204 0.457971753 -0.185832230 -1.066128549 1.344170866 -0.389710419 -0.293391547 0.836413866 -0.906618580 -0.280235543 0.228723443 0.821459182 -0.641413204 -2.493178545 -0.133240639 0.785294883 -0.487883288 -0.051363110 -1.134592000 -1.344654425 -0.068023749
30.994189752 9.439039175 -23.483918936 -0.333979800 0.743954295 0.139711869 0.561667245 1.698622490 0.140128536 0.030890292 -1.736644981 -1.910092439 1.862368253 1.861616787 1.141143567 -1.299337671 0.687793699 0.850783200 -0.884014198 -0.502386686 -0.947154251 0.120967142 1.368255921 1.085286297 -0.103458206 1.587294648 -0.221665407
33.894803537 18.579997165 -23.564257443 0.849713076 0.027373736 -0.506094279 0.145282305 0.773633482 -1.575263528 1.488901489 0.265019216 1.144828768 -0.226535303 -1.100087694 -0.159722074 -0.048163554 1.212512306 -2.002579418 1.339658804 -0.678800121 -0.465144668 0.058789857 -1.520820149 0.463607215 1.076862942 1.161881601 0.183125541
34.509383111 21.450239149 -26.713850477 -0.305901139 0.895308868 -0.272335054 -0.175157479 0.076863133 -1.377741461 -1.206759283 -1.308665093 1.265797626 -1.137369612 1.533423720 2.043058616 -0.663744233 0.995161996 -2.741663163 1.118549013 -0.500278804 -0.100001641 0.294694450 -0.794184184 -0.614748262 0.281683240 -2.197351064 -1.405055673
32.038251584 10.706171957 -30.241871479 0.556293168 0.120490401 -0.615458726 0.545188528 -2.232586399 -1.169818571 0.464537850 1.839753393 -0.556604463 -2.146013235 0.015849308 -0.988195551 0.394629560 -0.340239357 0.735922350 1.207541646 -1.331609733 0.295338317 0.268119211 0.285803098 0.056798858 2.401527724 0.357677920 -0.793963659
29.914488665 13.008041825 -14.743027188 0.495823895 -0.046695598 0.452659254 0.739647069 -0.246326424 0.071217845 0.248465180 -1.573357879 0.173972384 0.175924334 0.272291372 -1.261883159 0.290699820 -0.950864111 0.493135892 1.058152225 2.289941751 -1.231955105 -0.701470588 0.591922296 2.342933090 -0.109361424 1.604015296 0.107436689
36.533983695 18.638319696 -13.848112499 0.158582180 -0.783699897 0.568443917 0.193746426 -0.124145444 -1.199257878 -0.656468824 -0.888191982 0.266537181 -0.285194192 -0.297121455 0.168219763 -0.795343585 -0.821769860 -0.332881728 0.212523702 -1.382072678 -1.262943354 -0.923475704 0.747919068 -0.181465060 -0.549992470 0.965667686 0.415249237
25.284483386 10.642104530 -16.466733707 -0.624646793 0.128328542 -0.765903468 -0.082097784 -0.452979530 -0.177939122 -2.174709165 -0.340227116 1.063089273 -0.517219811 -0.787424113 -0.731713089 -0.031904605 -0.428459211 -0.173923942 -1.689445110 -0.590809415 -0.710864376 -0.145502245 1.041696880 0.108788098 -1.531154313 0.537853952 0.151224217
25.181972316 10.878263027 -20.758558690 -0.099663966 -0.672240622 0.699590688 0.220754409 -0.197169822 0.917863841 -1.354586610 1.211360055 1.697915494 -0.410822594 1.140689357 0.652887521 0.867132829 -0.311437983 1.720075312 1.820138747 0.245981181 -1.643498344 -0.584617694 -0.399547335 -0.798033972 -0.124015684 -0.553119827 -0.791709998
22.609985287 13.848724908 -25.045025503 -0.061093260 0.345179669 -0.590004255 -0.727333204 -0.883568275 0.868066793 -1.605084408 0.939858473 -0.590495405 -0.368442727 -0.195929535 0.713137165 0.442013520 -0.158813339 -0.284922242 -0.007924549 -1.129198645 -0.436386599 0.597876161 0.417345872 -1.234231695 -0.304070851 0.077664671 -0.417446650
29.123002541 7.735776431 -26.818624480 -0.941170146 -0.165547431 -0.214943635 -0.201474658 0.386700081 -0.772679846 1.266346872 -1.444564958 -1.281593203 -0.943467721 0.124412924 -0.620965986 -1.408185690 -0.554605345 2.266455355 0.703415302 1.167752784 -0.335470479 -1.289482231 1.727303281 -0.047137942 -0.007482558 1.098640726 1.450168741
29.750572863 9.926348752 -24.405753799 -0.298952552 -0.701983089 0.628377078 -0.151622436 0.840869796 1.363943607 -0.759672486 0.616937555 -1.180159014 -0.176622073 -1.866686967 -0.806292890 0.894303950 -0.704566671 -0.822154217 2.062418294 0.587764886 0.147778418 -2.366133230 0.013697842 -1.006388110 0.631491969 -0.130122329 0.290021394
32.086291552 18.063421185 -27.596404469 -0.595584628 -0.651125613 -0.090028866 0.461745807 0.606708496 0.545626147 -0.414614422 -0.719804999 0.019228265 -0.786287807 -0.805230008 2.573024144 -0.430330025 3.590958778 0.807405580 -0.561214887 -0.114133821 1.152815142 -0.459172665 1.570722499 0.235323887 -0.542506130 2.698157730 1.270633768
34.692492492 18.489510137 -18.621841307 -0.116165977 0.581204659 0.358921144 0.721028587 1.657459083 0.077819217 0.243544580 -2.808748939 -1.008899900 1.921550165 2.755049129 -0.673543435 1.775895445 0.429854602 -0.903464100 0.091050828 -0.932551599 0.942939599 -0.131032269 -0.682095279 1.046966904 -0.190024014 1.372022584 -0.183311769
39.014210492 18.349158841 -20.980477763 0.282070198 0.426601389 0.836391492 -0.197223050 -1.292715781 0.015630861 -1.010328935 -1.458856269 0.398807273 -0.160653949 -0.958628546 1.440323136 1.241847728 0.390790634 1.425873363 2.394122203 0.277190235 0.075654096 0.476615680 1.328072228 -0.816606278 -0.240284812 -0.558445616 1.992436104
25.489863844 14.419295644 -23.021501034 0.369581020 -0.715167548 0.586432287 -0.089679545 -0.662433349 -0.373668236 -0.532237327 -2.148367976 2.124387655 0.954852888 0.119658930 0.973267084 -0.863681895 0.831989481 0.284466424 -0.344064349 1.029656466 -0.768115034 -0.009632517 0.971509300 1.166737576 1.637453050 -0.231577312 -0.176302208
32.035420540 12.906913785 -29.239523558 -0.477727196 0.756827393 0.436652967 -0.091231625 -0.028128475 -0.003956554 -0.387795310 -1.299615494 -0.160356751 0.062162160 0.122880570 -1.118136902 0.026576778 0.231937303 0.179478269 -2.028635426 -0.027325414 0.869899972 0.328860219 -0.328066491 1.826583317 -2.381210764 -0.164215753 0.804819832
29.256072506 19.247272835 -18.703087499 -0.828828775 0.405737650 -0.346956976 0.167453512 0.492533033 -1.524000077 0.230777232 1.749884395 0.957381314 0.455422977 1.013512563 0.361995605 0.399975863 -0.282307044 -0.464547041 0.585424935 2.089488767 -0.839175121 -0.620678056 0.089746712 -0.023978216 0.247125444 -1.863609478 0.296763018
28.258598377 12.613639682 -27.670333771 0.525593240 -0.816902755 0.005383991 0.237471363 -0.478419227 -0.228298176 -1.613459973 -0.257058015 2.249880925 -0.070752269 -0.800066606 -0.335569607 0.442761348 -0.201235765 0.535820940 0.426841167 -0.754472882 -0.368462781 0.122183902 -0.763685976 -0.072654225 -0.293456872 0.006730493 -1.596527633
29.889334273 23.990704146 -24.737581703 -0.607924664 0.376219009 0.049647364 -0.697439602 -0.959728232 0.682684055 -0.012045572 -0.152957316 0.809229996 -0.134316834 -2.088651364 -2.270636479 0.543947654 1.309174970 -1.156128583 0.308087168 0.264270863 0.539486251 -0.773177292 0.032896496 -0.626200980 1.054368332 -0.405707435 -1.011729612
24.540802043 15.293816369 -22.584607298 0.747017246 -0.424363585 0.428410348 0.279902406 0.053427413 0.418310035 1.425353320 -0.765997544 -0.628802909 1.286647569 0.593400075 -0.514739004 1.011736689 -0.792498401 -0.002690446 2.240325998 -1.569294554 -1.389013837 0.403799955 -1.615318741 -1.435481324 -0.604134582 0.058380687 0.781093698
37.631693033 10.770856571 -16.250202861 -0.523978709 0.428092071 0.474821339 -0.562786094 0.846860911 -0.989909744 -0.049200631 0.125317680 0.795372887 -1.272290746 0.917685739 -1.092981584 0.134651177 -1.716519436 -0.576238622 -0.641801585 -1.935917900 1.708539899 0.248379932 -0.602244162 0.145211306 -0.714373625 1.300262203 0.260092501
24.814873231 11.650588692 -25.104175153 -0.776833887 0.619185060 0.027270573 0.111334137 -0.846367860 1.439048202 0.132406550 -0.562997409 -0.713198049 2.077260396 -1.043483880 -0.623483985 0.042357769 0.870532569 0.840070307 0.054429465 -0.201409897 -1.588875351 -1.128524623 -1.753583461 0.565119953 0.246567069 0.732890048 -0.588346804
35.003308095 14.494967498 -17.358897120 -0.726178532 -0.333252506 -0.593659611 -0.095790257 0.298626378 0.457322257 -0.851723070 -1.947553266 -0.554073016 -0.221336912 0.106777185 2.182270531 0.263437861 1.144360294 0.251335638 -0.201314735 0.300625184 -0.633435873 0.381452027 -0.127259855 0.058087956 0.252097177 0.134319842 -0.244835779
30.386509342 17.323820366 -25.883621586 0.102232366 -0.884589495 -0.402136212 0.212923543 -1.473078312 1.996252852 0.287409889 -1.329891285 0.315357178 -0.612942100 -1.621819941 0.281397062 1.952168374 0.266147532 -0.690435178 1.528197345 0.005906450 1.170542757 -0.684631642 -0.788948535 -0.801624156 0.253052457 -2.349853049 -0.152302755
25.292927021 20.910842878 -20.033884152 0.085304526 -0.332179869 0.041047976 -0.938453374 1.266339558 -0.009329701 -0.628021291 0.732471967 1.269346769 0.339874160 -0.566707835 0.454912297 -1.263638900 -0.708801565 0.381188065 0.006608010 -0.618201527 0.594541811 1.910911457 0.187121024 -1.473292857 0.150368852 -0.131275585 0.499517051
31.992096211 14.756199038 -16.433448628 0.045225116 0.492392497 -0.671751670 -0.551592251 0.279414559 -0.529099240 -0.396271274 -1.185322365 0.469121039 -1.938954025 0.369099082 -0.808361393 0.504383596 1.775698007 1.618749165 0.627530627 1.225127169 -1.103947020 1.697178526 -0.141538201 -1.927086061 0.492246502 0.328595585 -1.163234766
28.446767576 9.303589145 -19.084831628 0.240791895 -0.878830795 -0.222401638 0.346717766 -0.456908923 -1.185084379 0.881101943 0.433647798 0.772035465 1.898985089 1.011225379 0.276189326 -0.201468356 0.076491083 2.750381445 0.499285504 -0.085740972 -0.963259634 -0.201779848 0.418482423 -0.463374420 1.779406114 -0.409338640 -0.923099920
31.654683132 23.999236136 -16.014873429 -0.425996166 0.027087659 -0.899441057 -0.093804637 1.112864002 0.706335960 -0.093227079 0.155419626 -0.643196929 2.155583117 1.779812701 0.124410948 1.704523613 -0.178978137 -0.454623308 0.638377265 0.945029053 -1.430702899 -1.167214470 -1.196207261 0.458079663 -1.659708055 0.014484682 0.163932323
29.742765357 21.967079407 -29.428001444 0.081348047 0.583643466 -0.587446415 0.554661616 -0.487318144 0.631869723 -1.605885340 -0.431307694 0.660163993 1.541599063 -0.743685997 -0.503992782 0.098239935 -0.697704133 0.213813375 -0.038577750 -0.647923913 0.448258454 1.141240588 -0.413342169 0.375105781 0.460611617 -0.015702001 -0.107369483
24.168101996 21.703565236 -19.394236554 -0.407955567 0.741392179 0.306329913 0.435972335 2.147749239 -0.887606661 0.026616280 0.292032067 -0.312128461 -1.325171259 -0.672497147 1.607753385 -0.489216782 -0.136555284 0.021777958 -0.425988835 -1.588236106 -0.014202329 0.841765870 0.492318753 1.113447633 1.015212229 -1.425779251 -1.624232366
22.955084836 14.854385544 -25.635056805 -0.353179970 -0.363566235 -0.308230213 -0.805032693 2.257537613 -0.691350814 -0.950165679 -0.202199312 1.144970393 0.709155571 0.910521322 0.730103112 1.159696081 0.515522460 -1.573040858 1.905026882 -0.491101721 1.412020990 0.200358094 0.301430391 -0.579438592 1.565362056 -2.233067708 0.326463539
36.656484132 13.462849441 -25.061065218 -0.418814237 0.541582358 0.717160209 0.130247533 0.257260886 2.761246237 3.330940290 1.250700107 1.729561864 1.105903636 -0.137624919 0.495479084 -1.519902246 0.061163456 1.186840994 0.930713496 0.636193707 -0.831738057 0.018993962 -0.050947031 1.039007607 0.653662284 0.476074495 0.556431320
35.059633238 19.741739705 -14.112276076 -0.446804655 -0.244553363 -0.145771299 0.848121443 -0.345582919 -2.098738801 -1.125514939 -0.261036259 -0.287953759 0.522907183 0.558008915 -0.381434207 0.003749689 1.158065492 0.725815473 -1.101646250 -0.526858653 -0.359386727 -0.332879533 -1.675001709 0.299805186 1.016599081 -0.027345176 0.077651598
38.445346212 17.865271736 -24.594401305 -0.323297708 -0.167180135 0.930193139 -0.047645764 -0.790704335 -0.906461772 2.649500027 0.666002934 -0.803137976 -1.722583229 0.274340705 0.679036964 -0.110874632 0.957696452 -0.357679774 0.227932713 -0.625585581 -2.389598521 -0.716730052 0.663210180 -1.160550093 -0.159451733 0.446650207 0.688328636
31.986461486 17.698295544 -31.286122449 0.193531807 0.313730613 0.540728051 0.756129431 -1.057077105 1.062404114 -0.661319076 -2.850624948 1.448100605 0.722480003 0.458183987 -0.953313719 1.311290373 -1.006605464 -0.083089917 0.832910224 -0.825541233 0.762211958 2.064830236 0.848307512 0.318521815 0.251044720 0.071049995 -0.963463012
31.394097690 8.704741631 -17.243430061 0.115278193 -0.823204850 0.249803947 -0.496631353 -1.251459840 2.200894988 1.572451278 0.591733387 -1.174902500 0.307781275 0.788628208 0.180209890 -0.627177030 -0.575691435 -0.588544223 -0.866832601 -1.472584311 2.036390987 -0.351787388 -0.492654079 -0.502328910 -0.006115137 0.371106784 1.736887254
33.950824157 13.153565925 -25.431629258 0.074269073 0.779468340 0.284565341 -0.553114616 -1.314307875 -0.150077651 0.217328123 1.287273887 -1.430828831 2.188073489 -0.780877410 0.137236048 -0.489259162 -1.580991264 0.664442831 -0.039172707 -1.224666090 -0.036996736 0.010108597 2.277718703 0.550093044 1.331295208 -0.301771991 -0.704601159
29.191851369 12.647697389 -20.415564976 0.270973849 0.446104030 0.162693202 -0.837314332 -0.855632798 0.858221287 0.896757315 -1.264964809 -0.943099369 -1.417247986 0.946332688 -1.802981005 0.478376995 0.072602646 -0.327596053 -3.045494951 0.164582375 0.345528218 0.744099602 -0.161054974 0.032415565 -1.671198691 -1.911814554 0.654501382
29.069973999 18.852040557 -22.268517591 0.009474988 0.439104106 0.578876883 0.687022098 0.732484911 1.219983296 -0.388882844 -1.185797353 0.407536485 -0.429273249 -0.979873149 0.387388150 -0.018516114 -1.034440029 0.847934480 0.639646899 0.853312937 -0.833782697 0.850360300 -1.821623466 0.348560224 -0.453708015 0.678234977 -0.914029534
34.622532835 16.582994894 -29.969337968 0.137656920 -0.628350602 0.764515117 0.041746011 0.113960994 -0.077076934 0.224803336 -2.473607802 0.589365200 -1.719985272 -0.054483299 -1.040878687 0.119381141 -0.672992181 -0.923968415 -0.619564459 -2.018410740 0.410764871 0.115273292 0.347179853 -0.262340174 0.250205469 -0.316503592 -0.338966565
26.612463862 10.264033399 -21.987383433 0.267447479 -0.447212368 0.326012857 0.788789300 0.668721462 1.169707295 1.289678306 1.211498250 0.352516429 -0.144528332 2.517485124 0.219459162 -0.497845329 -0.392220424 -1.833074065 -0.006070647 0.576353288 0.352278347 0.408271288 1.762629821 -0.242641701 -0.739555335 0.796925065 -0.821091538
31.514667301 23.164489189 -27.760539853 0.626388860 -0.123461030 -0.489083225 -0.594299561 -1.575445417 -1.225965536 -0.452852520 -0.518380673 0.972332930 0.595782096 -0.313423131 0.140576256 -0.038644179 -0.278999919 0.405725935 0.917154155 -0.518308798 -0.220700369 -0.186967411 -0.482906442 0.838410154 -0.523685201 -0.809191070 0.912777224
38.970410246 10.903714950 -21.227574169 -0.593769206 0.635433976 0.392038302 -0.299946264 -0.239929174 -0.279639705 -0.291448803 0.714276087 -1.243548552 -1.514757429 2.032021939 1.741261485 -0.183610324 0.146401088 -0.629889264 -1.452573624 -1.358782049 0.187354889 0.863967674 0.725248972 0.234622135 -1.087634289 1.399903392 -0.857299191
27.363230577 11.443401051 -22.849151500 -0.618170274 0.718298657 -0.319070128 -0.010334602 0.627820705 0.118892791 0.717594636 -0.813524556 -0.654773736 -0.975703543 -0.926487879 1.263558907 0.198064237 -1.591299720 0.346872892 -0.722982277 -0.307066899 0.093849888 -0.268408146 1.329895079 -1.819435331 -0.143487212 -1.830391908 -0.633818724
23.308033454 17.061371651 -21.613328390 0.374214535 0.777875529 0.325973776 -0.385505177 -1.505311865 1.245407540 1.219207867 1.594718860 1.473704045 0.537203225 1.733394597 -1.088998273 -0.303969266 -1.430775614 2.469253491 -0.135938117 -0.619334925 -0.076680800 -1.630649947 -0.007458507 -3.189572357 0.866605355 -1.103016449 -1.280221535
23.784621518 19.690325433 -20.473324574 -0.110170646 -0.063107234 0.853448732 -0.505475190 0.906729792 -0.927596851 0.771493313 -0.463382287 1.103855468 -0.562570947 1.121494632 -0.297775942 0.309539697 -0.764630788 -0.229387323 -0.289018448 0.284980698 1.243558199 2.035289048 -0.935056156 0.514091106 -0.850879925 0.656334666 -0.433191900
26.511519042 14.739298749 -24.412623895 -0.011952188 -0.091948525 0.218319127 0.971462492 0.978992789 0.732138432 1.830399535 0.559211648 1.116773312 0.030799696 -0.419233804 -0.091111104 -0.292582020 -0.681033140 0.762736104 -0.225209295 1.085899176 0.291718275 -0.453868989 0.334983805 -0.726416911 -0.788862232 -0.129160771 -1.175515779
29.867328242 11.135817893 -19.910037084 -0.750629628 0.558680860 -0.157859693 -0.315453921 -1.441160001 0.321777678 -0.423596287 -1.597617583 -0.730453583 1.306498952 0.328057400 -0.347343361 -0.095524005 -0.789844013 -0.302572872 0.589408075 1.034905262 -0.471615625 0.835338899 0.030102574 0.504229404 0.082512029 -1.086664517 -0.411714906
31.608085163 10.419033859 -18.710132959 0.856922742 0.266229586 0.350129470 -0.268727698 -0.100927284 -1.908972058 0.555150006 0.304688705 -1.449608006 0.456011406 -1.283922650 1.079769180 1.476729150 0.066525277 -0.451561362 -1.050771103 0.249767622 -0.369056153 0.037195080 0.164806133 0.184583245 1.010752699 -1.069559703 -2.599847452
26.034954423 21.720375935 -24.965895646 -0.107156891 -0.522746615 -0.629854957 0.564390034 1.394369367 0.203192021 -0.350720501 -0.622121876 1.060793094 1.013662059 -1.438464330 0.674459729 0.931705430 -0.292352299 1.144616867 -0.325253486 -2.410192174 0.375857585 -0.500681141 -0.132953243 -0.120479482 0.250474634 -2.238119264 -0.513976193
32.141200657 24.591732415 -23.995218208 -0.397865894 -0.356541503 0.046685398 0.844038720 0.770354300 0.374007988 0.794053172 -0.342801743 1.490698850 -0.246113686 1.103154415 1.405026338 0.676499144 0.577191668 0.467502009 -0.998728143 0.670793919 0.661745017 -0.300092138 -1.794235280 0.745367664 0.665880577 0.467741201 2.559157678
27.503890861 12.620337471 -24.964015047 0.082175690 -0.002749363 0.422080542 -0.902822028 -0.013388428 0.222779149 -1.136957816 -0.311580072 0.194209638 -0.868765034 -0.951599242 0.788895420 -0.891707531 -1.023501979 1.263557031 1.007504580 -0.745062692 -0.291692175 1.126088734 1.271917181 1.395334449 0.573076208 2.063018052 -0.114358084
25.493240392 10.862875563 -23.751429633 -0.165938695 0.817172507 0.112646284 -0.540374183 -0.788340428 -0.564249148 -2.920616246 -0.005892230 -0.357709803 1.317409882 -0.206719189 -0.878683543 -0.644885115 0.726951712 1.318605788 -2.205328166 0.605895044 0.483308602 0.058047291 -0.674316516 0.488872531 0.930183814 -0.294854065 -0.871333065
34.465143796 21.232590225 -23.761548687 -0.483654091 0.376544255 0.566629755 0.550657666 1.183740322 0.008202633 -1.239400351 0.265304025 0.592662571 -0.463647211 0.429580270 -1.459560268 -1.243256043 0.226528556 -0.129146668 -0.020879853 1.894137589 -0.299419004 -1.011546874 0.583481976 0.917628328 -0.980967103 2.430753226 0.576129273
32.210743216 19.967561742 -18.828467622 0.233740837 -0.223362665 -0.688088972 0.649621357 -0.382818964 0.020113458 0.624123806 -1.495872535 0.981312463 -0.863498513 0.182706093 -0.256653466 -0.685371698 0.093049097 -0.748857276 0.163859107 1.949129266 -0.254908058 0.558274189 -2.653796297 -0.297465666 1.382276460 -1.459635503 1.043416117
37.740304709 9.432327098 -20.311228865 0.827586325 0.498948613 0.096624170 -0.238358817 -0.830529297 -1.051208380 1.759157227 0.200219239 -2.019985320 0.214456356 -1.427345202 -0.579838217 1.104318269 -1.232123055 1.773217891 -1.565706873 0.369167667 0.081824669 0.173903762 -1.873084324 1.190250205 1.238121295 -1.046635457 -0.342162320
26.586950434 15.357066875 -15.106029808 0.614509182 0.051850934 -0.562437844 0.550775470 2.222156513 0.981631179 0.571790771 -0.385507543 0.714805135 -0.597362240 -1.273739288 0.644119423 0.104213940 0.124503402 -0.674102280 -0.012802112 0.299815793 0.126723648 0.850622235 -0.057194613 -0.522075290 -1.020704799 1.111986226 -0.724968330
29.770372862 16.522579258 -18.080794088 -0.372463109 -0.897652621 -0.078054012 -0.222257903 -0.172592228 -0.438673245 -1.162818331 -1.307546608 -0.098088180 -0.934351323 -0.556013757 1.990559508 -0.501862858 -0.037144276 -1.962218916 -0.350034080 1.131517900 -0.133180712 1.024950364 0.514019780 0.213960960 -1.560846871 -0.755349118 0.040277082
28.129475994 7.347382544 -19.204669025 0.509193702 0.344803108 0.680360476 -0.398675574 -2.304924522 -0.412820176 -0.199156851 -0.080109437 1.477553771 0.294474330 -1.066145831 0.909716533 0.259871920 -0.663888574 -0.439342493 -0.242032442 -0.132259020 -1.589020500 -1.500628969 0.973532628 -0.862611942 1.208008941 1.537561966 -0.719518903
36.685264065 10.139571268 -27.088546973 -0.376737071 0.515164617 -0.539749417 -0.548949145 0.144718993 1.317412926 -0.202903624 -1.004548517 0.786165656 0.703708697 -0.747223591 3.034438598 1.181850119 0.755004960 -0.262950858 2.127417199 0.302414960 0.569113405 0.735002592 -0.177337683 1.566582280 -0.212660614 0.639803078 0.440825576
31.838056671 16.920503244 -31.388815759 -0.206967230 -0.578878851 0.765070750 -0.191652262 1.051470984 -0.871414682 0.215243775 -0.122902268 -0.558751221 2.043931545 1.053852529 0.357403338 -0.155461642 -0.461129853 -1.174584690 -1.191170322 0.494020958 0.638267028 1.542270692 -0.184194331 0.629805716 0.093692891 0.844974842 0.271328848
33.561764917 13.369353410 -21.073866892 0.669405306 -0.368792981 0.194984102 0.614710886 -1.533788874 -1.019705063 -1.478553010 -0.937228548 -0.883450128 0.121137163 -1.173868045 0.971701177 0.054326380 -1.335641353 0.614021606 -1.838776334 -0.747670363 -0.892238615 0.583843160 -0.191331849 1.493544934 2.596106215 0.194323297 -0.065597682
24.648205486 19.341695339 -21.881167403 -0.306424511 0.307152228 -0.537460978 -0.723116329 0.816525545 -0.205054679 -1.740730639 0.704529588 -1.114952732 -0.727995633 -0.391458786 -0.037483268 0.517049009 -1.035057419 0.029763347 1.115798022 0.290291048 0.023084700 -1.351826171 1.088586165 0.199775532 -0.366928228 0.147947829 0.349512261
38.090091582 11.815551045 -21.515606843 -0.203665190 -0.692582766 -0.342902611 -0.601055240 0.261310832 0.393427024 2.297063112 0.181933815 -0.428731191 -2.298751848 -1.053341570 -0.371895042 1.584833868 -0.779717426 0.152720624 0.692277040 -0.926916408 1.168019704 -0.186030232 -1.237089422 1.643488755 0.328949349 -0.532957589 0.177108498
27.495633651 17.674432282 -13.209732803 -0.727454846 0.246660174 0.610303935 -0.193642226 0.239700241 0.543711730 0.470521867 -0.480359856 -0.512480326 0.012444954 -0.998437765 0.027805867 0.903151242 2.435604844 0.175955031 1.643977125 1.758940816 -0.591161030 -0.916963272 -1.718949566 -1.423912209 -0.148538381 0.845775806 -0.464621991
25.800511658 10.251930302 -24.802811950 -0.789813947 0.457125863 0.380276861 -0.150397418 1.947193860 0.376476059 2.943536640 -0.198722201 -1.116529460 0.364342255 1.442115413 0.421416936 0.484321240 0.709427531 -0.353519899 -0.518657219 -1.137512483 2.228256757 -1.390867678 -1.027069822 1.400687825 0.809304536 -1.166051043 0.720729307
33.797568565 16.345183828 -29.199458601 0.071017240 -0.686715583 -0.479495752 -0.541721408 0.428971782 -1.131073390 0.558010464 -0.966174884 0.685337145 0.043423705 1.576310116 -0.277099077 0.226699896 -1.199977828 1.587565925 0.294540340 0.159902077 0.380644672 1.590984387 0.276373749 0.248735529 -0.160146623 -0.371249085 0.317200241
35.758316652 19.771616182 -28.442428633 -0.693456745 0.109514673 0.642112983 0.307920763 0.912178029 -0.007590932 -0.889082922 -0.320282756 0.786508041 -1.614302387 0.209332060 0.172285342 1.237959418 -0.766231007 -0.925436472 -0.519333442 0.553063627 0.498898031 -0.066548776 -0.791070383 -0.189357436 0.585330404 -0.486529104 0.324126402
32.624204953 14.581878558 -17.716934096 0.792132364 0.161065851 -0.587813180 -0.032554174 -1.097788237 2.255557902 -0.320850288 -0.925229339 1.855520186 1.372689865 -0.084277868 -0.441273075 -1.564778580 -0.286376134 2.013959236 -0.383609633 -0.024171152 -1.599539396 1.263475972 2.265139982 0.402904293 -0.737095873 -0.860769500 -1.575305545
32.439362811 17.010907930 -16.734353589 0.835216832 0.476217377 0.190574680 0.198270382 -0.411806825 -0.698741913 0.076100223 -0.514396902 0.215638199 -1.032586939 1.015730064 0.561149424 -1.414676734 -0.377876350 -1.144870802 0.403925385 1.430397929 -0.668943017 -1.290027926 -0.337932094 0.705057481 0.302698207 0.819051567 -0.233685842
28.747802163 25.115844671 -20.063609327 0.781285368 -0.052439292 -0.153302517 0.602778261 -0.889197554 1.660138933 0.762374198 0.051242430 2.800838337 -0.505137258 0.641734262 -1.461652991 -0.445566187 2.974578379 -1.261011074 1.392886622 0.966251531 0.014081314 1.426288201 -1.016973699 -0.512277157 1.110461791 0.675702287 0.297794598
31.876343980 13.529695300 -24.116754380 -0.068831163 0.108797038 0.959959769 0.248802567 -0.337724746 -0.469885808 -0.662730939 -1.507224550 2.177065737 0.267041130 -0.019559235 1.458959095 0.051876698 1.106512585 0.387289367 -0.921922692 0.448247867 1.009675374 0.269814003 0.338546281 -1.029928706 0.674964738 -0.202214564 -1.012866495
34.936061436 9.046809718 -19.868732731 0.220942875 0.551088004 0.799302573 0.092745112 0.951824088 0.273233537 -0.664287393 -0.076583821 0.308952249 2.519852652 1.275594448 -2.107918220 -0.950870720 -0.563367901 1.486246482 -0.402408180 0.293260104 0.796420591 -0.008995754 -0.327805351 -0.467990513 -0.110758583 -0.622465563 -0.768310549
31.954489600 7.395996138 -19.311031561 0.128915546 -0.068616666 -0.552952154 0.820314849 -0.173402748 -0.169130597 -1.511767802 2.169918717 0.486035612 0.099492079 -0.155962456 0.535748669 0.093805244 -0.633008917 -0.295564319 1.583414302 -0.323269122 0.344912077 0.472084922 0.088926408 -0.680711062 1.204203058 -1.030828494 1.193444707
36.343226304 11.422092369 -17.378597612 -0.191068541 0.140541153 -0.029548335 -0.971013848 1.490702572 0.887155984 -0.896671145 -0.139633844 2.254794386 0.581700204 0.879112536 -1.363983297 -0.134492041 0.005451747 -0.713991543 1.324769397 0.898890477 1.393236145 -1.047074178 0.011444214 -0.188559723 -1.156417038 -0.416085077 0.866646950
30.576981334 9.962550841 -17.054993736 -0.247637497 -0.685068074 -0.080558474 0.680343837 0.039354494 -1.066173874 -0.830992734 1.019759007 -0.542645374 0.638416526 -0.027731348 -1.989929837 -1.629547318 1.629745333 -2.872603907 -1.228206836 -0.011803437 0.374431525 -0.753122142 -0.781694332 -0.173173987 0.137418471 1.393429662 -0.739090850
33.259307568 14.748383177 -24.478210401 -0.009376988 0.296630814 -0.891610789 -0.341983090 1.454761508 0.443868512 0.350917270 -0.349171525 -1.134666042 0.741708055 -0.589811620 0.141974750 1.078017562 1.815696979 -0.090805058 0.254638619 1.244054144 -0.916498383 -0.504146945 0.138683707 1.003457563 0.415794128 -0.667599210 -0.761082064
33.373205210 8.494134489 -18.287270197 0.369923544 -0.755105513 -0.375395883 0.389936106 -0.082559212 0.551657598 -1.841225895 -0.611070552 -0.796677406 -0.372243851 -0.667840383 1.580202373 -0.614176511 -1.949516795 -1.462198407 -2.393107355 -1.309994354 -0.848818373 0.098906395 -1.607362826 -0.651605981 -1.023802879 -0.312337951 0.172544605
26.750875857 17.233881028 -15.487270545 0.084544959 0.277477216 0.577428176 -0.763174453 1.928961858 1.358254197 0.035039028 0.346219799 -0.382171845 1.300724422 -0.625389290 -0.029158442 -0.765441964 0.027665635 1.503451556 0.592090783 -0.817969755 0.529237654 -0.052821270 0.017956727 1.324924331 0.921675062 -1.267152345 0.975191522
37.396095525 11.301066658 -16.178921909 0.594303456 0.449773715 -0.332441875 -0.577918167 0.547293231 0.593655242 -1.553415356 0.394259424 -0.263968294 0.281863464 -0.004141773 0.149336294 0.755095904 2.048967811 -2.112753895 -0.262958991 1.060636768 0.924858959 0.314704167 -1.924453736 0.955818435 -3.056251259 -0.735205126 0.638828631
30.487020119 9.484201906 -18.366876937 -0.015668182 -0.582759416 0.325108061 0.744614477 -0.044417467 0.978640616 1.006845085 -1.214399931 0.536248665 -0.021370756 -0.054631307 -0.866079257 0.089857661 1.367666883 -1.047031182 1.076969283 0.663025653 0.878717593 -0.790353668 -1.278098379 0.826469426 -0.578175777 1.438566671 1.184519962
34.210403102 16.050312517 -21.045035078 -0.166760159 -0.331540092 -0.612447293 -0.697983187 0.180891236 -0.776294984 -0.090464459 0.089343687 -1.354352644 -0.970563198 -1.396987822 0.410431823 -0.467684666 -1.103620501 -0.168667312 -0.476292852 0.269607254 -0.156343880 -0.684348752 -0.148984466 0.171987294 0.116511300 -0.187222742 -0.374343143
39.212210623 12.783195764 -22.546944793 -0.749814078 -0.310648437 -0.144210862 0.566109199 0.362181915 -1.244714046 -1.121724148 0.331889043 1.259978014 0.403710576 0.874254731 -0.006483399 -0.513401935 1.674918645 1.749579086 0.283627657 0.235376838 -1.407996460 0.923153760 0.319873008 1.434544993 0.912122222 1.297515764 -0.696481814
35.965384055 18.315717329 -14.931197843 -0.402431299 -0.027948652 0.665660171 -0.627825182 -0.661804492 0.043366193 -0.484292455 -0.772588611 -0.230437208 -0.942807569 -0.407105046 -0.727671881 -0.214406311 -0.578877578 1.510191546 1.209643519 -0.075293579 1.654334460 -0.475070247 0.602313820 1.320089570 -1.157742902 0.400516191 1.104231449
34.360203067 8.621476638 -24.884673535 0.615644667 0.620113050 0.434256504 0.218775544 2.484423438 -0.364645216 -1.189483885 0.151392571 0.452065248 -2.261094500 1.558247360 -0.876654510 -0.456060721 -0.110557270 0.786843869 -0.771187696 -1.691972905 0.134277456 0.416234702 0.880480517 0.025246288 0.139557681 -0.284756737 0.739685747
27.304136855 23.253819314 -18.220327015 0.094049684 0.916836041 -0.322885988 0.215199836 -0.820997944 -0.027039805 -1.059335600 -1.350237156 -0.230893008 0.017832716 0.634258912 -0.417554391 0.135034669 -1.387236299 -0.634441985 -0.895955685 -0.931675653 0.656476728 -0.569435350 0.960002823 -0.936910388 -0.222263527 0.428143174 0.357736047
37.049523943 9.472628546 -21.687258723 0.105856316 0.632393351 0.285303411 -0.712372833 -1.316790610 -1.048151143 -0.301779468 -1.068625478 -0.026451206 0.760553492 1.457663054 0.352261528 -0.726540559 0.418175732 0.745615634 -0.678319729 0.921341661 -0.808040381 0.792549979 -0.484919483 1.117770876 0.971696711 -0.394496926 -0.244669897
27.229360745 20.065463029 -16.394893310 0.065555571 0.693785881 -0.712299317 -0.083625964 0.843174475 -1.506127459 1.281490010 0.888635528 -0.982928177 -0.568438568 -1.387837374 -2.599729577 1.244149158 -0.642261665 -0.873546453 1.367997888 0.538185088 1.823423518 -0.394209349 0.605759891 0.477775322 -0.008869525 2.289299345 -0.129392910
33.034572244 22.095466374 -27.503710084 0.855373289 -0.209139881 -0.160716109 0.445833353 1.352548415 -0.728070410 0.522867081 0.595191937 1.139439787 -0.220079220 -0.067154465 -0.230374329 -0.042808712 0.285703348 0.588173920 -1.721951121 -0.904498854 -0.178161230 -1.203842083 1.229494617 -1.833471272 0.466635115 0.232093516 0.852190828
36.286029941 14.700665592 -13.643801158 0.646810326 -0.688408490 -0.294864819 0.144169662 0.380374322 0.587487853 0.975775177 -0.477579530 0.036186560 -1.264417166 -1.482077553 2.168885484 -1.106225271 0.669620046 -0.653359315 -0.031838723 0.667570124 -2.009306333 -0.653994768 -0.685029378 -1.412398423 -1.872794196 0.841267766 -0.754337280
30.322782537 18.643701436 -20.536866448 0.284752638 -0.044407665 0.314010713 0.904622112 -1.435799734 -0.268076444 0.385195891 0.526461352 -0.025046959 0.182899631 -0.589414045 -2.064595895 0.688111189 1.312533903 -0.355202584 2.059973797 0.677178587 -0.593468449 -1.282838584 0.399081434 -0.260968578 0.286303798 -1.061998643 -0.399196793
23.651923503 10.156766357 -21.928752307 -0.002957098 0.388323566 0.918525930 -0.074203632 -0.426018997 2.090959693 0.787391145 0.392348327 -1.941736159 -0.019158260 -0.891608076 0.230783548 -0.636443088 0.971719860 -0.824402216 -0.665172798 -1.922569926 -0.008101911 0.528733493 0.200198015 -0.321508412 -0.667621080 0.705641033 0.021171840
26.860883557 14.856819980 -20.557078062 -0.427076161 -0.572572560 -0.681614375 -0.158645708 -0.493322385 -0.639023580 -0.766146438 -0.361127222 -0.589971317 -0.732927644 1.205743296 -0.442435559 1.352300788 0.727060592 0.777865692 0.328650271 -0.284659101 0.698200086 0.214921507 -1.248839392 0.929793349 0.758355998 1.298122125 1.056568167
30.149784150 22.281151887 -24.859412783 -0.268411941 -0.536793900 0.040805999 -0.798838037 -2.553950917 -0.668613284 0.551011239 0.722277271 1.213687265 -0.356478057 -0.698076097 -0.171440943 -0.025355968 0.649107192 0.429361380 -1.421430009 0.951087741 -2.112826728 -0.770325458 -0.449306104 -0.136880888 1.145795386 0.288232661 -0.510477578
39.124970494 13.632993111 -19.304154309 -0.971798908 -0.164297738 -0.064523858 0.156364343 -1.553826610 1.435677765 -0.302202574 -1.432144223 0.638347067 -0.558977662 -0.346230777 -1.021154944 0.677907159 -0.024717171 -0.103900990 -0.212873663 -0.792623402 -0.874859033 0.727354738 -1.440538322 -0.207255833 0.051024437 -0.416888590 0.209359830
28.878457303 18.773238264 -27.649673472 -0.781893849 0.415358564 0.462809014 -0.043898610 0.579015251 -2.217935287 -0.284139872 -0.356820847 -0.650329347 -0.118907077 -0.903798383 0.485137118 -0.543133910 0.895286378 -1.626216294 -0.248706786 -1.014753912 -0.724527820 -1.079358872 -1.026916926 0.716586297 0.663566758 -1.900053020 -0.741440475
34.407461312 18.722327041 -19.480072598 -0.745468392 -0.431856082 -0.474410063 0.180865400 -0.802891281 1.435652592 0.031696109 0.025652953 -0.907586513 0.355070365 -0.394349080 -0.413677463 1.307647393 0.602877234 -0.709584392 -1.040046862 -0.368669080 0.706275679 -0.943259050 -0.282473852 -0.004677186 0.419026119 -0.901330346 0.447929266
26.114541364 18.106373612 -15.047158580 -0.485232074 0.535540678 -0.413552085 0.553823698 -0.421653432 0.270991064 -2.108860847 -0.110656113 -1.563089436 0.024772414 1.310224183 -0.076605508 -1.398775822 1.580418235 1.700091886 0.842347752 0.330160148 -0.477560985 -0.736063871 -0.545244186 -0.709431961 1.733705741 -0.312823871 0.318559278
28.701655845 18.625893680 -18.368960816 -0.120765683 0.550957384 0.825717562 -0.007219302 -0.486783009 1.278824628 -1.301362413 -0.439423092 2.116114094 -1.063135663 -0.056437865 -0.381213673 -0.059843018 -0.102404752 2.139461766 0.743505621 1.014541365 -0.766293660 -0.039529819 -2.001728497 -0.028208142 0.573262548 -1.555013800 0.695090403
32.577702716 22.658043872 -16.145970524 0.560897873 -0.775147652 0.290715064 0.004944195 -0.285473844 -1.302409954 -0.170100525 1.767987377 1.522024000 -0.226442558 -1.456808653 -0.500215126 -0.239868955 -0.520734969 -1.831942922 1.125351151 0.709432918 -1.069683385 0.775453502 -0.218376902 -1.408558774 1.910342011 -0.128593295 1.478830879
27.831294593 13.240210746 -25.273574045 -0.276504088 0.163986452 -0.661097030 0.677941480 1.335027334 1.284783708 -1.775786983 -0.058112486 0.286811205 -0.618086922 0.762403863 0.454757286 1.041735328 0.197374491 -0.039227149 0.925509150 -1.444035273 -0.318021433 -1.031502953 -0.047581157 0.865853430 0.104210309 -1.013758057 -0.067404378
31.647307292 19.114377407 -22.331065735 0.023941970 0.027821572 0.990445695 0.132928808 -0.210951042 -1.242910102 1.078042168 -0.328443000 -0.012656966 -0.387877551 1.091130345 0.461400364 -0.473997811 1.831405055 -1.066264643 -0.561365338 -0.419764962 -0.222323046 -0.645229778 1.078889369 -0.472412716 0.695701244 1.132531678 1.726489425
22.750512475 17.347485812 -18.807269950 -0.512167663 -0.459178833 0.662026963 0.297589288 1.002827661 -1.456247397 -1.111505261 1.442251061 -0.120641299 -1.575301698 1.927637669 -0.806167132 -0.743462709 -0.851942493 0.338804557 -0.083644499 0.602968412 -2.485537001 0.137892792 -1.100096042 0.005598356 -0.432640889 -1.171491607 0.379236654
34.660022138 11.262378533 -18.488250700 0.029476273 0.888081862 0.454206160 -0.064331335 -1.260602113 -0.208899726 0.186753687 1.772161060 1.468916097 0.341986738 -0.451893196 -0.797621501 0.033612920 -0.211201833 0.814947246 1.724828893 -0.048167971 -1.386847003 -1.370386716 -0.067884242 -0.210538962 0.738589232 1.767789093 0.525711351
39.813004537 17.740500941 -24.654068346 0.762866845 0.188594002 0.375624218 -0.491297187 0.705038568 -1.227596076 1.008675859 -0.718193543 -1.310833884 -0.748045521 -1.839995184 1.304292076 2.141061077 0.974276524 -1.156488158 -1.258191641 1.825708350 0.865994949 -0.316681785 0.366408401 -0.248131893 -0.147869906 1.602032108 -0.862936422
36.662165500 12.753016292 -29.498142510 -0.474636495 0.108194630 -0.315202315 0.814654295 -0.656825808 -0.706703737 -0.381235160 0.423932809 0.826054921 -1.895801277 -0.143919962 -0.964293992 -0.180886556 -0.550646763 -1.526626934 -0.726526251 -1.699429949 -0.135530226 0.189573263 0.434480615 0.959906388 2.702955423 -1.441215354 0.096755873
24.090498186 14.452054298 -17.785026917 0.101575308 -0.768784651 0.630173614 -0.039164181 0.166211968 0.551839820 0.708010665 -0.125192100 -0.042846471 -0.666472924 -0.532058652 0.157629250 -1.168094515 -0.126074530 -0.834086708 -1.637774814 1.390347408 -0.669498301 1.588661515 0.229006851 -1.005414179 0.692993541 0.935610136 -0.886081971
34.156928771 16.652896373 -13.120795558 0.200252175 0.116627646 0.860750172 -0.453217607 -1.100464189 2.016063467 -0.537623280 -0.598505983 -0.596286408 0.427636544 0.559294006 0.520397063 0.553233104 1.347527937 -1.755032380 -0.913327513 -0.056417894 1.527126247 0.258695699 0.428218976 -0.604320413 0.179150382 -2.797518263 0.935872027
24.532773299 15.756312896 -25.326019023 0.657840832 0.676341992 0.314159880 -0.105406445 -0.678302644 -0.840864436 0.293215019 0.014160290 -1.660504361 -0.692404866 -0.652427508 -1.086701695 -0.638369739 0.616118940 0.968292007 -0.589828589 -0.140302430 -1.396253301 -0.554763335 0.407005937 -0.223899667 -0.393971420 0.211654692 -1.383182605
35.344282262 22.545266577 -24.571921253 -0.063839087 -0.469482784 0.835998184 -0.276798704 -0.306965082 1.279210086 0.100285045 -0.651156418 1.513966248 -1.502914449 -0.610040026 -0.020214654 -0.980658199 1.381736999 0.907946083 -0.106836936 2.358599809 -1.929019220 -1.429871894 0.121387556 0.605036808 0.249042925 0.069546339 -1.075043821
36.646790895 20.421202786 -24.239556275 0.360339058 0.480008001 0.746889918 -0.286187933 0.723953874 0.987044492 0.362191775 0.503021815 -0.921343258 -1.723462077 1.080938102 -1.036935474 0.301540691 0.464551937 0.460658551 -1.021090310 0.696053148 -0.447348846 0.326102658 -2.304263492 2.238173909 0.578704762 0.059229729 -0.004785587
26.973173092 10.299838409 -23.610779721 0.064826503 -0.529427722 -0.810256537 0.242874777 -0.695631268 -0.370475666 -0.246372490 0.224747432 0.518429174 2.489716729 0.131400811 -1.198046465 -0.293274184 0.048756060 0.847737117 -0.557741889 0.727877764 -1.603405309 0.604831142 -0.205087015 0.241941428 -0.309508218 0.151166464 0.740800837
27.242254689 24.700376965 -24.301309697 -0.095523899 0.499156680 0.860228632 0.041527017 0.150840782 -0.632111119 -0.069550478 -1.006135425 -1.106835565 -0.084677415 -1.974090354 1.120344009 -0.630887299 0.323794321 0.422146644 1.837389012 -0.104378787 0.720214206 -0.312336632 -0.376222425 -0.953150450 0.890300297 -1.889116719 1.275616265
26.576358292 15.060309934 -26.135400345 -0.876522170 -0.236681954 -0.419060955 -0.008857396 -1.845190841 -2.140862947 -0.446139270 1.484687021 2.786610248 -1.981697722 -0.749687039 -0.010821801 -0.333484867 -0.345215758 -0.685109259 -2.102387806 0.580873609 0.708774285 -0.302898711 -0.773129404 -0.283470574 -0.835395033 -0.799474294 -2.899418814
30.000874204 19.151884644 -20.647334486 0.643035870 0.627342082 0.438229829 -0.030023308 0.207798516 1.256873830 0.916689285 -1.168883200 -0.865190587 -0.371442110 0.919068813 -0.647326244 -0.237695988 -1.340632323 0.117612315 0.475112955 0.580696639 2.128297830 -0.808179406 -0.478753064 -1.779105217 0.343672412 0.166321245 -0.559226057
31.782203139 9.833570921 -28.948191903 0.181441628 -0.698698688 0.531744506 -0.442884702 -0.011593142 -0.099265968 -0.933485803 1.019152734 2.204120110 1.948162313 0.895585316 -0.174130292 -0.694114852 1.324344400 -0.126605831 -0.146913273 -1.936118429 1.338402417 -1.605477430 -0.023882578 0.969352838 2.095772673 -0.951204502 -1.060837920
27.135419718 13.328404337 -22.745758061 -0.465017565 0.589912133 -0.635891201 -0.177213767 0.739889768 -0.089364008 -1.125771067 -1.174791821 -0.775372524 0.370116275 0.549931061 -1.408028397 0.357870309 1.152335299 0.106561648 -1.054944351 -0.783935840 0.567495222 -0.346643095 1.718235478 1.480376663 0.763506405 -0.520442769 -0.341915884
28.448686652 9.871314554 -20.756110549 0.016835516 -0.929654684 0.335449907 -0.151433466 0.001926143 0.138413029 -0.147043363 -2.037758131 0.400622393 -0.198245011 0.449601603 -1.574969863 -0.237175293 1.185110294 0.436883199 -0.756174348 -1.441606097 -0.276257651 0.781038640 -0.437604371 1.114185597 0.224457284 1.689518397 -1.043244415
33.170267627 15.241389054 -19.594590209 0.302651161 0.090238956 -0.785656446 -0.531980408 0.042874269 -0.137377669 0.634818206 0.388057302 -1.386298349 -0.609523757 -1.096547406 0.907725939 -1.068627651 0.594119290 -0.459061461 -1.225218764 0.949388090 0.047875146 -1.141169739 -0.769614131 -1.368486726 -0.450756730 0.739854330 0.908562157
32.756138518 15.672114719 -22.771890549 0.244573583 -0.441913961 0.416716118 -0.755806517 -1.009101578 -1.821454613 0.192016495 0.071477326 1.036684292 -1.680186456 0.225116479 -0.187941386 0.440637359 1.558530703 -0.305791682 0.324579184 -1.224935292 -1.246404905 -0.732424065 0.301281769 1.548180265 0.943167875 0.004133655 0.412076895
33.780975749 10.409292490 -17.572540208 -0.775416229 0.377421107 -0.341496029 0.373715724 -0.932091108 -0.268938687 1.086182827 2.107937200 0.299284673 -0.421205992 -1.074215960 -1.716135837 -0.112436019 -0.150170194 -0.485391644 0.175859335 -1.249555060 0.500460912 1.094501294 0.893828062 1.123691516 -0.359167071 0.510970150 1.617083930
30.870731248 18.116157821 -21.112518833 0.674621202 -0.275707981 0.257363152 -0.634535697 1.535783365 0.096058791 2.145600665 -1.431042330 0.473811862 0.473201977 0.309809412 0.372747119 0.580243721 -0.139945754 -0.098879432 1.521800462 1.585016725 -0.698660339 2.357923207 1.803616447 -0.580290890 -0.041019919 0.792567243 -0.101467889
28.454387076 24.176016936 -23.006510596 0.516457160 0.842802825 0.103714406 -0.110447821 -0.202906827 -0.767281869 0.660251856 1.026200423 -1.020863308 -1.522102806 -0.194873606 -1.560004011 -0.324082804 -0.697324945 0.253621576 0.259844463 -0.408389497 -0.783752784 -0.380320655 -0.772339877 -1.575002419 -1.816197859 -0.284120279 -0.543422655
26.538842604 10.014687163 -27.327973430 -0.722232052 0.572850731 0.296419897 0.249716133 0.084074639 1.618944861 -2.239885012 -0.258134706 -0.717863778 0.862478034 -0.198808783 0.972373179 0.133948294 -0.932385124 -1.190041293 1.269356768 1.141737641 0.979080103 1.102058404 -0.094270164 -0.381202690 -0.361289876 2.440385430 0.506873302
22.703276895 16.053284387 -24.155870477 -0.136624566 0.452064355 0.029410246 -0.880969117 0.736654204 1.280366235 1.443996735 -0.037675576 -1.444962027 -0.451775032 -0.219547860 0.779317524 -0.659753170 0.066466950 -1.325143246 1.086428822 0.567549113 0.667066521 0.406639363 -1.079280304 -0.788004880 -0.418815595 -1.447334510 0.228014168
27.959452671 14.561378672 -28.277511603 -0.818111653 0.499265594 -0.219113417 0.182801804 -1.224348013 -0.627936805 -0.269323408 -0.893703208 -0.940588575 0.719568535 -1.282471024 3.277517770 -1.596050183 0.058705472 2.181059807 0.481258695 -1.051005780 -0.397781521 -0.229736922 -0.421942806 -0.242510800 -0.422817558 -1.620808016 -0.503389372
31.359781318 21.046371555 -23.302748184 0.907649595 -0.162209736 0.385060456 0.039857996 -0.150725996 -1.425577364 0.497949390 1.770323553 1.322527343 1.309576447 0.120709525 -0.154184846 -0.565426670 1.394850190 0.433137809 0.010050815 1.160278485 0.755107791 1.844380231 2.514781616 -1.994492402 0.400490202 -0.243376685 -0.734302081
22.276307310 12.399581199 -22.202653195 -0.234268867 -0.128632064 0.304088979 -0.914386014 0.320614811 -1.744245204 -0.915606605 -0.558207353 -1.623589219 0.995256869 -1.367456952 -0.414475144 0.102301026 -1.614687193 -0.859611529 1.311151926 -0.333359113 -0.054427041 -0.491239831 -1.483107739 -0.183498524 -1.233427065 0.786384125 -0.779602473
23.894959284 12.885345517 -25.498127403 -0.659020775 0.238380819 -0.003370006 0.713340624 0.075331917 1.051546853 -0.226662368 1.728400379 0.233729567 0.507067899 0.207535695 0.258903177 -0.213459857 -1.016340107 0.217630510 0.981599047 1.683842505 0.996852005 -0.770745295 0.721082496 1.566917258 2.482610702 0.610085978 1.837915583
31.756549042 20.807170088 -13.932826411 -0.060753595 0.378728557 0.588778765 -0.711486646 1.078105326 -1.473700684 0.281720674 -0.550684416 1.268438202 1.018936603 -1.592137336 -0.256206358 0.981319219 0.247524479 -0.637201743 0.378339721 -0.249903440 1.868024757 1.239152795 -1.211284949 -0.965834420 -0.752276325 0.557769136 -2.532419070
30.061418144 7.842655583 -22.180715193 -0.335149652 -0.690856128 0.219665932 -0.601780192 -0.833560120 -0.068918948 -1.680384855 -0.611579387 0.120272682 -0.984272437 -1.010390839 0.819942948 0.550168256 0.688439817 0.003109365 -0.881276642 0.957785264 -1.287451056 -0.075867667 -0.966954278 1.004744201 -0.088121694 -3.024972839 -0.737462295
31.609151886 16.732117414 -29.462206305 -0.006693865 0.235159888 0.525770529 -0.817447472 1.490623015 1.110606955 -0.779168408 -1.375341050 -0.301013363 0.429017995 0.402044927 -0.124996051 0.799373787 -1.205254112 -0.678477355 0.127035212 -0.818988813 0.774207761 -0.295952710 -0.408614778 -0.915399811 -2.510614049 -1.386885472 -0.960955378
36.546088552 19.517415818 -25.602253576 -0.208515807 -0.581390822 0.532637610 -0.578621679 1.097907512 -0.147124004 -0.590203046 1.703006524 0.353363235 0.730617797 -1.244942996 -1.644549810 0.231390715 -0.741708280 1.819418647 -1.477740808 0.441163892 0.725904436 0.945028074 0.866748718 0.727260598 0.194309316 -0.159900392 -0.563045307
23.858564385 16.728886950 -21.844342944 0.278896509 0.592308895 -0.128929526 0.744824870 0.358005680 0.046548582 0.915569706 0.738104869 -0.203476745 0.176697123 2.362708926 -0.255977985 -0.040003990 0.444554062 0.035170185 -0.549521366 -1.278732286 2.206124255 -0.846791601 0.088937999 -0.396940814 1.418314655 -0.280629884 0.585646474
30.888484163 10.640895966 -21.685983754 -0.707952755 0.212152731 -0.672770719 -0.034258944 0.299966747 -1.550120372 -0.807912505 -1.872793423 0.687445707 0.789761728 0.041207321 0.412627925 -0.781829572 0.738837733 0.255379944 -0.226909195 -1.719671243 -2.158724312 -0.876835114 0.352231060 -0.323101523 0.879620828 0.011871027 0.446123077
39.144579385 11.975372828 -23.736698099 -0.842822138 -0.300569417 -0.175993424 0.410286710 -0.849960391 0.094048755 0.051302639 -2.469709788 1.042944907 -1.395349884 -0.740585086 0.019938281 -0.400415857 -0.018543099 -0.735048021 -0.661260360 0.401879730 -0.156855769 0.185234846 -0.584795470 0.450986355 0.001538915 -1.707040902 -0.362960132
39.320439337 13.194873371 -24.536903665 0.018183120 0.918642247 0.335195525 -0.208350081 0.498101786 -0.109933906 0.977985614 0.339138521 1.178285252 -0.514640535 -0.577312946 0.960535801 -2.158846280 0.432121076 -0.101892060 -0.289774459 -1.858820492 -0.996983965 0.212593770 -1.098659812 -0.183026424 -0.128603028 -1.787552056 0.106001372
36.541687423 14.362556752 -20.295464633 -0.073115008 -0.928769887 -0.345697886 -0.111953846 1.068554139 -0.191715813 1.487631786 -0.873411201 -1.406504242 -2.199198048 0.330313265 -0.321081797 -0.296720611 -1.466051273 -0.977229340 0.754348970 0.327808010 1.295107215 1.076059406 1.252196846 -3.666570395 0.388672945 0.155310686 0.460151055
32.187607850 13.368630348 -23.755284482 0.556109111 0.405688431 0.655763371 -0.310054759 1.059711269 -0.160102488 -0.644062876 -0.030796557 -0.113640524 0.938394966 1.048414511 -0.674715434 2.249483081 -0.900412141 0.525784296 0.018092794 -0.176494614 1.113012762 0.095947356 -0.827763923 -1.319933393 -1.241700729 -0.011404474 -0.023939716
33.822265631 12.585712098 -24.017153940 -0.921909260 0.090112755 -0.057944622 0.372297499 -1.165144187 1.408674334 -1.810235021 0.893289720 -0.030018375 0.221464731 -0.233154896 -1.173663527 -0.465244690 0.154741462 0.034480106 -0.480614385 1.774810601 0.736106131 0.698470212 -0.232309563 0.188846107 -1.121682600 1.319796786 0.090832039
27.535408196 13.627344887 -22.710451843 0.692770050 0.289225672 -0.392582517 0.531316417 -0.631651140 0.060552542 0.161516073 -2.613003886 -1.677186613 1.070252613 -0.444619534 -0.509827398 -0.306560241 0.192905962 -0.028698497 -0.871914221 0.531433281 0.400850680 -1.723024482 1.505511544 -0.598900283 -0.769955581 0.557467068 0.316541532
33.858697765 17.892450017 -25.934918250 0.332292525 -0.055402801 -0.130902246 0.932403780 1.088759531 -0.574128438 0.312651316 -2.859969391 0.344177777 0.416731882 0.791180334 -0.426759500 0.628701384 -1.060154346 0.678891652 -1.148623782 0.268683098 -0.774932838 -0.837093812 -0.219067830 0.176144719 -2.578586683 0.399548058 -1.134072754
28.237566363 12.735416605 -27.446814664 -0.062133150 -0.289007033 -0.605768487 0.738687313 -0.188908418 0.275618639 0.013895527 1.175508965 -0.373376230 -0.909464403 -1.102746833 1.039472108 1.163046544 0.353503285 0.388289605 -0.613960648 1.567259967 -2.152489815 0.591463179 -0.806496540 0.261134367 -0.189470515 0.281001975 0.160887798
29.645623487 9.854792861 -22.184278756 0.331914115 -0.286847119 -0.648384548 -0.622213170 -1.660667934 0.332354859 0.790459386 -0.727464954 0.104044313 0.439237549 1.181941425 -0.670035012 -0.160764936 -0.174124648 -1.590106805 0.420918771 1.977562686 0.072589107 0.522488067 0.623733419 0.413497288 -0.414408824 0.465963784 -0.647608163
28.002520733 10.193282130 -16.097598682 -0.232605074 0.091365370 -0.825217489 -0.506520823 -0.251925592 0.698489153 -0.472790682 -0.239634034 -0.460360386 -0.662966024 0.069017480 -0.253485635 -0.595131768 1.526314021 0.458947766 1.061311257 2.358965038 1.250991142 -1.109861805 -1.132182931 0.356612885 0.012207642 -0.923091117 0.671463620
21.569508893 16.477509110 -20.574161002 -0.058270144 0.279373339 -0.775610184 0.563013295 -1.150999596 -0.693957153 -0.944278257 0.870808659 0.463028071 1.612564788 -1.314022685 -0.470655657 0.049687005 -1.527737392 0.444053669 -0.220129348 0.866347097 1.567719946 0.511423327 -0.123133284 0.024569367 -0.804383815 -0.064383765 0.356338652
31.237296575 24.557917350 -20.197794065 0.252967106 -0.677341957 -0.379042376 -0.577531293 -0.413765888 1.910925211 1.395090940 1.948221730 0.247454914 1.201708549 -0.039415606 -0.708649745 0.164134165 0.721213324 -0.378265841 2.177437240 -0.556832728 -1.161436144 0.580610287 -0.119794816 2.057842571 -0.976522387 -0.400844973 -0.431546754
27.485490077 12.273669549 -22.444142727 0.060182759 -0.413593738 -0.485740378 -0.767707327 -0.864387819 -2.020104622 0.140034757 0.854424830 0.853302784 0.141895661 -0.006663812 1.232844301 -0.552261285 -0.098642638 -0.843369504 0.606437230 -0.787853717 1.958534425 -0.328950131 -1.496240202 -0.617918113 -1.052758005 -0.419774124 0.585363390
32.504675946 16.790389951 -19.475616304 -0.357768935 0.876841391 0.253512988 -0.197184504 -0.322835258 0.103823945 -0.957882005 0.278010772 -0.717451644 -0.660364942 1.559630428 -0.730525679 -1.805924802 1.841591531 -0.193319736 -0.337394499 0.256355581 -0.471494460 -0.101873517 -0.556782653 1.304762490 -0.682730479 -0.613425427 -0.246339321
32.199834610 12.577355070 -15.522797515 -0.683518949 0.537339810 -0.064361718 0.489821746 -0.212523077 -0.382904642 -0.596323047 0.168121310 -1.273964183 -1.179946609 -0.327209497 -1.829121133 1.336435877 1.418405110 -0.274824852 0.066703761 -1.675869035 -1.292070863 0.406658353 1.040016505 1.379546985 -0.102652656 1.480705133 -0.356378211
35.845214694 14.517369498 -15.560871172 0.080001757 -0.751885424 -0.640542471 0.134064802 0.056598451 -0.037860975 -1.172360507 0.873922111 0.241117362 0.550641807 -0.847694086 -0.185471814 1.184928158 -0.763412123 -1.222514017 -1.744664162 0.729989012 1.339430547 -1.958906372 0.411641905 -1.069939815 -2.170617343 1.274367303 1.333605892
31.908759883 13.535380320 -15.976610639 0.042044063 0.711431326 -0.453481605 0.535212294 1.402534630 0.295507755 1.491407390 -0.948082875 0.071201104 0.413968661 0.594761246 0.517200024 -0.592157439 1.018402841 0.257480116 1.167757400 0.405008794 -0.910480765 -1.482407078 -1.183909272 -0.263491439 0.133645887 -0.105058881 -1.148522005
24.837417647 19.422264591 -15.896063904 0.841894317 0.070602292 -0.044393335 -0.533158989 -0.184115274 0.203503463 0.509237458 -0.338866204 1.249674330 1.284791367 0.022244753 0.879609509 2.659731318 -0.313417758 0.936132776 1.149470807 1.461184773 -0.106082059 -0.250352932 -1.279059288 0.674930366 -1.319693786 1.196914307 0.110348679
26.206316660 9.890630803 -25.070131287 -0.197127566 -0.096897156 -0.239998687 -0.945596264 1.193685736 -0.814914721 -1.001094962 0.491017792 -1.351788350 0.168882833 0.164235708 0.141750492 0.719544527 0.462489140 0.367953242 1.035207577 0.121756161 0.407465835 1.186629106 -0.901351250 -0.010023633 -0.405345635 2.156103293 -0.052624586
37.560038280 19.556174459 -23.463238051 -0.181604092 -0.052970788 0.327466063 0.925732157 1.830516447 -1.469551489 -0.866032444 0.453384374 1.587661249 -1.347979049 -1.559865636 0.648152648 0.060992670 0.190619045 0.146815613 0.708999726 0.582283883 0.397621417 -0.859020052 -0.098789792 0.339966950 1.438635662 -0.144515338 -0.163074854
35.636422466 15.297467775 -20.888220720 -0.559466851 -0.695344160 -0.370414489 -0.257461549 -1.953589171 1.115976027 -0.874335842 -0.687586142 0.304321264 0.023022564 0.750145166 0.439956841 -0.101464522 -0.070494619 -0.807578354 0.192896307 -1.867763091 1.805118742 -0.594969626 -1.105088937 -0.728658229 -0.679974883 0.057793947 1.441590322
38.483678311 22.868616603 -21.614390487 -0.493287729 0.819633407 0.061849438 0.284680418 0.035900929 -1.358282949 -0.599473334 0.725593790 -0.168397006 -1.129078989 0.162570949 1.847228846 0.541502930 -0.087708871 -0.443675483 -0.677027820 0.016847504 -1.065101454 0.101270196 2.077856369 0.884533781 0.376933548 0.394797967 0.070651954
33.152900448 11.057016321 -19.219378150 0.308089518 0.787099621 0.113262378 -0.522232389 -0.668816042 -1.238821467 -0.965975785 1.466765771 1.025978283 1.977126515 -0.892312573 -0.625750091 -0.918889655 -1.330351781 -1.510407998 1.126347378 -0.900825561 0.150927964 0.483245210 -1.222790790 0.178769095 -0.757227167 0.308414916 0.415923253
29.463005327 20.640882736 -27.002663231 0.197085450 -0.904729660 0.320596215 0.199598686 -0.848839336 0.319835820 -0.774557037 -0.772185101 0.542473867 1.104043752 -0.696141579 0.147522005 -1.005015900 0.610330198 0.331968554 -0.939709384 -0.109893435 -1.610311174 -0.194206658 0.389310396 -0.545347769 1.201421257 -1.730987955 1.510162242
31.441035299 12.863979330 -24.533504753 -0.526811453 0.466058410 -0.540279384 0.461906308 -0.482471996 1.521982745 0.128068119 -0.819057154 0.809919192 0.136236885 0.830289720 -0.417143818 0.523855567 1.246400688 0.016261915 1.337195045 0.556233038 0.671865602 -0.081253890 -1.045741688 0.798773830 -1.103025591 -0.277610483 -1.844037737
33.680780368 13.032265271 -17.126941181 -0.078462061 -0.108982587 -0.545027348 0.827593917 -1.578704686 -0.155883661 1.013471978 1.394585610 -2.331403674 -0.042699361 0.148814177 0.017275238 -1.789483333 0.011496970 0.446841255 -0.380336145 -1.659767636 -1.248309791 1.242094395 -1.233878419 0.057533917 -1.073251591 0.774309283 0.082176110
22.959743301 11.968161092 -18.454879846 -0.066557484 0.202624092 -0.965996343 0.146166494 -0.672544775 1.268061320 0.492736929 0.063939845 0.740667001 -1.340311940 0.760621194 1.446222708 -0.076350211 -1.031002056 -0.498663515 -0.176839888 0.083558575 -0.220003859 0.411888691 -1.516771189 0.374708625 -1.248743919 1.410089107 0.568410341
27.524844596 15.325138508 -28.077441445 0.002732706 0.095565549 0.911129157 0.400878307 0.923941477 -0.762040055 0.916868716 -0.689176903 1.797776580 -0.709509298 0.854059281 -0.800972088 0.687818293 -1.434028448 0.869348731 1.435390170 1.932016831 0.080964678 -1.110545695 0.867639351 -0.352930622 0.833486230 -0.841727508 0.139565943
27.352427438 17.804876916 -21.324916280 0.177273681 0.825631127 0.111254889 -0.523955755 1.739547340 0.311100485 1.133717126 0.126526838 -0.444272792 -1.155610459 0.268081510 -0.145002582 0.061437087 -0.713203699 -1.489174064 1.281842545 -0.541659039 -0.892515769 0.880214918 -0.463010897 -0.189179647 -0.877386382 2.424136517 -0.065781017
33.594491398 18.201508769 -24.926023865 -0.797687656 -0.434536586 -0.398248896 -0.127554598 0.318641671 0.123431098 -0.376855676 0.995577802 -0.564572397 0.543178162 -1.490984726 0.117853793 -0.432398688 -0.503814517 0.168318425 0.124737473 0.136594582 0.414700326 -0.902377012 0.954038747 2.094209274 1.545296908 1.091682514 -0.442512426
33.043128907 15.210119015 -30.890341724 0.388828792 0.609526770 0.069692364 0.687337080 -0.222130348 0.101755924 2.145812362 -2.337536400 1.499521696 1.210996742 0.774636816 0.582970118 0.487837896 -0.159518455 -0.968266894 0.258105257 0.115208211 -0.109413342 1.694357076 -0.595935373 -0.492786092 1.295145085 -0.285056233 -0.461386771
26.344312150 14.922745910 -21.472900841 -0.570987006 -0.493088691 0.621338080 -0.211604282 0.049993499 0.912022811 1.994144346 0.650149835 -2.833643151 -0.141297287 -0.831116904 -0.519070346 -0.282157547 -2.518797385 -0.719131970 1.127558624 0.090598368 -1.881534638 0.823847654 1.116837063 1.575406950 0.981663071 2.215623334 0.990496494
29.489155493 9.077919062 -22.012412342 0.509371535 0.582266516 -0.623937241 -0.110492819 0.529512880 -1.893387198 -1.320699692 0.923164578 0.919596706 0.255541804 -0.184563816 1.829978446 -0.572491988 -0.580503980 0.735758756 -0.319670277 0.179389024 -0.120732064 -0.633656065 0.505793106 -0.344551338 -0.769446529 -0.877621414 1.229981197
26.314767303 18.998225785 -29.957567378 -0.934345763 0.338513087 0.022675891 -0.109053611 0.811797800 0.960955146 -0.598623719 -0.166259665 -1.290138701 0.927005916 0.269601661 -1.023428990 -0.766276904 -0.293762800 0.159085759 0.758363373 -1.896163547 0.620739677 1.171607748 -0.695170605 -0.875065798 -0.445506668 -2.116739488 -1.011816095
34.211243372 21.299069630 -21.144745294 -0.281997668 -0.272966388 0.363046081 -0.845082368 -1.709573648 -1.939871524 0.759548586 -0.225261877 0.298991099 0.091120369 0.609974246 -2.296390766 -0.711692956 0.598513995 0.892059078 -0.945907288 -0.523695103 0.337868162 1.857958860 -1.715286741 0.437057630 -2.234310117 -0.767789275 0.035692031
35.654159745 17.533700190 -27.004708901 0.107375198 0.174918950 0.287742695 -0.935456076 0.307197403 0.768473236 3.677522737 -1.739057486 -1.286018985 0.515514756 -0.945696623 0.810641800 1.035440454 -1.217392206 -4.306920449 1.830498199 1.062334737 -1.835822795 0.134233456 -0.430733204 0.887096248 -1.073324380 -0.048548634 0.518741731
32.589257906 17.162222794 -16.418442622 -0.488739408 0.815265141 -0.309104105 -0.030515465 -0.369732946 -0.455112472 0.330289073 -0.067627174 0.143738230 0.594433021 0.642744503 0.344962430 -0.398555203 0.423261107 1.112417552 -0.375094917 -0.777331148 0.117753012 0.469044549 0.741760140 0.191105365 0.897102801 -0.120014758 0.738761111
31.031848956 13.293322144 -21.894978949 -0.160130634 -0.749970163 0.553852867 0.324268311 -0.139867478 0.661920443 1.728261576 2.634177161 0.786520836 2.605685941 -0.010986571 -0.762340823 0.191870008 -0.192833428 -1.294070460 -0.133863116 0.968968217 0.091519977 -1.466759537 -0.133625316 0.839654232 2.120584485 -0.670866620 1.325240044
30.509821847 25.251682605 -24.337571131 0.941894107 0.104519447 0.169050867 -0.270800627 -1.216466080 -0.734376873 0.981095349 -0.178500078 0.462844656 -1.666512186 -0.668769459 -0.371809452 0.467144021 0.119559422 -0.643100049 -0.675962616 -1.958374229 1.121991265 0.051492841 0.734190022 -1.599153853 0.918262854 0.456057443 0.316663308
33.421741159 12.858961159 -20.681439864 0.278720275 0.492998497 0.090193276 0.819226869 -1.080797985 0.421964186 1.375916922 0.305002229 -0.082572475 2.129665987 0.396067418 0.511069642 2.017388256 -0.032080751 0.741931416 0.218657225 1.282673356 -0.203108644 1.278227825 0.647582131 -1.394321064 0.193639832 -0.246132246 0.081890816
36.162874749 17.225476700 -30.517963821 -0.207274408 -0.065663253 0.935649104 0.278004338 -0.113093164 -0.815806788 0.510397966 0.165508197 0.876206682 1.236033187 -1.737128368 0.610478696 -0.210466517 1.502235102 -1.309284194 -0.336703120 -0.014741399 -0.242617112 -0.671044599 -0.601079744 0.406625431 -0.570581814 1.424262618 0.319353524
27.943597334 14.385020830 -13.719814109 0.417541784 0.501344827 0.407886220 0.638702634 0.442172730 -0.365407076 0.300848867 0.356379661 0.188278362 -0.256695525 0.202690138 0.867265631 0.155804686 -0.816319844 0.918574006 -1.637848270 1.427327569 -1.410643319 0.965163798 -2.321322899 -0.184969680 0.763633679 1.328846915 -0.184301575
28.832430337 20.464711858 -25.824447724 0.903500878 0.178030683 0.141631713 0.363224032 0.747474668 0.162207174 -0.216160310 1.766536713 1.286917342 -0.568167905 -0.705706935 -0.858289206 -2.725598979 -0.821249827 1.208061223 1.425871585 0.279843829 -0.097158151 0.288370992 -0.372738962 0.538815947 2.160117189 -0.643912115 -1.947660129
24.875663589 9.377099683 -24.508551618 -0.046767512 0.673965165 -0.456123550 -0.579253886 -1.930760510 1.357199275 0.421035231 0.358209644 0.469599131 -0.316604153 -1.069331691 -0.533736727 1.622502337 -0.001044932 1.146308998 1.241798464 0.920471534 0.869446026 -0.349499976 -0.849019069 -0.454251334 0.524707593 -0.238792302 0.913252329
36.085147408 23.614211037 -21.618137509 0.475787183 0.460146544 0.101635543 -0.742672156 0.080061331 -2.586971384 -0.608957974 0.013058254 1.071327038 0.063332544 0.779529876 0.182171438 0.124866227 -1.143181283 -0.634959412 0.581012035 1.112149651 -0.555878307 -1.083237219 -0.736670535 0.407380057 -0.650359374 0.772970576 -0.683997820
30.985633730 14.271038657 -27.425978571 -0.368657187 -0.316695845 -0.734217180 0.474047205 -0.236777587 0.999053584 0.037993098 -0.027784736 -1.099653661 -0.498183141 -0.541664303 -1.307672989 -1.216996843 -1.603528126 -0.368423505 -1.369344073 -0.522209574 0.257561604 -0.216984309 1.405918347 -0.788752791 -0.739944940 -0.748998099 0.610863237
31.858952898 6.330796163 -21.750880651 0.723172591 0.630216963 0.281018031 0.029611633 -0.474182866 -0.487729486 -0.999159871 0.321404682 -0.852167319 -0.253161860 0.682243447 1.036827035 -2.199296335 0.074312457 -0.774989815 -0.574689732 0.915272544 -0.802986381 -0.683068719 -1.309723437 0.091689558 -0.763969119 2.716816610 1.505382458
35.689356299 17.729868132 -19.075665738 0.689633423 -0.616822638 -0.158254982 -0.344805650 0.873927628 -1.509404113 -0.201613992 0.580390454 0.835822061 -1.142577765 -0.086867835 0.405633301 0.322037433 -0.055173876 0.004049495 -0.208402931 -0.302435492 -0.891675894 0.927355297 -0.185686137 1.681999986 -0.772043017 -0.588351871 -1.619067449
27.637089441 21.800955994 -25.015829135 0.878737287 -0.336518272 0.312685105 0.129631237 0.078225862 -0.757556308 0.098074079 2.389548538 0.333051131 1.117254049 -0.659683186 0.680429889 -0.071621168 1.060494380 -1.405250561 -1.791708172 0.769840543 -0.107153138 0.780434477 -0.800597136 0.932198512 1.366210303 0.627291576 -0.454826217
30.070143703 13.974802728 -14.948753178 -0.076044016 -0.145083579 -0.256927736 -0.952447480 0.051442666 0.286822113 1.249636412 0.826540525 2.002100882 1.636203502 0.842148167 -0.109515347 -0.468917684 -0.702306550 -0.041541195 0.029016653 0.680645186 -1.078774483 -0.008672133 -1.722102101 -2.163496613 0.150012840 0.803777390 -0.022546476
33.182919100 18.211186870 -20.302673006 -0.622282892 -0.710718416 -0.153488288 0.289973587 1.557489530 -0.047207003 1.419569065 -0.645414963 0.103310548 1.841031881 0.663678782 0.067201497 -0.506774652 -1.135268135 1.067113251 -2.241735856 0.332881281 1.071849355 0.428995067 -0.995753173 0.417636616 0.007129321 0.883542513 -0.546224799
34.692769973 10.304198126 -24.586676142 0.118180062 0.766213440 -0.594830457 -0.212431553 -0.346411874 -1.028851891 -2.427516601 -0.566186832 -1.625859791 -1.141882586 0.294780571 -1.173081323 -0.250163226 0.729004483 -0.206621447 0.737158041 0.503744587 -0.551776878 1.079447223 -0.356285084 -2.464767319 -0.494910972 0.958318224 0.314365688
27.251506860 14.335991611 -17.780358697 -0.143169712 0.949378450 -0.169512822 -0.222369953 0.184299132 -0.002494508 -0.229350157 0.551389538 -0.233386876 -0.613881277 -1.636666829 -1.219428695 -0.623291543 -0.475451853 -1.154219011 1.301119982 0.326890325 -0.889787961 2.214596404 -0.341403111 -0.193353408 -0.552530128 -0.904915650 1.588740812
28.088028357 20.159094352 -22.977883348 -0.721393986 -0.166895455 -0.569170059 0.357466177 -0.704144936 -0.462624565 0.548147048 -1.691405098 0.298338944 1.570827736 0.605926993 -0.174715239 0.184758469 0.878374665 0.057054415 -0.612305902 -1.022013324 0.085155827 0.477606555 1.784812596 0.492683221 0.089536238 -1.290456385 1.203756497
28.346982289 25.477234088 -21.898576528 0.530863474 0.281182333 0.426079962 0.676443888 -1.760863910 0.962258726 -0.225059072 0.670673791 -0.364847853 -0.545334186 1.564012799 -0.570021917 -0.987151687 1.712626458 -0.847221529 0.119996826 1.328950098 -1.383422776 0.355273558 -0.715719610 0.023028649 0.477858768 -1.803069338 -0.748535825
36.524824303 10.377731423 -25.803183275 0.726404293 0.393840034 -0.557292634 0.081558269 0.380235621 -1.034478588 -0.422551109 -1.011359467 0.040678078 2.014242803 1.387977800 -0.190066995 0.631446579 0.731954696 0.568224160 -1.371770448 0.556111908 0.790850807 -0.592949393 0.308732100 -0.534912864 -0.477440774 -1.088334308 -1.713120421
35.000284978 15.108812359 -22.883103467 -0.087028726 -0.534292231 0.688736282 0.482286375 0.352434155 -0.800160116 1.216249649 0.191231575 0.226474166 -0.638977113 -1.093414759 -0.168558854 0.047484582 1.816016325 0.185709525 0.959436409 1.348954177 -0.044557227 0.642597760 1.723857768 0.608206062 1.659894037 -0.082898869 0.164313134
30.658939399 16.306053974 -14.865244675 -0.365528843 -0.209543667 0.071295123 -0.904100173 -0.651380414 0.256828426 -1.149786415 1.012444406 -0.205583906 -0.261074883 -0.633204262 0.426935156 0.421290366 0.232355113 -2.158686013 0.228581147 -0.441382842 0.772225244 -0.087690204 -0.113044929 -0.513105551 -0.274431350 0.038804403 -0.457247679
34.335239306 17.504721256 -23.452395594 -0.750422785 0.290942848 -0.543833954 -0.237618462 -0.312248037 0.935921538 1.681574864 -0.711254256 -0.249883931 -0.212190587 -1.283937170 1.424260905 -0.660910507 0.700396126 -0.721815957 0.440373498 0.403512137 0.546526254 -0.634496005 1.637164035 -1.035529117 0.135873869 0.712634642 -0.033590433
34.255367349 15.851887059 -25.276051622 0.134368526 -0.346901238 0.392105548 0.841342897 -0.028903320 -1.492469186 -0.016805799 1.088825104 -1.822417515 -0.130304307 0.534573891 -0.413485537 0.244231768 -0.140336247 -0.444188749 -0.544038510 0.035543848 -0.556543110 0.455622584 1.428164557 -1.137270416 -0.117848668 -0.320512200 -2.161417395
22.397153636 13.395502866 -21.027820752 -0.732846917 0.407969103 -0.542475426 0.047085241 -0.704618909 -1.558770786 -0.502021147 0.061203811 1.473399624 -1.475995349 -0.531549218 -1.169494125 0.628700962 -0.019073391 0.249568941 2.312192025 1.000552041 -1.046058040 -0.614005502 1.948419576 0.694709706 -1.561214314 -0.048514933 -1.059527606
26.105346029 21.858491987 -25.898261043 -0.090928290 0.283485147 -0.912123676 -0.281777601 -0.981720092 0.392326765 -0.375583242 -0.755713506 -0.563658121 0.132241690 -0.555003473 0.733205760 1.539590344 2.361899422 0.504803502 -1.293483972 -0.278897122 -0.123968041 -0.895643200 -1.212234792 0.603846818 0.794419283 0.141045159 -0.664267233
34.742438895 11.599010169 -13.795510835 0.582022720 0.350169299 -0.639212505 -0.360608360 -0.952217108 -0.015676546 -0.897305687 -0.003800638 2.100105553 -0.114763131 -0.452592617 -0.501793125 1.054371525 -2.114358915 0.045911986 -1.568448622 0.594096748 0.260990367 -0.275453180 0.270850206 -0.197442920 1.139488553 1.537876924 -0.641908411
35.568195194 10.002619092 -20.083301621 -0.368218390 0.893630614 -0.008265307 -0.256459018 -0.232031562 0.578641221 0.586715542 0.487995262 -0.430151616 -0.942654417 -0.474071520 -1.323882471 -1.256952484 0.399477693 0.369147963 0.047423897 0.478027324 1.919894967 -0.663030924 1.046931027 1.004865657 -0.063866414 -0.378257857 0.746387701
29.452896464 15.214579023 -21.856030870 0.747102355 0.214487209 -0.463365286 0.425588909 0.318628112 -1.384866256 -0.751050369 0.814784589 0.541160440 0.168958792 0.662939658 -0.637184227 0.253535871 -0.160090547 1.484023315 -0.006592356 2.085720960 0.702156744 -0.756691777 0.927595523 1.057388146 1.194532484 1.287026389 1.147301384
36.695887192 10.428414093 -17.672764472 -0.288803101 -0.493309808 -0.578052788 0.582317076 -1.066317645 0.646346420 0.097991226 0.103144526 -0.103633578 -0.177112591 -0.387205586 0.026423018 0.457920380 2.382201620 -1.086918780 -1.788964452 -0.336211825 -0.950551511 -0.727003812 1.441540118 0.796772109 0.954029756 -0.874559120 0.669488853
31.656279694 8.879007543 -14.955646223 -0.605348163 0.309229431 -0.324573469 -0.657710288 -1.440944698 0.718248892 0.765612464 -1.089687768 -0.283640494 -0.542347167 0.778935661 1.538133665 -0.723550147 1.134823835 -1.578883299 1.177179367 -0.650400032 0.115315398 -0.252637989 0.538118135 0.615450447 0.480116228 1.172860797 -0.562920127
40.414580089 13.267782836 -19.624346875 -0.263859187 -0.322719515 -0.066370764 -0.906545843 -0.435726142 -0.576563404 0.350202533 -0.203064612 0.748168564 -0.538317509 0.764651141 0.210670673 1.000982143 -0.370939759 -0.269470935 0.209495983 1.885037745 -0.139424595 0.287988162 0.609763235 1.066439302 0.325093407 -1.552719683 -0.348183853
34.740565870 16.390594306 -24.991566758 -0.588909145 0.247112257 -0.315198365 0.701976882 0.581569130 0.115991202 0.665327975 -1.529426212 0.235510349 -1.028947438 -0.464928981 0.197967639 -0.650107564 -0.577128233 1.884458930 -2.171968911 -0.133577504 -0.452039648 -1.221056352 -0.539478093 -0.386249749 -2.388079515 0.896766672 -0.297677099
37.585414332 20.404724506 -23.836477476 0.256335982 0.873329413 -0.072298958 0.407873094 0.591659160 -0.108913299 -1.982863261 0.160125039 -0.702991763 -0.629607024 -0.245769672 -1.109290187 0.320343193 0.574535970 1.445355501 -0.756612663 -0.349725288 -1.161727653 -0.607306226 -0.478213021 1.877105400 1.819362808 -0.565283209 -0.696575609
34.317396156 19.896148631 -30.097647894 0.886893761 0.315900260 -0.152929338 -0.300398235 0.191591932 -0.120036352 -3.281647245 -2.925360862 -0.925674343 0.892746290 -0.386543739 1.700743263 0.359131453 0.153911515 0.558518136 -0.997961299 -0.870698592 -1.049184162 0.326416651 -0.235765284 -1.089187872 -1.581060567 0.892348645 -1.180502627
32.431449154 14.897030864 -16.174307936 -0.423344395 0.192392853 -0.587745789 -0.662056947 1.345010948 1.616478843 -0.885286187 1.506959474 2.296789421 0.768601238 1.108998767 -0.631275834 0.012761274 0.399062947 -2.476192738 -0.719740434 1.575751254 0.979770094 -0.362415606 -0.659268849 -0.301950670 -2.206644197 0.852639888 1.709356302
30.549221805 15.010465777 -12.902508127 0.232889235 0.603487000 0.469641568 -0.600835121 -0.937851863 -0.403024330 -0.745339386 0.092837089 -1.091251773 -0.602060079 0.149388135 0.504222228 -1.400143894 -2.389602548 -0.823360510 -0.216621450 0.450446593 -0.163905799 -0.144019627 0.973372040 1.715011706 0.961558288 1.558743234 1.767852225
33.674141080 21.852627303 -23.336361356 -0.277682171 -0.769252618 -0.071743267 0.570960529 0.591618351 0.071051963 0.172585113 -0.268806737 -0.741742017 -0.435494694 -0.922120762 1.225460936 -1.134476300 1.251663742 1.151546546 -0.952261128 -0.579069909 -0.157962842 -0.216429755 -0.239069196 1.348574855 1.472244231 1.300740102 0.255184605
28.950390355 12.565804332 -21.887800241 0.127883519 0.328660425 0.787549115 -0.505365731 1.569309321 0.463321727 -0.262556620 1.732974242 -1.117285373 -0.194719710 0.314743875 1.284168161 -0.986335097 1.725055917 -1.039658276 1.410029598 0.171993726 -0.925427073 -0.636348187 -0.404197796 -0.734682597 0.261813068 -0.189258504 0.534900902
27.999747743 17.444227840 -30.719186794 -0.565023948 0.103694937 0.071213887 -0.815428648 0.425515266 -1.256255541 0.154006990 0.886335120 0.341981783 0.566119377 -0.234807950 -0.247912137 1.347513069 0.619687608 -0.698127882 0.314543854 -1.698040324 -0.586804717 -1.684582173 1.758751403 -0.493767695 -0.074878179 1.880658405 0.616318257
38.473516657 17.858636982 -19.175879375 -0.550535903 -0.302041017 0.732936642 0.261697005 0.893799675 0.674971091 -0.769164015 0.174244656 -1.004123697 0.883876699 0.336056649 -0.305339837 1.036735702 2.419876998 -0.189677308 0.664858869 -1.292852435 0.308050563 -0.740987123 -1.045271274 1.078545801 0.356349040 -0.563914707 1.636254283
32.124030367 20.501863177 -19.185722841 0.776594422 -0.307967476 0.080148376 0.543721781 2.264580311 0.759197892 0.822192503 1.113191438 0.189826735 -0.984126303 -0.651186643 0.802063346 1.327963444 0.010479516 -1.317220810 0.138568800 0.488538921 1.833304336 -0.157739508 -0.178587221 -0.679319402 0.205602213 0.403919427 0.300552988
36.924032948 22.108172799 -17.087081804 -0.540243319 0.689427648 0.429787506 0.219338493 -0.047903232 -0.052967239 0.234447909 0.509158885 -0.934268137 -0.494731347 -2.212428942 1.441216595 1.161747297 -1.367805203 1.146600008 -1.423396687 1.862004423 -0.826132239 -0.530230010 0.632292336 0.326719242 0.628648887 -0.479079703 -0.166936707
32.306503502 21.260484639 -17.943179287 0.297511773 -0.356420932 0.883433232 -0.063218572 -0.851704946 -0.363623954 0.061750383 -0.524417475 -1.377049801 0.260867621 0.600721668 -1.062688679 -0.724988962 1.969802911 -1.393443851 1.190310326 -0.908828526 -0.625929472 -0.405049065 -1.509885587 1.263049129 -1.102141136 0.374742762 -0.850124167
34.352229428 23.744371810 -19.415097500 0.026152689 0.176637590 0.972874782 0.147070925 -1.817991809 0.102365211 1.304800117 1.656032196 1.120369778 -0.317060732 0.227151654 0.341872058 0.840288095 0.636734394 2.091300997 -0.712720887 0.874960219 -0.326076467 -0.123470569 0.660298473 -0.337307346 1.282446360 0.281789111 0.839311264
25.543983264 16.255897959 -20.330984904 0.719740349 0.041852866 -0.443061449 0.532840239 0.116630818 0.961445632 -0.194668191 -0.908389731 0.589870554 1.398527690 1.150691796 -1.777092084 0.802799613 0.224263156 -1.211161351 0.578374996 0.696215724 -1.012607873 -1.425815186 0.535585692 0.807383001 0.280918188 1.159319150 0.880035045
30.982890026 20.804129134 -28.654745648 -0.134663953 0.083100353 -0.987018431 0.027469414 0.539346815 1.492371234 0.343110997 1.390120952 1.793293920 -0.502101615 -0.762279094 -1.037362929 -0.919654152 -0.134057608 2.516106563 -0.384064840 0.419743152 -0.016556857 -0.000935892 0.361046947 -0.971747344 -0.064028491 -0.779846335 -0.226557336
29.090802118 20.349218153 -20.100434349 0.182112965 0.161646135 0.039802592 0.969082633 -1.287010091 -0.187073616 1.401629140 -0.795413442 -0.328787796 1.319753965 -0.663568314 -1.830453062 0.148317670 0.567112076 -1.270551522 0.198707641 -0.595299139 1.834503053 0.161104160 -0.693355350 -2.529202135 -2.760502470 -1.136051057 2.357144926
33.805505091 20.177173426 -27.969570805 -0.909005979 0.190653208 0.111896721 0.353325074 -2.071661624 2.217333863 -0.901861823 0.131084529 0.482806130 -0.954416857 2.172775522 -1.007079208 0.553820732 1.336371676 1.508982288 -0.466048456 1.196823942 -1.040938343 -2.768110587 1.617798186 -1.972747867 -0.180221051 0.782414043 -2.004081961
39.413405349 16.254182589 -23.604197734 -0.677614136 -0.641546928 -0.348933450 0.086614483 -0.357266397 0.242544331 -0.602226378 0.427248436 0.159162497 -0.610170709 -3.042168938 1.038005659 -0.686597713 1.000542813 -0.889288288 -0.309477795 1.363839330 0.640275299 -0.540298932 -0.621792944 1.064861360 -0.064319811 1.650035113 -1.825791355
30.953694205 24.142672131 -21.567655542 0.292277666 0.163123336 -0.788466860 -0.516027668 2.082276680 0.288417107 -0.130311837 0.870037215 0.102657415 -0.103361114 0.776796538 1.363828784 -1.573480487 -0.070272002 0.284851138 -1.048691164 2.147926687 -0.563659100 0.057334829 -1.624171204 0.459508793 -0.527081566 -1.140984121 0.621070295
29.250348764 8.704972258 -22.339443238 -0.704970724 -0.634283969 0.311444842 0.060845989 0.926237566 0.689768982 -0.399326513 1.294690120 0.316070611 0.323338550 0.987694046 -0.433180762 -0.687795390 -2.419151508 -0.332298835 0.119053488 0.752600924 -0.368395877 -0.598691536 0.997295644 0.362277772 1.285180817 0.176656763 -0.063880883
29.875349644 25.656246306 -23.545078676 -0.704560846 0.468155761 -0.042396984 -0.531626461 0.375547211 -0.496904903 -0.630602872 0.589377931 0.999293582 0.699691520 0.069257992 -0.377463156 0.621838674 -1.336780206 -2.103109387 0.907010637 1.466937323 -0.467908536 0.272165520 0.858813487 -0.596112711 0.291127559 -1.629545325 -1.086750401
38.527674260 10.680759518 -19.867944897 0.499133222 0.452820581 -0.113582863 -0.730012658 0.329276894 -0.729947349 0.378790242 0.995363084 -0.870442923 -1.946097321 1.009781569 -1.686498887 0.971266712 -0.027828501 2.928050058 -0.546360963 -0.704598989 0.244870760 0.322216522 0.183298322 -0.118850830 -0.870005470 0.059549329 -0.934007738
30.174148140 13.502759467 -30.319992734 0.238318493 -0.281746407 -0.632135084 0.681343154 1.361566201 0.221588037 0.360227050 0.270682874 0.363701828 -0.104915639 -0.339712244 0.708841625 0.860025563 -1.178235084 0.756004295 0.311650072 1.166468682 0.205043482 -0.063825138 0.982973896 0.679749471 0.629083807 1.299304288 -1.059390433
31.811484591 12.864104742 -27.122382111 0.310976673 0.043811397 0.598886366 -0.736687987 -1.840623190 -0.174588334 -0.666235116 -0.835886598 -1.017784793 1.157407247 1.417285667 -0.780103569 0.286791809 0.803789772 0.186937566 0.657204571 -0.010856333 -1.381973662 0.218442839 -0.236042510 1.701067245 -1.297915644 0.262648440 -0.613820316
38.895765127 15.045228236 -26.093808997 0.465928728 0.160085348 0.345458394 0.798712464 -0.880675688 0.930302978 0.592743017 0.356447906 -1.145339158 0.895747730 2.347299207 -1.690437895 -0.837044542 0.626197358 -0.763909326 0.148551264 1.319085192 0.088181027 0.797191690 0.713802516 -1.654725809 -0.003360054 -2.172776403 1.350024837
28.995986386 20.048343421 -17.597564741 0.002770945 0.928160632 0.356542534 -0.106712624 0.450358428 -1.702951925 -0.132425330 -0.031408846 -0.137270101 -0.852835408 -0.003710956 -0.645453542 0.283132787 -0.550341700 -1.297005299 1.236008683 0.145975650 -0.174947388 0.154296324 -0.816338059 -0.490204511 1.469311324 1.264189362 -1.039270908
24.475196373 16.535203876 -16.729569193 -0.641388107 0.204820621 0.702638755 -0.230149059 -1.094778912 -0.408714626 1.888522908 1.448066952 0.684240578 0.088466053 -0.260077767 1.968364120 0.203771795 -0.634254870 1.192057200 -1.535008805 1.680308030 -0.172242207 -0.635184539 -0.451410646 -0.210036724 -0.997329905 -1.462468089 -1.495529547
26.221826181 24.004441014 -24.003447384 -0.697875271 0.056720660 0.444578632 -0.558661537 -1.673825255 1.739839570 0.318669800 1.386062546 0.690307611 -1.203115804 -0.276648352 -2.074367838 0.693438826 -0.279588069 -1.005935487 0.518608246 -1.559776687 -0.426121634 1.152723135 0.435559673 -1.708346527 0.375189170 -2.225376331 -0.256592288
28.410855386 10.954498438 -23.369603723 0.156690368 0.964143847 -0.041447403 0.210135395 -0.294186518 1.518326212 -0.863263366 -0.785711801 0.591476971 -0.840039911 2.359656130 1.237868944 0.620890239 -0.065018426 0.821804865 -1.884461814 -0.259962849 -0.936988225 0.641005814 -0.306457461 0.889522268 0.689520764 -0.803653690 -0.281240040
35.553004184 21.766707835 -18.111789335 -0.819434269 -0.141675244 -0.542765030 0.117735830 -0.866513751 -2.511363792 -1.138473153 -0.110177447 -1.604177964 -0.266835942 1.422613086 -0.481660558 -0.294232008 1.519360935 1.738028980 -0.034437556 -1.072840957 0.163971867 -0.215376155 0.993033193 -0.632195435 -2.165071687 0.049371972 -1.132971349
33.336656206 15.916413630 -24.177078830 0.598667411 -0.030179882 -0.208432171 0.772814684 0.739803167 1.326700609 1.766526327 0.790323805 1.484351311 0.067550521 0.375091151 -0.677243264 1.415728824 -1.006086315 -0.607493052 -0.164231591 -0.765149906 -1.942876811 0.244928027 -1.608550034 0.613779604 0.464802627 -1.429964764 0.290835186
34.976566739 22.651312154 -22.001438642 0.217202134 -0.490828524 -0.221654810 0.814112853 0.565259504 0.221551235 0.504928837 1.130758578 1.303633765 -0.007660551 -1.506660923 0.150226645 -0.288342828 -0.260351162 0.191145977 2.269765939 -1.107572786 1.034685385 -1.185529321 -0.907241375 0.435757276 -0.363063909 0.534082299 1.289754950
32.782445807 12.888544609 -30.388172405 0.397396660 -0.483393617 0.740865557 0.243976909 -1.014357537 0.104009793 -0.473392520 0.097160818 0.110398508 -0.074468314 -0.424369723 -0.061373307 -1.134057545 0.565028180 0.192097534 1.679968561 0.155668449 -0.958618837 0.452553011 0.714782795 -1.643277316 -1.885186126 -0.443036249 -0.480960731
32.269632576 12.416687174 -19.150346233 -0.731208659 0.180011607 -0.604733690 0.259281474 -1.513908493 0.315103277 -0.584070413 -1.355453278 -0.053522935 -2.819690696 0.660861591 1.807702613 1.304576469 -1.656563068 0.909832076 -0.443737488 0.310880602 -1.954421773 -0.409380846 -0.438195839 -1.547525805 -1.432567434 1.589605630 -0.019494992
32.636634218 9.074769507 -17.012333341 -0.470540266 0.055046685 0.862448155 0.178170985 -0.084664286 -0.636834723 0.232671308 -0.471232764 -0.780654624 0.794417263 0.127004570 0.377033724 1.749384087 0.666490152 0.751302818 0.334956859 -1.294848418 1.377537513 -0.083051068 -0.366007736 -0.390200023 -1.125699662 0.388275152 1.405335028
30.868763862 17.017037216 -24.185361322 -0.525274557 -0.469711160 -0.324578200 -0.630957255 -2.516350035 1.521213755 1.742628621 -0.013344312 -0.370385194 -0.074147031 -0.232650780 -0.140384027 -0.433435889 -1.020788512 -0.232468628 -0.301590122 -0.204789696 0.772841087 -0.759152380 -0.040355080 1.476205844 -0.282217047 -0.039082034 -0.924727574
37.240410250 13.809993425 -18.892226970 -0.295163092 -0.466990020 0.823693005 0.127784603 -0.154481719 -0.921303584 0.466185272 1.149616061 0.871055013 1.175020263 -1.220507052 -0.969310455 1.047123141 -2.072524033 1.077186919 1.166234143 -0.466876980 -0.595050050 -0.195605272 -1.003702342 -2.466965511 -1.700076195 0.547618135 1.013397580
40.024198300 16.647336236 -17.026602240 0.804037303 0.327439697 0.462371050 0.180333779 -2.356956427 -0.299619536 0.069690727 -1.464279928 1.163463593 -0.283920910 -0.178255827 1.420114673 -0.610282905 -0.571421051 0.418604330 -1.743714638 0.720989897 -0.405465997 1.816126252 0.326974285 -0.790821026 -1.514936957 -1.142797973 -1.187119795
30.320706421 23.254169790 -15.524900565 -0.544235435 -0.060157671 -0.445039303 -0.708610516 1.102315111 -0.267775523 -1.108850662 -0.600563888 0.139446458 0.668653847 0.655120963 -0.832317337 -0.265957903 0.330437339 0.861938075 -0.394630090 -1.157404507 -0.921717907 -1.147898846 0.443206753 -0.562590917 0.983426652 -0.620467308 0.646719917
33.766062184 14.140682938 -17.236616670 -0.694061252 -0.127967709 -0.613976975 0.353462188 0.975612309 -1.440033823 0.147976111 0.827816670 -0.676107072 0.760592259 0.549893947 0.511293121 -0.566008377 -0.313270080 -1.352413816 1.674555461 0.950365123 1.604836572 0.300586523 -1.069441703 -0.931002592 1.328885743 0.256392128 1.624445099
35.260022253 13.122178927 -23.356659602 0.929444252 0.289076718 0.013119743 -0.228901519 -0.665640468 -0.414475039 0.428108468 0.822698502 0.363378599 -1.636928777 0.160040434 -0.472909473 -0.476510860 0.376586181 1.123443189 -0.874132215 -0.912510390 0.035858416 0.099911877 0.711939346 1.700194774 0.930536147 -1.230215952 -0.625434541
28.964791702 10.178303239 -21.767723976 0.670851264 0.033425509 0.278906309 -0.686332709 0.682423619 0.025024188 0.425406752 -2.101777329 -0.201849872 -1.375198730 0.833259890 1.090044980 0.998377647 -0.743599686 -0.087544159 0.734390918 1.278415632 -0.935509097 -0.931678189 -1.692007061 -1.238802263 0.182754804 1.173900051 0.688927332
38.765642373 21.807978941 -23.718614144 0.488939716 -0.579222635 -0.378321080 -0.531330645 0.780300395 0.235710733 0.418028017 0.117209556 -0.476081743 -1.524520823 -1.290176728 2.086906679 -0.567584254 -1.235654491 -0.963432070 0.240416688 -0.651855505 0.006864238 0.278922262 0.094319432 -0.212673825 0.344161605 -0.143342596 -1.044275500
