27.695347404 -21.989011478 -8.398891411 0.466442952 0.593849332 0.008497048 0.655516394 0.059885939 1.472107624 1.326964800 1.603143595 0.349711446 -0.937487490 -0.019938685 1.434287352 -0.685764231 -0.600557813 -1.176965194 1.315159223 -1.130689317 0.326563734 0.116034238 2.174562061 0.699815359 -1.313073152 0.066885024 0.303533357
41.933937156 -18.589897760 -15.727901758 0.238719812 -0.305773653 -0.876746264 -0.284308484 -0.635648942 0.912942997 -1.226595911 1.282743036 1.107079160 0.509216764 0.413261054 -0.186383957 0.171269655 0.583298564 1.735551228 -0.187339901 -1.709351936 0.267506764 1.361420774 -0.128327616 -0.113680862 0.814243064 -1.242591638 0.299217164
34.005031273 -17.064545978 -8.667746696 0.423210735 0.059395457 0.141178431 -0.892991324 1.230660786 -1.218284236 0.086332111 -0.574233859 0.483630155 -0.971616625 -0.310821053 1.167559988 -0.553907780 0.960704695 0.062644994 -0.697483402 -0.164170336 0.991529287 0.649978064 -0.850123477 -0.405263563 1.036719310 0.121335341 0.643550508
38.389002822 -13.213713264 -11.722268100 -0.351106130 0.146437921 0.828364206 -0.411209391 0.078339493 0.245282051 -0.429585215 0.087572617 -1.745641448 -2.461934257 1.690037059 0.615081929 -0.267544081 -0.180323519 -0.067406944 -0.147528992 1.733493564 1.235818544 0.358484452 0.619129599 1.246900584 -0.216411842 0.086649983 -1.519683181
38.366741826 -15.703985671 -12.199144823 -0.040389078 0.018348071 -0.012207322 0.998940965 0.254594867 1.379819070 0.313430308 -0.888670636 -0.240465424 0.888917347 1.419587762 0.630236629 0.318217970 -1.222805886 0.785662427 -0.387438900 -2.635932714 0.109537308 -1.922643035 0.718863136 -1.367766082 -0.697346350 0.617788160 -0.691132342
36.278741186 -19.366309417 -3.872667552 0.105660531 0.152953537 -0.981184127 0.052141891 -0.678990719 1.700076041 0.637690300 -1.404620472 -0.509451778 0.412486898 -1.362358172 1.123032004 -0.569371328 1.415885026 0.148570996 1.077434916 -0.559789886 -0.924556250 0.429271570 0.704017903 0.159075172 -0.194835993 0.228195287 -2.065997395
28.407650581 -22.579002825 -12.653551943 -0.395643551 -0.534012754 0.704304981 0.249501608 0.236879898 -1.208181797 -1.176741835 1.633631807 -1.362389838 1.516081636 -0.793252844 -0.894062796 1.014356095 -0.480504641 0.428923750 -1.139939573 0.292033652 -1.233427213 -1.026302948 -0.790660793 -0.202168802 -1.357181276 -0.104352472 1.109638310
28.317827202 -16.248959240 -7.999411565 -0.582593318 -0.675351409 0.450402751 -0.040284771 0.963641077 0.355831522 0.810557741 -1.391448393 0.694151303 0.105146430 -0.408224657 -0.114703884 1.204053000 -0.209715094 0.072175713 0.778864503 0.836483836 0.655321177 0.167587207 -0.558829991 -0.329084963 0.980688418 -0.102868585 0.523353926
29.979069790 -15.767745690 -11.045079657 0.871123772 -0.392809702 -0.038852200 -0.292120555 0.627342987 0.254901781 -0.390249403 -0.408688353 -0.848047835 -0.466882844 -0.109335299 0.375065553 -0.589845011 0.178799735 -1.645945239 1.872382966 -0.750625618 0.409184931 -0.674349559 -0.226214444 -0.502953107 -2.220476155 0.100349306 -0.650151157
38.183330760 -13.910790620 -3.535988403 0.028524146 0.425302858 0.883033017 0.196358201 -0.617303020 0.129249308 0.042564222 -1.492145429 0.531301738 2.040478906 2.211432048 -0.373409615 -0.826125690 0.239248409 -0.931350540 0.273018551 -0.609344727 0.378998645 -0.684953685 -0.025165719 0.957182590 -1.352523111 1.183284225 -0.271035568
37.793001633 -25.402086322 -10.174243712 0.245000975 0.193958708 -0.814546827 -0.488741249 0.011344141 -1.018584182 1.208905626 0.782275799 0.425725019 0.418367436 -1.153568785 0.399619191 -0.422695038 -0.310748743 -0.516187802 -0.369720085 0.913387206 0.533258966 -2.120415510 -0.061804272 -0.206720415 0.382294921 0.306641786 -0.094211162
37.336370205 -13.899716554 -8.461221262 0.637093067 -0.767784588 0.057555019 -0.036147882 0.499659605 -0.705002370 -0.363707537 0.043027720 -0.116402463 -0.302869799 -1.518893306 0.684833399 -0.369672763 -1.941359243 0.909155282 0.940120218 -0.381500251 0.330470059 -0.400131423 1.202351605 -0.702865978 -0.441150618 0.023953463 1.338210130
36.614151484 -19.720965137 -10.435110040 -0.611289746 -0.700059003 -0.123807775 0.347726724 -1.411897862 3.422881989 -1.240852225 1.229169168 0.103110907 1.115656060 -1.853162069 -0.366432973 -2.072114980 -0.984613358 -1.454367777 -0.666131724 -0.308820240 -1.410367571 0.355586972 1.348644494 -1.063413836 -0.545493026 -0.238130479 -0.388785510
43.856540688 -15.466736191 -6.467870561 -0.473197690 0.333667514 -0.800111491 0.156753112 -1.365010384 -0.568175891 -1.093021873 -0.215672681 0.321398020 1.732943516 -1.306309035 -0.913859037 -0.296986434 -0.493715491 -0.346582299 0.400492521 0.948752822 0.682814067 -0.567783847 -0.535527957 -1.100157331 -0.878059765 1.382681837 1.028902434
40.591165058 -23.595999230 -12.290048147 0.265883441 0.593888022 -0.615940285 -0.444095235 0.743406106 -1.044266357 -0.029184050 1.445857138 -0.175861073 -2.179957578 0.804058268 1.854513672 -2.441342881 1.516795721 -1.117701492 -0.757547587 0.548165029 0.354557461 0.128115013 1.490041656 -1.195914473 1.500410406 1.447308368 -0.028418839
41.704951414 -22.034565201 -16.184801383 0.000222663 0.501199594 0.798322875 -0.333885467 0.037929855 0.005377457 -1.194388782 0.147784537 0.913966486 0.412880132 0.129428083 0.618229650 -0.846580464 -1.053707979 -0.939600364 0.273740947 -0.310537761 2.234382715 -0.705175148 1.513613197 -1.083696806 -0.504975608 -1.372703408 2.649525135
39.052668384 -22.804640901 -7.193426322 -0.115944752 -0.791746399 0.517013126 -0.303960328 -0.689564436 0.809585485 -2.277323198 -2.048373447 0.702413996 -1.102537063 -0.645270232 1.650533529 0.837927052 0.380555658 -1.190676425 -0.514102028 -0.353349742 0.645282712 -0.525660311 0.594606093 1.029668924 0.085843106 0.401329161 0.834606075
39.000524076 -27.309267654 -5.801483916 -0.021622620 0.205978735 -0.802757534 0.559182943 0.189909825 -0.573733795 -0.854681741 0.396446823 0.921982130 -0.956904731 0.252505654 -0.218117819 0.535681435 0.172666233 -1.220226163 0.409666239 1.138820311 0.020711107 -0.025704209 -0.290291648 0.828674317 -1.337352058 -0.035332220 0.468601514
37.555750004 -22.140233401 -10.024379307 0.205496768 -0.288310221 -0.216051834 -0.909928514 0.851574591 -1.096463048 -1.012358035 -2.356469773 -0.571389059 0.148742399 2.107821123 -1.277333560 0.895105996 -1.095246450 -0.225623365 0.237246932 3.945011417 0.513971432 -1.616391101 -0.435015952 -1.723389489 -0.176561746 -0.595286075 -0.739087809
30.071307476 -20.346669813 -8.046791295 0.790673104 0.555509316 0.228114128 0.119203133 0.526478691 -0.035428267 -0.795306494 0.211011192 0.008690054 0.123436537 0.423156867 -0.355344194 -1.597863521 0.803063183 1.062742912 0.428128193 -0.800540100 -2.322177945 0.509256309 -1.049324902 -0.360625303 1.040327985 -1.206103986 1.802790506
30.569241075 -12.538124048 -12.127849357 0.750225455 0.186736026 0.505118947 0.383596496 -0.765582817 -0.536603824 0.882265323 -1.674754119 1.224732379 -0.457936800 -0.833304506 1.364981375 -0.697725673 0.232842154 0.470661789 0.128446657 0.012524645 1.357726609 -0.248691152 0.980987644 0.526386804 -0.366770146 -0.185677987 0.462666209
33.895733571 -16.309998014 -3.152744822 0.156686100 -0.730216974 -0.612800382 0.258279555 1.003354133 -0.759252693 -0.289837036 0.607880900 1.938991919 0.072684661 -1.502222144 -1.057601900 -1.917545094 -0.468603091 -0.515261794 -0.817254456 -0.885971895 -1.125663238 0.919775628 0.186408795 0.312341276 -0.603388520 -1.319123979 -0.279046105
39.706490306 -25.899008504 -15.353008879 -0.441512283 -0.449750836 0.664534005 -0.401479320 0.891104931 -0.581137125 0.553292843 0.225497610 0.247593913 -0.029762689 1.457932195 -0.672372347 0.481586644 -0.513723455 -0.056803119 -0.157364782 -1.333676206 -1.093250921 0.026706597 0.542027034 1.123034582 0.043102277 0.258001508 0.402581300
29.258697461 -19.258449031 -12.321613750 0.031566412 -0.628523152 0.761839534 -0.153501576 -1.408775649 -1.026710615 -0.482309452 -0.006778031 -0.265831005 -1.717750323 -0.274212787 0.168129692 -0.129579247 -0.992737135 -0.622003583 -0.363973111 -0.156239642 -0.050930384 -1.436614620 0.902705044 0.331656707 -0.218680012 -0.060496584 0.460629099
40.007195023 -19.501845134 -10.713210792 0.576173252 0.373708016 -0.721186430 -0.090867131 -0.682692332 -0.554708115 -0.599571977 0.965541492 0.130319627 1.073854590 -0.449145089 1.434001819 0.087228014 1.875909792 0.104991201 0.886160864 -0.410775905 0.964388858 -2.100691105 1.051739116 2.336027168 -1.203298920 0.377664325 -0.096757045
40.983018211 -17.534630393 -13.751640062 0.599965637 -0.726949587 -0.270785003 0.195604230 -0.267194426 0.610999613 -0.417406380 -0.030650221 -1.750178292 1.064348427 0.286897087 -0.822531784 0.518710348 -0.223147804 2.673569475 0.911482145 1.096525252 -0.149014238 -0.854281676 -0.918802699 -0.951040565 -1.312981519 -1.006885553 1.736201213
40.978526985 -17.269789633 -12.214726417 -0.650065375 -0.167722865 0.703953627 0.231804529 -1.026806911 -0.673717231 0.918126993 0.989327780 -0.413641281 -1.411313035 -0.350243723 1.007983113 2.031147207 0.059269938 -0.419782572 -0.082948001 -0.024957253 -0.064535780 -0.902835031 -0.242874055 -0.384641017 1.134984438 0.457263275 -0.534885875
27.992705226 -20.734020276 -5.729521343 0.289684304 -0.688700976 0.631734967 0.206603246 -0.033468798 -2.748201693 -1.241768245 -1.773066042 0.088900063 -0.903783451 0.791721001 -0.182804085 1.267577125 -0.296833108 -0.135096498 -0.497806783 -0.465954378 -1.049036587 -1.332986130 -0.446142869 -0.731730514 -0.691727354 0.131180495 -0.021264969
31.888767076 -12.378118297 -12.695634107 -0.645662078 -0.740503884 0.080565961 -0.168177300 0.320502661 -0.844348542 -0.745325907 0.143082812 0.179256966 0.564571286 1.438633169 -0.579964936 -0.392444957 -0.210924823 0.315365018 1.482453478 -0.263864524 1.701098394 0.636252685 -1.556990010 -0.570638900 -0.281378012 0.066685506 0.427424853
35.356860162 -17.462035423 -6.450897315 -0.268295711 -0.247661269 0.911705874 -0.188344651 0.113101553 -1.504751079 -0.340208342 1.723299795 -1.088699671 -1.233760748 0.590551586 -0.450517701 -0.218180985 0.853007579 0.331960944 -0.352352618 -0.432427306 -0.879094151 0.346082872 -1.251128616 0.015454866 0.965585854 0.134674467 1.250024002
33.979427571 -23.689966631 -14.480689805 0.273229590 -0.727567375 -0.628668828 -0.027691342 0.173207073 0.701821710 0.435810658 0.510958729 0.475499413 -0.953510503 0.667595645 -0.873910773 0.097713049 -0.753182252 1.320410474 -0.809267566 0.166698965 -0.874343320 0.158664925 0.219939301 0.180035310 1.819297789 0.952688095 -0.208607805
34.310328458 -26.230127191 -12.454269462 0.629638518 0.482383955 -0.457838054 0.401553698 -0.296671877 -0.483427898 0.402722492 0.011091723 -0.178296203 0.739797010 -0.433814511 -0.110103329 -1.783718976 -1.063591944 1.352167305 1.094547643 1.289791958 -0.405885130 -0.621560175 -1.410440668 1.416696705 -0.005997022 1.655790036 -1.189306050
28.854480828 -13.939385144 -12.514699656 -0.362566363 0.528078908 0.360648419 -0.677946176 -1.185419722 -0.608113658 0.642522796 -0.452531931 -0.395704485 0.532582416 -0.335295482 -1.024822762 0.776525835 -0.679379622 -1.181640604 -0.961677793 0.278273454 -0.379421807 0.753206094 -0.392484175 -1.311654949 0.627697691 -0.618592812 0.099221936
39.671834389 -27.931325621 -7.530589152 -0.610333645 0.192218055 -0.359073936 -0.679419583 2.187468229 -1.213145766 -0.351613862 -1.054458730 -0.462812332 -1.596302491 0.754544106 1.302637107 -0.853817332 -0.364798226 -1.031208441 0.605058797 -0.183333031 -0.264150757 0.987952002 0.011514008 1.103660466 -0.535266322 1.992686693 0.686112128
37.499430337 -10.880360472 -9.843535636 -0.871751738 0.004998415 -0.477203069 -0.110910565 -1.473068964 0.149136482 0.601949330 0.811941158 0.599060180 -0.207350178 1.342983857 0.583816076 -0.883574263 0.137522681 -0.230483200 -0.143229946 -0.356207180 0.516074754 1.000186148 -0.011496747 0.663932441 0.832163948 0.336135162 1.599478637
37.742685158 -17.864168021 -17.414131838 -0.472236201 -0.184675864 0.835280956 0.212587676 -0.426731503 0.581908136 -0.341591442 1.052390660 -0.226486753 0.584234582 0.964409634 0.827748485 -0.861819783 -0.885638127 -0.924320649 0.973135175 -2.657756084 1.461316501 0.376309725 -0.689219666 1.978337800 -0.307522735 -0.097521273 -0.334755750
39.675885076 -25.367634148 -9.114736115 -0.021001231 -0.726199428 0.230319026 0.647415234 1.868765543 0.740729212 -0.356230019 0.860621244 1.958547760 0.071909075 0.171107746 1.162435393 -0.088674159 -0.805154780 -1.561349584 -0.251309324 -0.002073586 0.445333751 1.021719588 -0.294705725 0.178074736 -0.750159543 0.489524939 1.577670234
32.665137355 -16.601587373 -12.973004181 -0.728870350 -0.330088794 -0.341598326 -0.493051706 0.118549091 0.541236146 1.010532384 1.644649397 -0.580447645 -0.262972066 1.829445725 0.368519842 1.597422648 0.113294864 0.093048065 -1.057577208 0.664978204 -0.083086120 -0.130633961 -0.612965035 0.043171439 0.713489245 2.498482925 -0.200121823
34.654262939 -19.724982868 -3.626955203 -0.010546765 -0.495682645 -0.289897707 -0.818624945 0.819394430 -1.525110717 2.008086740 0.837029446 -0.087772319 -0.642871357 0.466994369 0.719135094 -0.339671064 -0.330704008 -0.485009254 -0.303653683 0.836377085 0.480437036 0.897779088 -1.561006208 0.513530979 2.021649179 1.311508024 0.568275633
29.823039779 -12.916015595 -8.931308493 0.024646677 0.631520485 0.301101724 -0.714081346 -0.505245148 -0.015230125 0.691915425 -1.023043900 0.464352541 -0.041579478 1.379575623 -0.323521260 -0.100978568 0.816693653 1.834929982 1.240076292 -0.786232571 -1.107188183 0.579328345 -0.183985622 0.483632061 1.711459642 0.716035527 -2.000454291
37.072765796 -18.813164585 -10.983133580 0.409096621 -0.489046844 0.049609491 -0.768773073 -0.115040287 -0.000739620 0.153620244 -0.320051959 0.170498664 -0.292040481 0.929703875 -0.184775865 -1.672137384 -2.642970884 1.714236163 0.559984456 -0.934297938 -0.933023717 -1.759132921 1.486260459 1.664481077 0.390269876 0.064216511 0.747184830
34.904454800 -12.397352323 -10.506018552 -0.431107725 0.244522795 -0.155767489 -0.854453756 0.104418562 -0.607230055 -0.562834388 2.211378525 -1.192039083 -1.540714123 -0.465370758 -2.130809714 -2.185365700 0.245366711 0.283996198 -1.980950403 -0.124131900 -0.184864703 0.842601530 -0.889660436 -0.576680758 -0.768824219 -0.300741618 0.840288981
33.287953053 -11.991744842 -3.246919196 0.011449302 -0.348211804 0.771356522 -0.532566023 -2.685703571 -1.184068264 -0.136677250 0.838977053 0.878719630 -0.115234940 1.326098623 -0.187996726 -0.163892253 -1.659255407 0.026188414 1.721643914 -1.237818941 0.490862902 0.563761689 0.273623266 -1.149602702 -1.469059605 0.355417736 0.374490440
36.460861252 -16.620899184 -7.588554542 -0.558405607 -0.371950504 -0.110718977 0.733196637 0.902520241 -0.595612055 -0.863303959 0.230380499 -1.932733580 0.707843786 0.314637574 -0.556237324 0.129781934 -0.824698009 -0.008552013 -0.624230718 -0.048034099 0.778058884 0.865479032 0.823644646 0.024244184 1.639300524 0.889674611 1.396082010
37.654294684 -9.302296690 -7.645520959 -0.611462854 -0.697342491 -0.265607758 0.263209322 0.770694523 -0.867305647 0.019688859 -0.200502932 0.420872979 0.403718648 -0.960890815 -1.427623730 -0.624120189 0.691040878 0.855984820 0.095349478 1.141857428 1.004547452 0.446444338 -1.128825130 0.843816945 1.351142981 1.036154312 0.286106868
32.263007457 -12.597141690 -5.706945553 0.344807161 0.712326600 -0.205456914 -0.575748463 -0.867580502 1.268764800 0.836968874 0.771932513 -0.901854492 -1.899017091 -0.704490125 -0.373836136 0.926101498 -1.079770705 -0.816648959 -1.479737950 0.543954929 0.392468300 -0.379609839 -0.166105162 1.116694873 -1.665032066 -0.712122127 -0.963793668
29.446951942 -23.564687064 -6.327874291 -0.199225310 -0.374012108 -0.903883964 0.058463642 -0.065115613 -1.517577112 -0.204921172 0.304174049 -1.275995012 1.139925587 -1.609279030 -0.928965090 -0.364203378 1.485876631 -1.385473013 0.271561417 1.289993732 0.421122106 0.285521730 0.404190690 -0.200293015 1.980872870 -1.847806060 0.829091475
36.118497945 -22.725731903 -17.166933270 -0.413947128 0.439281364 0.232372590 0.762681216 1.143289029 0.219253951 -0.022103675 0.049629559 0.015301203 -0.399397411 -0.128705940 -0.780425320 -0.561695088 0.883421625 0.288824649 -0.732049953 0.541307560 -1.116355875 -0.668105011 0.412389498 -1.351957570 -0.046270424 0.381037440 -1.164159681
35.458971251 -16.095773434 -5.968484840 -0.555605016 -0.811611978 -0.177988211 -0.030153927 -1.476136745 -0.700373559 1.788446025 0.258596809 -0.248140236 -0.517453408 0.463982175 -1.147021010 0.657326053 0.123455752 -1.186388305 -0.336021205 1.017752156 0.360596702 0.837585684 0.237811156 -1.232890207 1.014549127 0.789554459 -0.674915362
34.291940105 -17.366410671 -1.957424184 -0.793219897 -0.485636435 -0.149648857 -0.335506584 -0.711048883 0.691203509 0.196421021 -0.236765418 -1.442926970 -1.213534500 0.129582494 -1.176986440 -1.141042059 0.503023770 0.286025440 1.698533343 -1.014704546 0.398516768 0.724021242 1.201304801 0.814491298 1.015419112 0.697614212 0.696875810
34.867438607 -22.975762057 -13.121172579 -0.250219738 -0.401853880 0.007144884 -0.880824893 1.187290490 0.336751032 -0.199861525 -1.295975390 0.879342792 0.965818544 -1.049417645 -0.361872469 0.667937448 -1.617490838 -0.383977660 0.812834969 0.318703343 -0.190872061 -0.475922087 -0.662292887 -0.010648913 0.471942092 0.674627776 0.391052386
39.508620527 -16.760799322 -0.095323317 0.790056682 0.375507997 0.234422445 0.424087609 0.197165509 -1.368670813 -2.273003307 2.371555840 -2.268266929 0.244362418 -0.574077310 -0.883510140 1.168390243 -1.151043291 0.636209398 1.412264473 -0.406643535 2.092386073 0.089862390 0.648089145 -0.595689675 -0.354229317 -0.409705023 -0.393396365
43.023512862 -17.335004810 -2.432664182 -0.372483175 -0.712088923 0.592137389 -0.059657041 0.507694478 -0.735307999 -0.902389501 1.340683812 0.890550519 -0.931820746 -0.270920095 -1.562453063 -1.368638396 0.580620528 -0.114798490 0.134034659 1.794081369 1.277330033 -0.737796960 -0.650647398 0.242184059 0.912675711 0.089550075 -0.559031477
39.341658958 -11.315203519 -8.224496187 0.245450482 0.526826353 0.366631882 0.726490962 -0.234850039 -0.252278920 1.707636478 -0.811811087 -0.301803114 -1.715852527 -0.304913269 0.523713674 -0.380595820 -0.717577123 2.157207807 0.728476218 -0.404064635 -1.708785170 -0.189003933 -0.107053994 -1.008127002 0.299225787 0.372138215 0.453292620
29.123577862 -16.027250682 -4.540758014 0.582886923 0.194417872 -0.635268582 0.467844370 -0.426729189 0.389443265 1.094344335 0.964166115 0.176139745 -0.466645846 -0.279938400 0.660727077 -0.845669504 0.705826648 -0.655335576 0.903371104 -0.367221314 1.118827528 -0.177255225 0.534237180 0.044929914 -0.029107443 0.070925786 0.046442560
34.769560422 -21.498308650 -15.167593382 0.397657116 0.224034354 0.837611008 -0.300142009 0.195886843 1.282675408 -2.123784625 0.230249570 0.366939380 0.417472346 0.840434971 -1.401021701 0.443240094 1.416621939 0.106109725 0.488369857 -0.537645467 -2.009899805 1.211774182 -0.404114741 0.077900682 -0.176367412 -0.563130684 0.194941116
43.549577238 -15.990854313 -2.547368870 -0.409542508 0.219236268 0.429306111 -0.774536414 0.079240556 0.559113090 -0.517430665 0.201296941 0.112723448 -1.096882413 -0.786902611 0.564187338 0.117260100 -0.598922686 1.078830641 -1.197612376 0.840118823 0.774084663 0.700262551 -0.465011074 1.161527012 0.671927411 0.347729362 0.527343755
34.358083054 -12.980516304 -3.774816263 -0.674303777 0.048832831 0.271128395 0.685141711 0.295078686 0.066511707 1.255643830 -0.496309077 -0.037862462 1.277584241 -0.847314246 -0.178537084 -1.002092883 -1.285283997 -2.353258207 1.847351701 -1.260587807 3.191429458 0.139638053 0.420294413 -1.428268541 -0.156068243 0.704033914 0.712253515
32.598835953 -20.573645505 -0.960544287 0.754756310 0.049838099 -0.639221258 0.138763321 -0.424948464 0.358490406 -0.546753366 1.020050590 0.847635836 1.060627584 0.216517629 1.624560765 0.073009592 -0.421238433 -1.327343081 -0.133695390 -1.224073006 0.461567898 -2.048110381 1.151901765 0.217873808 1.839531338 1.043853041 -0.964641865
35.815341262 -18.945501055 -6.414757374 -0.376075739 -0.742959467 0.427981155 0.351298164 0.238849405 -1.901338421 -0.209346797 -1.958505745 1.220180732 1.025493646 -2.180021895 -0.161889737 1.992043878 -0.543646617 -0.651456331 1.377329228 -0.351954839 -0.527385726 1.563882428 -0.910279729 -0.380343705 0.089099075 -0.415225342 -2.169384213
35.397308956 -16.345614791 -6.183749348 -0.513874738 -0.516973647 0.495556099 0.472329498 -1.076878595 0.248880284 -2.313486357 0.820338884 0.834376711 0.086154677 2.517142252 -0.224071440 -0.456406392 -0.748850886 -1.999913939 0.173538113 2.161782102 0.375539236 1.416128832 0.506089301 0.138970788 -1.012250202 1.037948721 0.544749595
38.086682762 -18.404299414 -13.125490490 0.040813517 0.426670100 0.723839262 0.540688085 -0.802499055 0.447031857 -0.037744079 -2.415241196 0.269524819 0.739473535 1.472919399 1.001986092 -0.773012410 -0.649532428 -1.602079739 0.678616692 0.425958510 0.219455160 1.631542255 -1.420189155 -1.475918015 -1.494898073 -2.011517126 -0.539899129
35.337846782 -23.531668406 -2.973252104 -0.066851186 0.288975583 0.721636543 -0.625511575 -0.441882678 -1.536823635 0.917813696 -0.469396778 0.729961317 -1.509778668 0.720619482 1.904034634 -0.574866890 0.402973148 -0.542694337 -1.082333302 1.111430361 -0.582867238 0.224614227 -0.639424285 0.787222441 -0.890113701 -0.583218289 -0.520531953
34.790956346 -11.132378225 -13.937893651 0.336534862 0.804550355 0.056651564 -0.486038695 -1.897278435 0.620668736 0.382645086 0.158766973 0.709228351 -1.138165181 0.540915374 -0.502511219 0.251062027 -0.407913446 0.937998115 -1.884536418 -0.956179883 0.873772047 0.756652013 0.597540585 -0.043120981 -0.032636355 1.437841509 -1.220002638
40.943259108 -10.796065472 -10.114744096 0.008044236 -0.603091885 0.621471895 0.499988151 -0.481851143 -0.644463053 -0.109556105 -0.548505490 1.075986522 -0.873086441 2.350854861 1.286890205 -0.033908368 -1.250028550 0.109962469 1.345196413 1.231831095 -0.251498857 -0.766916525 -0.157757949 -1.369539272 1.626285068 2.346864622 0.814108590
44.635776821 -18.059786020 -14.720932125 -0.411454701 -0.254163974 0.874806851 0.028612526 -1.133832342 2.964083754 -0.527925033 -0.772351418 1.065295221 -0.378022282 0.382808570 -1.472232597 -0.091802138 -0.448848197 1.296161864 0.080918908 -0.853384888 -1.876065779 -0.683417629 1.653994092 -0.672505132 -1.009671319 -0.552562569 -2.802649306
35.832738339 -27.783729444 -11.636373080 -0.377142996 -0.742350997 0.551929701 -0.045296401 -0.043051219 0.292916214 0.039762346 -0.649461490 -0.935524519 -0.652767387 0.402196209 -0.273060990 -1.374512931 -0.341982737 -0.218220357 -0.055187403 -1.452147968 2.050490058 0.375611931 -1.038656815 -1.586192928 -0.036812084 1.165053265 -1.681789775
28.943706448 -18.784399999 -12.607530072 0.240757409 -0.592806647 -0.005397671 0.768496594 -0.786580585 -0.588153448 -0.505967853 0.732323129 -0.900616069 -1.039877902 0.504239625 -0.333886915 -0.209691972 0.685874277 -0.292657352 -0.206524097 -0.164820634 -0.273130747 -0.818786183 -0.923271636 -0.080744926 -0.812015690 1.662967861 -2.466146202
42.991719219 -18.563117820 -8.626224371 0.031497067 -0.807453024 -0.120624934 -0.576608337 1.728127734 -0.828613912 -0.118003366 1.282924663 -0.236729911 -0.437773074 0.488592439 0.209415898 -0.372679946 0.846753497 0.457307017 -2.299712473 0.679528550 0.010583899 0.646562159 -0.011574422 -0.286983581 -0.097774501 0.250498036 -1.056185494
39.863029017 -12.268210948 -6.679924636 0.124202005 0.895578466 -0.418824770 0.084254882 0.698563347 0.985338614 -1.627302441 0.492210936 0.249907873 1.477240745 -0.689273918 -0.834728719 0.152746413 -1.183999987 -1.478055314 0.736799538 0.513305526 -0.176771648 -0.069717262 1.721663674 -0.319621961 0.487625347 -1.293184961 0.456225968
28.027299585 -17.630559643 -6.093993278 -0.437994973 0.490075182 -0.745783194 0.108600868 -0.869947422 0.455310299 -0.853676915 1.675075555 1.212725196 -0.120378622 -0.121831161 2.301901025 0.003657810 -0.697044391 0.785989614 -1.629519293 0.989321384 1.165911349 0.784165918 -0.397805051 -0.676322519 0.909755792 0.553191742 0.015737314
41.403344475 -14.152886567 -14.244384117 -0.271730081 -0.421340231 -0.593776730 0.629336450 -0.777248809 0.738818755 -1.958657388 -1.009359642 0.105419836 -0.281682540 -0.903189906 -0.079197917 1.694706877 -2.044071401 -0.483547448 -0.681752251 -1.109342835 0.292969562 0.216167495 0.051270419 0.564190830 -1.340788095 -0.999941051 0.711795952
43.644981756 -18.155877554 -9.950825833 0.893239654 0.111459572 -0.429302674 -0.073477201 -0.372938532 -0.334380896 1.322000979 0.995511416 0.151743252 -0.585353713 -0.415401604 -0.329723747 0.436371572 -0.909281021 0.178363127 0.621702766 0.468498814 0.096801376 0.352150657 -1.719600557 -0.322575142 0.603960005 0.301021101 1.257671784
41.547660775 -15.370193680 -15.879779842 -0.013115556 0.048932076 0.544766345 0.837056309 0.800777447 1.307232494 0.443110718 -0.830081801 0.181671122 1.598496450 -1.848083607 0.909099554 -0.478570608 -0.070831238 0.852014843 -0.094158251 0.999261658 0.050712353 0.063535969 1.248439484 3.262564075 0.270988298 0.154888284 0.394445471
36.076018193 -19.916595391 -9.437726761 -0.886148615 0.382769664 0.260596437 -0.017818891 2.769477643 0.489726836 -0.147479324 0.005994941 0.173992076 -0.486595230 1.125968299 1.084667846 0.645502468 1.792365953 0.160285693 -0.164155661 0.824279662 0.910849725 1.233340073 1.470478721 1.036927340 0.559850673 0.944464988 1.812821009
35.905992893 -17.859748115 -17.887936174 0.832386408 0.067916164 0.530111379 0.146636246 1.307210076 -1.479474948 0.662165743 0.670886914 -0.054350551 -1.109578482 0.639845287 -0.923333265 0.763529569 -0.001962742 1.557788049 -1.374265368 2.757168676 0.259482758 0.758185519 -1.237612174 -0.144833418 -0.316691214 1.940434723 0.235730019
32.395827635 -11.484519520 -6.191575289 0.294137230 -0.200441106 0.134915509 -0.924718583 -0.847226054 -0.249885916 0.720823246 0.675975652 -0.370213517 -0.530303552 -0.438306901 0.607507988 -0.396084493 -0.569687491 1.140118268 1.473608015 -0.031685884 0.218966006 2.253320611 -0.975689088 -0.017158426 -0.362142839 0.146091755 0.436056920
38.458201738 -25.829981605 -2.937172933 -0.709330135 0.074574317 -0.422420978 0.559329909 1.959430458 0.524261050 -0.672490260 1.083765601 -0.791665389 1.658334572 1.074289977 0.078379570 -0.770134915 -1.039604225 -0.233886236 -0.669330119 2.384950441 1.302565394 -0.645912974 -0.428000451 -1.680374600 -1.729845759 0.715858892 -0.897354773
40.117752472 -21.043965205 -12.809968922 0.685331684 -0.033496812 0.517571546 -0.511192860 0.908556851 -0.275114454 1.903660503 -1.707052544 1.108326050 1.102465964 0.150452340 0.435903178 -0.267048257 -0.971337106 0.039933818 0.385317155 -0.813362784 0.744578377 -2.098618484 -0.229827997 0.831864286 0.399238696 -0.138681394 -1.726307776
40.967761281 -12.192427813 -5.786799621 0.733934285 -0.429460547 -0.525647715 0.024465941 1.305482587 0.763653672 -0.414898879 -0.296705489 -0.625944555 -0.112774850 0.890693950 -0.433389366 2.022731908 -1.091986484 -0.185568020 1.388557752 0.821154488 -0.105806719 -0.850906949 0.974973323 -0.265718180 -0.822985163 -0.825534166 -1.159934251
44.043810466 -24.128753927 -6.072217295 0.923524721 -0.265876417 0.064667534 0.268756266 0.149916628 -0.871740706 1.002168586 -0.413702760 1.270282344 0.427315028 0.482812389 -1.033496327 1.928286571 -1.338030762 -0.947002643 1.300269997 0.804611052 0.144948425 -0.129654444 -0.970689094 1.561614821 -0.407244675 -0.278508604 0.279135713
39.167452292 -12.353225646 -15.993282312 0.071773955 0.971514378 -0.224141867 -0.027726101 -0.708708831 -0.923847799 -0.947668891 1.759448346 0.701567789 -0.038576201 -1.302715448 0.136350302 -1.313363485 0.912505789 0.482463159 -1.682808759 0.018974381 0.036048432 -0.340915507 1.199734103 2.058186424 -0.658013610 -1.787783956 1.238490034
36.937969873 -16.418473424 -5.609589051 0.212499767 -0.655147308 0.132136659 0.712857459 1.714467763 -0.457584336 -1.078727026 0.103649967 0.575992599 0.160133683 0.161203084 0.146852579 -0.389448740 -0.845357891 0.445872739 -1.062804398 0.683436481 1.207248242 -0.579512595 -1.031866466 1.345523687 -0.656964889 0.970825641 -0.902512105
29.255384035 -21.066777765 -5.565239896 0.284129417 0.699823297 -0.632801214 -0.170529910 -0.448415278 0.875652904 -0.309322979 1.563631852 -0.602148256 0.602455192 -0.211880634 0.514833026 0.112135512 -0.551529628 -0.269543343 1.235816706 1.404071966 0.500548141 -0.168212552 0.822297996 -1.746887604 -0.241360489 -0.734283495 0.517857083
38.941413853 -13.885807351 -6.329653413 -0.548298013 -0.701221600 -0.077069733 -0.449130062 0.486998977 1.094594382 -0.421448109 -0.447530743 1.430188026 -0.431991155 0.179358127 0.251244388 1.653862302 -0.987926079 -0.179337627 0.151345929 -0.159968344 1.442280754 0.055693711 1.185826233 -2.168754894 -0.638549591 0.828661176 -2.047131660
31.140197973 -14.580891389 -3.736699878 -0.185611765 0.626569855 0.581730941 0.484301147 0.614794159 -1.479823204 0.449658582 1.461606595 -0.337347915 0.490344040 1.258702536 -0.465283789 2.071665621 0.084880537 -0.298126057 0.360553135 -0.224044373 -2.770365920 -0.927170800 -0.713126955 0.465523337 0.740534231 -0.477737905 1.436723509
29.153631531 -22.926850465 -12.623817196 -0.941798787 0.040798492 -0.023857525 0.332838317 -0.500090780 0.066595814 0.268715727 0.659797488 1.554349181 -0.395293596 0.047841652 -1.251082230 -0.326918612 0.338890526 0.151103006 -0.547212412 -0.150049487 -0.703522496 -0.070986465 -0.784871378 0.495821152 0.043673595 0.646660507 1.657420919
37.522089017 -14.904649266 -3.488280828 -0.275935500 0.802713386 -0.445167126 -0.285196512 0.044147011 -0.944065297 0.772396760 -0.456562991 -1.323980617 0.744690088 0.908680977 -0.537449983 0.127862895 -1.955030914 1.375875483 -0.466560943 -0.009465276 3.841715036 1.076495254 1.469374100 0.933659438 1.557622863 -0.308164741 -0.361118384
37.346528812 -20.499804761 -14.209966098 0.473658354 0.375578858 0.713937733 -0.353385340 -0.293194549 0.395313243 1.082090878 -0.565342821 -0.193838937 -2.306066477 -1.307524999 0.183120188 1.581342874 1.286858236 1.566993289 0.655624953 -0.503131042 -0.512058508 -1.307930811 -0.317479876 0.814464545 -0.099101343 -0.783192720 -0.008228556
37.723473923 -18.987772826 -4.273471254 -0.138547356 -0.217720986 -0.528762935 0.808586397 0.855968001 -1.576861019 0.390708578 1.341122844 0.072460662 -2.455851234 -1.909811338 0.415415222 -0.119024387 0.304083072 -0.278304371 1.323698134 0.812827109 0.185601691 0.781639230 -0.508944732 0.168101773 0.215898325 -0.522237808 -1.191859203
33.941343418 -20.098911691 -17.753806224 0.724454755 0.634002504 0.061895423 0.263391515 -0.350537135 -2.292633583 0.244949938 -3.078033728 1.695875472 -0.441624738 -0.139192041 -1.534716651 -1.014661538 0.173768840 2.204373059 0.535287671 -0.315446453 -0.413418013 1.677601258 2.389788036 -0.588114967 -0.849900554 1.319501620 0.859509680
41.584332500 -11.056316732 -6.815019749 -0.905581092 -0.192301843 -0.182725553 -0.330989817 -1.121101242 -0.131496444 -0.319518608 0.018021211 1.001005051 1.005818744 -0.548790471 0.138081582 0.084006589 1.061732784 0.043528469 -1.013189994 2.433484454 0.247593140 -0.145984753 1.161026095 0.616602127 1.691582006 1.218776415 -0.932561093
35.425639037 -25.346142977 -12.235856080 0.668023806 0.054275896 0.381857611 0.636382815 -0.474686486 0.697572190 1.183496552 -0.237859196 -2.341820160 -0.230103865 -1.860513844 -0.204023152 1.835335554 -0.580503882 0.943019426 1.026595829 2.378421373 -1.347659319 -0.405350501 -0.231703597 2.681937886 -0.007716849 -0.339155858 -0.546698808
33.933777162 -18.898475551 -14.471942605 0.870769592 -0.099420808 -0.384839809 0.289437631 -1.842524999 -1.079645084 0.493348035 -0.445170970 -1.456162069 -0.774115969 0.468465740 -0.012866052 1.008051502 -0.935679442 2.449272017 -0.786465940 -0.495431705 0.530400160 -0.041036341 -2.008366725 1.510945717 1.100593749 -0.145149103 0.394235860
37.695609604 -22.682937694 -17.011471450 -0.574252399 0.241138739 0.041341580 0.781266385 -0.829607341 -0.597854828 -0.235347990 1.555516533 -0.171851521 -0.559917971 -0.270845102 -1.338945677 0.185625147 0.219241090 -0.896866827 0.588246999 0.590963726 -0.077819819 0.334776075 -0.857874884 -0.577553488 0.296895690 -0.012925064 -1.998332599
40.013960530 -13.069080453 -9.550450010 0.416087485 -0.155207896 0.826881291 0.345034846 -0.132679994 -1.025179267 -1.561856420 -0.274515317 -0.085685141 0.157026413 0.491833460 -0.676835146 1.929155494 -1.310400648 -0.558714822 0.446192702 0.915975176 0.137777247 0.557076471 -0.550510582 1.615186531 -0.102075991 -0.510769855 1.157842184
34.766924780 -20.622397582 -6.702566777 -0.496660465 0.182279811 -0.058440606 -0.846573770 -0.257945420 -1.450524658 1.895378244 -0.294559736 -2.548335517 0.014085925 -0.590104419 -0.049145212 -1.022306429 0.871246485 1.590315424 0.398035896 1.333877536 -0.661794280 -0.925881519 -1.597630809 -0.116872224 1.210531616 2.057547755 -0.761512664
29.676566884 -13.059246075 -7.330738800 0.010565084 -0.277310730 -0.652051364 -0.705560881 -0.264108128 1.063390955 2.124659589 -0.168102683 0.656784915 0.636902920 -1.323988170 0.248148041 0.002770653 -0.237617376 0.607960322 0.111331700 -0.870733252 0.114064473 -0.008458081 0.388228434 -0.907908713 -0.640091215 -1.072079354 0.906999397
34.501321641 -17.562350945 -14.597413990 0.836095308 -0.265463583 -0.386422075 0.284871377 2.152001044 -1.850476065 -0.746565501 0.453228953 -0.308929256 -1.107256502 0.077229250 -0.994173617 0.325078265 -0.135942977 0.385505305 1.553082327 -0.458220336 1.180660870 0.150400050 -2.158629720 0.517175556 1.473242867 -1.181252055 -0.859564363
34.643810014 -13.855022095 -3.461890845 -0.087893847 -0.709497174 -0.075369600 -0.695131538 1.966276658 0.555779157 0.790075066 0.396923621 -1.261797423 -1.203792919 -0.058211051 -0.642785539 0.459408777 -1.147535690 0.794068612 1.664243721 1.087310480 0.722033971 0.410226290 1.162592495 3.113271620 0.913829253 -1.155088950 -2.074369535
34.622962868 -25.050021788 -16.050264944 -0.023470543 0.308194250 -0.656462081 -0.688130056 0.209908422 -1.194065346 0.327440555 -1.551200334 0.772677988 1.244838315 1.292132588 1.187153794 -1.076925650 -0.876140656 0.114801508 2.201082978 -0.452620566 -0.801207533 -0.309980332 -1.228701014 -0.913192110 -1.338650929 -0.746185562 -0.060271855
34.154101351 -13.696181864 -16.999344720 0.781497663 0.300298951 0.477097807 0.267319333 -0.734757938 0.173253914 0.543486734 -0.143021612 -0.030882697 -0.392202755 -0.662752907 -0.168891119 0.278505641 0.279956470 0.543099196 -0.585730984 0.431646302 -0.440106746 -2.322621216 -0.001281024 0.037914844 1.447197237 0.121045861 -0.685412910
37.194816177 -24.148734612 -14.637229201 -0.257443325 -0.518768507 -0.655695985 0.484422281 0.783367310 -1.357516642 -1.087866299 -0.383036114 -1.635667600 -0.120516783 0.013512727 0.710090431 -0.231925645 -0.357022033 -0.113035832 -0.311556474 -0.501147463 0.683167825 -0.386224197 0.211196655 0.252499292 -0.189247934 -0.353838338 -0.252239265
33.843567799 -23.903297687 -16.010385836 0.656986984 -0.408353305 0.278124920 0.569440260 -2.064489609 -0.633218974 0.904267609 -0.630783352 -0.701017753 0.209759440 0.053596499 0.598414771 -0.793775082 0.326428396 -0.085342203 -0.336293605 -0.906228178 1.537147299 0.887294845 0.911091394 -0.461889351 -0.895945841 0.786396118 0.070908725
39.385101676 -21.038205987 -1.688934069 0.702384411 0.029953356 -0.707554012 -0.071597869 -0.523230059 1.374545505 -1.348899316 -0.407128711 -0.608162500 -1.036756338 -2.045617834 0.920091416 -2.125831990 -0.012202577 1.077005115 1.335795863 0.518214665 -0.620223501 0.695287426 1.101512160 0.748847919 -0.904269474 0.277852349 0.052175938
38.019357222 -23.889833804 -2.707819366 0.366969970 0.020345390 0.926761032 0.077673007 1.721375946 -0.300463700 1.196266216 0.083284619 -0.936329961 0.542767937 -1.761916615 -0.182707871 0.412361490 -1.063890144 0.608273711 0.132497283 -0.934525663 -0.638964144 -1.514870570 1.282440084 1.023329757 -2.478702364 2.607279619 1.631563136
35.455042307 -18.395322555 -3.413727754 0.405946511 0.037321969 -0.515522657 -0.753691509 -0.104177485 0.512648189 0.765077063 1.183139845 0.096587974 0.188345589 -0.631570694 -0.036419328 -0.318307038 0.219331113 -0.977406820 -0.482269900 -0.914173406 2.219770340 -0.172398522 0.180487293 1.318343927 0.483323343 0.356386890 1.435761303
36.708224321 -17.096580006 -8.930582159 -0.508055207 -0.250814155 0.821966920 -0.057814774 1.589293269 0.501441542 -0.579126722 -0.213320562 -0.267475456 1.641095545 0.797689069 2.046023253 -0.272712102 -1.370920301 0.061090304 0.234226649 0.419144781 -0.327672021 0.082095340 1.706485325 1.593109866 0.128012474 0.380148673 -0.935383163
41.698069437 -19.601930153 -5.749205149 0.468616873 0.134029808 0.691304763 0.533415374 -0.320778531 -0.060215111 -1.266346688 -0.056802502 -2.070411335 1.597097057 0.512673637 -0.456223303 -1.307546440 1.078633289 -1.275244594 -0.883119279 -1.781608977 1.388896892 -0.570608348 0.110806114 0.903916603 -0.124998320 -1.817152700 -0.372707874
39.387933933 -18.155401902 -1.941029242 -0.591469839 -0.014854549 0.267282004 -0.760593914 -1.388853981 3.147181117 -0.145279588 -0.471809686 1.257141178 2.380580866 0.125216713 -0.113666571 1.384941633 1.941371949 0.299844125 -0.608513762 0.279041124 -0.385387678 -0.284610226 -0.853918405 -1.313319726 -1.481279276 2.028727263 -0.100137765
39.974214081 -23.756510201 -5.580668078 -0.630174890 0.232333210 -0.135351623 -0.728409793 0.534083948 -0.305841260 0.496833751 -0.126002379 -0.149076551 1.771737982 1.290590107 -1.129399559 1.929349067 -0.817452118 0.117522754 -0.696551239 0.749456649 0.008762219 1.250457616 0.196455709 -0.062861103 0.173011807 0.664548012 0.457477656
34.227057301 -17.093159082 -18.046437124 0.407167931 -0.626070453 0.199108982 0.634512157 -0.844997471 -0.010158491 2.468665783 1.561399402 0.015656596 0.476182466 0.088884030 0.277642206 0.044740596 -0.901105960 0.945114976 -0.443094986 0.190625463 0.499247123 0.628264040 0.435826401 -0.499738108 1.038021049 -0.030895791 -1.118985304
28.014978875 -16.961694988 -7.623881147 -0.414166122 0.424736282 -0.759466450 -0.266976078 0.258410357 -0.971723477 0.233668338 0.142035005 -0.429887335 0.259744132 1.410709993 -1.653242927 -1.172618027 -1.308942480 -1.081628788 -0.054186356 0.389680389 0.278344881 -1.213647917 0.809867001 -0.079428255 -0.904337158 0.681735421 0.681633101
38.968579644 -10.571211415 -8.891407664 -0.208487183 0.838269541 0.210176645 0.457889778 -0.999962358 1.581991455 -0.572688675 0.559436916 0.664341717 -0.152857288 1.155935303 1.014777005 -0.502776928 0.555115334 -1.295737144 0.734019445 -1.059770770 -0.360722739 1.476126852 0.054533247 -0.687036824 0.833637117 0.733810862 0.371537838
33.154185266 -26.119662108 -10.638556359 -0.726383163 0.462612183 -0.410806351 0.299325260 -2.004152870 1.591476780 1.000516531 -0.292591407 -0.962777448 -0.336037468 0.005677060 1.680421316 -0.508073402 0.324610069 -0.346340366 -1.694836031 0.844201613 0.185241605 -1.108539844 0.678961926 -0.884025621 -1.519587495 0.234848536 0.240808756
32.758603012 -12.868873053 -15.615708292 0.473609990 -0.061729361 0.872670451 -0.101633394 -0.543025178 -0.485514593 1.703164431 0.406874353 1.289290802 -0.764267943 -1.080227533 0.747022905 0.576359194 0.335260728 0.321050705 0.226920163 -1.319540837 -0.275880977 1.247251339 1.923721964 -0.815655797 0.708355472 -2.187511316 0.555292677
35.243453156 -25.952889280 -3.577723429 -0.110135685 0.103952070 -0.637796172 -0.755168949 -1.326589013 -0.435126588 -0.438881639 -1.971354365 -2.488109497 0.836681638 -0.993443028 -1.566292098 0.389423114 0.225421357 -0.576152435 0.261866132 -0.994751511 2.032784784 2.018802004 0.541220024 -1.446148622 1.445839517 -1.098774052 -0.415841549
34.033979815 -24.165679194 -13.585406794 -0.819515613 -0.367016415 0.326571535 -0.295032445 0.543183596 1.665672012 0.582863545 0.357379771 -0.517217174 -0.141979799 1.071477223 -0.001389460 0.180516128 0.797370068 -0.062595265 -0.222343133 -3.634659967 -1.545095981 -0.612854606 0.096830213 1.242956234 -0.588429721 -1.656200831 -0.213436795
34.313317302 -23.014679560 -5.113325998 0.049917400 -0.808559392 0.495127928 -0.313987734 0.271739108 -0.830977973 1.116417510 1.001235569 0.299539567 1.274126020 0.479337637 -0.015158238 0.227410623 -0.726357943 0.513737395 1.081837401 -0.768967839 -0.858583287 0.973104950 -0.949648647 -0.237483910 0.080373991 0.514194516 0.926550785
35.581000462 -24.879026938 -10.624693485 0.622431086 0.588797945 0.388820884 0.338695798 0.761446571 0.694811476 0.904898246 1.979075303 0.040800911 -0.753745019 -0.759352331 0.428178963 0.792718193 1.268075555 -0.572126532 -1.602338253 0.504940666 -0.137053896 1.344459391 2.093849792 -0.369289140 1.681261641 0.149778948 1.113739130
35.461862695 -25.004333029 -4.644227121 -0.686968198 -0.307180876 -0.657935534 0.028903930 -0.336209737 0.847055137 -0.325037407 -1.693559897 -0.675725125 -0.447664053 -1.009744061 0.402311552 -0.968547764 -0.121617749 -0.816679566 1.440776686 1.208807327 1.958106618 1.474694060 -1.160086921 -0.523917058 0.228092478 1.070434526 0.986939170
37.885524888 -16.552133218 -8.643744524 0.328211767 -0.196121439 0.046233496 -0.922862872 0.163997530 1.318936141 0.418232785 -0.888805849 -0.056489065 0.433190238 -1.684999784 -2.032887852 -1.151118867 -0.695822222 0.137291764 -0.892923210 -1.232750221 -1.156317851 -0.345113194 -0.275465220 -1.160445951 -0.882001049 0.949560071 0.665302352
36.947420522 -14.510026494 -6.511977915 0.328439332 -0.944476140 -0.004391707 -0.008552154 -1.236140998 -1.065823945 -0.226248931 1.945978564 -1.423160819 -0.381920087 0.272265752 0.914117806 -0.733909608 1.607206500 0.155162541 -0.196293014 -0.395999646 -0.919343166 0.226452692 -0.235845440 0.173310849 -1.840628113 0.329121464 0.092142175
33.524607604 -16.332272277 -14.014825924 0.426711756 -0.020128111 -0.737760467 0.522705872 -0.182042145 -0.109710993 -1.343068097 0.171696856 -0.409628949 -1.391515557 -0.952197896 -1.394516183 -0.350898547 0.354589606 -0.882699270 -0.076164018 0.396644808 -0.836021809 -0.602367247 1.151223611 1.842045756 -1.829340326 -0.974106412 -1.091120467
43.315538676 -17.763206681 -4.551833415 -0.777905931 -0.531052332 0.333507458 0.040231322 0.777856956 1.227813403 0.981736597 -0.171219201 0.941722711 0.458253308 -0.514406383 -1.413294366 -1.362709610 -1.064686247 1.122587371 -1.231468839 0.599900441 -1.215416355 0.316571597 0.769464859 1.815093284 0.609422072 -1.296535703 0.157557587
37.587257056 -21.911169056 -16.132726283 -0.986862540 -0.103338333 0.063487541 -0.106737283 -0.847665464 0.490581398 -1.906412319 0.985768593 -0.113243604 1.282561233 1.081320851 -0.797910366 0.148836967 -0.090398768 0.792944472 -0.140630325 0.255956481 -0.822785560 0.185041996 -0.458739072 -0.094474721 -0.072713519 0.060767897 2.615648844
37.243542603 -24.178561197 -10.650923059 0.207143035 0.076919885 0.810290209 0.542775158 0.087148174 -0.792063221 -0.174088592 -0.430813050 0.567895695 -1.537667570 -0.700459770 -0.338835240 -1.467076386 0.760767264 -0.001617882 -0.628457428 0.422917266 1.205631743 -0.409823504 -0.681518579 -0.490025590 1.104110497 -0.751505751 -0.502954152
32.880090266 -24.971088884 -15.161398819 0.294834208 0.266767827 -0.917417024 -0.015928614 0.042453886 0.788573431 -1.872931186 -0.043412758 -1.540663283 0.903458492 0.429879690 -0.474515607 -0.244918481 -1.126184600 1.404738029 1.291975836 -0.505599641 1.434518472 1.612934375 0.104970502 1.458467804 0.371981487 -0.366160836 0.152802442
31.905654020 -13.792613427 -12.977521115 -0.625627519 -0.082373032 -0.774424408 0.045516223 0.356938126 -0.718927981 -0.311819505 1.058864578 0.775931798 0.127813794 -1.066985393 0.522873134 1.379833633 -0.327423930 -0.066591405 -1.101105497 -1.546082684 1.504366530 -1.424956684 -0.548214570 -0.850164277 0.152296314 0.235808914 1.159664692
32.982329050 -27.457471989 -7.757202829 -0.220032804 -0.721651337 -0.085700656 -0.650738281 0.675572230 -1.570386265 -1.744858497 -0.928597933 -1.702120717 0.126360857 -1.069906328 -0.581701276 -0.760357711 -0.121369640 0.764293083 -0.517542038 1.205011453 0.246168490 -0.481350953 0.853787032 1.754116103 1.216164304 0.747811435 -0.896932862
42.706465833 -21.780379258 -9.449389690 0.115590630 0.647042809 -0.578159491 -0.483431498 0.533342919 0.237983859 0.790565544 0.779825116 -0.213167455 1.491395153 -0.053960573 1.799512269 1.722146213 0.477465795 0.046368002 -2.905909446 -0.423191158 0.358572480 0.032906251 1.793075105 0.223550031 1.546542852 0.485797246 0.697244497
39.098665518 -24.708805548 -7.118932438 -0.466158196 0.418258908 -0.506404299 -0.592714693 0.716031503 1.627626009 -0.221273940 -0.045150757 -1.799110399 0.707055469 -0.156697866 0.676720459 -0.267786354 0.951951464 -1.124135419 -0.433490652 0.016693980 -1.444653754 1.057452623 0.697469267 -0.470476161 1.527028101 -0.241276545 -1.023614966
45.942928674 -16.121658888 -8.162246161 -0.595204374 0.178454810 -0.188236591 0.760560727 0.427343734 0.136191045 -0.737314850 0.929694208 0.910566226 -0.364213236 0.959805207 0.886604675 0.450178250 0.483717978 1.426519235 0.193248050 -2.522832648 -0.220428488 0.187526279 -0.727989454 0.059434594 -0.471589190 1.237134650 -0.349295351
32.971109876 -13.471700756 -15.089201610 -0.031755190 -0.569159426 -0.098627748 -0.815672559 0.437028612 -0.817634508 1.189535100 -1.178601986 0.961826726 -0.470678336 -1.991278643 -0.634975260 -1.148412670 1.466032942 -0.589595569 0.046016347 1.668581221 0.251934488 -1.230506974 -0.111772709 0.967694788 -0.610914286 0.166087650 1.842259312
32.669497813 -26.942981856 -11.559533783 0.010246559 0.720078625 0.237604421 0.651863422 -0.813916614 -1.388506031 1.543982602 1.133550193 0.448410777 1.187385425 0.548095268 -0.358671043 -0.200558455 0.121903606 0.633039207 -0.487184227 0.917060643 0.974998140 1.834050528 0.539588013 -1.696475540 -1.475135975 -0.042492853 -1.089352471
36.276045673 -15.431319518 -14.744380344 -0.272582853 -0.317091977 -0.212605419 0.883147894 -0.985667646 -0.525617545 0.300767439 -0.566640470 0.696660389 2.297139310 -1.124464742 0.434254231 1.322571669 0.832139073 -0.189356721 -0.157913683 -1.271212329 -0.810035903 -1.563899392 -2.204657975 1.110890852 -0.563044130 0.585301983 -0.360804547
36.065894710 -11.154807358 -9.874132987 -0.764851473 -0.311096598 -0.505994730 0.249380159 -0.878083025 -0.120331781 -0.630658316 1.547161556 -1.177017221 1.492291367 -0.288680253 -0.256338695 -0.212447116 0.376134061 -1.934285266 -0.895458718 -0.925152137 -0.122239144 -0.353538979 1.291238938 1.356985198 -1.207719726 0.652591707 1.531791665
42.400493527 -21.467883955 -8.928154584 0.868745684 -0.066741324 -0.488957498 -0.041798295 -1.551031087 -0.067546921 -2.091374316 0.255014266 -0.194715715 -0.604315261 -0.002920533 1.062477078 0.517293381 -1.205650838 0.681540483 -1.354474688 1.831060014 0.029256399 0.648954091 0.217485059 -0.423709777 -1.062985454 0.468743381 0.748290422
40.292495871 -23.954399505 -7.242272348 -0.352175013 0.433729818 -0.817840525 -0.137797247 0.137034158 0.438163549 -0.063455217 0.370300189 -0.122443327 -0.382601410 2.235719656 1.632140231 -0.714200948 -0.326921447 0.123654956 -2.617855622 0.267119316 0.003649105 0.534851029 1.343672097 -0.524726115 -0.397305338 0.745434333 -0.971898843
39.837367992 -17.232719613 -0.830168270 -0.337391480 0.584152159 -0.086767940 -0.733078828 0.026324377 -0.903006070 -0.410849246 -0.003455508 -1.599802420 2.306742415 1.175262445 -0.652111293 0.276687145 1.296350723 -0.402160873 -0.485756435 0.741907564 0.830577484 1.413545989 -1.059360434 -0.137112398 -0.369128451 1.089647600 -0.512491074
33.216377363 -18.862109464 -2.832236614 -0.385311945 -0.429056482 -0.816960019 -0.004644205 0.421723778 -0.141272895 -0.731548396 -0.305117719 -1.233820769 -0.440424028 -0.148274771 -2.043733301 -0.156374186 -0.177986821 -0.999173985 -0.608481980 0.913621755 -0.280763323 1.397100845 -0.187547571 0.684842757 0.891005676 -0.675382016 -0.537156165
38.305342933 -19.504646740 -12.381280127 -0.084570115 0.164512548 0.890853664 -0.414925615 -0.565742037 0.253842398 0.476237628 0.694658684 0.074652999 -1.492609834 -0.496880724 -0.837638695 -0.587717332 -0.598028159 -0.255757007 -0.275710339 0.019008614 -0.039664036 -0.660778467 -1.101768135 0.885655199 -0.505322964 -1.119710852 0.058869033
37.832104700 -22.362961261 -13.233101995 -0.360780891 0.141829734 -0.325473645 -0.862431668 -0.125046048 -1.271355517 -1.095893429 -2.497552134 -2.006567020 -0.385063393 -1.245892332 0.577626918 -2.422713522 0.008778631 0.339328064 -2.518480991 0.298097102 -1.391654039 0.165146133 0.140692172 -0.300916317 1.258382411 0.426313696 -1.290122076
39.691066298 -15.471360447 -15.077947234 -0.062660242 -0.555691229 -0.816271898 0.144848684 -0.478902954 0.304156081 1.395066821 2.058330800 0.679241081 0.134494956 0.438778601 1.651668388 -0.629834888 -0.438594771 -0.877857624 -1.679139140 -0.137993224 -1.777311714 0.367141472 -1.442378110 -1.895589468 -1.282928816 1.261511846 0.691081858
37.964601063 -18.475387292 -1.964630953 0.534322738 -0.195729262 0.735873132 0.366987739 -1.427173375 -0.667539474 -1.249817198 -1.058771949 0.668088117 -0.190709077 1.061708789 0.207126075 0.224558467 -0.222843655 -0.425968262 -0.125181624 1.592295009 0.625569794 -0.917955582 0.897479728 -2.265954048 0.911161934 -2.131363511 0.456016136
33.950271321 -15.292914697 -1.709517189 -0.377321979 -0.635876509 0.520365680 -0.427210425 -1.677056250 -1.306892566 0.360147761 0.515058491 -1.819996501 -1.402724422 0.629455086 0.995646741 0.409292606 -1.582756815 0.697790341 -0.339556698 -1.203458779 -0.680186840 1.335278991 -1.334995652 0.208374136 0.922845795 1.078765566 -1.489078836
42.056081724 -17.500040234 -11.555637696 0.147545593 0.703889349 -0.678517917 0.149611223 -0.506093248 -0.510456361 0.196531844 -1.218846627 -0.473615986 0.753766041 -0.328661800 -0.768255340 1.219391729 0.319745272 1.388387705 -1.043841493 -0.581328576 0.615580778 -0.487457048 1.045623328 1.634389447 1.013814908 1.224890891 1.360600574
35.666464840 -15.145200807 -7.004890211 0.970942576 -0.167516970 0.112479430 -0.128673842 -3.195562785 -0.629789934 -0.639010983 -0.340873825 -0.099030017 -1.566450514 -1.426737343 -0.484722106 -0.790074673 0.442987008 0.018170410 1.147819626 -2.285307989 0.959733800 1.146551809 1.057849342 -0.312966657 0.797197813 -0.845423781 0.429792006
36.682617743 -15.567821144 -17.729508496 -0.162029464 -0.905218579 0.362428676 -0.151562636 -0.704444150 -0.928025614 -2.248540886 -0.940699015 -0.331442866 -0.859203153 -0.219458365 -1.314382917 -0.169925743 0.206836737 -0.670164742 0.537131749 1.392172164 1.016275217 -0.328171746 -0.207071162 -1.204012603 -0.876175001 -0.833820125 -0.963572278
33.284121560 -19.418541389 -12.735549831 0.394786393 0.481812480 0.152390422 0.767318446 0.179389027 0.692470346 0.372419201 0.779774141 -0.074795323 -0.969340168 1.122292813 -0.916120617 -0.515644511 0.759547024 -0.478881890 -0.021428662 0.649121977 -0.379382013 -1.116670631 -1.193417605 -0.404849214 -0.342875297 -1.061917606 -0.677746358
36.632531927 -16.576408572 -5.522850197 0.531052008 -0.014481551 0.815793833 0.228592371 -0.926016657 0.538623725 -0.090957606 1.197808575 1.993202877 -0.156910000 -0.846848936 0.360261958 1.308006086 -0.642279225 -1.082103811 0.802934664 -0.474791492 -0.078867606 -0.180298851 -0.207127715 0.762039276 1.954982619 -0.486736897 0.385498811
35.222544915 -14.772417889 -8.840914923 -0.698829325 0.339236504 -0.541514721 0.321431137 -0.303543340 0.241044338 -0.034723403 -0.865890993 1.281848893 -0.821430264 -0.793505314 -0.245699060 0.025120538 -0.147124435 1.529827764 -0.869803713 -0.872650572 0.390260462 0.201695540 -0.381615883 0.668465298 -0.938611933 0.584738172 1.297107810
40.465420890 -15.051754549 -8.432137584 0.496236368 0.204345994 -0.309175036 0.785113354 -1.428408029 -1.447571351 2.079324570 -0.193613395 -1.438192348 -0.159660030 0.659908687 -0.155908910 -0.882429132 -0.624407953 0.148855453 0.565605194 -3.341296993 0.562692114 2.893165499 -0.870644157 0.423786754 0.525859684 0.606151512 0.448238679
40.328737422 -22.235788313 -17.844477331 0.318363251 0.430992992 0.528284095 0.658639352 1.543807384 -1.376802451 0.238564244 0.772308129 -1.083755994 0.720726273 -1.667160728 -0.248809903 -0.319613596 -1.479382058 -1.217604713 1.180115223 -1.578483469 -1.335586316 -0.502955985 0.198302704 0.969148373 0.831453199 1.508853683 -0.704707448
36.266746814 -23.257787069 -17.604370012 -0.379802735 0.534797314 -0.195429997 0.729073955 -1.157012517 -0.180432342 -0.940928662 -0.088188516 0.209390045 1.002367839 -0.982219812 -0.953436684 -1.728985282 0.060692305 0.297689496 0.348591561 -1.083150353 0.326064780 -0.628642989 0.158568350 0.033604060 2.010081709 1.339092741 1.006306991
33.345449923 -12.354660921 -9.056541034 -0.234074199 0.455383907 0.512542991 0.689299971 -0.533203487 2.114410360 -0.186197516 -0.167941601 1.885003745 -1.195742997 1.614455167 1.041960262 0.134152163 0.874233373 -1.981558758 1.806080241 -2.010406931 0.715286412 1.309097360 0.093044377 0.098165999 -0.168925401 -0.867994934 -0.369795350
38.225067590 -12.062411042 -7.358113064 0.339907489 -0.483083029 0.798038343 -0.119283231 2.494545438 -1.605747316 -0.171948520 1.304590411 0.238162388 -0.338525811 0.592456987 0.520231480 1.473645685 -0.389276314 0.368434319 -1.159905053 -2.011432348 0.040322280 0.092699198 -1.138256614 0.808399774 0.245606953 -0.077402558 -2.293283340
34.283911617 -14.623165605 -9.522090211 0.358866617 0.759136168 -0.442350771 0.315044164 1.628493019 1.118125397 -0.540046256 -1.968474576 -0.283038845 2.055146351 0.710876461 0.519151927 -0.783634782 -0.520511162 -1.696523663 -0.555536906 -1.301491604 -1.996379435 1.601359251 -0.473076181 -0.708105448 1.514712809 0.154569274 0.065118395
37.127182680 -23.367213178 -5.226261662 -0.168169395 0.751071928 -0.622408236 -0.142190020 1.872453756 0.436864722 0.130658755 -0.581685806 0.786141294 -0.623253073 -0.325142695 -0.810047987 0.837196958 -0.475621809 0.093657861 -0.798127341 2.321232738 1.812590171 0.572926942 0.077227561 -0.411549097 -0.497463029 0.043587206 0.357188561
36.972276842 -9.851272035 -7.871434369 0.054330168 0.863349306 0.455429296 -0.210381477 -0.949003139 -0.786677303 -0.531885464 -1.098933938 -0.684508561 -0.190690420 0.723532147 1.098357706 -1.208363510 -1.391889559 0.722029115 -0.696827535 0.377658443 -0.324105212 -2.263560071 -0.475247022 -0.670823954 -1.525231009 -0.302892949 -1.310419956
43.629315585 -22.594421611 -8.087573789 0.221916561 0.421017551 -0.483778314 0.734476552 -1.236306217 1.113195393 -0.022913980 -0.844849087 -0.637755919 1.127052182 -0.153919909 -0.560409192 -0.814804303 -0.929386127 0.990043658 0.579931004 -0.239945560 0.639471790 -0.127975510 1.679387498 -0.173822050 0.485743828 -0.760640230 -0.681906802
34.267663616 -23.475291967 -1.378982812 -0.718085311 0.211058066 -0.611720203 -0.256137406 0.277871868 1.163645074 -0.507446885 -0.957111893 1.156330502 0.765448250 0.825166299 -0.595579554 -2.202710710 -2.989446385 -0.827535958 0.220099912 -1.474535655 0.420437266 0.621931604 -0.560493811 -0.966379589 -0.011848885 0.436517363 2.577755888
41.186219173 -15.284346273 -1.474181040 -0.304224657 0.383323912 0.477802824 -0.729530396 -1.604299412 -0.458229227 -1.265403129 1.820602687 -1.037782882 -1.190773747 1.584574722 0.220843483 -1.198306891 -0.193997115 -0.274246819 -0.818378456 0.458523201 0.428087833 0.927167046 -1.059990365 -0.177583500 0.506189490 -0.223415391 2.142493668
34.860656530 -17.774133661 -3.198280195 0.937834247 -0.127133213 -0.309974716 -0.090662815 1.038682868 0.832189637 0.154699191 0.232350630 -1.555376702 -0.673367379 -0.639477144 0.381316126 0.861331573 -1.024890309 -0.635505552 1.047158303 0.953653039 -1.273311385 -0.979671999 1.086977195 0.249112107 -1.341386428 0.360589088 1.513086181
36.398288310 -24.468268046 -1.579410091 0.016806780 -0.745152361 -0.481201479 0.461422396 -0.636214998 -0.123554975 0.343062908 0.147736476 0.492581767 -0.252560743 0.199627054 0.087997106 0.553782134 -0.689885432 -0.357140753 -1.529931211 -0.223730506 0.525051466 -1.691475011 0.108807686 -0.214713891 1.572866792 1.618394606 -0.486905392
35.749289946 -9.792187897 -5.514006681 0.735221349 0.648989229 -0.106687722 -0.163952062 1.084712332 -0.050336302 -1.214153455 -0.136265702 -0.692076557 0.127462744 0.535869993 1.299085943 0.488442237 0.493530119 -0.488893245 0.444064749 0.085181474 -0.174998980 0.792708711 -0.014490778 0.427545940 0.787039015 1.642422689 0.542142705
45.710584678 -19.099369760 -13.283637249 0.334957391 -0.289419930 0.590886951 -0.674457012 -0.543269110 1.244485681 -0.338072385 -1.458151107 -1.198164901 -0.498617064 0.776494104 -0.191802537 0.173591515 0.330485387 0.905172061 -0.647205377 -1.823225128 -0.716380636 0.557780983 -0.883423324 -0.230349953 -0.540268145 0.430528284 -0.527032909
39.504500886 -18.987344110 0.086213343 -0.462608417 -0.576334876 0.666806696 -0.095918686 -1.129951149 0.591086157 2.339923918 0.777417166 -0.557124534 -0.418576457 -1.126494111 -0.348442491 -0.537276402 -0.264944700 -0.718845815 0.630097792 -0.913452926 -1.514935816 0.700774243 -0.695448232 2.873924253 -1.678962691 0.321952769 -1.052955280
33.121090424 -13.192047703 -3.211614530 -0.631709382 0.475187608 0.429480495 0.436676653 1.617041303 -1.479325114 1.816773781 -0.268522764 -0.192578050 -1.479510600 0.068063621 0.852163981 -1.107556987 0.854662260 -0.183173549 0.511160851 -1.548849413 0.177706779 -0.138556130 2.754205836 0.478876739 0.417095308 1.740411137 -0.758665105
32.872927508 -13.204972494 -6.727854452 -0.623282504 0.398920909 -0.040409853 -0.671377742 2.694486615 0.122371733 -0.380722454 0.810355890 1.746774717 -2.199844555 -1.003708462 -0.646434265 1.132763224 1.434090453 1.480789383 -0.187618230 -0.066373688 0.842206758 0.704635112 -1.008613353 -1.107135059 -0.279849331 -2.821289236 1.074011822
41.534481257 -12.211994149 -10.348342063 0.024528413 0.074198552 -0.963487794 -0.256094127 -0.414223694 0.637678710 0.250531610 -0.598022566 -0.679669514 0.054343056 0.859586097 0.039908293 0.115941831 1.118547538 -0.160384072 -0.276719544 1.139526573 -0.230586091 -0.894211244 0.162481927 -1.220453456 -1.981237441 2.519621692 -1.689370266
40.899336296 -27.588707918 -9.997053776 0.427798195 -0.487156456 -0.592575396 -0.478039425 -0.088645068 -1.473363554 0.783086096 -0.258085774 -1.172495866 1.268646700 0.696932485 -1.763844239 -1.173749413 0.742690168 -0.039586666 1.347933750 -0.924407518 1.055141102 -1.207108189 -1.233615945 0.550242137 0.671954762 -0.162014921 -0.002667223
41.577268160 -23.627104073 -16.471224045 -0.548437842 0.233576629 -0.781350463 0.184795415 0.246631587 1.069265690 -1.889101639 -0.290119661 -2.159478555 -2.538804751 -1.145998002 0.377179072 0.876376739 -0.746279931 0.988745994 1.142857634 -0.464178981 -0.866334006 -0.901694314 -1.118304483 -0.255035363 0.724340346 -1.197325466 -0.806934575
34.978265018 -24.521656850 -15.556264124 -0.829119797 -0.125614392 0.537828840 -0.086726729 1.341824034 -0.558510892 0.346957543 0.770552938 0.033940813 -2.075955780 -0.444345561 -0.689819767 0.467466650 -0.809063929 -0.036361641 -0.551869617 0.077511669 1.257774587 -0.236579652 0.194326522 -0.218368473 0.519040979 -0.355591049 0.588180737
29.878075543 -14.287159407 -5.751945683 0.467307379 -0.285225255 -0.776577504 0.311765534 0.334053002 -0.907496414 -0.982548722 0.608085223 -0.799435344 0.534878639 -0.615357766 0.013154320 -0.545785418 -0.549996736 -1.053618434 -0.321938612 -0.032327843 -0.407063032 -0.232497691 -0.634819091 -0.058744364 -0.423405804 -2.497448512 -0.306297338
34.563537930 -10.974208350 -4.522907455 0.381017143 0.310991128 -0.021221525 0.870436730 1.398566427 -1.030658078 -0.010254454 0.361171503 -0.974758753 1.243533865 -0.276968488 1.789148390 0.920151256 0.887344963 2.073157587 1.979985409 1.001899717 0.082178032 0.740958839 -0.496166313 0.380768079 -0.602160517 0.405511267 1.697815136
40.790857075 -11.036226277 -9.059944956 -0.269443405 0.519576894 -0.075315041 -0.807321341 -0.936400113 -1.366404835 -0.177865232 -1.303252396 -0.042591885 1.256570588 0.200169717 -0.168312911 0.762555542 -0.904275704 -1.090518906 1.795817810 0.016226114 1.130702230 -1.001917163 0.330061219 0.583912250 -1.075525087 -0.371767321 -0.824478997
30.939630087 -22.573565523 -5.854424585 -0.792857366 -0.045374023 0.207094271 -0.571340842 0.449873058 0.209449801 0.802505681 0.947886271 -0.160723987 1.953342676 -0.584323189 -1.578134137 0.341931680 0.176814713 -1.747777733 -1.219316635 -0.520064359 -0.260668689 -2.386978903 -0.178864967 -1.974890735 0.798528315 0.617777940 -0.840882884
34.342206860 -13.871151257 -12.205765449 -0.383367049 0.105082299 0.811214668 -0.428856828 0.247854411 -1.232422409 -0.679371519 1.306757032 0.346492861 1.949092777 0.269704962 0.497817013 0.134415423 0.384198396 -0.229488585 0.250312670 -1.160541930 -1.574759537 -0.286265501 -1.092337042 0.515618207 -0.268914511 0.472751120 -0.135851281
45.096888111 -15.723754952 -5.452666776 0.363541558 0.112303690 0.924399446 0.026666114 -1.332805483 -1.204753773 1.067191150 -0.291748514 -0.260238643 1.133905371 -0.199718402 0.355599783 1.789602359 0.003079335 -2.077975081 0.583548426 -0.231144695 0.408228190 -0.670969934 -0.558634080 -0.092793556 0.320806388 0.303363302 0.034100975
41.932921669 -15.623518691 -13.352814428 -0.364041753 0.263826345 0.892532124 0.035435428 -0.554806678 -0.955100046 -0.210295231 1.249608667 0.514362981 0.466816828 -1.426135693 -0.624412941 0.970473876 2.050560666 -1.137681390 1.181251540 -0.453277092 -0.131745877 -0.212613091 -0.192039658 -0.454435742 0.533880845 -0.420450152 0.275275402
37.391033505 -14.284946849 -8.909409935 0.542828404 -0.165059401 0.710275700 -0.416654711 -0.141581300 0.595222690 1.059849333 -0.245571542 -0.297719746 1.124457815 -0.653817952 0.986219453 -0.778501703 -1.022629831 -0.018489481 -0.507856788 -0.871630283 1.181413993 0.608362919 -1.730125019 -2.090171254 -0.263292927 0.638902084 0.255734616
35.683206755 -15.410320894 -12.848645250 0.489593453 -0.839184105 -0.236779449 -0.001944524 -0.491764827 -0.728524602 -0.792175853 -0.860145853 -0.152976937 -0.612172052 -1.358211844 -0.848462420 0.640294605 0.947393141 -1.009079888 -0.231740787 -0.965577408 0.040053446 -3.184792233 0.339283212 1.132767416 0.289621554 0.385337825 -1.873865832
29.235377156 -23.582858341 -12.480729918 0.388499341 -0.888749458 -0.242919979 -0.013511012 -2.257570662 0.685364433 0.426583308 0.069510687 1.169003231 0.239629748 -1.018539390 0.321248834 0.031390209 0.682010949 -0.109703662 -0.403099375 0.266162946 -0.067432018 -1.627541244 -0.762748083 -2.058660778 -0.477240080 0.242005396 -0.371495599
37.396684925 -17.739736759 -0.939185048 -0.814941052 -0.379720853 -0.296587901 -0.322053990 -2.029705306 0.055899896 1.029493104 -0.467437615 1.104468596 0.476858575 0.534650570 1.415885477 -0.885416576 -1.909339433 -0.622529063 -0.732789053 -0.136264616 0.872566415 -1.248898208 0.326373195 0.493072406 0.680850284 -0.218567667 -0.422832922
37.823623707 -18.151528478 -18.035840844 -0.731601287 0.481401452 0.099668957 -0.472311653 0.261270392 0.468889127 -0.167684357 1.159300876 2.747786278 -0.418123856 0.873405176 1.597082788 0.956547190 -0.179411698 -0.267180230 0.679630642 -0.333800826 0.180154041 2.921646090 2.211687576 0.277603306 0.518007769 0.008645641 -0.587355596
38.230411139 -11.246258213 -4.302675145 -0.201839515 0.734029364 -0.344654850 -0.549249249 -1.118217885 1.196752984 1.903413085 2.243116892 -0.341762057 -0.219156139 0.287993082 -1.374003853 0.183764898 -0.326619960 1.454983745 1.005253850 2.138953657 -1.536561954 -1.682590336 0.677001893 0.067274984 1.359271096 0.910395381 0.293125352
35.409947318 -19.419790059 -9.235628188 0.943494895 0.306622439 -0.062778310 0.108898795 0.199272519 0.090148106 0.824140445 0.809408118 0.393396917 -0.509780510 -0.179091333 1.031409597 0.112802789 1.243136904 0.366588930 -0.239634414 -0.446432484 -0.513671462 -0.626710608 -0.143797872 0.857400260 -2.410374101 1.208291277 0.163216214
39.724768679 -21.627239353 -17.154017106 -0.203503320 -0.736731898 0.437946414 -0.473302703 0.837230491 0.532239429 -0.320232556 -0.477946315 0.823912644 0.318294211 0.195723056 0.888013127 -0.940954854 -0.325704087 -1.324444824 -0.047975992 0.354193592 -1.033585732 -0.378258395 -0.116445664 1.699828157 -0.316937378 1.218166996 -0.085009029
37.905551223 -26.268673495 -12.696563778 -0.149740475 0.338211016 -0.853981633 -0.365932328 -0.021765186 -0.796870008 -1.611161901 -1.303821676 0.066042780 0.073910826 -0.315654182 0.079043796 -0.210826094 -1.175215985 -1.646020159 -0.338524354 -0.011436677 -1.418248889 0.099792161 -1.197630892 0.982291684 0.738396789 0.236505655 1.069936641
32.308436970 -12.487079676 -8.918122427 -0.203443656 -0.336328158 0.240400218 -0.887525653 0.605065466 1.713690952 0.587231848 0.683752100 0.034732199 -0.364243801 0.296951959 0.405414737 0.278226421 -0.005477399 0.503575413 1.159673307 -0.714608196 1.787122749 -1.059070106 -0.728517274 -0.286287736 0.076372212 1.368970082 -0.357286480
44.324857359 -17.180683636 -3.870939877 0.034649381 -0.253137344 0.583531689 -0.770851266 -0.484462538 0.151048038 -1.274843371 -0.351582881 -0.562963704 -0.023400724 0.439843277 -0.661082725 -1.103290263 -0.234545910 0.174972664 -0.621964154 -0.180835216 2.102431384 1.351702413 -1.081432636 0.937487046 -0.671857696 -1.812755015 0.482671062
40.827847710 -24.200621256 -4.278785347 0.191926505 0.927002832 0.036598580 0.320141392 1.231683999 0.365116949 -1.218106207 -1.816352101 1.026993407 0.392745077 -0.137531874 -1.226605771 0.852044508 0.885296075 -0.545958672 0.944807651 0.309441410 0.113661291 1.310959754 0.499382430 -1.464186228 -0.202224845 -2.090729090 -0.907827656
42.121464981 -23.400662309 -14.584992829 -0.405510627 -0.091972702 0.841254834 -0.345532136 0.349666037 1.862121720 0.353616058 0.873962027 -1.045816919 1.199872838 0.964165805 -0.694941922 -0.859634818 -2.607461484 0.175645917 2.277727743 0.359095938 -1.755358699 -0.052395218 1.127171571 0.725686300 0.755389246 -0.640445707 -1.467736985
36.004856474 -21.393923233 -16.191711680 -0.240113729 -0.823508250 0.453689196 0.241548487 1.161866438 -0.341857334 -1.067973341 2.183629740 -1.153391030 0.091538158 -0.199119572 -1.278680035 -0.364011114 -0.426382672 1.609747393 -1.437779302 -1.486584416 -0.330920132 0.575573732 -1.259303459 0.318639779 -1.219873086 -2.197838835 0.574610240
35.222390716 -15.586495736 -7.643070039 0.083906520 -0.726985201 0.680790114 0.031257536 0.535407693 0.031532255 -1.387854733 -0.289704897 -0.225018472 0.382919089 0.890066508 0.826058448 -0.554919401 -1.876464399 -0.046873957 0.757671615 -1.339676664 -0.311659047 1.430881611 -0.312422825 -0.858291864 -1.080954108 0.082044184 -1.747278566
39.073911490 -10.646015083 -5.288048898 0.575594458 0.045972657 -0.785118364 -0.223979216 -0.835361830 0.557287607 0.625513889 -0.432683903 0.318471819 -0.345769274 -0.905924407 0.533804792 0.331773510 -0.223194073 1.673663596 -0.921235215 -0.950185838 1.501087400 0.945904212 1.698211333 0.252810956 -0.392457434 -1.092312374 0.299432783
38.324672616 -11.733495288 -2.933295151 0.298097166 0.444256128 -0.789803307 0.299975512 0.320314588 2.056587646 -1.945129465 -2.470371091 -0.181971164 -0.193797142 0.415606225 0.609968733 0.227098942 1.487609215 -1.959924646 -1.091116426 -0.273410627 -0.034447464 0.056431295 0.831747209 1.747885482 -0.532672629 1.260601905 1.082233262
37.515788128 -17.314802530 -18.575336593 0.634341881 0.144140980 0.718582639 -0.245912072 0.416290091 -0.337402312 0.800944911 -0.434860696 1.647920567 -0.034584505 -1.300359343 0.656787136 -0.079015364 -0.906097398 -1.843607972 1.073062235 -1.606084913 1.739630760 -1.149883939 1.329252615 -0.453380159 -1.687484605 0.372569859 0.162285008
29.061520156 -16.276848182 -5.596274675 -0.758487063 0.334469527 -0.211559274 -0.517754946 -2.244594374 -0.490937298 0.736983358 0.352039982 -0.353939543 0.645376196 -0.019292360 -1.384885544 -1.282855775 -0.040776036 0.023620953 0.975944459 -0.037950552 -0.444588935 -0.776054413 -0.323580815 1.155582421 0.238848936 1.402387830 1.214743594
43.202306736 -25.887775395 -9.228419729 0.810269631 0.576379322 -0.004955243 0.105950213 0.494668035 1.205627828 -0.707844805 1.775852271 -0.806208901 0.148153710 0.620826380 -0.566794727 -0.029089976 1.767329796 0.926820026 -0.166630034 1.868629193 0.092767331 -0.931046204 0.233519030 0.371962318 -0.739261586 -0.279267713 -1.201852630
42.132486472 -22.067452522 -10.859580913 0.768389380 -0.271473735 -0.441046747 0.375975450 -1.869668675 -0.053034511 0.697389863 1.254155842 1.368745284 -1.119372734 -0.808966562 2.020517884 0.338399005 0.427764666 -0.807530485 0.938596081 0.156168735 -1.330987430 -0.182407281 0.295093763 0.419669291 -0.370105380 -1.132602386 -1.276024047
31.897538759 -21.293368836 -13.964360598 -0.624702151 -0.446883834 0.131801625 0.626634178 -1.770316443 1.173050908 1.414223839 -1.446499778 0.038458458 -0.111967537 -2.293079133 -3.124718984 0.136624864 0.029108494 -0.149486365 0.686928651 1.441539962 2.814913851 1.667447801 1.796203286 2.138521487 -0.194400201 0.553353381 -1.842114269
36.349171570 -24.447916499 -9.378724575 0.682412892 -0.220837682 0.164003097 0.677234337 -0.445795692 0.263358428 0.370025859 -0.257576992 0.400035226 -0.877252070 0.538228158 0.607119023 0.171754092 -0.980338017 0.028794232 -1.433710207 0.479782363 1.404323631 3.104179361 1.590917763 -0.966195548 -0.393461609 0.146620130 -1.314099047
32.412979904 -12.436766801 -8.839332706 0.978820275 -0.068798490 0.192241537 0.014860328 0.725157576 -0.282723807 -0.075794899 -0.156369506 0.849159965 -0.014834933 2.039295503 1.108511426 -0.199565537 0.645263044 -1.356699192 -0.804901398 -2.339192924 -0.503269033 0.677710692 0.250423753 -0.263394101 0.274789702 -0.193199428 -0.645227453
31.596882768 -21.230732552 -14.047954615 0.843585427 -0.311542798 -0.406584262 -0.161226392 0.561583763 0.641411905 -0.309353848 -0.933547111 -0.174856714 1.388949102 0.556708414 -0.690537461 -0.522988774 0.325882649 1.444996504 -0.320149472 0.376028360 0.863161532 0.434522912 -1.495654512 1.414769533 -1.394585762 2.059123601 -1.036022509
35.050989374 -18.967213622 -0.828825408 -0.797656673 0.116586510 0.559090335 0.193828314 0.562853537 -0.447467166 1.018413145 -0.644036027 1.286882064 -0.569245350 -0.634587447 -1.443362581 1.229104307 -1.427224823 -0.547180583 0.924661749 -0.893404265 3.017592502 -1.189984197 -0.252314554 -0.321633458 -0.279657611 -0.532418852 -0.477785671
29.928793766 -19.229602978 -12.372080609 0.179526512 -0.298361340 -0.696970168 -0.626883822 0.971434898 -0.646011556 0.273641780 -0.501865684 -0.599337604 -0.965301552 1.432469419 0.220463150 0.987694152 0.811235874 0.262066953 -1.494967208 -0.973737509 1.079250174 -1.234016148 -1.556713289 -0.858921766 -0.997222788 1.445423086 -0.031909877
37.487784823 -22.325880234 -12.164615336 0.678659545 0.085560767 -0.591102221 0.427432733 0.862718104 2.754454342 0.197756619 -0.196060095 0.617608587 0.301424464 0.345601314 -0.233827070 -1.534440768 0.359853531 0.840325724 -0.979227465 -0.033518272 0.220694145 0.587420560 0.472404660 2.311820666 0.430510938 -1.269701929 -0.491312833
34.098308196 -27.594234968 -7.899215175 -0.447665143 -0.550222509 0.546569429 -0.445098832 0.038437185 -0.488621687 -0.427539380 -0.055471873 0.601082471 0.594195157 0.479630608 0.605322617 0.449349677 0.470729527 -0.703233053 -0.878109754 -0.037986432 -0.599335983 0.007904500 1.484027445 -0.760660329 -0.308953721 -0.712416731 -1.432448789
34.947545081 -11.107171118 -9.715306991 0.419797719 -0.751016255 0.141806074 0.489525789 -0.604473471 1.846864633 -1.085985958 0.513828041 -0.825709067 1.649182241 0.099709130 1.330106308 0.077741592 -2.037128824 -0.371069469 -1.900652319 -0.685147086 -0.692326378 -0.829527638 -2.212651291 -0.984407521 -2.141970561 1.290834109 0.767419790
27.850178151 -19.414678719 -12.481235353 -0.531785438 0.273768251 -0.757565142 0.261438804 -0.982840080 -0.218281622 -1.330538002 -0.307907032 -0.793814783 0.326045093 -1.503940125 -1.219858141 -1.352830433 -0.460444546 0.955131270 0.122020885 0.243895707 -1.223143781 0.948785219 -1.017247690 1.277534026 0.785181042 0.403161334 0.159790821
35.150422483 -19.637946054 -0.865564631 -0.743296309 -0.619972718 -0.216515826 -0.127535576 0.862794172 -1.235447810 0.709963303 0.342263007 1.127187532 -1.656527617 -2.315862648 0.469198694 -0.736242542 -0.250623374 -0.903315663 -1.816757411 0.291211988 -0.763002624 0.356416943 0.724718785 0.745667059 -0.053734734 -0.897468099 -1.053139924
40.371435798 -17.446007150 -7.426057224 -0.541476623 -0.143113310 -0.503145997 0.658153290 -0.562550992 1.225633908 -0.257180100 -0.566705579 0.095457313 -1.978353057 0.772962023 0.938576128 -0.781134195 1.337495491 -1.059031828 0.695719529 0.748194441 -0.779238499 -0.402423151 -0.085199045 -0.690401494 0.330900297 1.081351848 0.375371817
38.941635378 -14.399898928 -2.247275484 0.509282376 0.859930738 -0.032182443 -0.010718082 -1.541555380 -1.186032054 -0.067911338 -0.394637871 0.371364742 -1.358415584 -1.263494143 0.696979282 0.033578499 1.119193989 1.190103019 -0.687247420 -1.445084605 -0.014927768 0.852526010 0.173811809 0.057578192 -1.650243532 -0.819859258 -0.178583717
36.597436726 -16.672032688 -13.459970950 -0.181177399 0.780909721 -0.500014088 0.327628859 2.245542205 1.040751035 0.279498686 0.079134187 -0.623138266 -0.263856166 -0.132117999 0.389014094 -0.171067499 -1.142485629 -1.736931639 1.195923015 -0.084216655 0.098859360 -0.721010624 -0.558688596 -1.178591400 0.058911454 0.708329163 -1.169526914
32.071762483 -24.064009673 -3.378738895 -0.014689845 0.690406035 -0.126508894 -0.712123034 1.470210242 -0.196872490 -0.385060140 -0.009479540 0.661356401 -0.813781878 0.521078229 -0.078650078 0.369447048 -1.362922400 -0.215527117 0.100093599 0.824787115 -0.100486802 -1.954307160 -1.969286840 -1.008049179 0.985975295 0.443153814 1.859924629
42.392734185 -12.581068918 -13.659727078 -0.969318257 -0.036197783 0.233160377 0.068906277 -0.180549343 -0.826895126 0.898995784 0.568063105 -0.551612650 2.895212442 0.148318455 0.094483095 -1.319104095 -0.918879128 -0.996588272 -0.561518963 -0.989895130 1.001191345 -1.167124317 0.880691944 0.338287442 -0.556557961 -0.057186213 -0.425310346
37.029547082 -22.732296506 -11.401628764 -0.428922262 -0.434579606 -0.748714076 0.258057148 -1.386690875 -0.670660581 -1.813805280 0.003838642 1.048316999 -0.512563625 -0.548556758 0.478850934 -0.273459806 0.281038983 0.633670377 -0.687926661 0.918348018 -0.977187967 -1.316527741 -0.368783131 -0.973354689 0.542519144 -1.935768008 -0.592946032
31.816725900 -15.573517820 -17.330125306 -0.312661731 -0.150819200 -0.812678909 0.468026925 -0.495340873 -0.808039802 -1.150069091 -1.076951859 0.777298140 0.327161046 -0.264549001 -1.332839849 0.751176657 -1.936424964 0.510302296 -0.498771269 0.666282291 2.447302633 2.369814300 2.185807183 -0.741667637 -1.694019846 -1.051642366 0.101673817
30.673602847 -19.852940326 -8.933141412 -0.312718827 0.670948044 -0.524910168 0.420124950 0.667515715 -1.115901337 -0.454414230 -3.016454548 0.517612699 1.319805158 -0.786662752 -0.426892214 -0.662621100 1.465258200 0.226433335 0.063127853 1.231709683 -0.999608275 -0.383927406 -2.108779526 -0.508987478 -1.075340911 1.507420308 0.194600234
42.381536082 -20.401266134 -4.260159571 0.706567475 0.593057963 -0.221860697 -0.315946969 -1.365899297 0.539872800 -0.028257669 -0.524972038 0.473386048 -0.056390829 -1.543138133 0.196416563 -1.438162174 1.001639174 -0.517438550 -1.759705811 0.580344356 1.449712478 -0.315596807 -0.718721809 -0.012313246 -1.299486299 -1.070538539 -1.758966120
36.885287133 -13.789303452 -13.251769201 -0.186056787 0.592771697 0.393736573 0.677477748 0.423348855 0.380937710 2.309591227 -0.315031759 -1.237251677 -0.225661258 -0.581812373 -0.061723984 0.756854388 -1.256587650 0.250008467 -0.123238577 0.160616816 -0.245144853 -1.048122389 -1.594255184 0.031029155 -1.484704305 -0.244941272 1.479097222
37.079253026 -10.288495247 -4.533186834 0.224014969 0.734989861 -0.537071841 -0.348081938 0.295999360 0.216399861 -1.623359066 -1.110582335 -0.746112887 -0.526877026 -0.686393971 1.625716787 0.811458523 -1.093613173 -0.562646470 0.168760454 1.730533433 0.329442500 0.767771458 -0.665249766 -0.907070984 0.022928026 -0.792477949 0.487277704
45.414694889 -17.910652806 -8.584542033 0.517804345 0.739414460 0.391016988 0.179584610 0.219658937 -0.727070923 -0.147314164 1.362713692 1.216954944 0.407415147 1.791391060 0.213890187 -0.405167455 -0.173883548 -1.373697228 0.293698829 0.709962572 -0.084018151 2.443382501 0.282494727 1.621065004 2.080975556 0.683734091 0.071751254
30.916628219 -12.181311790 -9.400804434 0.615453903 -0.620824651 0.158831345 0.458874547 0.396349728 0.867861037 -2.270630650 -0.558768167 -0.381916087 0.356313903 -1.119099546 -0.196880517 0.287494736 0.737692080 -0.970672433 0.735071117 -1.090052308 0.434562267 1.300461886 0.041939547 0.120898825 0.386433026 -0.826591812 -1.024334455
37.124412581 -25.426182280 -2.117945179 0.059082963 0.290363082 0.883953710 0.361696451 1.059216708 -0.179771753 1.198521871 -2.180131022 -1.870756822 -1.705007279 -1.888276417 0.651032315 -1.001156158 2.814345001 0.963955742 -0.351242285 1.693590442 0.860266478 0.569617258 0.942761043 -0.571750158 -0.321130848 -0.019275695 -0.736825445
31.897904783 -13.025652079 -4.385465105 -0.490026979 0.517782283 -0.700900299 0.022668001 -0.563347762 0.597750369 0.403722678 -0.807284884 -1.778665497 -1.200118993 -0.461048777 0.558908177 -0.368050574 -0.713022498 0.369390803 0.763557033 -1.451180417 0.638363550 -0.043491492 -0.432585981 -0.905681209 1.900812549 -0.060837145 0.991968171
42.294568457 -16.056390901 -2.547403756 -0.125652062 0.149425705 -0.768994924 -0.608712021 -0.176788235 -0.620911730 -0.067520585 0.137777864 -0.610288319 1.044264244 -0.841186949 0.760595480 0.519751198 0.632624995 0.911784707 1.637501152 -0.012637939 0.391501321 -1.561023920 -0.454058063 -0.745046032 -1.276119341 0.516511176 -0.360554358
36.212087966 -24.955765518 -11.130357556 -0.674736042 -0.676518182 -0.292433409 0.039206160 -0.584316148 -0.110922993 -0.715788981 0.186372333 -0.225808913 -0.128486660 0.041887334 0.305891803 0.225276617 -0.087528963 1.501414413 0.185351147 -1.085658652 -1.099780057 -1.319988381 -0.680692611 -0.976093999 -0.869423521 1.381657933 -0.246450312
37.525384528 -18.737149462 -16.281606336 0.574948728 0.768177034 -0.091469873 0.266404330 -0.089557850 1.004231140 -0.496183442 1.186422791 0.762279936 0.999828679 1.241058704 0.603591571 -0.560192380 -0.691303741 1.350346798 -0.309244787 0.061633416 0.504079990 0.265354280 1.142269371 -1.159215128 0.309396369 0.444710474 -1.625786768
37.486683909 -24.131878301 -9.578413475 0.371748786 0.698858557 0.150913903 0.592135585 -0.741168193 0.571774977 0.909806028 -0.331582697 0.187780194 0.446599719 -0.764237057 0.160108575 0.465835874 0.366618660 -0.767864001 0.960158053 -0.995931253 -1.166309842 -0.142368536 -0.656216797 0.996307224 0.735572042 1.028861462 -0.127490711
42.735009614 -24.009754467 -14.993433095 0.933812831 -0.289512342 -0.041833507 0.205976109 -0.007172555 1.652375620 1.155171930 -0.465221782 1.478962659 -0.097636588 -0.638915322 1.085397013 -0.243946607 -0.303698690 -1.303038333 -0.060960834 -0.170762110 1.195069703 -0.631847637 -1.518749568 -1.651168025 1.360845726 0.882788114 0.049140233
37.952546877 -26.850111661 -6.096130402 0.113003545 0.142067506 -0.133493165 0.974282607 0.589567036 0.154585402 1.191111421 0.441496755 0.182501632 -1.270480583 1.602168496 -0.784692439 1.758904232 -1.026193180 -1.329293385 -0.992742202 -0.859908735 0.553347303 1.223166458 -0.431724773 -2.021102274 -0.471885919 -1.275579153 -0.412240639
39.255607835 -9.954506336 -8.278224705 0.233961113 -0.434139535 -0.590081096 -0.639209952 1.572079267 -0.883287349 -0.007753788 0.370281935 1.643660836 1.937094093 0.692992061 1.479191614 -0.998771504 1.169167754 -0.905488405 0.643001795 -0.074290999 1.440823776 -0.270784898 -1.067433796 0.836466621 -1.527281206 -0.167281925 2.583800262
34.803600747 -21.089367030 -0.167563175 0.507843906 -0.337641245 0.754945980 -0.241142124 1.756821070 -1.207969677 -0.882290275 -0.473571193 -0.471633165 0.423838320 -0.592634879 2.131226832 0.635542739 0.370070506 -1.621538487 0.957018245 0.409816810 1.031809666 0.553766443 -0.079585037 0.762669400 -0.466847206 -0.039226536 -1.018167098
35.937769759 -25.297073380 -11.198087553 -0.482311887 0.418007569 -0.181842476 -0.748049617 1.353175782 1.490907018 0.537279560 0.610297120 1.009290772 0.536604944 -0.935598858 0.112239465 -0.233278866 -2.366919180 -1.538221719 -0.338220133 0.390118817 -0.445008363 -0.613541600 -0.231823259 -0.930063361 0.053356592 -1.941938035 -0.059192732
39.595296022 -10.764063255 -8.988666725 0.664072335 0.289599128 0.685926759 -0.068152475 0.960144906 -0.139338739 -0.925484016 0.315838987 -0.870304562 1.075962972 -1.476626403 0.042232394 -1.090916649 1.487619899 -1.367793298 1.473365151 -0.420794017 -1.018649287 -1.225045467 0.426885398 -0.773987222 -1.085965059 -0.066460158 -0.850568861
42.639918595 -19.864958277 -6.608177957 -0.212703092 0.644553135 0.530003787 0.508335162 1.201169525 0.607436814 0.746339406 -0.267359272 0.396587896 -0.939569488 -0.633818363 1.000710089 -1.194395566 1.442307258 0.616853039 0.342596541 0.238436255 0.844138945 -0.029368888 0.609766014 -1.117114896 1.586576427 -0.812557713 -0.333895444
32.673868019 -10.027259512 -8.056427908 -0.269792371 -0.113591861 0.320744717 -0.900795089 -0.303326022 0.600777706 -1.262656858 -1.368970837 0.725398066 -0.217883533 0.986169927 -1.205860276 0.873095928 -1.226683845 0.314392684 0.592727925 -0.425251494 0.145699844 0.493634741 -0.048951181 1.026627659 -0.953902659 1.682621839 -0.086081419
30.917265592 -12.032907350 -9.046266448 -0.017847937 -0.975536772 -0.202926325 -0.082646019 0.205362287 1.044696757 0.041870937 -0.150136727 -1.244848455 0.968617647 0.373773107 1.592919274 0.873931459 -1.950037638 -0.074182234 1.793815982 -2.140939057 0.540060493 0.620655758 -0.424067861 1.262806476 -1.550053734 0.693765402 -0.211260088
38.034420205 -25.347961243 -6.973481776 -0.354092888 0.430713345 0.811594667 -0.174408537 -1.038315648 -0.161390189 1.451175327 0.271633364 0.797859838 -0.617869747 1.019266971 -0.887687369 -0.396242493 0.913590374 -0.006259451 -1.243367633 -1.061259316 0.236826024 0.578418846 0.755721158 -0.195352413 0.086964280 0.177432352 -0.334259672
40.929126219 -17.217541008 -9.036303870 -0.008415157 -0.041893866 -0.994024263 0.100448267 -0.847359334 0.415565604 -1.782768409 0.172719737 -0.261872551 1.379040766 0.016938152 1.171452567 -0.137158599 -0.977898535 1.057927350 -0.876945170 -0.088208543 0.373372203 0.634765058 -1.742872021 1.099968358 -0.668702363 0.036945252 -0.796540042
27.709863101 -19.275973855 -12.358494703 0.063766512 -0.734220575 0.594789939 0.321059040 0.395037824 0.886803506 -0.170100380 -0.136038238 1.352299976 -1.075043056 -0.162501192 -0.086279918 0.906764822 -0.822123769 -1.192335171 0.107293756 0.388734573 0.589706849 -0.766912458 -0.413800762 1.062332573 -0.031428231 -0.443297990 -1.040662047
33.155347432 -18.667936618 -12.099177986 0.691874563 0.140010463 0.664169473 -0.246141364 1.126262263 1.465456048 0.644676208 -0.113194845 -0.400014502 1.380950764 1.043399176 1.016479111 -0.290035238 1.842464065 1.229463670 -0.175811168 0.479485957 0.567785140 0.075750560 0.743723822 -0.930987620 -0.170899790 1.800889831 0.718388335
44.750658153 -20.155584175 -12.690349215 0.956159381 -0.206742556 -0.172696557 0.114859277 -0.070017492 -2.079065613 -2.258777085 -1.480212969 -0.937958919 0.400239114 0.138356203 2.056322998 0.702723542 -0.906087250 -1.630144370 -0.303231698 -0.452141839 1.131902090 -0.455989300 0.313325307 2.854591374 0.313809588 0.874464707 -0.097747846
38.312137865 -17.464179868 -9.247283795 -0.664034024 0.719248691 0.129483899 0.158031818 1.441676555 -0.184166262 -1.775384824 0.271613781 -1.006376093 0.431737753 -0.680707167 0.864972274 -1.826532440 1.860682613 -1.361313001 -2.021967405 1.233994109 1.362484888 1.160952040 0.273114132 0.468704976 -0.028796956 -0.305882068 -0.506829690
35.145811147 -13.699342582 -16.039723136 -0.789657482 0.078358584 0.348917081 0.498555778 0.483559929 -0.914277627 -0.197526566 0.448115888 -0.437885036 -0.263939767 0.191070053 -1.109360881 0.007180237 0.028108400 0.663784778 0.021522088 0.382039047 -1.475294811 0.016269312 -0.521095851 0.015621430 -0.551679725 -0.274569279 -1.160997439
33.863394184 -20.127778353 -12.106419315 0.291085977 0.849461681 -0.439989592 0.009641870 0.667313077 0.111733564 0.279822235 -0.327085890 -0.300770333 -0.031789663 0.154964277 -0.279524615 1.601350109 0.841637930 -0.342961794 -0.595562584 0.673936629 -0.662897716 0.322663807 1.912612121 0.710287178 1.448820997 -0.615855335 -1.861484497
40.353572482 -23.545027256 -14.860617438 0.263702716 0.794980813 -0.468907634 -0.280342677 -0.125359709 -0.505600654 1.736484423 0.120644680 -1.352418783 -1.418988150 1.856135450 1.500245708 -0.624587031 0.442021420 -0.237852295 0.088570760 1.169189281 -0.133373490 -0.122784358 -0.514497325 -0.740308283 0.807154418 0.376331374 -1.443938273
37.356532483 -24.709337489 -5.365747023 -0.374214967 0.206725525 0.146065871 -0.892128061 0.463925655 -0.167707337 0.660791837 -0.260707642 1.052018623 -0.506199840 1.150443166 -1.050377971 0.557699724 0.758612023 -0.713180357 0.295810441 -0.490811135 0.539041868 -0.087122161 0.678310029 1.877911984 -0.251551993 0.314167434 0.138557131
38.804478124 -13.647866822 -9.806141176 -0.132440789 -0.887661570 0.440549259 0.020802054 -0.581338173 0.246848838 -1.064363315 1.194528720 0.276009145 -1.104874483 0.271715348 0.191060322 0.000499818 -1.059963280 0.245802520 -1.251376592 -1.094158876 1.820893258 -1.135436629 2.284133070 0.224614408 0.403598145 0.731295281 -0.489743294
32.048529340 -17.110474989 -10.378411283 -0.130578711 -0.155489312 -0.906139779 0.371056567 0.741285563 -1.455309886 1.161035671 -0.048174727 -0.406539148 0.779414675 -0.907905358 0.838438144 -1.861514623 -0.039358041 -1.972279915 1.128817664 0.151312647 0.637394210 -0.123548904 0.708123624 0.423501420 -0.646647867 0.080907537 -1.177149018
43.844696985 -17.518638271 -8.792940870 -0.740790560 0.255627388 -0.611300752 -0.110432673 0.647849812 -0.498451224 -1.487920278 -0.617978395 0.333676246 0.145044899 0.155478351 0.433258397 -0.141813602 0.008769024 0.879296547 0.776277656 -0.999013467 1.195769526 -0.116358392 0.746754886 -1.354109822 -2.102882190 -0.698757430 1.381120093
35.139244784 -11.817271348 -4.112369965 0.624418660 0.516812699 0.418357274 -0.409857491 0.484848855 -1.134463583 -0.449331229 2.073957851 0.952716947 -1.594415912 1.575258242 -0.941441394 0.871762983 1.503142774 0.510091518 -1.563611978 0.103560982 0.967278805 -1.429920731 1.565649528 -0.249590574 1.592298236 0.948016102 -1.297214709
39.225494472 -23.501833712 -2.922268158 -0.257315692 -0.849563498 -0.430615937 0.163096330 -1.199709989 1.239315991 -0.493917630 -0.606039648 1.390654990 -1.173410351 0.101119332 0.981951366 1.530393801 2.450385058 -2.361295000 0.358923768 1.089066754 0.793333166 -1.046742424 0.088093477 0.130871890 0.247028083 0.072850482 -1.113392713
