-15.428301585 5.235624181 -10.127863820 0.484035274 -0.111241739 -0.480061220 0.723101897 1.025484048 0.265380739 1.710461203 -0.802456482 0.893265200 -0.946638046 -2.248127692 -0.501805962 1.450877358 0.534169765 0.181913378 0.910076135 0.246194573 0.383348848 0.846233120 0.301892628 1.015390789 -0.557277007 0.987899937 -1.683266604
-15.203375928 10.389642695 -12.056510653 -0.566846252 0.782906979 0.060190099 0.249237119 -0.779654313 -0.513640237 1.082106315 -0.687509447 -0.020859849 1.148420468 -1.042607169 -1.122535101 -0.543099414 0.374835315 0.743691952 0.496111199 -1.422367353 1.919686966 -0.473401235 -0.400615931 -0.022790374 0.260607142 -0.698303016 0.473010159
-18.840336345 4.254004591 -15.954841395 0.231402805 0.547889021 -0.708592333 0.379693650 2.438684774 1.537463642 -1.337528468 0.691899175 -2.319005617 -2.191783042 0.445038879 -0.664529905 -0.776247688 -1.414102736 1.397933676 -0.002075044 -0.289089260 -1.818845045 -2.084288274 0.134079165 0.392684953 1.690216991 0.049485888 -0.554325765
-18.259300509 13.551898078 -16.807389348 0.917116310 0.129947051 -0.308947691 0.215784063 -0.950463177 -0.139530253 -1.776578262 0.280592326 -0.638190736 0.898974981 0.522931639 0.404091436 -0.087599468 -0.158131778 -0.430726125 -0.601449227 -0.615712317 -0.220535594 1.250257419 0.527271759 -0.023336230 -1.422855735 -0.352948054 -0.504760712
-20.206888941 8.191404948 -5.815240331 -0.491179263 0.292870736 -0.386848789 0.723406993 0.023427420 0.499663766 0.808679671 -0.671162574 -0.164901592 -0.012288969 2.474352823 0.323311693 1.305302133 -0.661305850 -0.102933298 -0.849777815 -1.473935580 1.192516007 1.321232037 1.011755312 0.540613179 -0.550601459 -0.114662211 2.512149618
-23.416159572 5.506404044 -5.141287923 0.242230898 0.561620479 -0.749496294 -0.253302062 -0.469601456 0.774260520 -1.427686823 -1.297337858 0.555601842 -1.111837681 -1.668369048 -1.974017401 -0.041763014 0.254486013 -0.800501993 1.510568056 -2.056308666 -1.456793469 1.195544591 0.209078142 -0.698088675 -0.097221068 0.461704706 -0.392266392
-29.805244507 8.070920072 -10.067251136 -0.721761881 0.567259872 0.274649470 0.286083370 0.927647757 -0.714898389 -2.087713580 -0.305006854 -1.593341009 -0.851159682 -1.686766143 0.068210970 -0.630173946 0.077797977 -1.615116568 1.200608002 -0.457143423 -0.908695411 0.202925512 1.242667030 0.894360855 -1.517378238 0.950417217 -0.075975753
-16.389142599 2.947628468 -19.153451750 -0.174264362 0.350416230 0.540130863 0.745049696 1.459742083 0.088154834 0.464169786 -0.317895470 -0.084400551 -1.007407664 -0.017099965 -0.793212699 0.224095266 2.125151347 -0.007547694 -0.745040869 -1.688221262 -0.833770647 0.405274111 1.596491715 -0.458277599 0.417870892 -0.173115351 -0.748187869
-25.715360483 -0.243846170 -18.300213224 -0.393647854 0.469903872 0.329607826 0.718046238 -0.475454957 -0.011475352 1.646268580 0.324232133 1.024952844 0.325275751 1.558737501 0.820373629 -1.004462087 -0.606445353 -0.649734563 -1.363817410 -0.375314620 0.284631234 0.263469240 -0.230547590 -0.635654353 -0.045551844 0.698986764 0.752877386
-27.538298563 2.274111232 -6.924809558 0.714182873 0.578046353 0.068590173 -0.388716639 0.170412025 -0.282400559 -0.366475741 -0.145724299 -0.295315253 -1.744176962 -0.660285849 -1.510966199 -1.964004684 0.613659865 -0.960847283 -1.827300797 -0.164932167 0.627400158 -0.148483897 -0.761237496 0.096410948 -1.082968506 -0.444669558 0.030867692
-26.294013189 10.868354064 -18.440655913 0.194855416 0.597645983 0.775611883 0.057243799 -1.885083908 0.949572597 2.035249808 -0.815295135 -0.952785175 -1.547744905 1.201737289 0.536145015 0.967315622 -0.598103056 -0.760701560 -0.669944209 -1.470580449 -0.402816492 -0.071628241 -0.965786121 0.776717350 1.509244446 0.041488962 -0.405438560
-24.216383851 -0.127679082 -6.237827140 -0.747210679 0.176488940 -0.263712183 -0.583938130 2.198066948 0.238495280 -1.499904532 0.015934366 -0.089258539 0.751604112 -0.270759791 0.246750584 -1.023966462 2.090471290 0.447808581 1.378611003 -0.237072487 0.953826939 0.069037205 -0.228332886 0.720377024 -0.455808050 1.822926012 -0.870574837
-20.480278288 -3.934252475 -11.868590929 0.055042538 0.472371677 0.805584731 0.353367456 2.644995959 -1.826976461 -0.656332764 -0.744912200 -0.030620276 0.719955254 -0.037220355 -1.080648860 0.045478934 0.753248988 0.151078618 -1.530821979 -0.286988753 1.478547942 0.032109113 0.533659890 -0.533989096 0.810538839 -2.069002848 -0.508426258
-13.943066413 10.706587028 -11.269992195 0.752598395 -0.178480994 -0.176466803 0.608768969 0.425619065 -1.554698285 2.266301338 -0.887502711 1.184064360 0.839807982 0.205236766 -0.042295678 0.480569429 -1.438625429 1.755946276 -0.896445221 0.999412927 -1.582240067 0.737269468 -0.496669115 0.446582360 0.101801209 -1.981852719 -1.062120226
-25.936800790 6.728107733 -13.351049437 0.225003493 0.140380518 -0.155775279 -0.951525512 0.034963306 -1.457610849 -1.513717415 0.897761555 0.235135107 0.763021884 -0.528872208 -1.016325453 -1.238807499 -0.047271573 -0.430730089 -1.191294929 -0.529272126 0.471484116 -0.673038471 1.428968249 0.280319819 -0.397773419 -0.042082774 -1.019174806
-15.922859704 6.353907526 -12.334068320 0.137995231 0.221844745 -0.877383317 0.402418613 -1.386248347 -0.347081301 0.875197951 -1.039205150 0.788629413 -0.118470924 -0.145949358 -0.729033387 -0.615350345 -1.525251436 -0.847873600 -0.626421568 -1.011594724 0.976383765 0.431694246 0.292959073 -1.749724250 -1.122198563 -0.704187819 -1.784752615
-21.758825441 2.222805809 -20.492555263 -0.114076569 -0.953154959 0.001679495 -0.280141644 -1.370739451 1.321658972 -0.091598070 -0.163151768 0.109568512 -0.191541248 -1.072090909 0.624423839 0.701268391 1.511669345 0.695161574 0.171364441 -1.023028022 0.347974205 0.654255908 -0.356176343 -0.184699436 -1.552328352 -0.570889749 -0.075843428
-24.243804568 -2.185632093 -10.689126310 0.554443827 0.164228277 0.177124540 -0.796396894 -0.365905131 1.407171084 -0.061544654 -0.863488039 -1.172626257 1.072448136 -0.388586436 -0.793737747 0.411123823 0.929465145 1.588588258 -1.330629353 -1.273958198 -0.035790694 1.528582528 -1.219287590 0.588948645 -1.072951920 0.727635399 1.119909313
-22.115441379 6.050312562 -5.794724718 0.569205535 -0.098018793 0.682636134 0.447666487 -0.343022792 0.683163396 -0.275258583 0.097960440 0.282159819 0.274455381 -0.393989260 1.784011219 -0.598598243 2.110713818 0.555972617 1.176704586 0.558821663 -1.187052693 0.174396197 -0.630256804 0.873332810 0.733982301 1.236001419 0.370680877
-21.533776935 0.798436618 -17.508356807 -0.148914537 0.247097155 0.952659826 -0.095951611 0.252233563 1.500620868 0.728952293 -1.260598877 -0.000753510 -0.105814281 -1.434427471 -0.803901639 -0.621399561 0.573941715 1.631911817 1.109942154 -0.818935182 -0.055336550 0.233916196 1.278751940 -0.434074056 -1.619582640 -1.312673007 0.940097607
-28.368111331 5.268034007 -17.596098551 -0.758271900 0.193531341 -0.620471114 0.050842323 -2.798963204 2.253097539 -0.096494059 0.132436227 0.805865813 -0.276709033 -0.356250116 0.008835344 -0.010591760 -0.062705182 -2.303793001 -0.827627893 -0.900771178 -1.095225072 1.693814700 -0.790114265 -0.227668794 0.420889950 0.403386290 -1.551180672
-13.550235756 8.184256320 -9.999158378 -0.947415229 -0.224114392 -0.192437165 0.123065269 -0.145079346 -0.621298217 0.927650983 -1.019440604 -0.177684146 1.345867805 1.112069701 -0.532071122 -1.288108947 1.479484926 0.882329310 -1.223620670 -0.756833854 -0.040477274 1.021687578 0.105886059 1.526845836 -2.743788567 1.296430873 -2.160787454
-15.276710937 -0.353796723 -15.653522976 -0.208752552 0.037086172 0.124888394 -0.969252226 -1.440273857 -1.450976476 -0.076633809 -0.892154602 1.393994981 0.583738891 0.061505204 0.504228832 0.758811293 0.924318830 -0.747090841 0.418791772 -0.594011916 -0.917500748 -0.817600927 1.489233137 -0.007157134 -0.260954416 0.284010612 0.539849144
-23.997971915 3.248565683 -3.038043003 -0.313195810 -0.429276713 0.089519426 0.842387180 0.567887480 -0.407348483 -0.931899698 0.056399589 -1.246695729 -1.211370601 -0.691723941 -0.114745709 0.614845852 1.177825423 -0.438118702 0.624616900 -1.024726200 -0.562387995 1.077063130 -0.804632358 -1.266001683 1.616030394 -0.279705797 0.166506533
-28.642898340 2.310886285 -8.669873817 0.262436055 -0.078225832 -0.960891301 -0.041181843 0.013438218 0.446200234 -1.654622565 2.070233747 1.187422237 1.010745846 0.120669344 -0.460117670 1.093607992 1.082399835 1.096193571 -0.398721554 -0.240840781 0.747781559 -0.500093498 -0.013005872 0.234254558 0.661542787 0.626950078 1.307602808
-26.801669666 6.531387430 -17.878445914 -0.580883792 0.527668026 0.376688435 0.492185227 -0.112597388 0.697803197 0.644674209 -1.194327519 -0.815108416 -0.002628034 0.260988951 0.002050581 -0.347811127 -0.495436647 1.711563910 -0.647138794 -0.962465163 0.332692612 1.051372230 1.159035899 0.480810373 -0.369669869 0.343353796 -0.672910362
-14.638923941 6.217022117 -7.223669760 -0.459175193 0.796328546 0.374893789 -0.120306428 1.571800352 0.774487032 0.843243623 -1.521162024 -1.289332380 -1.982144101 0.683327737 -0.868749583 0.708569455 1.301195069 1.680885065 -1.863150584 -0.824162036 1.031483253 -0.277620462 -0.679898484 -0.054241845 -0.590272731 -0.219109935 -0.009798085
-22.289740494 -4.092990393 -10.662518942 -0.038117920 0.818217319 0.014774743 0.573453703 -1.011271426 0.523134482 -1.915821768 0.923229644 -0.089972440 -0.406372237 0.106461498 -1.352131281 1.083776898 -0.146020372 0.632156533 -0.848716164 0.022283536 0.074200223 0.360920450 -0.710417835 1.762381361 -0.404761520 0.483745566 -0.084855068
-17.985261377 7.304634420 -15.074595522 -0.486948329 -0.209129097 0.826937329 0.187938817 -0.726571178 0.903217414 -0.587873862 0.433181532 1.183525851 -0.387258413 -0.065317169 -1.800802009 -0.104008899 -0.072611493 0.102631565 0.406707032 -2.151255589 0.325636502 -0.553843990 1.004255706 1.287307656 -0.198613106 -1.304765404 1.445722787
-25.668264500 1.582933624 -14.884723913 -0.885188829 0.360121291 0.009285371 -0.294392891 -1.361723513 1.224446914 0.943788068 -0.298370039 0.786974859 -0.791305762 0.734300848 0.021647629 0.880899404 0.206075770 -0.391752115 0.309087389 0.407796225 0.824564454 -1.108934279 -0.213780033 -0.066621256 -1.088019202 -1.318820835 -2.617335881
-18.427838004 5.625969352 -11.292333970 0.486828153 0.069920207 0.857125323 -0.153119867 0.258762235 0.376773149 3.291050504 -1.482808921 0.194508654 2.567091447 1.493053233 -0.455037362 -0.593094087 -0.215456555 -0.155411432 0.786498379 -1.202704950 -0.532968847 -1.211994763 0.839108707 -0.497082201 0.299388477 -0.660777623 -0.254093803
-24.436741213 0.213364057 -18.170276386 -0.815539595 -0.373199937 0.341236130 0.281380310 -1.145930205 0.681011807 -1.495764924 1.019217307 -0.253371584 1.863942804 -0.190164565 0.567796313 0.293247593 0.312111744 -0.212195491 1.321402474 1.289210545 -0.343122044 1.928336972 0.009334162 1.110869847 1.064754323 0.843911041 -0.701415553
-24.129758251 11.661744952 -9.200241133 0.955524817 0.011123432 0.090414835 0.280488415 -0.134000782 -0.256672394 0.572616621 1.800655792 0.954663707 0.997447961 -0.842302266 -1.222257447 -1.374616965 0.755447390 -0.095101980 0.076691490 -0.258208156 1.227486158 -0.474934055 0.581185975 -0.450259169 0.548552745 1.018969669 -1.091395727
-17.191780080 1.905424146 -16.041601139 0.317550395 0.873420028 -0.188121826 0.317662367 -1.934079948 -0.406265575 0.041765619 -1.105025400 0.862599844 1.434883897 0.392195166 -0.823813501 -0.247034326 -0.463757398 -1.177831960 -1.007627876 0.734201250 1.434992210 -0.343781440 0.104702820 -0.488993406 -0.510805962 -0.863801014 0.473909700
-28.186893219 11.322526470 -12.611582900 -0.217095448 0.695950977 0.585750961 0.354143496 -0.196063336 -0.619548752 -0.092320296 1.641852365 -0.474992805 -1.134525454 -0.100643082 -0.395706799 -1.173490548 0.834965339 0.461042645 0.441315579 0.394647064 0.363874849 0.625841798 -0.786452121 -1.443904648 0.671318474 0.861326495 0.946253563
-15.333045710 9.962424435 -7.448978797 -0.742977586 0.253377861 -0.619350211 0.013757994 -0.768057409 1.517469668 0.005157130 0.604559339 0.538250993 -0.580986449 -0.163805030 -0.051342721 -0.017847745 -0.764060690 -0.126736439 -0.556008657 0.776270390 -1.284158631 -1.038032472 -2.156405973 -0.038527231 -1.085738006 1.259648188 -0.274878982
-22.488036312 3.164655525 -10.073130511 -0.200995078 0.545958928 0.686011231 0.436942123 0.253830661 -0.538907304 0.771165753 -1.005284054 -0.074689532 0.827211797 1.922783543 -0.271696361 0.757761551 0.124649172 -1.358850385 -2.481745045 -1.833197260 -0.746415878 -0.580077994 0.886583118 1.239842216 -0.287163910 0.230655800 0.519703300
-26.452115068 0.304005677 -6.912378549 0.450566278 -0.063431093 0.137149172 0.879861711 -0.249764875 0.025701945 -1.609822537 0.789991924 -0.219838634 -0.284486175 0.722175353 -0.466920173 -0.781971275 -0.618149673 -0.130227402 0.434926122 0.287144089 1.038356452 -0.242369850 -0.276898494 1.883476016 -1.595678438 -0.956526294 -0.762355335
-23.806660802 7.753061308 -20.868701293 -0.189496395 -0.730234109 -0.485548704 0.441691882 0.665072833 -0.158325009 -0.736304069 -0.821543736 -1.117376794 -0.659392332 1.131771860 -0.316126165 -0.310520349 0.886677317 1.455538390 0.065112140 0.288707476 0.949754718 0.703373918 0.374853439 -1.065953677 1.276636949 -0.209276452 -0.661937889
-21.127000182 6.272244372 -12.911237623 0.528551910 0.610785679 -0.074732196 -0.584798112 0.451236684 -0.237899427 0.694851617 1.622129922 0.636180979 -0.049682535 0.422251024 0.501220671 -0.320049763 -1.959413058 0.093614574 -0.211206719 -0.417222338 -0.640982933 -0.037780613 -0.110678474 0.790980501 -0.078732251 -1.193145269 1.279714100
-16.045813520 1.922266393 -17.184987337 -0.173172875 0.496278700 -0.698808431 0.485165317 0.434493416 0.157876052 -2.360224962 0.574598044 -1.174438459 0.780599496 0.267319907 -0.512543784 -0.459074178 -0.155789764 -1.185600860 0.661107758 -0.510975404 0.267286332 -1.476867330 -0.472337863 0.897617004 -0.676866335 2.356456593 -1.429443438
-28.088021035 7.471485092 -12.107066170 0.580690711 -0.312664745 0.034919835 0.750879258 -0.735409004 1.284714175 -1.151265558 0.701643295 -1.210645794 -0.438141143 -0.505614204 0.893142361 -1.450103162 0.261164824 -0.183770551 -0.608161353 -1.651218032 0.991943611 1.131199752 -1.441169015 0.209446546 1.002141311 -0.027594450 -0.386758582
-13.790269312 7.338820627 -11.433478826 -0.247400924 -0.526982050 -0.810999332 0.057989522 -0.211290594 -0.810358552 -1.345042718 0.720557985 2.875588816 0.198798619 2.035592655 0.544313416 -0.043652008 -0.247373237 -1.536510731 -0.927461979 -0.973789486 -0.159105439 -0.946291768 -0.050578667 0.098161349 -1.034033675 0.482776809 -0.993873822
-26.770374326 11.924826107 -15.374408405 0.148438188 0.287402553 -0.649404033 0.688215286 -1.358451204 0.857393086 0.541264599 1.813979931 2.128814053 1.603214593 0.189829403 1.729213375 -0.489202933 0.374306791 -0.393025387 -0.182454316 1.322375212 1.097942240 0.947125055 0.110641757 0.813364878 2.127094639 -1.174607466 0.846752023
-21.481079091 3.525945339 -12.251552279 0.486117505 -0.701794468 0.296437590 0.428134386 0.563005929 -0.184722546 -0.597688334 -1.046115460 0.844752463 1.678905375 -0.851351640 0.153931352 -1.464257309 1.768810056 0.965692498 -0.180358733 -1.169520014 1.491940233 -0.530804011 -0.217680206 0.623372700 -0.066188071 -1.197399338 -0.154567537
-27.957201803 7.468001486 -13.292553944 -0.039349832 -0.885667990 -0.207724171 0.413393844 -0.963810388 0.143082972 -1.102149698 0.124790961 -0.294131558 0.179932746 -1.117428737 0.011625658 -0.091340766 -0.555545493 0.668077395 -0.743895367 1.497117450 -1.138984943 1.943849523 0.779996679 0.779332124 0.779782510 -0.543600472 -0.407809916
-22.818788675 12.691241971 -9.247259154 0.019579195 -0.774770510 0.286619580 -0.563202031 -0.629615330 -0.254022064 -0.355488141 0.238693150 0.563868296 -0.274425452 0.255718243 0.846037167 -2.440130387 -0.107513503 0.896333379 0.220675137 0.149647345 -1.208289743 0.492503388 -0.233658317 -0.757494219 -0.408440103 1.101404367 0.472608069
-16.389937543 7.696784272 -12.389477327 -0.775409144 0.532726872 0.116114035 -0.318528286 1.005641724 0.189633304 0.100482326 -0.043380384 0.704629050 0.583983194 1.612610746 -0.691835885 -1.518468233 -0.233474027 -0.493428742 0.817872412 -1.365491547 -0.032203957 0.857783555 1.429215564 -1.008079967 -2.001695224 1.446493182 0.374152873
-25.161294522 3.469607417 -3.993093991 -0.423987246 0.545208586 -0.649909971 -0.317174154 1.304102030 -0.530073078 -0.842112474 -0.536078237 0.012610169 1.501118526 1.696063328 -0.768860566 -0.858197823 2.618554640 -1.658913932 1.021949155 0.689070411 0.907305544 0.655301421 0.019222188 1.511445819 -1.892142237 -1.294109983 1.764061771
-13.914887494 8.595531813 -14.727465883 -0.398892523 -0.094235281 -0.905056071 -0.113481162 -1.111449751 -1.191979834 -0.915992300 -1.120650330 -0.916291720 0.657364686 0.793035449 0.161504425 -0.903387520 -0.278440726 -0.543680352 0.481357600 -1.343382487 0.224665762 -0.672413964 1.534059533 0.790443308 0.377615905 1.551290904 -1.400685780
-21.212838485 5.220924414 -9.270016811 -0.537489391 0.757687902 0.344002230 0.136662589 -1.126225264 -0.577996025 -0.212828369 -0.716421167 0.066749224 0.685264286 0.501914768 1.473329508 -0.204465772 0.905136240 -0.779241278 1.811614277 -1.373043851 1.500382193 1.177157587 0.797339963 0.363321967 -0.664625883 -1.548140561 -1.624893641
-22.319834067 0.442197601 -11.227202888 0.234804627 -0.318183921 0.746951316 -0.534499309 0.771673185 0.879203376 -0.795655717 0.130371583 0.650892116 1.423891403 0.984934378 -1.370876825 -1.340935132 0.090849578 -0.050069392 -1.943969620 -0.548247778 0.674814836 0.965263611 -0.157320273 1.821033744 1.518760835 1.312425298 1.111994079
-24.870044902 -2.204942684 -10.606760989 0.103271380 -0.761068263 -0.084928007 -0.634741959 -0.511130449 -0.637363852 -0.100607703 -0.002202988 -1.270667952 1.108969503 -0.060439455 -0.138018691 0.273155583 1.475344443 -0.969308439 -1.070818806 0.161087261 -2.108375983 -0.006929137 0.348285894 1.011889665 0.461309668 1.072556126 1.979385078
-27.893682382 3.937752116 -9.994197581 0.769813382 0.568786669 0.289074062 -0.017471952 0.552917806 0.480587617 -1.950555538 1.183950797 0.266850963 0.389834292 -0.507812305 1.201893577 -2.125594764 0.106267952 2.257900486 -0.106429673 0.885162705 -2.190620349 0.163555418 -0.773292903 -0.483195008 -0.701182785 -0.286291876 1.290683410
-25.659628408 7.985376857 -16.094078218 -0.260370542 -0.123417711 -0.210503332 0.934164652 -0.152857188 0.080649741 0.110335892 0.804257564 0.561783874 1.151908800 1.551726469 -0.550031722 1.278115497 0.731899866 -0.230626663 0.639110518 -1.693075317 0.372522803 -0.853950301 0.474521844 -0.021643757 0.554332335 -0.483973548 0.252196956
-26.784120134 1.669538748 -9.942006410 0.312442866 0.810331758 -0.199815917 -0.453668928 -1.255037621 0.119750055 0.065085010 0.580812782 0.635733173 -0.886883690 -1.180631929 -0.499239248 -0.440606145 0.385649727 -0.535053730 1.317401744 1.033164387 -0.264121905 -0.209952601 0.044999550 -0.955242690 1.199911724 0.463017628 2.024178026
-20.450251553 5.636227853 -17.012113445 -0.934324969 -0.060162435 -0.066085525 -0.345036283 0.237199862 -0.094635290 0.282934752 -0.368945416 -1.317817972 0.030654122 1.251552367 -1.244954617 1.905046839 -0.651684550 -1.540606755 0.057696949 -1.272384944 -1.519452856 -0.200028860 -0.240378578 0.604542278 0.274068101 0.338842403 0.887616690
-20.194927245 8.988912505 -16.689320780 -0.265030375 -0.402940154 0.656239255 -0.580300072 0.066388531 -0.601299214 0.252243335 0.160147861 -2.380956032 0.338596287 -1.692991906 -0.182867683 0.315952814 -1.353769226 0.358482217 -1.090437285 -0.732686445 -1.070446426 1.656460293 -1.592305587 1.016717981 0.009987259 -0.331976132 -1.368123762
-27.243479510 -1.181810694 -10.416423569 0.500433653 -0.215250646 -0.534879311 -0.645861782 -0.022227441 -0.757657086 1.032245535 0.472571565 -0.818081413 0.773824835 1.933020283 0.515746053 -0.067280649 0.977110443 -1.194192734 1.647982315 -0.861180039 -0.803282145 -0.360528205 1.043305455 0.781648728 0.302401615 -0.903339596 -1.464635394
-23.305635883 9.892251645 -10.583014982 -0.530295746 0.171233096 0.792328765 -0.248356149 -1.497451310 1.449933769 -0.893294547 0.011172087 1.833111591 0.001966740 1.519042917 -0.502360767 0.601956251 1.037920852 -1.675470108 -1.240433574 0.359500906 0.989277549 0.789043887 -1.254167263 -1.158009439 -1.075462576 -0.148731320 -1.550983135
-22.879394171 -2.739568557 -7.748575635 -0.442487038 0.177029505 0.858413941 -0.189713684 -0.716280886 0.460801108 0.776937229 0.357654952 -1.215992073 -0.286426675 -0.363734832 -2.249472140 -1.938600505 -1.307132960 -0.400902598 -0.452260333 -1.328513165 -0.161916995 -1.212292048 0.113714618 -1.543993129 -0.702016229 0.410438291 -1.402715383
-26.650276342 5.506088747 -5.369182469 -0.679955479 0.361099915 0.351338739 0.532755561 0.380550975 0.421855616 -0.120938095 0.849485743 0.455088728 0.326548896 0.912076110 -0.404185152 0.060349098 -0.575366101 1.085500252 1.177917048 0.626834742 1.196391037 -0.809734631 0.006072086 -0.760442969 -0.763600449 -0.595814714 -0.183715430
-18.055348346 -0.469885853 -18.490420171 0.039871398 -0.636398754 -0.507846015 -0.579223034 -0.329573301 0.250428352 -0.760352767 0.474632415 1.043965100 -0.729957893 -0.365538076 -0.457313635 0.206582962 -0.847574425 -0.475594233 0.552541359 -0.859318880 -1.627714927 0.513699413 -0.604580396 1.290466206 0.771389730 0.417518674 -1.228312380
-16.928504880 0.851252540 -5.237382015 -0.059182758 0.864233434 0.464683716 0.183485742 2.168887366 0.104016084 -0.017042004 -0.714710536 0.196687189 0.185609132 -1.309771813 0.311576936 -0.062149937 -1.183917020 0.957454853 -1.160383404 1.452346318 1.575131290 0.699807983 -0.478298517 0.946811917 -2.002613581 -0.012778062 -0.002199295
-26.890965570 6.408756402 -4.275857074 -0.057315039 -0.660273366 -0.668209238 -0.338009588 0.147588063 -1.170631967 -0.233165274 0.164882768 1.037272765 -1.715185992 -1.942262964 -0.751685562 0.071476561 0.405411594 -1.252843037 1.638124619 -0.796253152 -0.816600435 0.387406671 -0.028624130 -0.076940445 -0.418857043 1.161230340 0.724051995
-18.921680826 1.756106828 -12.150327429 0.282491229 0.130142311 0.038338376 -0.949627218 0.761192806 -0.259600582 -0.606852277 -0.255981886 -1.837556094 -0.225293967 0.551110366 1.168737522 -1.024857077 -1.013360328 0.158856457 -0.201948860 1.152220466 -0.805358064 1.118731187 1.057511289 -2.150079819 -0.785450399 1.263481947 -0.641245636
-30.032971663 4.078681620 -8.781790441 0.767534231 0.065527355 -0.049741464 0.635706817 0.208422624 -0.240881075 -0.090897952 -2.210889539 -1.004751406 -0.642992760 0.043102229 0.249060244 -0.660213185 0.370447403 0.396210710 -0.273532206 -0.093116912 1.297970398 1.173652397 -0.021644292 0.722739448 -0.203436810 2.578270344 0.989389453
-19.549496548 4.592173183 -7.088895430 -0.576096706 -0.130883641 -0.584655651 0.556021427 0.733402476 -0.066630917 -0.450233018 0.149656455 -0.808091681 0.623291123 0.615026218 0.601607967 0.565719053 0.215047802 -2.963420332 -0.425487164 -0.477521106 0.903601162 1.200816205 0.381619909 0.863065108 -0.063096100 0.822824435 0.770697555
-12.004377312 9.255416460 -10.570312776 -0.423768899 -0.752364606 -0.204146967 0.461184818 -1.773398449 -0.952759219 -0.171753549 -1.036142210 -0.020748073 1.338134830 -0.031341108 -0.140760231 0.702454082 -1.349921997 -1.213976767 -0.959292943 0.198956295 -0.378268637 0.533084620 0.117084582 1.217383653 -1.666398756 -0.705230830 0.833028132
-19.340358208 11.242993025 -12.498666043 0.142402560 0.608707474 -0.137867525 0.768237768 -0.371001766 0.125292924 -0.205396395 -1.603887669 -2.058059306 0.112067115 1.128589410 -0.093786266 0.535939214 1.486880229 0.056887224 -0.004437111 -0.088998186 -0.609703759 3.295027418 1.024628944 -1.195431596 1.014188051 -1.170996955 0.724766036
-23.611389460 12.897189033 -6.428422653 0.832547269 -0.340926197 -0.431007028 -0.069766145 -0.191067122 0.078793115 -0.769892824 -0.390917428 2.025363789 1.063948541 1.980284940 -0.411163475 2.011103977 2.130888418 -0.682285326 0.947712523 -0.713209288 -0.856770040 0.055205711 -0.377722053 0.058311849 0.179183034 1.974803691 -0.074913919
-25.496187256 3.785846235 -16.652217723 -0.205990577 -0.190213911 0.570025930 0.772306279 -0.227945801 0.533361866 -0.825506887 -0.572431908 -1.822583238 0.077182837 -2.186991056 0.955357059 0.482711579 1.251877669 0.172656628 0.267103690 0.530896723 0.082578365 -0.034753005 -0.468675244 0.393333166 -0.039010483 1.153516349 0.857042572
-25.522584982 -0.647297188 -11.975954215 -0.722902284 0.594171509 0.217539241 -0.277577348 -0.948285905 0.248860395 -0.453554486 1.063613657 -0.184274527 -1.016145467 -0.982084597 -0.881208378 0.329959454 -0.989701758 0.587189592 1.232596286 1.457320918 -2.567181165 0.409064503 -0.251686212 -0.466426246 0.673425907 0.447448157 -1.511070462
-22.638985909 0.204582708 -18.211835703 0.098525557 0.647928830 -0.673295174 0.342278475 -1.099643555 -0.027706476 0.628846214 1.541102239 1.119985548 -3.329361850 1.906863752 0.283610303 2.259433814 0.702579204 1.962571060 0.065989164 1.097878031 -0.904842366 -0.859934060 -0.653698731 -1.449854244 -1.296197220 -0.426682892 -1.695629039
-29.301147170 0.656009321 -9.582821506 0.663399284 -0.570397836 -0.336271532 -0.348524253 -0.787920561 1.196458808 0.553943114 -0.559083086 -0.285951771 0.706773000 -1.304530390 0.443175506 0.628402060 -1.240741365 -1.124262709 0.294409031 -1.362931632 -0.266818167 2.082500734 -0.786111840 -0.021652334 0.406773929 0.215995256 0.832537297
-23.152613437 9.310334272 -3.556506838 -0.096890829 -0.376815697 0.330844730 -0.859746394 0.127855334 -1.396714374 1.239626445 -0.803999534 1.511989264 1.548101156 -0.453109158 -1.199080172 0.497855758 0.502660439 -0.834764168 -0.591638473 -1.442904521 0.639200009 -0.883303375 0.835617632 -0.283956218 1.473402373 -0.702221336 0.023776828
-13.949414508 1.458079009 -13.520104044 0.926307620 0.261340357 -0.004988984 0.271349445 0.874304658 -0.067815522 -0.577412217 1.608594916 0.028824494 1.076014016 0.215151978 0.374781123 1.615853042 0.554613125 -0.823366523 -2.773327754 -0.812176397 -1.674288070 1.709152101 -1.755886723 1.100918736 1.599052660 0.101316627 -0.831037227
-25.068784602 9.491566402 -9.405770672 0.229059425 -0.659942419 -0.603370124 -0.384645652 0.006537512 0.178088131 -0.847172802 1.308902494 1.085574632 0.352624900 -1.766746009 0.770960795 0.193140067 1.496129872 -0.476538937 -1.057020630 0.221573038 0.325895974 -1.712868709 -1.384582937 1.190147607 -0.570216581 0.787867723 0.036941722
-15.099833967 10.138291324 -9.448892066 -0.421324113 -0.161288419 0.702038954 -0.551011202 1.467306323 -0.520768324 0.153559961 -0.814942706 -1.451869470 2.430832268 -1.244034524 0.534011313 2.074780939 -0.571289899 0.015214768 1.431014021 0.740881062 -0.574652431 1.641015139 -0.321206949 -0.741795779 -0.604167260 0.515145710 -1.572295780
-17.274398142 9.763176455 -16.787463846 0.297941332 -0.682437159 -0.564581457 -0.356031271 0.622894631 -0.809705998 0.297457025 -0.577426857 -2.028693814 -2.240867752 -0.110699563 -0.119307246 -0.673568887 0.793291450 0.981017071 2.110598446 -0.360248739 -2.051049910 -0.035304214 -0.335568960 -1.242525656 -0.325258704 0.809952873 -0.107049866
-21.638265457 -3.318627968 -8.440479783 -0.672287367 0.509357652 0.504880030 -0.183522843 -0.458372826 1.049186739 -0.374280356 -0.212345754 -0.672378972 0.770823035 0.363483243 0.752194593 2.118720588 0.596271270 0.093062184 0.338525307 0.785242651 -1.219296945 -0.802463752 1.057422075 0.917061919 -1.173960643 -0.325545937 -0.958628594
-23.614545705 -0.102943164 -9.655125196 0.349743680 0.136070284 0.219954357 -0.900435626 -1.126500317 0.454474778 -1.965155282 0.204617510 0.831018009 -0.096925843 -1.359920256 -1.493858594 -1.347215277 0.977285965 1.664677873 0.200243334 2.084361997 1.096897357 -2.089726461 -1.600962086 0.083135620 0.161403270 0.443812338 0.934214935
-26.299228524 9.498594923 -13.299808634 -0.246568270 -0.326983593 -0.910766460 0.052823035 0.310729108 -1.334222220 -0.015755611 -0.477003157 -0.497194985 -1.326758744 0.504561881 -1.330867524 1.042806794 0.012280953 -0.573843865 -0.579383423 -0.251991805 0.764366998 -0.683619820 -0.280147206 0.160839790 0.477555254 0.197219893 0.180032985
-20.425751745 -0.282768291 -9.211221822 0.655753153 -0.630457019 0.414375105 0.028372916 0.373066455 1.512330795 -0.656708103 -0.547723246 -0.323346657 -1.345971934 1.076946934 0.235523306 1.961637224 0.941941899 -0.451073859 -0.177335796 0.397722205 0.420893105 -2.058138325 -0.793365043 0.850726381 0.269182591 -0.629748259 -1.046999668
-14.519996162 2.000406898 -14.433068174 -0.102094352 0.236748117 0.916658156 0.305393021 0.558005599 0.616138298 0.655547075 0.179120513 2.139929268 -0.590271420 0.020909955 0.554940243 -0.891111004 0.905587876 0.311666689 0.870836803 -0.683171737 1.112888861 0.625949605 -0.498170925 -1.256921998 0.561067414 -1.017908227 0.916546505
-20.383983426 -1.370389490 -7.361430461 0.282139391 -0.072837126 0.930101674 0.223613491 -0.291693297 -0.441698931 -0.411557103 -0.880277178 0.436017627 -0.865040068 -0.533864390 -0.600680024 0.435055947 -1.902355668 0.165222774 -0.127636175 0.160459868 0.287823016 1.787248048 -0.503109653 0.781833579 -0.658542651 -0.678602004 0.020535909
-16.090913306 5.077252352 -15.574015001 -0.165659849 -0.181705977 0.135719585 0.959749940 -0.933958198 0.099815376 1.976265186 -0.147922688 -0.209029780 -1.070842100 0.135993754 1.424510145 0.960424400 0.345000159 0.521908807 0.997682646 1.292800634 -0.943664165 0.813370163 -0.211951404 1.169499876 -0.937384824 -1.599684062 -1.244803118
-28.542303796 9.539293863 -9.318734203 0.150949544 0.166208927 -0.859217486 0.459710930 -0.553281839 3.011784704 1.766794331 0.459811569 0.107625379 1.416580093 1.013807934 -0.924125140 -0.010679721 1.453204058 -0.943780318 -0.210064272 -0.791838341 -0.682655887 -1.449809421 -0.925796782 1.198037055 -0.020134936 0.795874094 0.306945060
-12.411389006 8.051026837 -14.226404111 0.062606942 0.147262109 0.954372013 0.252127553 -0.442385439 -0.170484255 -0.683509079 -0.701717814 -1.464190800 1.334862254 0.824346493 -0.324736732 -1.526248270 -1.577358970 -0.895400265 1.002975805 -0.003819824 0.427518665 0.647888328 -2.336779990 0.121828351 -1.248684013 -0.140645048 0.142966336
-22.565475303 -0.655820387 -6.810892950 -0.552046927 -0.088536386 0.154184251 0.814636554 0.190473961 -0.813828548 -0.241632352 0.271810842 0.111175981 -1.064276768 0.583242279 0.630201488 0.196352640 -0.291467330 1.900168150 -0.157810961 1.016355417 0.037865428 -0.485422122 -0.544276384 -0.169316543 0.109484111 0.428017602 -0.506496436
-25.655606102 -0.986114706 -12.379596080 0.212642755 -0.727167622 0.425867728 -0.494618022 0.392330377 -1.562626238 -0.688919369 -1.281029638 0.486799636 -0.003328443 0.279244502 1.802253524 -0.814414850 -0.080828112 1.004558090 -1.043523166 -0.155285793 0.590236442 0.441962627 -0.939404967 -0.511739096 0.510496344 -0.232502092 0.246163581
-24.843759599 3.723276328 -3.506589301 0.186626387 -0.297179374 0.720442553 -0.598178518 0.274941943 -1.191359355 0.440147321 0.049557431 -0.508286195 1.637809925 1.442134430 -0.002350684 0.119410402 -0.532226254 0.296496154 0.474808741 -0.292911358 0.270126669 0.535029655 -1.329298302 1.006924875 -2.899669827 0.563186060 0.086662741
-21.401132449 8.276972326 -7.948213618 -0.331458834 0.025227448 -0.861532283 -0.383745675 -0.783415105 -0.199354994 0.436004821 -0.824009562 3.089340302 1.270214285 0.588363714 -1.178491972 -2.340510299 -0.364034912 0.978872083 1.918554130 -1.291135701 -0.754516962 -0.735043945 -0.742710769 -0.464625794 -0.349074650 -0.478163799 0.717599707
-17.662939722 0.885790982 -11.542377123 -0.693113114 0.036517983 -0.576490011 -0.431184318 -1.997799936 -1.626870079 1.928434809 0.383460019 -0.311300357 -1.785818732 0.245673168 -0.582520638 -0.232066388 -0.126810847 -1.590456648 -0.403809065 -0.496310985 -0.176358379 -0.996224652 -0.114120016 1.250045602 0.119157607 -1.456909707 -0.650169947
-17.574762337 5.627191761 -9.568692026 -0.681080055 0.043294351 0.729015483 -0.052839227 -1.475814159 0.347153262 0.531677174 -0.908074743 -0.939181839 -0.547097294 -0.073628020 1.943283475 -0.039861439 -0.289658095 0.201989294 -0.365443467 0.721669640 0.932481385 1.196659182 -0.429133328 1.311619453 -0.870506924 0.907903595 0.563906223
-23.526506859 -0.804824196 -5.821730591 -0.699310649 0.487367749 -0.455147878 -0.257444563 -0.059223605 1.455412851 1.250041553 -1.536329691 0.502477141 0.253094071 1.618741226 1.561707369 0.177819176 1.006954972 -1.625992512 0.942335581 0.152125358 0.471370699 0.132981694 -0.552092475 -2.347047782 -0.312361720 -1.402259224 0.189885837
-20.127086224 -4.261123663 -9.359869360 -0.338541512 0.000996654 0.377764492 0.861790369 -1.456854314 -0.889694114 0.601950487 0.212626933 -0.202972090 1.606962161 1.015245924 0.079045378 -0.555512000 -1.732556778 -0.626247617 0.963655454 1.131217612 0.540700312 -0.543199251 1.564771070 2.191815035 -0.243108298 0.293149385 0.613350748
-24.512287836 -2.713683085 -9.593349188 -0.472433248 0.706060347 0.329462554 0.411995192 -0.511272117 0.022857490 -0.638559026 -1.321979968 -1.031846701 0.889120899 0.106894614 0.481591974 0.023062446 0.105880800 0.456117921 1.029525557 1.402567528 -1.913343985 1.979714639 -0.566280253 1.346544249 1.178066030 -0.334871537 0.513195390
-15.217865786 9.147942177 -17.138573059 -0.535634947 0.078317476 0.673316509 -0.503593542 1.439177353 0.514347757 0.934642581 -1.266718582 -0.771074282 -0.958926512 -0.086984560 -0.288322189 0.702776810 0.869333366 -0.754235843 0.423394943 -0.389058638 1.530727300 0.885612021 1.186600626 -1.458103081 0.490200226 0.083791971 0.356248625
-17.639859621 10.345109356 -6.541838171 -0.659556468 0.244980502 0.373844931 0.604325895 -0.234786861 0.419813108 -0.215018423 -1.013799826 -0.438649358 0.874403729 -0.364937713 -0.555487568 -0.102547064 -0.185306535 1.201220199 0.115837766 0.177436348 0.036208571 -0.955229464 -1.813012068 -0.346206025 0.158021233 1.561973501 1.689827607
-24.294234227 -1.462799753 -15.109667398 0.362540865 0.383134624 0.792132168 -0.307080786 -0.721535303 1.829381724 0.645825021 0.077318441 1.656435912 0.624910568 0.191506917 -1.025685812 1.204477347 -1.662379260 -0.258486478 0.552032635 1.463350978 -0.161191633 -1.306501967 0.127954747 1.178218169 1.282916854 0.935585571 -2.047470029
-23.798811295 4.852691133 -7.580185415 -0.025535562 -0.270913679 -0.750210905 -0.602608755 -0.111418315 -0.171798926 0.078303911 -0.472234938 0.399662902 -1.962519628 1.046450200 0.389041206 -1.019318348 -1.436450818 0.535544608 -1.494778285 0.940511336 0.571193888 1.222117636 1.281621575 -0.594417161 1.011755296 0.322610868 -0.216611588
-12.269625496 2.799536150 -15.211181399 0.443874653 0.009772873 0.676909308 -0.587089067 -0.070715923 -0.389617832 -1.281360013 0.892902369 0.474883980 0.930652494 -1.056735802 -0.214135297 0.366413955 -1.195072396 -1.495620596 0.907030915 1.457145859 0.391205962 -0.387460983 -1.406681124 -0.016976117 0.066668260 0.356230756 -0.264742353
-25.104777473 6.841025484 -11.953916987 -0.582368061 0.478520576 -0.638070442 0.157262871 -0.966988464 -2.163031423 0.593051811 -0.085341501 0.257823628 -1.817253815 1.276394678 0.022840633 0.979181461 -1.429529053 -0.471964753 -1.159896245 -0.690213928 1.035373110 0.591213308 -0.967307386 -0.269853823 -0.448576572 1.053266476 0.991926477
-21.864979988 12.521552577 -18.887687829 -0.853674647 -0.025250973 0.498657592 -0.148130318 1.827152560 1.708651761 2.480755445 0.466767626 -0.946553492 -0.153466318 1.850278085 0.591181849 -0.271374171 -1.073848251 -0.287852686 1.060403219 1.144418860 -0.868088839 0.181963497 0.776985146 2.044621342 1.310766743 -0.922696525 0.954893407
-18.523436831 4.796595492 -16.451629228 -0.412830190 -0.291409606 0.272870170 0.818653496 0.420736559 -0.020997212 0.439816303 -1.187974227 -0.248121153 -0.515614999 -1.853680101 0.321383627 0.783041852 0.313389868 -0.033507215 0.886084338 0.733994711 0.348611285 1.147022540 -2.333413148 0.129510459 1.399029073 -1.252294177 -0.481744309
-23.540808713 9.275778008 -11.977800968 -0.429482756 -0.793915641 0.205314382 -0.378270433 -0.662907087 -0.522097810 -1.312295969 0.510085571 -0.295749867 0.013992542 1.737524729 -0.139657471 0.626640570 1.060925745 1.100820532 0.297931652 0.572461565 -0.443666809 -0.579669261 0.252099134 -0.673734332 -0.160538613 1.612234444 -0.962955305
-26.865456081 1.449412980 -9.090864802 0.130394028 -0.337838636 -0.784751556 0.503018338 0.765715889 -1.683195256 2.484177345 -0.721838268 0.001477062 -0.775949538 -0.892819917 1.453166458 -0.152648690 -0.087207530 -0.647516100 -0.539188555 -0.223410691 -0.097033720 0.556273834 -1.006518433 -0.754164053 1.635768285 -0.446104213 -1.078614282
-21.569573052 7.805589514 -15.137783082 0.375985587 -0.500222245 -0.089366030 0.774871768 -1.255784123 1.100797866 -1.561569898 0.828953324 0.206188870 0.244112859 2.195931392 -0.844083667 -0.237333711 -1.182757401 -0.229599953 -0.016154046 0.825908888 1.377655639 0.595057940 0.368770296 0.192981178 1.127249067 0.700713169 -1.079014200
-19.504316707 10.013279935 -12.318507837 0.588765995 -0.694275585 -0.177944127 -0.373727043 -0.697404010 1.459967635 0.907554447 -0.071627738 -1.023891826 -0.148890282 -0.034343404 1.480076038 0.834031338 1.277954798 -0.376070382 0.704029078 0.172592603 -0.049632971 -0.748424203 0.411784758 0.606059350 -0.766246383 -0.735960704 0.102814491
-20.428458227 5.869090589 -5.384649163 0.338208673 -0.851388889 -0.373874553 0.144809090 1.161731141 -0.912683192 0.846859239 -0.117733584 -0.395646466 1.274757691 -0.210952649 -0.723297944 -0.795570394 -1.496308930 1.011253591 1.245267300 -0.537980360 1.064167522 1.040698472 -0.858312818 -1.318248165 0.920208786 0.014306847 -1.094141481
-17.649972593 3.000419849 -17.594354709 -0.654605647 -0.372753491 -0.391015720 -0.528822266 0.050370853 -0.821936497 1.474983506 -1.502103405 1.085169229 0.356014571 -0.953544229 -1.560706313 -0.556115146 0.081236052 1.088670869 0.165850124 -1.395881506 0.136045987 -0.762088920 -0.620362378 0.558039985 0.130614493 0.737328813 -0.937013184
-18.082656776 -4.254190598 -12.405084358 -0.041177518 -0.370588890 -0.858246176 0.352678024 0.741108261 1.543455151 -1.687891859 -0.888991076 0.620190787 1.620460313 0.737375705 -1.378271235 0.098536620 2.461536244 -1.891368271 0.155417647 1.295047994 -0.148419905 0.663862788 -0.210573310 0.044350235 0.441332082 -0.834537794 -0.759249345
-20.486087716 5.518119641 -18.606192890 0.471594284 0.853243621 -0.218564694 -0.042469156 0.940099148 1.017401928 1.246060710 0.288243335 1.763264535 -1.012985311 -0.810198670 0.740166986 0.555279875 -0.369349079 0.689244955 0.074896846 -0.594180092 0.314192801 0.651593779 -0.074362694 0.777030193 1.106150788 -1.003411996 0.662151951
-19.637856573 1.340775995 -6.389637734 -0.214733008 0.287968241 -0.618767060 -0.698635350 -0.570196781 -1.452751619 0.214003177 -0.920502539 -0.760817083 -1.884059562 -1.471473826 -0.532738283 0.543903523 -0.238411749 -0.826920976 -0.219832794 2.500071094 0.897657851 -0.887907553 -0.888373991 0.823757523 -0.993122123 -0.291807348 -1.156535347
-24.917461878 2.952433920 -7.558317514 0.409625293 -0.013694036 -0.329891857 -0.850406347 1.159084076 -2.914825671 -2.515558401 1.033547103 -1.278102923 -0.269588334 1.298678612 1.046301631 0.097392865 0.990490350 -0.959260168 -0.084059400 -0.826300686 -1.376984175 0.141859604 1.282497255 1.250859651 -0.104235472 -2.027897034 0.368296871
-22.821703143 -3.993165557 -11.561463848 0.818333653 0.259141006 0.364322402 -0.361171924 0.463622341 0.622295206 -1.554864357 0.737183085 -0.980137972 -0.809289839 0.678294442 -1.153490843 -2.399917372 1.951469476 -0.659930554 1.946831420 1.137186959 -0.224888314 0.275330473 -1.250126762 0.646618195 -0.819025180 0.130413854 -0.282073750
-16.605103564 3.960718755 -20.518354305 0.213323631 -0.179903445 0.927630512 -0.248252720 1.608079861 0.718235760 0.476042814 -0.443231403 0.536654638 2.003684543 0.272667269 -0.472174753 0.928434738 -0.307220080 -0.522871066 -0.014543478 0.481496046 1.688280862 -0.244808240 1.901810250 -0.053779619 -1.710543141 -1.608833547 1.494687060
-21.521184591 4.745148977 -14.353765169 -0.436842223 0.196372919 -0.694517072 0.536891596 -0.704781540 -0.157340186 0.525947080 -0.409496640 2.629537901 0.210266331 -1.648079024 1.774515994 -0.578823187 0.233887414 0.304909233 0.955571376 -1.421750948 -1.683532399 1.255056045 -0.338206169 -0.594622371 -0.457243677 -0.320694430 -0.637581427
-19.219489304 -0.384932357 -4.145315106 -0.096904020 0.788960905 -0.094939027 0.599280304 1.050553701 0.544127233 0.076730227 0.890506062 0.179369103 0.277654684 -0.488657694 -0.191821355 0.513252008 -0.128591187 1.759464155 2.218888313 -0.659537076 -0.241631671 0.250912998 -0.192625028 -0.121332419 0.737378512 1.244687025 0.111091952
-15.321593767 2.227196789 -5.968764740 -0.511502386 -0.853702950 0.075805208 0.061726437 0.913944774 1.468691353 -0.711023816 0.721441140 0.377431602 1.533567140 -0.514834885 -1.372953725 1.009473965 0.099669613 1.300896424 -0.947487954 2.105671293 -0.122891180 0.749070818 0.131897945 -2.246687398 -0.189821736 1.924213894 0.988510275
-24.612979793 11.968506317 -6.263249494 0.700316768 0.019722982 0.075832792 -0.709518722 -1.965038679 -0.637694090 -2.403912339 0.315246930 -1.223328877 -0.585875298 -1.545193297 -1.188729330 -0.530472824 -0.403757432 -0.175663583 -0.566590113 -0.063100882 0.819277884 -0.237921394 1.058585417 -0.867468916 0.606226902 1.150884436 -0.132892958
-28.343231518 9.394811414 -11.213033632 0.829740852 -0.075623143 -0.509824954 0.214218988 0.249976736 -1.954222230 -0.480803362 0.061197550 1.961093548 0.835679794 -0.772509119 -0.151028119 -0.423470715 0.798140987 -0.578340949 0.812851949 0.978737698 -1.311543828 -0.737509805 -0.660587080 1.239427297 -0.402452797 0.045019169 0.500126281
-20.392616878 7.380129689 -21.958574719 -0.571962938 -0.397199981 -0.664846067 -0.270315149 -0.265633799 -0.497842865 -0.958198634 -1.679342160 -0.134485629 0.351960530 -0.533274437 0.855233894 -0.137815542 -1.069239115 0.432445618 1.037464239 -0.530269269 -0.174457895 -0.172464778 0.524329697 -1.515602775 -0.564104107 1.318406034 0.092314438
-25.257873042 2.545561421 -3.910005204 -0.078566098 -0.592496506 -0.662657385 0.451287546 0.355450095 0.116408912 -0.389617222 1.018556803 0.666199294 0.174418041 0.571668458 1.001236982 2.196906997 -0.616016362 -0.110923245 2.005087325 -1.119250484 0.906624380 -0.245329846 -0.816367792 1.312913062 0.583778796 -1.641640633 0.909534545
-25.847059366 5.337716158 -9.586799127 -0.165601372 -0.342906035 -0.027556055 -0.924246883 0.781950922 0.906785990 1.859216532 -1.435790410 -0.555799645 -0.569072400 -1.029274554 -0.561483128 -0.547212283 -0.124443458 -0.475412615 2.159386815 0.010306603 0.780307091 0.010242148 -1.878472231 0.630717800 -0.336219097 -0.215370587 -0.101102291
-25.743828051 9.728009161 -17.383324353 -0.542201664 -0.008206392 0.833033879 -0.109565358 -1.056304092 -0.269928556 1.121237157 1.247431046 1.770732526 -0.360255790 -0.575153355 -2.354778038 -1.166649062 -1.064587593 0.445717828 -0.026050408 0.870296011 -2.822386863 0.174040985 0.201038017 -0.660074849 -0.745672592 0.260179747 -0.071327117
-23.966583361 3.161966570 -12.411268687 0.229667109 -0.064137292 -0.344162584 -0.908125290 1.604299278 0.832620827 0.117146116 -1.444554416 -1.230094620 -0.266642306 -0.281822277 1.292869799 1.295709640 0.239767297 -0.003370291 0.738292419 0.812100985 -0.616154741 -1.126274212 1.300570691 0.704010450 -0.667525438 0.712251276 0.300273631
-17.721295949 8.222780231 -17.480791248 0.330581009 0.891273034 -0.016543209 -0.309959510 -0.905394737 -0.933490847 -0.455913160 0.124146651 0.737082502 1.182318784 -1.308843834 0.134318978 -1.221922315 0.474294591 -1.947873875 2.038751027 -0.044387824 0.481912009 1.203781746 -0.927168344 -0.624528793 -0.106934762 -0.566917790 -1.393751696
-26.408730237 3.021943241 -14.703662482 0.103963139 -0.669185672 0.625009533 -0.388259303 0.291379280 1.133589205 -0.323047118 -0.816635392 0.756812135 0.217708416 0.612352589 -0.795255064 -0.278501196 -1.167021098 -0.719962786 1.409053506 -0.373730040 1.040745683 0.513341781 0.991644306 -1.054681175 -0.989335485 -1.469325987 0.931100065
-23.657048042 -2.296626910 -6.475039702 0.656190266 0.418365806 0.625729237 0.053360190 -0.076427489 -0.846027506 0.035233453 1.066422828 0.655308729 1.341815094 -0.576645909 0.587262151 -1.047948940 -0.620465782 -2.196621954 1.400025489 -1.159946486 0.740732627 0.742694395 -1.886193435 -0.268699101 -0.437235197 0.343741323 1.097751523
-26.649306821 12.370548501 -10.858456767 0.435919678 0.073065140 0.227964536 -0.867564228 1.086689364 1.477208175 -1.190739695 -0.467515282 0.892655162 0.880943068 0.319500418 0.691979086 -2.373228180 -0.908470400 -0.126563112 0.368319901 0.435204096 1.491009168 0.515144021 0.723904697 0.831845099 0.799894361 -0.243582999 1.726701539
-21.185339736 4.428288332 -11.407772656 -0.105911947 -0.776467819 0.368347438 0.500200511 1.001058986 0.926282008 -0.912638663 0.293848643 -1.411603628 -0.272512219 -1.353061809 1.667025204 0.144096376 -1.254135437 -0.148931370 -1.164298470 2.727528459 0.063961286 -0.739029153 -1.012520679 1.229568018 1.435487934 -1.654098307 1.535535628
-21.733620724 11.448597617 -12.289148070 -0.263634725 0.222753302 -0.928338097 -0.138079961 0.804722568 -1.689566606 0.117718642 0.735663408 0.065509566 -0.058978199 -0.508248163 -0.359366118 0.410951878 -1.404124214 -0.530734408 1.339477844 0.113970275 -1.003461173 0.689530738 -1.657454990 0.616001356 0.159457542 -0.802495659 -0.727217018
-16.570022740 1.185450388 -11.376434188 -0.111520839 -0.675742085 0.328157276 -0.650575544 -0.784341286 0.676283614 -1.017755558 -0.797351634 -0.889498931 -0.798580397 1.031067965 -1.885553686 3.006165630 0.653782158 -0.029456251 0.892683668 0.093094562 -0.286749426 -1.451555673 -0.512933767 -0.521534356 -1.021103088 -1.552769890 -0.330278259
-18.489764688 -2.564987651 -14.280197416 -0.534266115 -0.342428839 0.662166277 0.398544892 -0.658703615 -0.255412531 -1.199999936 -0.032283599 2.143749781 -0.501799194 -0.311946065 0.058613061 -2.304827416 -0.612730739 0.945232406 1.091083659 0.244047906 -0.511930664 0.252538437 0.628753050 -0.305409541 -1.528408530 -2.036313672 0.249806577
-27.125587102 3.150898934 -9.163344234 -0.455814699 -0.497601995 0.361986028 -0.643110668 -0.170863440 -0.470392212 0.061494443 0.996055489 1.565820227 0.322932310 0.860265884 -0.889042422 -1.645942745 0.591144557 -0.300063027 -0.273373279 -0.533540940 -0.370652714 -0.639969939 1.589144879 -0.961583453 0.336369502 0.551181101 1.721511970
-25.937072443 4.005411405 -9.963722615 0.580041586 -0.703640851 -0.137725794 -0.386617274 1.367980142 0.296247375 0.588949794 -0.130366780 0.355487516 -1.690234293 -0.247997246 -0.041503325 0.309961667 1.039546508 -0.539243402 0.611353800 -0.597346658 1.595442554 -1.426301707 0.951374260 0.517460637 0.002382577 -0.226661095 0.259077221
-25.748579532 -0.021478360 -12.826963814 0.683039214 -0.528008378 -0.219390877 -0.454458169 0.598200575 -0.053402578 -0.149941060 -1.180814599 1.896579768 1.751284172 1.159760905 0.761966325 0.041408365 -1.975709283 1.727496247 1.532860932 0.054381404 -0.182222459 -1.068402188 0.445710042 -1.926506722 0.654007868 -0.496210950 -0.549977225
-19.515255980 -0.980296720 -9.453458685 0.726800590 0.190727524 0.368467160 -0.547371780 -0.740044680 -1.310904310 0.769938519 -0.656430538 -1.168203224 -0.728739926 -0.998650861 -1.331825244 0.589896081 0.273720925 -0.412499457 1.800936495 -0.914156394 0.811695690 -1.289316213 -0.273332302 2.074757792 -0.587743796 -1.599570956 0.515813742
-14.125819445 5.770352538 -12.208799213 -0.208899339 -0.877151648 0.004722932 0.432369919 -0.782860056 -0.313687389 0.429319588 -0.005581984 -1.153239213 -1.866992335 -1.153719437 1.204843569 -0.095521255 0.510592540 0.464058262 0.791524368 -0.990258559 1.553653925 -1.022644559 -0.532181714 -0.160985058 -0.129733544 -0.694103292 3.631026325
-14.324997663 0.531221724 -17.210345108 -0.483174992 -0.354139648 -0.798376736 0.061005113 -0.449402885 0.643770971 0.603869989 -1.267232184 1.365709080 -0.481779276 0.351292901 -0.072126968 -0.385701410 0.810514467 -1.024273842 -1.779500685 -1.962645439 -0.607127636 0.465792535 -1.515763356 -2.553833413 -1.206929878 0.350331093 0.400403397
-24.061062785 6.426790107 -18.770878716 -0.448462707 0.174489433 -0.403493049 -0.778221047 -0.160266026 -0.958473142 1.624713408 -0.239063411 1.438076395 1.183530093 0.334409147 -0.144974083 2.824574629 0.890980994 -0.290588897 -0.131753908 -0.446492848 -0.202922150 -0.386156452 -1.224700101 -0.460164956 0.270713725 0.664630973 -0.942214508
-14.763015560 9.703133025 -6.930048714 -0.277075053 0.959465207 0.026253734 0.044347195 0.270691458 0.017812708 0.076520470 1.186851401 -2.775625080 -0.053232081 -0.139734305 0.085873888 1.999332606 -0.002648554 -0.724295560 -0.758702954 -1.290617675 -0.247106670 -0.192860549 0.115450875 -0.291594157 -0.675276802 -1.472589932 1.955894165
-14.543940365 0.769902883 -12.272025342 -0.002434566 -0.313871333 0.737661151 0.597774946 0.336340168 -1.326492188 -0.499069115 -0.798991634 -0.446266366 -2.861093339 0.217307064 0.340300592 1.111973002 -0.574401781 -1.586963216 -1.258553520 -0.470497997 0.643139115 -2.434341997 -0.039855613 0.147631899 0.410416036 0.722476796 -0.281665333
-20.853978933 4.208403189 -12.042458045 -0.499895297 -0.553664292 0.587725391 -0.313272100 0.264447270 -0.163339034 -0.833020134 -1.017946486 -0.520451711 1.332699146 0.079786001 0.917100052 0.451967444 0.344623306 0.500955416 1.049245842 -0.911703655 -0.433734683 2.156523078 0.769881998 -0.501942452 3.339609048 -0.249203970 0.753979360
-23.863755943 8.019525557 -20.099581904 0.878291872 0.453181939 0.112943289 0.102339293 0.131464284 1.085470603 -0.701406878 -0.831371728 -0.871807416 0.362067452 -0.207591510 -0.772065664 0.998428135 -0.130053561 1.112604364 0.234155035 -0.966856662 0.093050016 0.610945920 -0.733129928 0.730541408 0.720526998 -1.431066215 -1.100540017
-26.430644202 0.483524902 -10.760991637 0.548099012 0.236684741 0.586246935 0.547615137 -0.430099579 -0.882795506 -0.158498530 1.780763497 -1.510627069 -0.335932377 0.003144519 -0.569510952 1.013481288 0.128339903 0.089729931 -1.282176511 -0.376250040 0.506754862 -2.505677735 -0.051963869 0.070648355 0.567643324 0.558692843 0.066723905
-22.330591158 12.588101654 -10.823855040 0.115094978 -0.543586902 0.062211242 -0.829093594 0.718786845 -0.118125769 -1.585540343 1.315249309 -0.324621754 1.325016923 0.314849085 -1.773620419 -0.474329867 -0.607533897 -0.294116766 0.101989816 0.348226750 -0.206764866 -1.512167354 -0.604382970 -0.151514491 1.488332270 -0.798483368 -0.139220038
-25.144058597 10.329909016 -16.983952805 -0.787633749 0.331061513 -0.506304716 0.116990969 0.051321587 -0.185279947 1.036817131 -0.057326600 -1.366582909 0.168083454 -0.846736108 -1.480273337 0.656612416 0.355692295 0.312918573 -1.213819569 1.234194834 0.634860921 -0.723136538 -0.506971219 0.628004669 -0.255420136 0.730970189 -0.191757821
-18.380632989 8.401833442 -15.080689993 0.488247646 0.511650340 0.660632637 0.251779040 -0.639810539 -0.518430361 -0.134960798 -1.013912095 0.585886925 1.092358192 -1.215318763 -0.350118418 -1.542967672 -2.127364197 -0.098377215 0.319230616 -0.657401983 -1.768942589 0.118902551 0.026044088 -0.885474095 -0.176455946 0.316520296 0.040506173
-19.349270948 11.561267588 -14.153807316 -0.349665552 -0.464664698 -0.472891781 -0.661962298 -1.097714920 -1.183395244 1.658265258 -0.763722747 -1.992528050 0.742948464 -0.262267160 -0.344143158 -0.226695457 0.321572985 1.321782931 0.045870981 0.381215272 0.418525024 -1.124525715 0.260314004 0.208313215 -0.744567179 0.473836242 -1.726817323
-29.342782778 2.669420425 -9.063277166 0.235822299 -0.629605284 0.386814274 -0.631157467 -1.952697265 1.266192264 0.538749900 -0.529744014 -0.503689369 -0.498366278 0.536645077 0.171258383 0.117915262 0.496450972 -0.342339409 -0.120112873 0.018257767 -0.339019307 -2.203618589 1.587015188 0.700106460 -0.028432321 1.945279152 0.575267338
-19.307954869 10.769786589 -6.101689085 0.359942741 0.778354329 0.342575961 0.383728384 -0.572242676 -1.029715895 0.590873443 0.027631013 0.929155772 -1.276779378 -1.835711715 -0.156358445 2.167364866 -0.515382116 -1.344622949 0.762184424 0.370436152 0.643141671 -0.148738729 -0.008727563 1.161198944 1.270879273 -0.287926973 0.636092489
-21.443666347 -3.651126507 -13.021787284 -0.007223718 0.432692895 0.294499576 0.852053212 0.024797831 -1.235382315 1.431713242 1.382704873 0.459975400 1.202521781 -0.018380370 -1.511552215 -1.133577986 1.438241302 0.334959703 -1.024787793 -1.200001725 1.976043684 0.639282768 0.309382272 0.094380475 1.042836053 1.984330898 1.255184920
-21.268568923 7.281099600 -6.405726251 -0.156768877 -0.089308737 -0.221067424 -0.958424052 0.812568219 -1.765865595 1.283078298 0.027975868 -1.149498626 -1.793729536 1.809245388 -1.501744048 -1.711078972 0.631899634 -0.078800091 -3.659785189 -1.925402581 0.099597067 0.516805534 1.619908268 1.391258732 0.153867807 0.249822200 0.347817763
-21.688120519 -0.437215444 -7.953832548 -0.027433240 -0.858197401 0.246852400 0.449231044 0.979067987 -1.276178878 1.528069535 -1.171641822 -0.768289342 0.298935073 1.649321778 -0.118005161 -0.771736423 0.939356825 1.255358450 1.072322795 1.328591291 -1.038131113 -0.120070794 -0.010887986 -0.617111132 -0.112697244 0.918764721 -0.172301894
-19.621289141 5.915626743 -20.528207138 0.473202110 -0.303302395 -0.257090901 0.786124475 -1.185778258 0.677922701 -0.008023088 1.695388885 -0.089226219 0.002502243 0.672204747 -0.991510078 -0.064750257 0.435232279 -0.973430912 1.796765014 -2.638427099 -0.296076155 0.578522864 -0.214087208 -0.119444772 -1.503668885 -0.791867380 0.262377765
-28.309102842 6.341885000 -16.931616004 -0.914550378 -0.048360002 -0.394889101 0.072948709 -1.802463053 0.352067454 -0.718489355 1.923521835 0.711696215 0.699642902 0.008777688 -0.530335818 1.473602504 -0.237370281 0.113605168 1.457516641 -0.507668252 0.438145140 0.289747993 0.511588299 0.818767661 0.232234809 1.539130395 1.249989605
-27.917270849 5.005328089 -10.681863574 0.299279577 0.841009172 0.143887125 -0.427120362 -1.992552186 0.598268881 0.174664454 -1.421490989 0.283182384 0.050329543 -0.894493340 -0.750215217 -0.114283970 -1.038769106 0.093564109 -0.347042277 0.588988220 -1.988876239 0.098713971 1.755728099 -0.272354238 0.831193249 2.488518664 -1.123110489
-21.915158256 2.657367852 -14.700362593 0.373906095 -0.717480893 0.586475097 0.038240822 -0.658606981 -2.594768960 -0.571486021 -0.823072570 -1.254672990 -1.297516013 1.246491419 2.295469391 0.613702625 0.857245992 0.233916419 2.057935874 0.759525913 -1.172626767 -1.375085567 -0.456605295 0.673887831 -0.671755264 -1.181659874 -0.488849127
-19.697123530 -1.426163954 -9.454587111 -0.352667351 -0.470821537 0.575362422 0.568252500 -1.567988578 -1.198456478 1.123158175 -0.487862505 1.254757388 -0.273216595 -1.235910523 1.062436748 1.226348893 1.206843531 -0.903445683 -0.836679734 -0.334729870 -1.474885351 -0.989496680 0.486360765 0.409170730 -0.583307930 -1.076353077 -2.314508725
-17.566575938 2.907032384 -19.016094431 0.220050891 -0.829442671 -0.220102819 0.463850418 0.188228743 -0.990573235 0.419460152 -0.812613362 0.550426895 -0.624104249 0.937981924 -0.974666072 -0.058269982 -1.013985398 -0.141068728 0.592756355 0.041040937 0.859460831 -0.595253012 0.777075420 0.452146911 0.236903573 -0.327653597 0.867337218
-15.965935230 10.247746481 -11.289422915 -0.870696610 0.344193313 -0.331944941 0.115025795 1.104391717 0.086486890 0.162408596 -0.512240343 0.290721010 1.624111117 -1.197110743 2.370024265 -0.210098704 0.129479867 1.310656452 -0.842888388 1.275444087 -0.278183485 0.048274453 0.900803562 0.307132544 -0.418347831 -0.164879508 0.599832350
-21.247190561 6.394127025 -17.585075714 0.219523343 0.883417446 -0.064984874 -0.408852154 1.816293922 0.301703569 0.611548469 0.347193635 0.288431700 0.102877781 1.188095446 -0.720619898 -1.743575067 0.271061220 1.652689046 0.924184529 -1.043336466 -0.961100265 0.460494530 1.007094500 -1.142532926 -0.208556781 -0.472551647 -0.150024141
-13.775940061 1.245303282 -16.101688695 -0.799427868 0.212469326 -0.561804680 -0.012139611 0.265043733 -0.750498614 -0.134830327 -0.300984208 1.025433825 0.455446260 1.255126552 -0.250447760 -0.293817369 0.931738415 -0.084716389 0.770995081 -0.323923232 -1.475873397 0.773540790 1.004166007 0.302202268 -0.116892532 -0.140268666 0.698799909
-27.919016382 2.275552381 -10.880125587 0.336104984 0.229479794 0.475884486 0.779683539 -1.087376362 0.338761621 0.385339853 0.196097788 0.057446163 -0.179009447 0.068791875 1.889783502 0.898797336 -0.202950643 1.499549899 0.038207335 0.719620486 0.323761955 -1.653568686 1.793796783 -0.060070588 0.549913372 0.315010869 0.248560188
-24.109064551 9.407916494 -13.682407929 0.846917113 0.101008429 -0.371391418 -0.366874796 0.482350405 -0.620550538 0.496385929 -0.750002715 1.074344225 -0.027835331 -1.444733496 1.733147851 0.507683009 1.128294426 0.491746227 0.247374649 -0.020908560 0.330363689 -0.320975406 -1.004486844 -3.421230742 1.019883521 0.468516475 1.469431002
-25.603410606 0.148749771 -6.279286603 -0.198445434 0.527792439 0.765515366 0.309904462 0.731055558 0.782927587 -1.032851299 0.519116884 -1.140131721 -0.979860245 1.045955357 -1.616420793 -1.341933476 -0.099160561 1.810751221 -0.350097750 0.136456865 0.467955286 -2.005258861 -0.710007876 1.970305727 0.865337613 -1.129767628 -0.890543430
-21.047077228 3.405249050 -2.432558897 0.636605962 -0.716279614 0.262541703 0.112908008 0.086999535 0.075528816 0.143346565 -0.984828936 0.512393554 -2.369506595 -0.889529283 -1.449391005 -0.072871009 0.130872027 -1.195386773 0.050171456 0.864721422 1.023755602 -1.016918498 -2.014694834 1.579842266 -1.604294745 -1.996674348 0.020837650
-20.528242422 10.188362098 -10.193423606 -0.350736348 0.863619077 0.361984588 0.010642465 1.163403194 2.688903707 -0.056502098 -0.178423182 -0.979158435 1.102805296 0.984419672 0.077293903 0.004157914 -2.539451197 0.739691383 -0.892861581 0.927849963 -0.175906951 0.208258679 -0.459936961 -0.055541444 2.758858003 -0.503445964 -0.061016071
-14.695701287 -0.931286784 -16.452879949 0.283914660 -0.862623608 -0.375337858 0.185457459 0.623431226 -0.968975643 -0.384789925 -0.293796089 -0.268608263 -0.471496715 -0.768589480 -0.926650844 1.115521869 -0.572983502 -1.050752979 -0.862183951 -0.025296409 1.155907488 -1.942488864 -0.119591836 0.644181768 1.556255776 -0.582391178 -0.398346850
-23.706719604 9.871506753 -15.117016615 0.359952228 0.520436223 -0.769436640 -0.086878010 0.093021324 -1.258174363 0.518589378 0.945034553 -1.261217838 -1.124726725 -0.213210867 -0.538420514 0.359688200 -0.817920222 -0.422874206 -0.582593464 -1.747648014 0.554931749 0.679525248 1.296497215 0.163522855 0.373360938 -0.605989982 -0.765143301
-19.949420893 3.579000213 -15.059915204 -0.322775494 -0.204301204 -0.033039117 0.923572095 1.363081480 -1.326565023 1.195520664 -1.083109535 0.578876317 1.781485730 -0.153576103 -0.105129197 0.988429670 0.625727254 0.031865408 -0.692954291 -1.053049553 0.136679297 -0.526527551 0.196235616 -0.703589591 0.470734691 -0.250291844 -0.785921472
-17.083983616 -0.646998754 -5.663283071 0.360792642 -0.844905449 -0.265903716 0.291990867 1.371028574 -0.254826336 1.154724032 -0.939336837 -0.202393136 -0.081201611 -0.519065476 -1.026958226 0.122915829 0.430104921 -0.403262021 0.442137849 0.628193782 0.408210244 1.561986843 0.470472859 0.547612366 -0.475933573 -0.711868761 0.327358469
-18.154289337 9.902569994 -6.872417818 0.403077263 0.326355150 -0.566494217 0.640394674 0.061638643 0.466101167 -0.143707002 1.758982013 0.383152037 1.216277997 -0.464022634 2.202442002 0.293969268 0.997120890 0.744603784 0.760233952 1.180085029 0.639529390 1.128145642 1.141129983 0.286658690 0.626419129 0.893602071 1.619727038
-24.294979459 2.569500264 -11.216923555 -0.702498542 -0.602419455 0.326674604 -0.192016412 0.986904482 0.155411301 0.471202613 -1.181328969 -0.812417704 -1.681650570 1.950604446 -0.428989705 0.535540430 -0.183814698 -0.743205748 -0.445523760 0.533271045 -0.296134045 -0.609593876 -0.685817649 -0.507254136 -2.289663157 -0.390994570 0.251494940
-15.428289780 -1.397798464 -10.486001087 -0.354320883 0.563426937 0.742801170 0.072479105 1.128359747 -0.287879719 -0.020019329 1.883917961 -2.417905371 1.169629651 -0.921106874 -0.144610745 0.243944372 0.213464829 1.284619145 0.811783081 -2.288970776 1.450815513 0.486856583 0.120258916 -0.356349972 -1.890580489 0.113096859 -1.392249370
-14.324618277 3.560173117 -14.560805881 0.688606054 -0.724057896 -0.013907545 -0.036992510 0.481492833 0.938503218 -0.336068115 -2.236352810 -1.324623328 0.012637177 -1.887192803 -1.422094269 1.807641013 0.244642901 0.791914107 -0.964824793 -0.456071272 -0.804485993 0.493610158 -0.065581773 -0.281773201 -0.133131484 0.586211978 1.395986188
-19.456451015 -2.215977395 -13.767889059 -0.359420286 0.290538605 0.860802703 -0.213126919 0.451558787 0.307446745 -0.022497957 0.356912892 -0.582062145 0.734269432 1.577368587 1.086605365 -0.202940722 0.050956202 -1.955983562 0.888919639 0.167045911 -1.049519205 0.322681420 -1.305020326 -1.014582660 -1.715803643 -0.199575136 2.569600681
-24.613401492 2.571261947 -18.938182794 -0.323910557 -0.883087379 0.339058687 -0.016668504 -0.892073523 -0.129390151 0.151555995 1.425147147 -0.012172719 0.053891234 1.248878048 0.354907064 2.579825270 -0.252916452 -0.257756138 -0.286251272 0.378121679 0.415209402 0.561579987 -0.125643264 -0.283998049 0.796320263 -0.799803885 1.313507638
-17.923004401 10.927262492 -6.450360708 0.171446115 -0.787476439 -0.253760575 0.534876302 1.275672451 0.886277106 1.068069074 -0.614155920 -0.031946839 -0.773941992 -1.571946174 -0.498734367 -0.603537668 -0.878609150 0.695350447 1.461821917 -0.078069407 0.260137324 0.303485768 0.384897573 0.975180890 -2.242389478 -0.396828564 -0.302637906
-16.834548138 10.100960677 -7.606699472 0.969030758 0.038496257 0.061380685 -0.236071684 -0.503033785 -0.584283619 -1.975142467 0.582318196 -2.131286607 -1.368638607 -1.037515808 -1.843744610 0.757045004 -1.245304289 -0.518873518 -2.439953164 -0.018863750 0.415058147 1.993590354 -0.289696364 -1.276122580 0.744419131 -0.734841073 -0.587350112
-16.810575066 1.949544972 -8.912354104 -0.810208685 -0.571969519 -0.107549577 0.069612098 -1.412131022 -1.222562093 1.238145736 1.703572667 0.172074346 0.846358774 -0.036615533 -0.448541326 0.446246995 -0.780898396 -0.982854403 -1.722039103 -1.246061030 1.169138859 0.258395546 1.019360959 -0.356084310 -0.701565636 -0.253398029 1.068004118
-23.681965062 5.229547353 -15.696830091 0.348313374 0.607872944 -0.416091830 0.579686007 0.557156125 0.048362626 0.169991489 -1.621609353 -0.316707120 -1.585924924 -1.317149033 -0.991052362 -0.785206491 0.650263111 0.677668275 -0.017727879 0.056191392 1.586660191 -1.534569265 2.170427149 -0.145792272 0.535709900 1.314632421 0.744730824
-27.031347351 7.202319513 -5.382434726 0.083317998 -0.737947308 0.459765987 0.486936463 -1.301388507 -1.168010657 1.565147538 1.340737347 0.169437785 -1.251727779 1.425252963 -1.267292719 -0.146137156 0.597243403 0.773141666 -0.062224688 -0.656223733 -0.262895409 -0.422871438 0.269997836 -0.834809312 1.728578283 -0.698646229 0.270481090
-13.000504865 0.074443018 -10.449068050 0.981627638 -0.034172473 -0.184733100 -0.033363210 0.753018812 1.367072787 -0.016266414 0.250524026 0.726998256 1.250052676 -0.233558092 -1.198606452 0.033427365 1.165954821 1.679785221 1.151364020 0.732413685 0.171463919 1.943782479 -1.753808536 1.106845247 -1.230817325 -0.270969500 0.376075012
-21.494968582 12.954306838 -17.889864900 -0.678221407 0.257469781 0.462395995 0.509818574 -2.245313813 -1.096177154 0.492166701 0.956453957 0.272816609 0.298476265 0.735915165 1.077944169 -2.059141813 0.625565893 -0.980757441 -0.860007144 0.635547341 -1.811925966 0.167420586 -1.570690234 0.284946220 -0.335658217 -1.740003531 1.733996885
-23.223420791 3.454229670 -19.060007428 -0.287059686 0.863234526 0.058391943 0.411112237 -0.102128107 -0.224425550 -0.253202729 0.416676290 -0.844647562 -0.913058586 0.504410190 -0.663104814 -0.692589613 -0.285388829 -0.692041425 0.811445458 0.715440120 -1.092844471 -0.750647293 -0.175004910 0.765979565 0.520923232 -0.437322292 -1.057814656
-27.693360389 6.715720201 -12.423661583 -0.041011738 0.020754524 -0.683389412 -0.728605654 -0.538729427 -0.265101567 0.476280360 0.086473000 -1.599175010 -0.189726932 0.573228346 -1.057809363 -0.097295486 1.564080638 -0.232783722 -0.502605185 0.115635438 0.216711834 1.560708575 1.840042209 -0.516520821 -0.814964473 0.143264023 -1.486054553
-28.329503012 -1.254799604 -11.307439316 -0.249252504 0.555419186 0.786311677 -0.105340704 0.107168491 -0.211340785 -0.279354711 0.951550316 -0.902520555 2.055519941 0.124525792 -0.629012526 -0.037267394 -0.548637254 -0.605171415 0.588819268 -0.580021650 -0.738295724 -0.188633096 0.108053684 -0.779802271 -0.201189427 -1.786090886 0.154429218
-23.266761250 12.730425758 -13.776605130 -0.323030909 0.778071763 0.139765735 0.520308470 -0.120654632 1.734560783 0.259029336 -0.748863277 -0.795557989 -0.288966684 0.992035122 0.194284211 -0.581686002 0.357659059 1.378743575 -1.155127787 -0.073724074 -0.182003532 -1.233440568 0.528468602 0.554172411 -1.224928514 -1.318414200 -1.498630180
-23.567855969 -3.935082518 -10.850385566 -0.747199007 -0.446919958 -0.233940454 -0.432698578 -0.307633391 0.567186596 -1.014331514 0.181212216 0.690206521 0.104738708 1.516923592 0.312572413 -0.009947944 0.223614338 0.050956983 -0.387546022 -0.365144511 0.304706236 1.595286426 0.822432353 0.179309569 -0.040059091 0.546869791 0.170522091
-21.956811402 -1.863251276 -17.902290850 0.159165891 0.482118417 0.041646661 0.860519382 -0.682452640 1.027362993 1.011957168 -0.294629962 0.355673220 1.090884351 -0.575014602 -0.222929122 0.435104951 -0.813897158 0.017252769 0.791658792 -0.487770716 0.999541978 0.388910588 -0.913290476 0.960744192 0.768111353 -0.222127167 -0.473148861
-23.995635788 9.637855732 -13.495574643 0.741472362 -0.538987897 0.239064321 0.320248394 0.125165863 -0.776234843 0.174110100 0.312565208 0.213420496 -0.308130878 0.464078023 1.038569354 -0.290139539 -1.363098905 0.131219955 0.652577177 -1.760145988 0.802839856 0.029176622 -0.110699016 -0.523400594 -0.474499453 0.107558351 -0.562314903
-16.795127722 1.857786630 -5.521637061 -0.702512852 -0.299944633 -0.539308022 -0.354479572 0.901947627 0.367431989 -1.545066923 0.029420298 -0.092172429 -0.064974932 -0.220923173 -1.432735985 0.937517418 0.656520328 1.214316148 -0.001581160 -0.290270402 0.299284947 -1.236462484 -0.462298578 -0.517590849 1.074086814 -0.602433134 -0.401060768
-16.476028125 0.814556324 -5.970806102 0.333208151 -0.681017282 -0.016365374 0.651858853 -0.832805728 0.822548745 -0.438713822 0.123765145 0.801774616 -1.595551827 1.313324663 -0.238051065 1.035116348 0.290420743 0.697678631 0.200304218 -0.335279218 0.646198583 0.154172237 -0.133972252 -0.982972659 -2.542230092 1.508174566 -0.024322876
-12.158764194 4.834046638 -15.346185368 -0.845725996 -0.007468815 -0.427004183 -0.319936218 0.654448292 -0.430668964 -0.027488993 0.102403410 0.174606357 1.116778434 -0.708313470 0.496881307 0.752800208 -0.026916133 -1.294255117 -1.076328756 -0.904711174 0.543893743 0.813108153 -0.324611029 -1.168471916 1.146176013 -0.805173045 -0.426443461
-18.267364172 4.268251291 -20.320793987 0.439911313 0.027838375 -0.676525266 -0.589929339 0.106790427 0.220243545 0.385175705 -0.477824646 -2.929699110 -1.629078262 -0.479652692 0.948000595 -0.114192244 -0.361917920 -1.036216898 -0.053389247 1.031681034 0.156721724 0.546130862 -1.798231224 1.402117613 1.381602088 0.519876062 0.658662984
-22.729890191 2.507176197 -12.529121100 0.578317923 0.452699070 0.677024874 -0.047426286 -1.816648984 -0.401915561 -0.702131614 1.827099017 -0.197205822 -0.705591011 -0.229526691 0.503533666 0.582540219 -0.613914468 0.621950891 -1.117923360 -1.613544441 1.049016516 -0.235652067 -0.242419580 2.092570397 -0.456772528 -0.571540777 0.266142365
-21.624688783 12.135766454 -6.292610913 0.165626033 0.255548317 -0.680771551 0.666193043 0.600412388 -0.402170116 -0.570075241 1.603611823 0.676517646 -1.551318629 -1.565867092 -1.596437585 -0.165051883 1.182179371 0.617241221 1.588498474 0.613987809 -0.586068701 0.021236016 -0.876571427 -0.744202367 1.305319466 0.294886100 -0.501088029
-21.605108355 -0.592979119 -4.972437117 -0.203215206 0.633793129 -0.711732053 0.224604841 -0.167765880 -1.361049482 1.094241489 -1.002453113 0.840651785 0.231726970 -0.207582703 1.196015126 1.179560158 -0.559360400 1.324327105 0.346911961 0.270068503 1.281495260 -0.588493058 1.574935985 -0.416699558 -0.077118453 0.078203023 0.310337022
-22.827099269 0.727106293 -16.276263438 -0.217990112 -0.592194624 0.166927816 0.757575701 0.921328103 0.946773879 1.153131833 -1.312615379 0.338328622 -0.650371721 1.585858456 -0.460319474 2.795443415 -0.205335469 0.429798407 -0.588955507 -1.476122022 -0.775560456 0.618932175 -0.189177176 -0.342038863 -1.842276051 -0.540140815 0.285621055
-15.180147532 6.255528274 -17.036386804 -0.427060676 0.517687767 -0.626620525 0.396188431 -0.786318327 1.535505419 -1.025214859 0.375991024 -0.547415094 1.124608585 -0.410437865 -0.280857955 0.197900131 -0.551684121 -0.003692848 -0.405394558 0.074236469 -0.254372602 0.893087178 0.417279482 -0.487470037 -0.901670058 1.755782616 -1.066458383
-22.098294619 8.573428883 -8.904985719 0.152328658 0.066429024 -0.753106087 -0.636564519 0.366659782 -0.360677521 -0.958721533 -0.664479441 -1.375807718 0.703049403 -0.614154125 0.802186106 1.150967868 -0.270853891 0.345458022 1.067477265 0.614252401 -1.019596374 0.478826793 0.410152435 0.266243531 -1.652169938 -0.309445580 -0.179368401
-29.423691063 1.526866161 -14.336551182 0.363736685 0.711322090 -0.534142791 0.276419946 0.475248801 -0.188912694 -0.276029905 0.783523984 -0.099814137 0.287485635 0.043236830 1.109391205 1.134298310 -1.795355047 -0.408488865 0.334889163 0.022959529 -0.822345899 0.441431259 -0.745173887 -0.799992897 1.421459911 0.776204593 -0.858517923
-17.128699154 13.468342740 -8.606747038 0.582158811 -0.262433090 0.053948885 -0.767664972 -0.243761855 0.342474858 0.704961179 -0.630884754 -0.307973932 -0.824704364 1.478131376 -0.218705490 -0.590360796 -0.922031142 0.871011965 -0.484280368 0.185277223 -1.827274071 0.652333411 1.969259554 -0.701254719 0.386686182 0.678455405 -0.963372899
-15.052691129 3.948586262 -11.486966718 0.480393229 0.586625322 -0.617970373 -0.207859795 -0.173092452 0.091263298 -0.470880017 -0.681863158 -0.249900539 -0.223596606 -0.112357776 0.407966929 0.402642277 0.769296648 -1.824183997 -1.225170932 -0.185822364 0.556170355 0.405879685 1.211798140 -0.192072831 -0.697772192 0.399951481 -1.311931817
-21.314390355 2.176953470 -8.574716195 -0.336591322 0.234464390 0.349284525 0.842456558 -0.070972986 -0.105299962 -0.075038174 -0.010335286 0.615037947 -1.930785650 2.722707493 -0.735975024 0.504569051 -1.629961468 0.815721384 0.277111396 1.930154513 0.006428797 1.604978862 0.155740249 -0.310055473 -0.980064839 0.463709804 -0.589710603
-15.634392487 3.171233550 -6.602281527 -0.701146630 -0.532380914 0.421261179 -0.217951794 0.564582609 -0.482403474 2.513347073 -0.076307623 -0.233883456 -0.220542420 -0.062100463 -2.325865648 2.479820557 -1.854477416 2.406166425 -0.479434521 -0.244233733 -1.181034012 0.926466226 0.221956428 -0.327989915 -0.238109889 0.708714275 1.155574904
-14.371727785 0.572299445 -17.004573817 0.091569333 -0.837300046 0.535298053 0.063243068 -0.191961393 1.096360915 -2.100656084 -0.779646912 0.697161059 1.853647068 -0.634840756 1.250109570 0.615602036 -1.720689113 -0.082774300 0.227141807 1.574329735 -0.477146306 0.324503871 1.058461119 0.659902032 -0.130028407 0.779721832 -0.151162683
-13.205169761 0.218671309 -12.613534821 0.390372859 -0.362047190 -0.432828441 -0.727454743 0.041814054 0.884836265 2.876287244 0.904178115 -1.042594226 0.051593863 0.844119335 -1.852494284 0.707791231 0.398256631 1.044175195 0.475785658 -0.819886224 0.013439093 0.901620120 -0.592062580 1.149905249 -0.486048434 -1.062620622 -0.054472623
-18.175320061 12.379319450 -9.774668887 -0.321038072 -0.236189030 0.762129152 0.510204326 1.076429356 0.188863503 -0.340062406 0.921407923 0.714613342 1.239757773 -0.967072959 -0.747299096 0.861561105 0.622887846 -2.312873573 0.708751200 -1.838312913 1.051328600 0.069139639 -0.151862583 2.060768222 -1.675723805 -0.087333712 1.169703409
-28.360004985 5.095266604 -12.421413788 0.363399717 0.519325782 -0.440532685 0.635745492 -0.719501947 0.350644348 -0.339617991 -0.987853663 0.260501447 0.034698175 -0.537966246 0.473469647 0.509087937 -1.159122027 -0.539033616 0.879168555 -0.430345026 -0.500887112 0.540782334 -0.152312422 0.386926213 0.669375287 -0.173057446 -1.070551190
-25.422602140 -0.998410087 -10.429374962 -0.156914292 0.460831555 -0.860050569 -0.152725905 0.693894400 0.387867496 0.800771619 -0.146689525 -1.052450748 -1.074562249 -0.341447061 -1.648489160 0.584416728 0.478470256 -1.087234454 1.207958215 1.020556497 -0.638936550 -0.498760106 -0.351817477 -0.403916236 -0.186009513 -1.199550569 1.069287643
-16.315690184 3.553393062 -12.731336593 0.466334532 -0.225919505 0.044054607 0.854137970 1.021829471 1.013085132 0.234323783 -0.559817281 -0.312091688 -1.235957424 -0.534066863 2.543071293 -0.580669347 0.373509374 -0.376796700 0.982894197 -0.056827278 1.106906594 -0.811744898 -2.025986235 -0.732060812 1.445691739 0.152473780 -0.984508528
-19.974719439 3.077859133 -13.189116069 -0.487908492 0.490381676 0.043861275 -0.720796298 0.427827397 -1.237989127 -0.582684535 -1.235700385 -0.302744239 1.249137517 1.972382261 -0.685100068 0.087630341 -1.384196142 -0.516996689 -0.580315895 0.044918567 0.121521736 -0.106520997 0.134174156 1.533008193 1.832762879 -0.212825963 -0.187030109
-18.139656346 0.703881794 -16.862461493 -0.528895781 0.564691365 -0.108083027 0.624268352 -0.459755810 0.131707875 -0.022228566 -1.214957877 0.137824309 0.834351502 -1.072729443 -1.039563832 -0.246423997 0.116944427 -1.389432293 1.241197208 0.626645831 0.138309837 0.495664391 -0.095748585 0.245635110 0.309804431 -0.243126539 -1.182915868
-25.155472180 11.231790020 -18.164172888 0.601851622 -0.454973322 0.636980307 -0.158208691 1.862381049 -1.257736076 -0.583486587 0.635531737 1.068629134 -0.571100083 1.758033578 1.544213057 1.416187392 -1.360681619 -1.478704134 0.603308999 -1.018877226 -2.244563589 0.666229446 0.758359055 -0.077004008 -0.518046326 -0.380417637 -0.285943107
-19.195615597 4.922374719 -13.397920696 -0.701307811 0.660528563 -0.257245322 0.075460027 -0.354092663 -0.110251584 2.655348645 -0.187081150 -0.503314543 0.931258835 0.564760287 0.255607679 0.842429599 -0.035194527 -0.687010657 -0.158236055 -0.173662095 1.304264003 0.907269647 1.532094826 0.421999410 1.509353519 -0.151975704 0.358054151
-18.127650639 -1.014101053 -12.679195529 0.598046835 0.233928910 0.559344178 -0.524167281 1.367356973 -0.698539181 0.047604172 -0.165425217 -0.899348248 0.907037965 0.129861184 -0.795785938 0.325818512 1.458813708 -0.867932674 0.542008728 0.974067780 0.628672012 0.629038785 -0.501210246 0.808208006 -0.945412906 -1.225011903 0.397916171
-29.553107908 3.173948190 -10.145571621 0.331533507 -0.249754596 -0.463485806 0.782872329 -1.078107344 -1.433294161 -0.110081868 0.176822271 1.372467734 1.515289743 -0.584215996 -1.256346756 -0.348457575 1.081732262 -0.669714990 0.134343192 0.379998571 0.133646892 0.364358217 -0.719705812 -0.141528616 -0.281901434 -0.674189785 -2.303544575
-13.269448285 5.088828141 -18.090473413 0.448100833 0.865551468 0.209155047 0.079249390 -0.087943958 -2.220359520 0.868503454 -0.033686908 1.252784755 1.941070936 -0.023429681 0.479999010 -0.899215713 -0.099196316 1.619541158 0.093822155 -0.532549544 0.292283614 0.335003218 0.731747018 0.196303506 -0.034329033 1.005770766 -1.749987404
-16.659014755 2.810273691 -14.182684467 0.351250493 0.744627649 -0.513644051 0.241500609 1.313933289 0.847928816 -1.902700243 -1.136573167 -0.886465913 0.525024817 0.538640825 -1.056455916 0.164473191 -1.232636185 0.172455737 0.128882448 1.018366552 -0.076543809 0.957725476 0.125487857 -1.358412957 1.689731025 -0.684067096 -0.200018124
-22.219718217 10.753295827 -12.844608868 -0.563823543 0.170066985 -0.104785199 0.801374004 -1.506666301 -0.744865169 1.544973938 1.506592004 -0.122253445 0.065994442 0.844526689 0.586563663 0.353297388 -0.106068274 -1.126726635 -0.164058653 1.196369182 0.275146844 -1.328469637 0.209216328 -1.199221307 -0.723163091 1.365041925 0.268551672
-15.755115578 8.044648706 -15.204192091 0.801269752 -0.569532134 -0.181742447 0.023866634 -0.332288070 0.616012130 0.136471522 0.686490863 0.031141067 0.224882542 1.113381765 0.246722794 -1.328287155 -1.535665571 2.165564394 1.551120596 1.876313753 0.449520875 1.343961311 0.524682129 0.726652195 0.948259639 -0.491132103 -1.091737702
-19.900956116 8.823675261 -14.884065837 0.062607058 -0.531481329 0.751827411 -0.385179824 -0.523497126 2.504345700 1.680656795 -0.001334391 -0.631211729 -0.501430036 -3.285802949 0.075214140 0.294316868 -0.002376985 -0.572161471 0.448186693 -0.422322657 -0.331826998 0.516271164 0.998483717 1.352852650 0.859822799 -1.316172890 0.277803148
-22.047347665 7.007825270 -14.453337272 -0.453906835 0.097406712 -0.879018743 0.108658029 0.062830900 -1.374286352 0.873976397 -0.351711287 -0.916400085 -0.957879105 0.088387145 1.684444532 -0.926238340 -0.084333443 0.830523379 0.252563918 0.699597169 0.068424650 2.149379165 -1.071297584 -0.754026612 1.007076810 -0.812706931 1.146250039
-20.222622953 5.898091467 -14.296253074 -0.067402607 -0.425841877 -0.152245557 0.889346319 -0.717033731 -0.988570246 -1.199458797 -0.880796444 -0.427133441 0.306994439 0.159701484 -0.793950582 -1.224590176 -0.763548569 0.078606514 -1.208111390 0.461539473 -0.810362048 0.862652509 -0.373203639 0.115512188 0.598613841 0.235689883 0.412216238
-23.575902534 4.574568761 -2.922980010 0.916299890 -0.375665743 0.011884869 0.138305859 0.575307166 0.508912352 0.426945903 1.316122156 -0.687010403 0.102915740 -0.076452674 -1.145249149 0.215473573 0.671624011 0.365742452 0.992162586 -0.713232230 2.108532266 -1.447412388 1.215554073 0.450462088 -0.376825273 -1.224222639 0.932180567
-12.807929812 8.643442677 -14.524335306 0.805632910 0.442340817 0.385496264 -0.081748673 0.621429750 -0.557255073 0.057460273 -1.511142100 1.755139837 0.434523681 -0.301878854 0.724182179 0.010848922 -0.535780322 -1.572092785 -1.677457180 -1.706206297 -0.974237733 0.660870287 0.530134653 1.028808253 -1.460279742 0.014183344 0.242949571
-20.123346910 12.762673719 -9.532032412 -0.377228146 0.579520587 -0.189309558 0.697148985 1.400701040 -0.777221328 0.565983905 0.574765024 0.074175857 -0.235667316 -0.518349935 0.377914947 1.138103466 0.080636441 2.022531023 0.163494044 2.346090959 0.069744996 0.125409070 0.974403721 -0.487908621 -0.383465393 -2.870698622 1.341801736
-28.366303699 6.199641347 -10.013982037 -0.155229022 -0.365746751 -0.785635994 -0.474246086 -0.345977297 -1.561945051 -1.236718242 1.487617527 -1.700829656 -1.222704552 0.005739573 -0.075613595 0.159249175 0.004634056 1.664383206 0.541412307 -1.998087534 -0.015389616 1.958438239 -0.240567495 1.083396252 0.242372138 -0.093804145 1.037785057
-28.923779006 10.551650552 -10.482788357 -0.229945799 0.126837664 -0.337226298 -0.904055065 -1.198225626 -1.365695939 -1.405943816 0.377649790 0.659735108 -0.647564970 -0.054343670 -0.607776394 -0.463509350 0.479750744 0.542695200 1.645374057 -0.612925289 1.585899197 0.610576276 -0.593587785 0.166121162 0.079867414 0.364897875 0.418236895
-15.161939626 9.868352489 -14.477392343 0.337131832 -0.235665368 -0.904746810 -0.110621751 1.496153038 0.463119297 -1.282773677 -1.787642627 -0.531804790 -1.873239244 -0.808603479 -1.243196887 0.837022422 1.128875264 1.237317680 -1.090803923 0.164267617 0.878159638 -0.311724490 0.010808434 -0.314136204 -0.635439919 1.297477518 0.793531469
-26.227361156 8.454489182 -12.894684747 0.990489383 -0.034855530 -0.105259543 0.081463511 -0.895975832 -0.553834357 -0.976401988 0.771565475 -1.095907716 1.235903813 1.249223247 1.453351167 1.661682000 -1.233773304 -0.857115475 1.404488031 0.261347851 0.513110548 0.572766487 -0.650156041 -0.357123812 -0.932603387 1.469484779 -0.343058230
-27.590739201 -1.922326342 -11.223591017 0.294738766 -0.611996998 -0.349081266 -0.645547058 0.839235696 -0.340190544 -0.144974272 0.763847997 -1.656495267 -0.325472713 -0.007456932 0.736001432 0.911702654 -0.854817478 0.075922610 -1.322533103 -0.678605264 -0.859099098 1.281363414 0.439939692 -1.985688648 -1.420447666 -0.595511832 -0.306575028
-21.953171062 7.966372031 -13.148418950 0.455313289 0.793903346 -0.200034692 0.349847692 -0.611106995 0.212951581 0.068661714 0.956812258 -1.521016571 0.004507619 0.073033023 0.180095358 -0.852838778 -0.581975680 0.389950066 0.209749424 -0.563428165 -0.136711069 -0.129216936 -0.094045384 0.697255046 0.094046410 0.597014415 -0.391589367
-18.411928695 9.759746254 -18.096374563 -0.487756208 -0.282399766 0.794193495 -0.227158417 -0.051491881 0.695611997 0.146068360 0.366315089 0.205653396 2.238322971 -0.180190006 -1.156335654 -1.003642882 0.728142093 -1.131134376 -0.284978027 -0.327425431 0.333172191 0.434485294 -0.054092009 0.403320556 0.119868261 -0.894621234 0.977671766
-22.714137634 9.627084666 -11.778886592 -0.043869808 0.119865667 0.765743851 0.630352296 1.176937878 1.014783180 0.935884362 -0.734701671 -0.542002830 -0.930227513 -2.748755952 0.367376242 -0.184443789 0.350714674 -0.105985656 0.773140407 -0.502115222 0.289724920 -0.163805049 -0.036205088 -0.209899934 -0.853033611 -0.851203364 -1.213199544
-16.280133847 0.824176474 -16.332620949 0.262499138 -0.771785447 0.442622635 -0.373532636 0.278886882 0.634594647 0.139383404 -0.922528547 -0.132832425 1.391204269 -0.474562357 -0.535803404 0.645510502 -0.694400957 1.248485267 -0.649071865 0.519669012 0.453480097 -0.814156343 0.428677511 0.520129815 0.725731813 -0.805004990 -0.021635322
-13.004223803 1.646975052 -16.620496775 0.782077372 0.150204423 0.028509060 0.604136449 1.238290306 0.478636071 0.239062018 1.492436445 0.390908311 1.894724376 1.264613255 -0.007638329 -0.039906764 -0.895140080 -0.327299172 0.216242698 -0.540211877 -0.393069939 -0.045682565 -1.017264844 0.220664799 -0.186944874 -0.518855686 -0.075316692
-22.212453272 3.517736510 -9.624097588 -0.177296313 0.407965552 0.893872601 -0.055873955 -0.217028708 0.069515063 0.569547045 1.695256541 -1.185817567 -0.642986812 0.504991530 0.419489868 -2.068906740 -0.548628363 -1.113331642 1.250967524 -0.224318039 -0.128562044 -0.142209937 -1.197510922 1.413626543 -0.107112123 -1.626775773 0.629350218
-26.652026240 12.855553088 -11.332163806 -0.615969273 -0.432067699 -0.639606852 0.157487880 1.618848441 0.702684072 0.339964338 0.153864304 -1.434010748 -0.028673472 1.120555266 -0.667792992 -1.157550331 0.608288341 -0.868150574 0.554590833 -1.862450106 -0.419931731 0.822838238 -1.230605576 -0.478909072 0.244043197 0.402985860 1.186336593
-19.640188277 -3.059487970 -13.017552089 -0.723389424 -0.483908753 -0.121151221 -0.477349390 -0.314021684 1.742682966 -1.923297502 -0.162811166 -0.072425216 2.511861374 -1.464168441 0.098939542 -1.100307710 1.521622802 0.354281792 -1.649936333 -0.256423037 0.690677816 -0.151919105 1.205497282 0.416299380 -1.622536900 0.981171501 -0.061440007
-17.476503691 12.747619690 -8.291988492 0.805726146 0.229268734 0.538741851 -0.089434015 -1.202346365 0.786825494 -0.520648278 -0.834696724 -0.863653624 -0.539334244 -0.116516178 0.219187597 1.300593868 0.513492739 1.197072235 0.033183460 0.193203930 2.150062471 -0.383762585 0.736147675 0.387953890 0.019989906 -0.315878284 1.019299775
-17.984382519 1.545727148 -18.322624795 -0.093257523 0.366526076 0.293584758 0.877934884 -0.194724373 -0.440664789 -1.056774220 1.465205301 -0.399480978 1.413738347 0.620319751 0.578881110 1.121916279 1.431714389 0.274527239 -0.351113226 -0.078557705 1.699379199 -0.122969162 1.517868544 0.273649576 -0.435126569 0.219539999 -0.377542140
-25.053596512 -1.265738664 -8.205643428 -0.303032433 0.298496558 0.742160174 0.517947319 1.785534344 -1.625408154 0.878770267 1.776915085 -0.112151768 1.479401786 -1.798819763 0.746586043 -0.163975244 -1.902684693 -1.525221476 0.338681194 -0.442292927 -0.805574670 -0.061584987 -0.011013081 -0.485524832 0.145538566 0.181744205 1.841474014
-19.964455449 8.365959180 -3.450650593 -0.212025552 -0.480472518 0.557296818 -0.643126412 0.104625633 -0.570528855 -0.629324918 0.621890837 -1.400659543 0.914293259 0.138413648 0.466341009 1.380276967 -0.600481416 -0.594896468 -1.846982922 0.139417942 -0.593298900 -0.834866586 -0.050338445 -1.428770809 1.089629564 1.468373126 0.413222898
-12.842553606 9.572729957 -15.886271284 0.166627643 -0.731450577 -0.217516731 0.624421134 0.198498293 -1.891339064 0.817946849 0.347969749 -0.309819431 2.058632280 0.338507636 -0.893658343 0.396784720 1.036199740 1.201719786 0.684002350 0.171876306 -0.187657631 1.967685045 -0.278192473 -0.950409337 -1.079576749 2.498195058 0.473354510
-18.560822747 0.394112141 -19.471516760 -0.693040567 -0.338652652 -0.613414892 -0.169503167 0.186067055 1.068537102 1.289368790 -0.538081837 0.732378148 -0.097612192 -1.655739976 0.009393180 -0.222050221 1.738281550 -0.899107356 -1.345215141 1.821860477 0.048929500 -0.303310259 1.136908923 1.002713065 0.898721241 1.856563671 0.507071023
-29.255413673 1.883367314 -15.666501027 -0.463204954 0.414545209 0.644514423 0.445190520 1.303675174 0.279380102 0.330784146 -0.871362814 -0.210480877 0.468837046 -0.252959219 0.001269255 -0.075258656 -0.313086186 0.633682997 0.230926449 1.631971342 -0.929818153 0.651891587 -0.784280472 0.347125075 0.570928987 -0.004657018 -1.034085451
-15.114690899 8.529217113 -6.791049012 0.700046632 0.534243672 -0.378947937 0.284458913 0.913338258 -0.039731171 0.592794168 -0.277408023 0.175349524 -0.824198304 1.760708884 -1.082916617 1.742653074 1.359077192 -0.552511758 0.187547557 0.737389141 -1.694624631 -0.424624731 0.959662290 2.431569037 0.649284668 -1.567584154 -1.327737555
-28.631678753 6.009660901 -11.623061289 0.063139666 -0.264697716 0.926936736 -0.258334645 -0.125228874 -0.234355938 -0.610105317 -0.656091674 0.542484075 -0.161200716 -0.332836127 1.629350099 -1.348598558 0.316727039 -1.219933456 0.426175178 -1.219689771 -0.827227974 -0.863707343 -0.132678220 0.208583306 -0.923198016 1.946466349 0.557359686
-15.294718806 1.802927268 -14.066696418 0.274864800 0.582305218 -0.534127340 0.547793720 1.800322798 -0.603515004 -1.791817003 1.359421700 0.552656109 1.415481429 -0.018698904 -0.443451045 -0.558799981 -0.126419258 0.238844937 0.501087569 -1.106463877 0.429018233 1.501481386 -0.034743347 -1.006557823 -0.729451172 -2.259261470 0.354418558
-18.191363380 -1.815052724 -16.909878970 -0.840968583 0.225300005 -0.105333051 0.480537926 0.237217479 1.416010760 -0.401511187 0.371036717 -0.933502849 -0.019701047 0.631192289 -0.307444017 0.749502553 0.422912759 -0.103015051 -2.618024220 -1.477805168 1.978302388 -1.864091405 -0.987115856 2.172581282 -0.367504397 -0.297603402 0.766897353
