32.436320119 -7.606383560 -30.629094415 0.955770339 0.243231116 0.020485390 0.164079347 0.218633059 -1.498583464 -1.120534123 -1.874325271 0.710787580 -0.945452858 -0.575353758 -1.821874309 -0.797378178 -1.680461359 0.820295538 -0.100237079 -0.351570150 -0.093275181 -0.050307323 -0.947219466 -1.040024926 2.358205095 -2.433841405 1.551324476
38.027845193 -6.555982017 -32.012780070 0.184136129 0.400743563 -0.897167219 0.024278888 -0.857462917 -0.049553729 -1.294461909 1.737735981 -2.464449564 1.057159953 0.470693769 -1.395753046 -1.883407153 1.231120599 0.610354160 0.558505443 0.414163331 0.207280576 0.008052830 0.855798588 1.211455299 -0.955163452 -0.485033939 -0.595255187
41.290940254 -10.693425692 -35.602386106 0.413776604 0.516821709 -0.696016990 -0.277929115 -1.944486543 0.048261006 0.804762961 -0.193323454 -0.324387820 -0.221798039 0.181267106 0.027404809 0.722085142 -0.486232041 0.221136973 -0.531428187 0.400638388 -0.159962042 -0.669355545 -1.256005371 -0.876538355 0.206554321 1.600031962 -0.841242216
34.171769640 -9.106597311 -33.312492802 0.877507344 -0.153337372 -0.041074277 0.452527806 0.360514454 -1.491161597 0.505653142 0.715777707 -0.617633286 -1.428332529 0.008599962 -0.034614804 0.124497963 -0.428044069 0.809240831 1.678161773 2.300370383 -0.696126197 -1.478450914 3.573832068 0.505215318 -0.337743713 0.652713455 0.625257917
34.186562690 -6.560410223 -30.727589746 0.949717381 -0.091750077 -0.129253991 -0.270022638 -0.357402094 -0.863934704 -0.386929138 -0.730908613 -0.840047761 -0.953560161 -0.225784212 -1.043190939 0.094898099 1.237061499 0.261092313 -0.725657258 1.109438539 -1.553666329 0.598894752 0.459902381 -1.653993633 2.242159381 -2.365194376 -0.423405657
43.775560517 -8.457574624 -37.810968326 0.441461763 0.553189016 0.294890145 -0.641976033 1.618905151 -1.422022707 1.656181773 1.106416681 1.554949795 -0.026819134 0.223170346 0.127128230 -0.531866412 0.307076302 -0.230609165 -0.695269373 -0.289115741 -0.822619411 1.119526874 -0.408195790 -1.120394269 0.990535561 1.289231370 -0.535599809
42.359449797 -7.413825353 -38.373717112 -0.492437905 -0.607488684 0.028482870 -0.622616362 -0.906066347 -0.166745092 -0.825364412 -1.238936463 0.890010835 0.471299478 -1.806886608 -0.549837973 -0.424815493 0.292815670 -0.344956190 -0.122536646 -0.586451815 1.835633785 -1.273533297 1.402560595 -0.632811692 -1.004389705 1.303385388 0.171096639
38.549751269 -11.395058094 -29.770319294 0.853957624 0.329930724 0.321784929 0.241571013 -0.883365683 0.711083906 0.544442931 0.896038048 -2.096034544 -0.912163305 0.732561022 0.333767775 -0.048985466 -0.688746996 1.253451655 -1.344009798 -0.394404013 -0.649538342 -0.758150964 -1.714766417 -0.636894310 -0.812242255 -1.181622006 -0.769381679
32.441432651 -8.515569057 -32.413262247 -0.866212047 0.491319216 0.065147593 -0.063544548 -0.037157739 0.836554115 0.803462362 -1.264909190 0.253116685 -1.150299167 1.329658880 -1.416012407 1.036457523 0.706999978 -0.780020665 0.459766821 -1.675139817 -0.093748841 0.577724561 1.363824118 1.215960283 2.482311990 -1.089095700 1.225904512
47.095249664 -5.653019202 -31.957210668 0.211212115 -0.621813327 0.565823847 0.498578984 -1.294830523 1.149474981 0.355592481 0.659475476 1.695016543 -0.526128692 -1.653946220 -1.012954445 -0.399979173 -0.786127894 -0.327445886 0.447116988 0.374755272 0.416767471 -1.460450995 1.062069180 -1.330683356 1.979104853 -2.089510214 -0.320959761
41.289424342 -4.189159717 -33.621959605 -0.231976237 -0.158387065 -0.034771170 -0.959109758 2.432207664 0.350817196 1.268295768 0.915608348 1.267021087 -0.439150888 -1.139350063 -1.594608407 -0.374533577 0.203470370 0.240664422 1.328790425 1.111889771 -0.101043817 2.834788555 -1.592336372 -0.019657320 -0.058703227 0.279578069 0.240263807
47.667422211 -11.242030460 -28.543060479 0.485045958 -0.306150151 -0.652553529 -0.495152901 -0.558704025 1.324002401 1.211454335 0.461178655 -1.523623996 1.402201337 -0.380514677 -0.328048963 -0.864709750 -1.470895503 0.700208027 0.403087362 1.117222225 1.631689132 -1.863046320 2.012272931 0.022728560 -0.955212121 2.057823798 -0.557419956
34.429806491 -14.602271416 -35.493597842 0.267569722 0.070128482 0.586351284 0.761367593 -0.459659303 -0.657966843 -0.629005095 1.151372693 -0.378764459 1.356334226 -0.263577799 -0.800530578 -0.396699943 -0.003764440 -1.925965464 1.270447207 -1.154885247 0.541721666 0.154480041 0.447642783 0.207457301 -0.582982652 1.663537059 -0.740460889
43.921946622 -14.909141032 -37.511971493 -0.386097355 -0.708850316 -0.486392451 -0.334488335 1.222426896 -1.204690936 0.590101242 0.709652969 0.569410128 -1.516533360 -0.119635008 -0.153179479 -0.867486046 -0.477535656 1.137710370 1.432889689 -0.564277058 -0.947391712 1.175938684 -0.764057277 -2.219391750 -0.177064164 0.299501475 -0.166282422
33.623462671 -16.078553835 -28.981564691 -0.663145225 0.274446837 0.471010398 0.512900135 1.310056245 1.142440251 -0.018380535 -0.194902879 -0.497948336 0.529671061 -1.201816478 -0.692477467 0.190317661 -0.150989691 -1.393760361 0.267982654 -1.206529713 -0.875870796 0.078098034 0.419786911 -0.956224933 -0.115023458 -0.134886245 -0.762537580
47.874319082 -8.492135633 -31.971554918 -0.548455588 0.250176580 -0.779254220 0.171379716 -0.085808397 -1.214919476 0.194723154 -0.087425847 -0.673556564 0.097750373 0.774866927 0.144799384 -0.927694978 0.321277375 -0.211383525 0.818692439 -0.702448605 0.991604689 0.807254054 0.061520645 0.513650534 0.070673344 -1.012272712 -0.094194300
34.934503578 -16.984903532 -29.380704697 0.169960747 0.168506768 0.033888504 -0.970345497 0.974938315 0.979254027 -0.062524870 -0.490551629 -1.305238080 -1.495060417 -0.404405009 -0.946812026 -1.105261061 -1.261118140 -0.587724312 1.647579302 0.047681179 -0.681664547 1.072663514 -1.740708102 0.318464094 -0.358516828 -0.264268543 -0.019301830
41.451678288 -13.521486883 -31.954791390 0.950377756 -0.074248267 -0.255901955 -0.160572429 0.238751826 0.543373716 -1.876052495 2.385054177 0.967858709 1.188200975 -0.282206211 1.278087019 -0.398839133 -0.158814245 -0.101407521 -0.194596490 -1.834183768 -0.856494797 1.459635506 -0.058700700 0.326057360 1.205226929 2.236977189 -0.026634091
43.235943261 -2.413318747 -31.244448859 0.875266943 -0.452762415 -0.166792212 -0.033080675 -1.120751191 1.048126522 0.253297047 0.284451688 0.003901372 -0.581693414 1.760233212 0.589387349 -0.717130094 0.935662323 -0.817286659 -0.581832243 -0.861811066 0.119284632 -0.684750164 -0.839555744 -0.087340989 0.014336454 -1.562382553 -1.071876173
40.977211400 -14.896975594 -34.843267948 -0.436296205 0.777960636 -0.210052121 0.400376045 -1.001322604 -0.734324218 -1.531962774 -1.491352681 -0.930975594 1.276395170 -0.796085797 -0.998186870 1.940898124 -0.648277540 -1.013070876 2.269283048 -1.941279086 -0.710425348 -0.016237257 1.270000302 0.978590904 0.623301719 -2.400029497 0.970428764
34.268115332 -17.160199969 -30.723573390 -0.565172565 0.395436935 0.308585407 -0.654969197 -0.638684489 0.812052232 0.016506829 0.070416072 -0.050623841 -0.836790230 0.154042626 1.222431951 0.511910275 0.659905335 -2.354312968 1.689763838 -0.053083230 -0.220906008 -0.611438287 -0.589948572 -0.316640503 0.904199260 0.685902357 0.682599218
41.914545907 -12.174468298 -30.242926306 0.220164139 0.681210584 0.053171939 -0.696169977 -1.673394844 -0.976468284 -0.620959685 1.826055705 -0.315104976 -0.512079811 -0.136707562 0.088483843 -0.508839645 0.334205609 0.283591654 -1.210455537 -0.063816479 1.098280718 -0.235856965 -0.289746525 -1.418089823 -0.476308467 -1.368770096 -1.397957310
31.687802383 -14.348813199 -32.636157248 -0.101197989 0.154930157 -0.948487579 0.257151561 0.804387105 -0.181546382 0.163550677 -0.609328952 1.558933736 -0.504925392 -1.572702800 -0.404377026 -2.322652442 -0.212628655 -0.608914744 0.577441510 0.517240461 -0.055964494 0.557371765 -0.197870880 -1.475031764 0.856296004 -1.166355830 0.394061535
42.969114921 -15.183785706 -30.630186619 0.831949709 -0.523104296 0.010772477 -0.184676825 -0.676786986 1.653825158 -0.074261286 -1.173901843 0.506928478 0.606256669 -0.408263042 -1.358496663 -0.416096508 0.629668964 1.521312734 1.862116345 1.464292516 0.301737342 -0.285959832 -1.954129513 -1.653937787 -0.412872408 -0.239708328 -0.663481975
34.373977506 -16.995984551 -36.399432812 -0.163922889 -0.574530968 0.725618723 0.341351609 -0.482408634 0.670817963 -1.813773504 0.656947686 0.032423469 -0.360526994 -0.454616927 0.348175417 -1.091903409 0.759942515 1.989186931 -1.538589309 -1.355941608 -0.362260977 -0.039640607 -0.178252683 -1.019003611 0.514134489 0.237202562 1.262061205
37.254193274 -6.699256994 -37.707656484 0.295430663 -0.048050906 -0.828175044 0.473854335 0.692073940 -0.547686677 -0.564308101 -1.543393739 -0.532253983 0.941848353 0.523877441 -1.418909306 -0.354542589 0.429940053 -0.972842896 0.367632148 1.107723040 0.859620697 -0.493138668 1.411513973 -0.793030019 1.150091519 0.812665103 1.292162659
40.383661852 -9.924361062 -39.363885927 -0.517353413 -0.699744507 -0.077991068 0.486436495 -0.649416975 -0.531893341 -0.202673735 -1.183777994 -0.607570389 0.015380116 -1.006716990 -1.332107606 -0.122166094 -0.227859703 1.600714066 -1.359758298 1.534604542 0.001261890 -0.527084171 0.156144989 -0.888569854 0.550830092 -1.268243898 2.293258835
37.009571093 -11.918334657 -24.713472432 -0.785051703 -0.586046978 -0.085109429 0.181656677 -0.898275443 0.037873390 2.091915783 0.525450490 -0.282399682 -0.927497319 1.151808469 0.973838327 0.160494467 -0.201903646 1.124767672 -0.839280239 -0.606305261 0.237093256 0.765134658 -0.020424292 1.016630568 1.224432216 -0.973727854 -2.157597644
43.303304818 -14.541558863 -31.048695929 0.372817872 -0.290587086 -0.363405991 0.802808860 -0.363438473 0.867868199 0.794146180 -0.644266135 -0.814865726 1.397913939 0.438786402 -0.687750017 -0.004560190 0.809706419 -0.633696226 0.784637084 0.779464411 0.131301306 -0.074828437 2.527969139 1.527330889 -0.448372934 0.161975885 -0.668260022
40.797071397 -9.500730796 -26.193121609 0.382790700 0.636330165 0.652329861 -0.151726570 -1.243431578 -1.010573631 -0.023999870 0.946408699 -0.703220951 0.453041538 -0.267730845 -0.018648213 -0.266895005 0.288890665 0.462598744 -0.837805489 -0.076687185 0.715322300 -0.974786022 -1.191520133 -0.437103390 0.900405475 -0.268914291 -1.405531898
41.881904793 -19.913082832 -30.986970422 0.069634804 -0.475698270 -0.732436476 -0.482077752 -0.354251790 0.865948383 -0.060494628 0.200001913 -0.206436873 2.279624705 -0.448671595 0.817705793 -0.012999993 0.624799181 0.096993199 0.700967994 2.082282296 -1.199969732 1.485832381 -1.034195569 -0.421030200 0.137772427 0.814475956 -0.450771584
48.665957103 -8.287455847 -32.206299319 -0.664870886 -0.311340239 0.335681043 0.590196745 0.985200152 0.483265956 -0.627563594 -1.755440025 0.595106215 2.390323434 -0.611291327 -0.750646457 1.228840260 0.546837073 -1.329662078 1.713170122 0.677729381 -0.178507658 1.631219482 0.268267673 0.265709279 -1.501865623 0.376611062 1.219501859
45.451769856 -4.684768766 -33.217238979 -0.658878781 0.177358354 -0.142434724 0.717032158 -0.919004223 -1.502436294 0.583417539 0.398978575 -1.142171024 -1.462745718 -0.026229377 1.397520936 1.062348207 -1.233426987 0.119711579 1.475798831 -0.591405805 0.555370979 1.093832066 -1.089287576 0.634432742 -1.002836291 0.502306136 -0.907177323
38.143418527 -9.258339884 -24.924573744 -0.691465957 0.269896830 -0.368642940 -0.559582804 0.460836131 -1.546900683 1.311861737 -0.063977253 0.875435343 -0.854512393 -1.483679866 -1.038670632 -0.728401876 -1.948480134 -1.466397752 -0.057501256 -0.650694218 0.303474922 0.949306118 0.549556760 -0.595901245 -0.886126208 -1.239637875 -0.984791667
31.260827623 -13.828626006 -33.879684225 0.283180625 0.853654200 0.329072693 -0.287740166 0.712456988 0.180378945 -1.200247098 0.246621742 -0.461313446 0.579216881 -0.143470515 -0.620177328 0.352458076 1.154398110 0.808383326 -1.044078702 0.195623525 0.067171110 -0.958138766 -1.422019550 -0.647408734 0.615718705 1.391847965 -0.537859759
42.961777241 -19.395528614 -28.600423922 -0.134026859 -0.189318757 -0.952828839 0.195735568 1.394270948 0.890622416 0.014428970 -0.534149707 0.073553651 0.910390479 0.485464124 1.074321387 -0.915113280 -0.227444431 -0.609651920 0.307001164 1.750191107 -1.141538431 0.327748634 0.828557764 1.372531091 0.557274335 0.196492814 -2.503824941
35.281329184 -10.181504164 -33.720539774 -0.590105812 0.653792809 -0.031901640 0.472559392 -1.446591113 1.796604508 -1.877937221 1.042133889 0.819070294 -0.886832513 1.593982248 -0.984124461 -0.666719524 1.034547867 1.762305005 -1.304323303 -0.005664000 -1.006914605 0.588307257 -0.157136421 1.323083527 -0.866485262 -1.569527106 -0.150300368
38.897199818 -9.230068493 -24.005728622 -0.228333678 -0.298682350 -0.750433674 0.543600852 1.034504731 -0.426038131 -1.309546967 -1.725288893 0.881647625 0.824394953 0.082170617 1.127971048 -0.595739474 0.227197656 0.959851619 -1.270688445 -0.152918425 0.523153741 1.514774344 1.238075035 -0.977040709 0.015430336 0.123635713 1.603874081
34.805684638 -12.748651577 -39.168225856 0.189081757 0.560683878 -0.137180605 0.794394838 1.528427865 0.212726831 0.676210639 -0.359045019 0.773842068 0.496194794 -0.891755680 -1.573406652 -0.914008016 -1.486275466 -0.451740428 0.233518106 0.769798393 -0.932912250 -0.546883892 0.842813331 1.113528239 0.669959973 0.555215883 -1.008053996
36.972186978 -18.520257266 -35.623757601 0.576419853 -0.655233822 0.411215070 0.263269744 -0.544280889 -1.118312324 0.916554661 -0.156651750 -0.752947432 -0.076407889 1.669326812 -1.392166832 -0.313186754 1.114427370 -1.343347408 -0.721887307 0.793804621 0.019611176 0.548904733 0.591230938 -0.143946934 0.815254511 -1.411935487 1.043653525
33.215466675 -11.034371139 -24.060214292 0.317403484 0.474841736 -0.818860205 -0.056994033 0.381598009 0.852742407 -2.065342119 1.064227372 -0.461830365 -0.814797152 0.112389948 -1.221110785 -0.493444689 0.774367472 1.513031201 0.347060400 0.939527895 0.094166485 -0.809047153 -0.141115813 1.348759797 0.775370050 0.202286687 -1.856717195
46.515916332 -10.212375015 -38.157685484 -0.286597642 0.545266344 -0.215535146 -0.757687935 2.636099208 1.373996049 1.207525535 -2.670049093 0.032556624 0.648618470 0.260342116 -1.261690807 1.044080866 0.678639096 0.794167037 1.579434401 -0.590578149 -0.938525357 -0.585497673 -0.897807756 0.104784607 0.296958211 -1.099501722 0.443151378
35.193204503 -19.930607421 -29.374186828 -0.876848027 0.202501550 0.424638292 -0.099060487 -2.081871577 -1.166788578 -0.570769177 -0.942586315 -0.882051799 0.823987440 -2.344339689 -1.241590785 1.566237440 1.822424578 0.275058221 1.626948920 -0.640153729 0.685238546 1.187215484 -0.287216887 -0.518172402 0.894736817 -1.779780280 -0.019905545
39.412086834 -12.196363980 -37.841001461 -0.272588040 0.904854989 0.187916122 -0.267620515 0.308957016 -0.172623710 1.186135014 1.472523174 -0.068704861 -1.160776072 0.006010407 -0.052616143 -0.947820165 1.873005258 0.744407136 -0.849265036 -0.467486348 -1.147399818 1.139830305 2.414083292 0.419954335 -0.737706768 -0.781959744 -1.680902876
44.630153659 -9.684424121 -36.396737217 0.162781221 -0.393478421 0.766700846 -0.480465211 0.424553675 -0.042002167 -1.783596790 0.328645435 0.287890438 0.728071673 -1.208500300 -1.435317529 -1.695237203 -1.278949228 -1.844571068 0.390985263 -1.438314413 1.384089329 0.361473676 -1.034595902 -0.064155443 -0.080426228 -0.637868275 -0.973894470
35.673948761 -2.875732628 -33.673512822 0.751478630 0.386263423 -0.369330184 0.386879376 1.648354063 -0.469096139 -0.630767647 -1.445620705 0.819970670 -0.062802477 -0.593928045 -0.854570274 0.044691066 0.010404678 -0.249406131 0.390273608 0.508014925 -0.792545949 0.615581402 -0.312311410 0.031811899 0.629130492 -1.190976930 -0.705615698
46.731022565 -9.453064897 -27.217148510 -0.798855061 -0.336024722 0.450930726 -0.213493459 -0.894984783 -0.750536998 0.180961004 1.020959367 -0.160850102 -1.335579364 1.269974877 -1.898946279 0.115362062 1.381303088 1.319302597 -0.689286516 -0.448430190 -2.586313027 0.486387773 0.316561652 0.007233988 0.024129547 -0.153722565 0.335638898
36.321986106 -3.245185708 -28.775484689 0.711344793 0.070244151 -0.543624223 0.439917092 1.309861279 -0.151715865 0.273335835 -0.638300904 0.878462011 0.698957025 -0.302120627 -2.458505476 -0.398296563 -0.222585120 -0.809364963 -0.271413783 1.544536960 0.026033498 -1.110535879 -0.024930177 0.701228919 -0.681885525 1.039902930 -1.916540130
40.090698303 -8.763289363 -28.019188617 -0.708584282 0.178788631 -0.428578136 -0.531284973 -0.132751777 -0.662020949 0.263403154 0.206115069 0.246075288 -1.935178571 -1.497912220 -0.874862983 -0.531314959 1.471946435 -0.350763650 -0.156127184 -1.938560707 0.456375491 0.379623421 0.857722071 -0.399281638 -0.680466713 -0.273257136 0.665393757
40.516155469 -18.220375339 -26.533041710 0.850763257 0.075978890 -0.519903303 -0.011386140 0.131035006 1.963542602 0.468736258 -1.163520691 0.055977145 -0.412993918 -0.453789145 -1.067147234 -1.226837768 -0.676049233 0.538917820 -1.185146577 -1.150097842 0.397835449 -0.638755467 -0.004047262 0.933188751 1.451410925 -1.565475144 0.606011388
38.433679905 -5.651689081 -30.485992152 -0.174611785 0.435761228 0.596201931 -0.651280380 -0.230360113 -2.027345192 -1.424015530 1.079708997 0.278673734 -2.709715032 -0.433430443 -1.400655908 0.665051398 0.145704819 -0.669665122 0.166900310 -0.023697534 0.561726892 0.170227175 -0.228607524 -0.005428031 -1.013204138 0.863469803 -0.408840646
41.340836369 -5.353147486 -27.490975915 0.231021671 -0.204708253 -0.927894405 -0.209130322 0.729841192 -1.745650089 0.458650062 -0.339360184 -0.217314225 0.051403429 -2.211331586 -0.565201489 -0.983108133 1.080478933 0.718081030 1.510812545 0.725619669 -0.929126189 1.876517910 -1.050203648 -0.872338506 -2.756715236 1.761007252 1.857289460
32.184225686 -7.289047156 -33.741548206 -0.226517351 -0.436932499 0.142908756 -0.858694922 0.561425910 -0.640357993 -0.529360923 0.632476562 -1.417384081 -0.869857754 1.509960686 -1.012757179 -1.118118824 0.013912392 -1.400862897 0.503037296 -0.013812765 0.232462276 -0.485539201 0.798868580 1.591516127 -0.449431426 -1.501813726 -0.584786697
42.344139581 -4.623363774 -24.740404272 -0.397298478 0.021234584 0.068096884 0.914913016 -0.131057415 0.843845636 0.803128890 -0.713115140 -1.718805760 0.307671437 0.724802781 1.350653023 0.346824109 0.990308765 -1.614610961 -0.895322041 1.089446670 -1.266081287 -0.577144466 -0.307323450 0.213283087 -1.354159337 -0.474308035 0.598218857
38.239881266 -12.634204146 -38.735632239 -0.950455122 0.163902689 0.230314319 -0.129330134 -0.977175263 -1.482683519 1.157531355 0.586867629 -1.712648150 0.154864583 -0.780027092 -0.727646137 2.503991059 -2.213526200 -0.964454677 0.326255355 -0.388942135 -0.484457582 -0.316058576 -1.243519355 0.930461772 0.165144497 0.390789558 0.501658031
38.485526093 -15.487082592 -28.764779526 -0.607565611 0.211127807 0.693169043 0.325277967 0.635507646 -1.503097285 1.431354121 0.570705393 1.732592800 -1.142246241 0.084082789 0.522242452 0.550045464 0.200729525 -1.287406324 0.667537357 0.222136590 0.992906605 0.137451885 0.344180055 -1.849320059 0.961085879 -0.930016690 0.448531477
35.944711691 -17.187216762 -34.642637104 -0.617222179 -0.364951475 -0.034775882 -0.696159349 -2.254483405 1.027130214 -0.320850630 -0.096977282 -0.253768619 2.135262390 0.836424289 -0.705360365 -0.582825001 0.857347375 0.197935871 0.289485414 -1.005072323 -0.242864728 0.172010818 1.210209262 0.180172551 1.238344050 0.045147419 -0.000107142
32.907735918 -9.187690663 -35.396135035 -0.156900295 -0.270566795 -0.884114987 -0.347155003 0.698369524 -0.554267874 0.528754956 0.420361080 -1.495723245 -0.443627638 -1.760379687 -1.237785372 -0.566169142 -1.292568473 0.391117945 1.534597675 0.171784522 -0.350706370 0.396058982 -0.492839691 1.036763286 0.490893065 1.465426993 1.612480503
33.272640458 -7.946230511 -36.612866769 0.841770826 -0.158533727 -0.468242898 0.216881354 0.954865945 0.327531514 0.321465244 -1.429469457 0.286783864 -1.598968310 0.140365471 0.128443083 -1.696486400 0.789480804 -0.642957357 -0.346504029 1.132449754 2.296333367 0.195793509 -0.328779185 -0.265883483 -0.111808353 -0.007576456 -0.752188492
41.146622187 -18.702393121 -32.126707365 -0.060050435 -0.374396363 -0.340499150 -0.860396209 0.196503852 0.484811626 -0.955059427 0.241645293 1.707243493 1.959473915 -0.051104743 -1.893698462 0.610909072 1.547308719 -0.409258620 1.798939394 1.397992084 0.738201096 0.192612740 0.382249162 -0.381256820 0.845881391 -0.513296637 0.647164116
47.132491146 -11.307420570 -29.751216488 0.582639816 -0.628537416 0.202704066 0.473690430 1.172548794 -0.785262510 -0.698439513 -0.769965963 -1.434227964 -0.370137936 0.047758548 -0.613803108 -0.798068137 -2.631423787 0.333102008 0.470825222 0.508936859 -1.630869306 0.521728470 -1.459646274 0.297923396 -1.123227216 -0.027182062 -1.088957232
39.822757026 -13.572147401 -28.693089879 0.513475510 0.725969815 0.202423056 0.410287260 0.176436726 -0.557661034 1.611185033 -0.910500152 -0.455487798 0.051611339 0.144350798 -0.400576708 0.499707614 -0.770611890 0.216095766 -0.914939221 -0.228770860 1.643176880 0.548415629 -0.969599663 -0.852141943 0.617096609 -1.804048627 -0.499099761
41.655021588 -12.302496927 -30.544941574 -0.473469240 -0.429131583 -0.048890655 0.767647489 -0.317852449 0.690710872 -1.114366104 -0.808084700 -0.686866327 0.814028281 -0.175929036 0.690063257 -1.545533975 0.145514353 -0.310761753 -0.950237510 -1.501425638 -0.880193704 -0.342639341 -0.562115452 0.548516741 1.445703026 0.545920457 -1.202481078
48.193362223 -14.485776441 -30.066765042 -0.708524268 -0.319870115 -0.417998431 -0.470057213 1.069889618 0.222873709 -0.048884925 0.385712182 -0.670007379 -0.228550721 0.222603300 -0.088087719 0.266508648 0.239684233 -0.657012884 0.180046214 -0.391049534 0.675871034 -1.325588796 -1.273562596 1.013997073 -1.513359563 -1.617844354 0.115328692
45.791686286 -6.168433224 -25.687002234 0.213766616 0.549237225 -0.782617134 -0.200381452 1.311462336 0.052988628 -0.458217717 0.949451808 0.111001720 -0.938489127 0.851648880 0.414272301 -0.021466888 -0.154889944 1.202646655 1.243689293 0.195749968 -0.626421733 0.271869819 0.497188956 -0.192529486 0.331813499 -0.783106299 0.924602976
43.618902356 -11.826351124 -23.297583855 0.327391384 -0.657693100 0.659982675 0.157090855 1.552949393 0.461483292 -0.635114101 -1.517621685 -0.927470034 -1.063483387 -0.320383108 -1.115650415 -0.062783502 -0.276354892 0.844427301 -1.807392504 1.988564970 0.420338719 -0.556439136 0.477806047 -1.656926898 0.000649481 -0.128348142 1.177414302
38.875320900 -13.557054061 -31.732788387 -0.022526693 0.514424391 -0.856867977 -0.025246077 0.177984305 -0.667935525 -1.833189098 -0.948817669 -0.273978099 -0.115888821 -0.416366560 -0.262362605 -1.287690526 -1.059168931 -2.239415035 0.347676780 -0.621355206 1.686519006 1.645625968 1.407910196 -0.846941872 -1.747122206 -1.011015512 -0.266595543
31.984953046 -9.800795044 -30.245412225 0.200601213 -0.143979032 -0.537473535 0.806319658 -1.012436965 1.483923927 -0.830145129 -1.357988906 -0.609499130 0.548198745 -0.342095072 -0.274813567 0.733980937 1.072460972 -0.906800453 -0.665850672 0.955753006 1.594325654 -0.731029868 -0.440049082 -0.166241809 0.859636076 1.493775903 -0.493798267
34.832626642 -8.722750443 -33.842351778 0.528679007 0.451171044 -0.046011675 0.717513848 0.596179911 -0.981670973 -1.043466294 -0.461773116 -1.025214829 -0.063675589 1.027011668 0.241230171 1.125356031 -1.445824104 0.712445352 0.567204616 -1.244389762 0.674909116 1.409981689 -1.695854845 0.808276854 0.472826393 -1.257473557 -1.037034023
33.843885432 -18.953946025 -28.879033898 0.306309084 0.843626947 0.260301130 0.355965787 -0.027382920 1.197729044 0.449645464 -0.683205528 1.562513536 1.402242428 -0.012712140 -2.643085356 -2.136654869 0.997289262 0.696854676 1.118388833 -1.196892302 -0.681545645 -0.314040963 0.811667347 0.177182181 0.109040521 -0.128061808 -0.073599263
35.766119687 -3.899342062 -35.189321553 -0.566160080 -0.610064136 0.100821645 0.545086699 -0.434164476 -0.007943135 1.554107668 0.104470671 0.032758746 -0.183176381 0.623816442 -0.245723410 -1.308415604 0.829348549 0.031023151 0.620033602 1.399296279 0.713764864 -0.528467346 -0.759547232 0.707005465 -1.345708799 -0.187505084 0.333035059
34.751492240 -11.797850303 -29.418811916 0.526125148 0.061576171 -0.848094057 -0.011712129 -1.873982694 0.428359030 0.629681417 -1.276449087 -0.851624314 1.383498861 -0.537687375 -0.284681155 -0.663216720 0.108803263 0.132001262 0.147754292 0.745770481 1.921887493 0.753819375 0.997334637 -0.155565215 -1.302461136 -2.211736796 0.400793861
46.183529498 -9.811357312 -31.316359965 0.336489183 -0.050828136 -0.745262724 -0.573389050 0.632744498 0.349692209 -0.027745690 -1.887155999 -0.101586207 0.173552389 -0.695965012 0.614118676 1.025524950 2.052302940 -1.365703969 -0.339396319 -1.876714599 0.557289253 0.181463431 0.432099234 -0.430443626 0.276706652 0.039986716 0.417902938
34.226494776 -17.551561721 -31.452128898 0.637345101 0.637388257 0.166502658 0.399755296 0.039043102 -1.008746525 -0.819742279 -1.757594639 0.613160902 0.779903604 -0.473567570 0.662559174 0.019184246 -0.056371848 -1.144648529 1.294893388 -0.108957408 0.140601216 0.757277995 -1.370301972 -1.433423952 -1.362632966 0.076027590 0.680254306
31.768842686 -15.936368746 -33.444806638 0.413663966 0.708983202 -0.447180323 0.355323374 -0.175649054 -0.122076649 2.044944039 0.388771074 1.399698551 0.381808171 0.535469171 1.035032531 -0.999058538 -1.965663125 -0.911557237 0.226301002 1.661817483 -0.245698086 1.146429178 -0.722015949 0.317153889 2.150734977 0.565096522 -1.408665380
36.596451574 -2.510820026 -30.514026596 0.361864267 0.193435068 -0.703548991 0.580220600 -1.851425764 0.208056909 0.020800832 -0.531739126 0.505098817 -0.281950603 -0.681309708 -0.516434415 1.636254264 1.533372831 -0.871511750 0.796346719 -2.274250602 0.800171234 -0.952412813 0.436210450 0.730349647 -1.473272640 -1.404503919 -0.234982240
37.154155239 -7.891817578 -23.151341547 -0.168609152 -0.916525153 0.355067825 0.074023225 -2.326572113 -0.779333435 0.003279251 0.878820674 0.889836672 -0.684983610 0.201978289 0.864136022 -0.026937053 -0.722894703 0.065449612 -2.684818369 0.973256160 0.782548739 -0.784923697 0.965121274 0.204662650 -0.009263996 -0.428841804 -1.069000735
37.377618041 -10.255916093 -33.806050735 -0.487767474 0.550236177 -0.345268879 0.583191599 -1.226384595 1.133712295 -0.214038454 -0.667555998 1.085406952 -0.480540250 -0.195810129 0.025182605 1.491518929 1.343258332 -0.615470327 0.756335999 -0.485851930 1.283598596 0.337860120 -0.076578263 0.515892821 -0.231092828 0.470811521 -1.068277705
39.641478039 -5.514303683 -29.379156058 0.014122921 0.833880463 0.545524252 0.082747850 -0.446506366 -1.338002819 1.447570722 -0.609085724 -1.543191424 0.748246806 -1.820857754 -1.233783566 0.172494646 -0.109918550 1.028519557 0.561395322 1.045684370 0.352636013 1.815299997 -2.655008355 -0.903535328 0.171085633 0.111083386 0.033220075
36.251857891 -11.656315243 -23.882883407 0.170329237 -0.734296279 0.654228033 0.061502900 -0.564556793 -0.304491929 -0.144482690 -0.987806876 1.035914809 -0.295154963 -0.601381382 1.607300071 -0.548397612 0.093654378 -2.174363108 -0.726449673 2.204196146 2.670691739 -0.047095517 -0.911155620 -1.955979597 1.357814443 -0.189565441 0.406532547
31.808809201 -16.319961156 -34.272552729 -0.449350450 -0.528267942 -0.608822550 -0.385165232 0.637214929 -0.163489480 -0.413307604 -0.766732642 0.716242389 1.042605783 0.731588414 -1.602882245 0.248634448 0.419713908 0.268055132 -0.710643030 -0.724098792 -1.540204526 0.044016063 1.094070214 -1.148391408 0.125211345 -0.036356284 0.328357280
47.367867313 -14.118801630 -30.002662214 -0.932649601 0.013923067 -0.317034261 0.171639587 -0.894239675 -0.535539705 -0.384763189 0.977434512 0.414168311 -0.579143793 -0.787501604 0.235993552 -0.862423683 0.130709578 1.535162973 -1.501271697 -1.227981958 0.082049801 -0.439493185 0.098877880 -0.246298892 0.417139123 -0.707438566 0.798398178
41.576180506 -19.201880157 -34.258457100 -0.605585556 -0.237865348 0.545606681 -0.528204089 -0.395722033 -2.273552991 1.217670626 0.961147511 0.739633734 0.153983449 -1.172338341 1.700447384 -0.593783586 -0.118116592 -0.761306461 0.356001418 -0.115671491 0.353330001 0.114801720 -0.378602849 -0.302209817 -0.682528889 -0.036049894 0.438268613
35.013665660 -11.494407604 -38.975441381 -0.899632834 -0.051754969 -0.022020117 -0.433009585 0.104204972 -1.632997987 0.015143107 -0.260452985 -0.144638636 -0.085076880 -0.367399996 0.049087026 -1.123357900 -0.615992274 1.826708069 -0.394163167 -1.495735846 0.645187828 -1.455435090 1.001881926 0.410448960 -1.421475350 0.410529618 -0.882751123
38.854140576 -9.272259502 -39.939148740 -0.562504822 0.688872698 -0.446796457 -0.097034306 -0.875223730 1.297680184 1.265659908 0.483082462 -0.485925052 0.836691240 1.248150668 1.149555168 -0.300657868 -0.982561921 0.368690989 -1.486354784 -0.660015750 0.330339444 0.274278661 -0.147771116 0.709759542 1.187911433 -1.755178887 -0.109025392
40.397524039 -11.086176590 -22.376908358 0.189799179 -0.450336397 0.685485264 -0.539706729 -0.560506361 0.072558120 -0.292860889 2.201398254 -0.273240585 0.702380796 -0.011338595 0.659570795 -0.965510481 0.572848576 0.121507645 1.813782401 0.887585832 0.180382284 1.171015304 0.049616846 1.407430487 1.044281221 1.440482530 0.685950721
34.095480410 -18.531052882 -30.123640430 0.010527303 -0.239720324 -0.958025693 -0.156876113 0.458231764 -0.919816213 0.910521934 2.200968892 0.598856961 -0.143107562 -0.027503734 -0.764646792 0.406500367 0.836800666 -0.575025671 -0.589988868 -0.630683255 -0.558823102 0.200675662 0.554038522 -0.191324642 0.832513830 -1.877831696 0.261656632
35.530904494 -15.805463524 -37.712144843 0.786916584 0.019821329 -0.451064076 0.420607422 -1.059771223 -0.329817744 -0.804170709 -0.701668041 0.837784708 0.053686261 1.154092500 0.422644041 0.036717594 0.663536730 0.568102857 0.051381365 -0.554888268 0.327065202 -1.208739964 -1.463208195 -0.897566606 0.130303840 -0.612477468 -0.225878199
37.588252979 -14.469997431 -26.764137494 -0.495556714 -0.151159244 0.815628868 -0.257534417 0.790137707 1.059479611 -0.948480905 -0.466689506 -0.631117566 0.078022119 1.275162442 -0.278973775 -0.548912813 0.592369046 0.107367536 -0.764929476 -1.917580350 1.329915936 -0.586843779 -0.660610553 0.261854562 0.567452146 0.500849223 -0.028199953
31.579936620 -16.235467982 -32.647762170 0.131108040 -0.637548999 0.586758522 0.481722320 -0.017921835 0.388660282 -0.062558473 -0.507914445 1.342776501 -1.033611392 -1.102479414 -0.124569152 0.663981257 -0.446784094 -0.728855839 0.435487728 1.378116265 -3.040061671 0.007630663 0.190535586 0.167330958 2.162280806 0.016511496 -0.729818888
43.854607238 -14.110549402 -28.536911959 0.785356850 -0.375122387 -0.490217030 0.046744801 -0.817940221 1.299610865 -1.324924039 -2.124385987 1.358759928 -1.991318926 1.425903873 -0.052735937 -0.487502752 0.104670368 1.562222158 -0.257777390 -0.779816609 -0.123038743 0.708089727 0.705810537 -1.053037912 -0.084287610 -1.079674050 -0.969107825
41.936738332 -13.935463277 -39.299663527 -0.145011490 -0.503576948 0.846187718 -0.096686460 -1.427300535 -0.710493516 -0.355290355 -2.264035066 1.300936083 -0.517783688 0.436527962 0.554804407 -0.242561639 -0.761304924 0.016166269 0.303131280 -1.092632488 0.759783707 -0.388984067 0.704787553 1.340574575 0.220215846 0.676350617 1.338769166
37.033027968 -7.657517424 -32.106104962 0.805360882 0.239252504 0.478178578 -0.255924473 -1.686370470 -0.368541905 1.206574298 -1.850915435 0.436035130 2.672468562 -0.438978441 -0.447501456 -0.717858149 -0.951603355 0.870158572 0.297106702 0.237810961 -1.255519633 -0.428780433 0.005169628 -0.780798030 -0.598653792 -0.982347889 -0.802510204
40.990904287 -17.074025993 -27.753508265 -0.669209335 0.573581996 0.418422347 0.219283605 -0.557924412 0.078539271 0.942373740 0.547431907 1.093410471 -1.389575827 0.029272980 -0.139012067 0.117520313 1.367981999 -0.339128625 -1.002342972 -0.610704148 0.566399509 -0.405666329 2.062675978 -0.167241444 -0.788928979 -0.715946471 0.575782735
40.785127690 -12.864370839 -25.260223405 0.617339558 0.181025927 0.696141994 0.318602899 -0.656341134 0.631103141 -0.384262132 0.017611559 1.012340806 0.134219907 -0.127114645 0.104223424 -0.082725525 0.048908155 -0.313076751 1.311222257 1.674153483 0.887255545 0.653475453 -1.222805093 -1.112230569 0.077753511 -1.457790956 0.336864127
40.717833439 -2.246646188 -33.966122311 0.819224462 -0.080225545 -0.292180236 -0.486894087 0.134279747 -1.242960312 -0.659761601 1.768086647 0.772287618 0.294347629 -1.286446599 0.941423322 1.563500568 -1.103730896 -1.151912057 1.186341770 -1.039828232 1.329109020 0.608851087 -0.389796522 -2.001893879 -0.564066415 -0.181477751 0.620912373
37.069940224 -9.877509577 -28.329174759 -0.880825181 -0.064218642 0.057077155 0.465580461 -0.139595975 -0.383134992 -1.220312801 -0.772809321 -0.022194003 1.003980289 0.155560360 0.239957064 1.007321827 0.221115861 0.694646108 0.986717204 0.699860747 -0.274022899 -0.375825982 0.561431668 -0.510167631 0.823689642 2.654232960 0.495088494
43.301293173 -7.109360236 -36.566331021 -0.586004955 0.071217394 -0.083970884 0.802792106 -1.246276773 -0.412496872 0.335385149 -0.498359903 0.310540233 -1.211896168 0.684418812 -0.053297974 -0.655467476 -0.312430760 -1.423561943 0.914297384 0.275181285 -0.308270136 0.193284850 -0.563187249 -0.681310550 0.276147066 -0.462265372 0.191583393
32.202802552 -6.999411537 -33.635181648 -0.653486434 -0.420873966 0.342126588 -0.527986727 -0.469891561 0.676352197 1.034409002 0.963492887 0.771454993 1.394735100 -0.233972949 1.031091972 1.163066881 -0.095699839 -0.977615209 -0.868692013 0.586054106 -0.142002696 0.204460818 -0.953276276 0.840235735 -0.752177813 1.084363699 -0.923641352
37.514271743 -6.564831978 -32.297062918 0.071471981 0.691689380 -0.426992156 0.578044338 1.796344219 -0.563578878 0.870469806 0.573624142 0.403689689 1.139308846 0.446948599 -0.529584735 -0.509803399 -0.985755533 1.739936224 -1.290576471 0.860316635 -0.157552562 -2.385870250 3.155313126 -0.530082229 -0.712301460 -1.076101763 -0.257764419
45.381678932 -15.444800601 -30.527048113 0.565213499 0.624810007 -0.538478518 0.013676305 0.509794470 -0.169933539 -0.659463649 -0.682794445 -0.704387353 -2.131176262 -1.580418235 -0.617368949 0.643382211 1.005784954 -0.618504970 -0.222109676 1.379498130 0.107131434 1.335436219 -0.257180191 1.095888647 -1.913511379 1.241474400 1.839399395
31.478761689 -14.832689231 -31.101671367 -0.649758756 0.046039745 0.001953913 -0.758742436 -1.818119481 0.680557086 -0.885873679 0.432073668 -1.307833151 0.804209570 0.289844839 -0.095081262 -0.013728463 -1.560176367 -0.613186622 -0.873345038 0.250539695 1.626803710 0.626651925 0.232983055 0.500870632 0.214020281 -1.770407893 -0.239252594
43.375215541 -8.496526299 -37.666356441 0.179369741 0.342207747 0.919301520 0.074867012 -2.484927134 -1.224981771 -0.005437309 1.446564921 -0.716028720 0.355963725 -1.301956937 1.292877160 -0.424796627 -0.984600292 1.153145070 0.139511487 0.552798323 -0.209877927 -0.111986257 0.123558186 1.396493162 -1.370159892 1.319873555 -0.099571181
41.562220813 -14.807768458 -32.820033973 0.309512960 -0.706381239 -0.506127924 0.386085220 -0.683239714 0.664411756 -0.372461993 -0.820871799 -0.542053674 1.626004206 0.190497029 -2.065088678 0.301985148 1.186996190 -0.375791379 0.391888010 0.589745230 -1.767158045 1.025981771 -0.985995091 -0.496770770 -0.272475984 -0.944615996 1.414378493
42.055371060 -10.973262747 -36.213486852 -0.243668570 0.730009974 -0.499370456 0.397919857 -0.409914340 -0.656957756 0.488376229 0.852597592 -1.661281176 -0.358996109 -0.533489480 1.332458458 0.266927698 -0.033405605 0.208240331 -0.765731477 1.252496388 1.801028304 -1.333921050 2.572217463 -1.716947494 -0.108898941 -1.123196610 0.654155311
38.476045291 -4.517287192 -28.841598922 -0.944749119 0.151084022 -0.211053633 -0.200197612 0.045810288 -0.033307900 0.893554362 0.224435608 0.350912794 1.337691014 -0.493088709 1.273375702 -0.614868612 0.999129728 -1.325168128 0.081453618 -1.459884162 -1.031725341 -1.713766641 0.682714470 0.573955220 -0.431785161 -1.268750785 1.796645269
40.988785166 -18.771555874 -35.766906756 -0.392592843 0.857225563 0.301142520 -0.142647737 0.007276964 0.294596409 -0.332401216 0.567566213 -0.603928808 -2.351307790 -1.272529545 0.582427619 -0.691559063 0.583936761 0.919733187 2.079369568 -0.292824191 -0.827419556 -0.400404361 1.115791608 2.426954215 1.129047413 -0.464187815 -1.027001103
43.915818558 -18.107864846 -31.342819217 0.767198402 0.144022683 -0.114141983 0.614520696 -1.803998007 0.126493829 1.525190800 0.598929261 -2.319050489 0.063442328 -1.096196883 -0.011395405 -0.848938947 -1.010880886 -0.249257211 0.434887115 -0.480764332 -1.365783223 -0.152946123 -1.382372176 -0.030837253 0.464060697 -0.415296338 -1.102336752
44.993747148 -11.341349553 -30.997589852 -0.765600381 -0.545916699 0.096442500 0.326389121 1.120091675 -1.210054364 -0.273385552 1.241155538 -1.552127549 1.707347549 -1.830886763 -1.759911692 -0.146731445 -0.943844183 0.157732967 0.648050279 -0.012703171 0.873605008 0.167263995 0.411009898 -0.497298771 -0.351002281 -0.571804823 -0.734043603
37.287989931 -14.512772042 -23.592812619 -0.233237307 -0.846135492 0.274331802 0.392934028 -1.198416974 0.000071994 0.657309659 1.010725060 -1.112853024 -1.944817665 0.667515734 1.572295485 -0.815220514 -0.755688215 0.213609543 -0.554940336 -0.697734088 1.515028720 -1.120840192 0.340470897 -0.848545909 -1.022555625 0.653352912 0.590064665
44.012061594 -15.456150839 -24.240764396 -0.782634852 -0.070858369 -0.608719903 0.109187266 0.101160717 1.059287932 1.234950137 1.936986017 0.163634000 -0.166418678 -0.750108954 -0.301701106 -0.759262883 0.942275344 -0.822791226 1.736461238 0.247640098 -1.318476204 -2.478541341 -0.274447733 -1.225400104 -0.915610242 1.863651704 -2.563123947
33.800008838 -13.190798977 -27.034105317 0.358796776 -0.065086850 0.061513806 0.929109588 -0.925383385 0.118937641 -0.474436940 -0.006317703 -0.030232566 0.804774072 -0.508426305 0.339245484 -0.174622858 -0.482830189 -0.717844874 -0.040228254 0.066885228 0.294457136 2.325961981 -0.620911514 -1.566146427 -0.098303551 1.486847355 0.995346002
37.390368653 -8.232361550 -30.718972499 -0.259318076 -0.424102501 -0.857641533 -0.131689803 0.092061632 -1.098832276 -0.521182618 -0.260310915 1.753252409 0.123432187 0.421335984 -0.723214771 -0.156063355 -1.366401001 -1.385892420 -0.848764801 -0.654004207 -0.989214369 0.554683636 -1.058121442 1.562274261 0.605452467 0.389613871 1.528839583
40.997111414 -10.412018375 -37.531833143 -0.149635580 0.355860320 -0.097008417 -0.917366880 1.242182921 -0.765380973 1.271249468 0.866885415 -1.369228250 0.990740462 -0.752938113 -0.832459201 -0.816984081 0.802467792 -0.675130279 -1.825313048 -1.814589994 -0.124762661 -1.009789246 1.195980108 -0.259804378 1.183659334 1.351739274 1.263596972
40.575161547 -10.544618567 -35.520607742 -0.092083549 -0.711030940 0.170596678 0.675908570 1.606763601 1.888984447 -0.148583326 0.775454113 0.826206440 1.863240372 0.063979563 0.793407188 -1.361795947 -0.746070410 0.248071378 1.385612458 -0.992923093 -0.746779451 1.296926927 -0.138602036 0.559775225 -0.972660979 0.613650083 -0.872576286
30.256758555 -10.626601024 -34.111349637 -0.560085260 -0.447557980 0.694323115 -0.062544138 1.010537264 -0.006787008 -0.681162652 0.705505857 0.350893431 -0.426035849 1.464317628 0.471191604 -1.631586104 -1.579111894 -1.895884866 -1.043603141 -1.458545696 2.223686144 -1.676548244 1.790225640 -1.722088648 -0.055119055 -1.111582388 0.019202627
34.421332367 -6.107475967 -35.486027916 0.599109636 0.799329229 0.034851071 0.030427467 0.297993814 -0.539003019 -0.120896436 -0.225103783 -0.298429784 0.175925486 -0.477989964 0.389447823 0.406371359 -0.537062784 -1.391256233 0.012465324 -0.101757161 1.453045384 1.248882893 0.534474267 0.224351691 -0.153122550 1.180307354 -0.245097066
34.374547966 -7.592112375 -26.707968014 0.084832355 -0.012637167 0.396192679 0.914152687 -0.973759896 -0.635077417 0.326076286 -1.002567111 0.036998447 -0.916617611 -0.520545456 0.188829314 -0.798603776 0.129344091 -0.655971868 -1.292248214 0.482161916 -0.464682423 -0.164694351 0.818155437 -0.502334391 -0.150027301 -0.173260953 -1.962791627
41.692508334 -6.615320780 -34.821360270 0.028498336 0.346801163 0.921170322 -0.174247055 -1.942138758 0.363645835 -0.485613616 -0.235751977 -0.922601910 1.030974704 -0.729927500 1.192060971 -0.937259683 -0.681076650 -0.014841559 0.136298647 0.152869904 0.682278037 0.267809053 0.609110095 -0.293580082 -0.005117463 1.330965810 1.290147996
36.518606176 -16.253994053 -29.030370391 -0.063593810 -0.678120079 0.055289638 0.730104131 0.263408868 -0.144554574 0.775618122 -0.958645436 -0.413190952 0.309615231 0.369981759 0.528211588 -1.210569815 -0.497982457 -0.227349065 0.585875781 0.743627574 -1.055467278 0.336385650 0.205151614 -1.056272489 -0.063976402 -0.144742495 -1.732726860
37.457076582 -10.762821149 -39.359556683 -0.314157796 0.296728436 0.901518609 -0.022832245 0.318326578 0.190013430 -0.258913253 -0.808196193 1.132077392 1.422719897 0.395534921 0.510661100 -0.083889447 0.219507702 1.556334709 0.209575169 -1.911843179 1.001023847 -0.563552128 0.155246568 0.283817908 -0.320010671 -1.854172303 0.134453509
43.583643009 -18.621665084 -28.292599150 -0.231054403 0.578619595 0.767796104 -0.149339780 1.139770781 -1.390224826 1.032010394 -0.670997353 0.167379089 0.345744648 -0.216150377 -0.479270147 0.420289562 0.614797568 -0.202959547 0.489069142 1.758377946 2.040024194 0.675625965 0.578119033 -1.305474938 -0.663562498 0.643978545 0.430757111
34.886763876 -9.010464754 -35.443910430 -0.647213170 0.592383057 -0.181669206 0.444065002 -0.589239069 -0.534801883 1.466771505 -2.951541775 0.260216783 -0.968284249 1.883591717 1.269145465 -0.798537016 -0.495613098 1.336721160 1.132562286 -0.350383174 0.791545743 0.286551813 -0.213330579 -0.866080943 -2.120346995 -0.008777713 -0.887899052
43.983656433 -12.195938177 -29.754504599 -0.308266710 -0.891933935 -0.308912052 0.118316673 0.614608943 0.229309789 -0.455128755 0.034702734 0.117736643 0.896884454 -0.027824397 -1.590551833 1.425892784 0.384003225 -0.261115013 -0.411666774 0.601371290 0.631427470 0.828497912 0.621470783 -0.772737146 0.858243845 0.600498438 -0.939808209
36.407519297 -17.522917079 -36.873518356 0.952032847 -0.114543236 -0.271506385 0.082447491 0.676135686 1.724009496 -0.512706802 1.105258385 -0.125529957 1.877823014 -0.839630207 0.632374474 0.946257887 -2.023280227 2.101550673 -0.355940399 1.171551337 -0.434320192 -1.423773253 -1.079749816 1.749435018 0.868207253 0.123971672 0.841892258
45.478829048 -6.136888489 -30.623811815 0.210374306 -0.835769683 0.269264601 0.429800259 -0.649214572 0.022269702 -1.439065376 -0.211469842 -0.298978767 1.019586723 -1.069159336 -1.516533839 1.762631433 0.531452211 -0.272780366 -0.142792060 0.877327373 -0.618074212 -0.039545887 -0.113549711 -0.106032424 0.023495043 0.436941965 0.351443893
39.212077697 -13.922409195 -40.583443431 0.818586157 -0.209778590 -0.292451783 0.447640035 -0.078584158 0.853901912 -1.060691321 0.584738616 1.087474484 -0.199864744 0.225371293 1.282626387 -1.945195785 0.327262887 -0.149311982 0.312043019 0.465211039 -0.590424701 0.133925581 -0.260474753 -0.608688827 -0.748779698 -0.050838925 1.050240881
37.164760128 -15.075701037 -24.551292644 -0.484814976 0.644929447 0.005923635 0.590749827 0.788822690 1.297709104 -0.959122346 0.178959992 1.786509652 -0.396745832 -1.014353274 0.097477035 1.244482647 -1.926245250 -1.678494757 0.703824073 -0.380713673 0.453197018 -0.048237702 -0.404401305 0.587804197 1.656386134 -0.532268580 -0.430952611
34.382286365 -16.349588055 -37.827520496 -0.551093251 0.360522404 -0.202433723 -0.724803706 0.292515006 1.658804591 1.158224488 0.603193251 0.367802215 0.159438476 -1.131790062 -1.338501209 -1.661002202 -1.524879323 1.089271943 0.875046435 1.346677292 2.807444390 0.470420115 0.540920042 0.020728116 0.752510519 -0.158529270 -0.762144193
41.085822157 -2.763390330 -26.874054834 0.310824767 -0.294770961 0.275007606 -0.860737394 0.481659450 0.414093664 0.822592305 -1.663797266 -0.861615725 -0.371657995 -0.341451581 -1.473722980 -0.127810030 0.365883219 -0.526394827 -0.908159332 0.694042515 0.605574041 -0.011688551 -1.869094211 -0.503932634 -0.449971813 0.408933646 0.348618711
41.560343222 -16.361274806 -28.312988375 -0.704524843 -0.442515836 0.466771688 0.299914441 1.126424532 0.822215783 0.220758152 0.890977451 -1.075390412 -1.304404063 -1.032706158 -0.681966933 -1.483369037 0.749302162 -1.065450053 0.621333530 -0.222603302 -1.093163708 0.291519552 -0.435884999 -0.816267665 -0.076414156 -0.083852358 -1.795881625
41.719475387 -4.267602153 -34.750601558 -0.596917303 -0.619930538 -0.322357005 0.394286474 -0.299963383 -0.579148210 0.067185613 -0.166334794 -1.519607821 0.274490456 -1.393290489 2.219549130 1.152143214 0.548591634 2.132716992 1.121672988 -0.733414982 -0.032727934 1.235472281 -0.348666498 -1.238027393 0.268906290 0.050634141 0.679541226
39.985771693 -3.455917718 -34.974295011 -0.182769240 -0.696993014 0.084307148 0.688250280 0.405091551 -0.276886113 0.430455736 -0.133824297 0.214412899 1.054344540 0.079970762 -0.035658333 -0.425795335 -0.340475668 0.942012329 0.914112301 0.961165425 0.235090789 0.285325688 -0.076153486 0.974442571 -0.304029565 -0.566666270 -0.665953177
31.495708055 -8.094562124 -30.322680024 0.589110513 -0.188028011 0.762391895 0.190664283 -2.212014883 -0.041102066 -0.819276676 0.141709264 -1.355994218 -1.144292297 1.346738708 1.227187365 -1.752833168 -0.192001775 -0.660104597 -0.031878784 -0.184486147 -1.047307788 0.340667975 -0.268870843 0.507326900 1.346600065 -0.069975551 -0.964478730
35.847619196 -12.230710637 -25.763159106 0.591064278 0.334452475 -0.332228942 0.654529214 1.503901657 0.511053897 -0.230912006 -0.493911508 -1.066368018 0.655696339 -1.518985486 1.002151609 0.499149490 0.788881301 -0.831458273 0.955637113 0.464165124 -0.564557079 2.760799258 -1.186751067 0.670346347 -1.421632388 -1.014453062 -0.335508222
38.541203490 -17.007392177 -33.679347923 -0.027438884 -0.346884325 -0.902227578 0.254762182 1.222017653 -0.519663951 0.030359940 0.199814313 0.431334679 -0.582640443 -0.344128432 -1.100453944 -0.197684008 1.880136886 -3.036940513 -0.646388163 -0.384699878 -1.058413723 -0.744871761 -1.276077589 0.099621360 1.445334686 1.167845310 -0.330426004
35.206634456 -9.918680529 -25.831510829 -0.108460526 -0.072295104 0.841912108 -0.523635116 -0.012531509 0.764087429 1.041259024 0.556766195 0.458271282 0.990700306 0.168806643 0.015030066 0.062701667 0.039743775 0.920769680 -0.304620377 0.467186229 2.100651848 -0.144178476 0.031017259 -0.502796779 1.153567385 -0.002898304 0.212182054
40.700277354 -7.827928086 -22.161868217 0.276368849 -0.046178064 -0.872892889 -0.399431909 1.993659694 1.007207730 -1.014741577 -0.811900022 -0.851724412 0.705444282 0.066591907 -1.983688601 -1.424381687 1.716258961 -0.422255866 -1.113812320 0.674111590 -0.867026239 -0.114706767 0.255553668 0.411436833 -0.749444095 0.657169230 -0.266443847
34.879654936 -15.342153129 -35.786296774 0.694495989 -0.580464019 0.329821240 0.268243906 1.341148381 0.191331646 1.748835402 -0.189550733 0.489084500 0.486060982 0.848345971 -0.692991844 -0.707678558 -0.163000452 0.529109532 0.662871064 0.705117793 -0.939868215 -0.034633470 0.251829285 0.551603885 0.216335632 -0.044451507 0.097997997
33.176278773 -13.825263847 -37.960222861 0.607327003 0.696672289 0.381001189 0.025292809 -0.366957085 -1.668562653 -0.396603132 2.270039829 1.931627388 1.121514056 0.870695631 1.441855033 -0.927754138 -0.618054026 1.291199985 -0.169497820 -0.515682067 -1.608512005 -1.155172702 0.145119479 -0.187686631 -0.032133155 -0.596156925 -0.079981518
35.624986290 -9.841255067 -31.388180799 0.053041839 0.718984244 -0.510858085 0.468265135 -1.082997214 -2.290975607 0.138323389 -0.915949298 1.154394305 0.388092958 -1.431453707 0.021540086 -0.329812444 0.853370404 2.023898828 -0.011139332 0.833052995 -1.406678593 1.431852057 -0.934230713 0.483680740 -1.093021155 0.538061231 0.915639577
41.234578323 -13.396348970 -26.327653945 0.321416264 0.919996390 0.118956429 -0.190125212 0.911968830 -1.283650854 -0.039668845 0.215385935 -0.378856290 1.972259807 -0.849887917 -0.680155286 -1.870097861 -0.658748553 -0.413705811 -0.882691765 0.397495892 -1.202267527 0.302445807 -0.552940625 -0.418871046 -1.440025605 0.628578413 -1.176760764
36.255213501 -2.785090112 -27.693396383 0.489020759 0.856770547 -0.162836174 -0.016950178 2.008558400 1.163257422 -0.946332270 -1.206501507 0.215367655 0.652370187 0.820184207 1.416774576 1.694817235 -1.159873258 1.282575841 -1.179433338 -0.488460545 -0.416557960 1.108929385 -0.098551954 0.406815244 0.166261927 0.997465026 -0.062514919
39.901406906 -7.035569570 -27.741495634 0.972842599 0.168931283 -0.030075503 -0.155354314 1.235346208 -0.558252275 -1.264981864 0.096152965 -2.127905138 0.786399389 -0.213626022 0.466498357 0.236223087 0.561616684 1.096245112 -0.085637758 -0.991380515 0.522077925 -0.955444453 -0.367532984 -2.026365870 0.723329218 -0.142706644 -1.032652389
35.772902039 -6.821856384 -36.297712767 0.855689984 0.133105618 -0.355722868 0.351480849 1.968809746 0.315380932 -0.031145107 0.969285890 0.366059685 -0.978784384 0.048405402 -0.311444431 0.710715078 -0.440942078 0.464403352 0.274093679 -0.264034926 1.282933846 0.099216184 -0.572280751 1.035267376 -0.380917171 0.183160818 -1.596018884
32.355055012 -12.038145718 -33.787783627 -0.691080067 -0.705238314 -0.157779766 -0.012361486 1.299975279 1.091446405 1.572659361 -0.366674883 1.385412152 1.415528188 -0.665433290 -0.268306113 -2.593233450 -1.542593567 -1.093421445 1.086152498 1.425561155 -0.186186567 -0.710688526 -0.631223057 1.294726313 0.863722508 -1.082213627 -0.281621208
32.992316077 -12.951827815 -37.652602211 0.275952974 -0.448576069 -0.174762606 -0.831917963 -1.468802186 -0.785271588 0.868194264 0.513408959 0.844003065 -0.858599289 -0.681461587 -1.089250608 1.056380293 -0.785023846 -1.465837609 -0.669642278 0.374626433 -0.139313064 -0.676844068 0.067821084 -0.768804737 1.537947090 0.178558432 1.223654540
47.171026820 -11.061748964 -32.767910341 -0.822619307 0.098868431 0.437760971 -0.349124392 -0.468411712 -0.396724396 -0.609245642 0.362024675 1.176201410 -0.234811956 1.209317686 0.517347369 0.786682517 -0.104463589 -1.320584714 1.380910555 0.973315521 0.560561631 0.671926411 -1.864468187 -0.573454750 -0.816102044 0.077964161 -0.777295697
38.269090820 -19.044843929 -29.415834604 -0.144804915 0.227489613 0.954222105 0.129383871 -0.074273902 -1.437163568 0.019408084 -1.906027220 -1.351768872 -0.907323701 1.146536311 0.581682104 -1.112920049 -0.736776633 0.816398631 -0.163557823 -0.095415221 1.706205785 0.366425271 1.038726848 -0.022710113 0.440712656 -0.646256052 -1.058848322
37.283472105 -6.012010759 -24.538117747 0.634693763 0.729315093 0.118874357 0.226124322 0.763957692 1.645573501 -0.572713274 0.279804154 -1.133946941 -0.705617714 1.256866210 -2.208292118 0.788555779 -0.512315683 -0.092551528 -0.927553052 0.502937668 0.272287548 0.953805795 0.697808040 -1.163020899 -0.942872027 0.783085521 0.200004520
44.921277711 -19.149069317 -29.982360380 0.072177979 -0.095825935 -0.918564673 -0.376625371 0.510641915 -2.018684944 -0.166214885 1.613055693 0.428804283 0.484119539 -0.780450461 -1.030575177 2.912115611 -0.136650191 -1.671466786 -0.513934273 0.504670858 -0.366090836 -1.032915758 1.162630669 2.110975840 -0.764140283 -1.773380140 0.292067301
37.575791948 -3.203471772 -34.464654497 0.119371569 0.287816192 -0.366423813 -0.876724505 0.739981217 0.881707589 -0.395045149 1.720457620 0.639211887 0.401183208 0.881602746 1.003730582 -0.422340956 1.518993525 -1.576009186 0.090361210 0.458664069 -0.815438716 0.472813114 0.166571479 -0.122095993 0.681129563 0.577867051 -1.392371771
33.350428763 -16.747837493 -36.470401504 -0.464376520 0.866439662 0.180745989 0.031107046 -0.070235002 0.103051386 2.150191935 -0.456976259 0.519814764 0.605033835 -0.126202283 -1.059971616 -0.267237433 -1.578364435 -1.559956723 -0.350343177 -0.275666781 -0.235952449 0.204840501 -0.266257719 -2.277276079 -0.845916108 -0.636338229 -1.376518941
47.780166373 -8.349921656 -29.086232102 0.487865286 0.710201944 -0.063976190 -0.503495491 0.094537418 0.975353358 0.782023568 -0.836639413 -0.523151383 1.151496500 0.218270885 0.578414368 0.437642766 -2.520849915 0.627964075 0.334760155 -0.128323249 -0.753474493 1.501334387 0.830428628 -0.999365820 0.374721152 0.132294796 -1.238778076
41.206112538 -18.445129426 -29.919221549 -0.202444259 0.115096888 0.200471471 0.951619786 -0.045008754 1.997078895 -0.427867236 1.544408138 1.488919698 -0.749904857 -0.524003160 0.679800967 0.409537331 -1.093639459 -1.176720651 0.043645312 -0.400150569 -0.166961824 1.793210408 -0.132307474 -1.425785022 1.014917082 -0.121034383 -1.500068266
36.710337932 -8.246828033 -34.074607849 0.108730355 0.167737182 0.702411787 -0.683124900 -0.653441155 0.042653129 -0.875576524 -0.376427800 -1.500092509 0.770915295 -0.978454460 -1.441399213 0.320996910 0.263542862 -0.049523864 0.372523505 0.319865645 0.319640907 0.023776852 0.285804999 -0.660210421 1.421830319 -1.301613801 1.375778919
42.974551495 -7.612147917 -30.952495691 0.696265573 -0.193561414 -0.663599140 -0.193350491 -0.048686715 1.172728943 -0.540691977 0.763937293 1.021390227 -0.639056504 -0.245998966 -0.381747743 -0.761350374 0.349436584 -0.615000913 0.713039059 1.375672171 -0.826683545 -0.030964113 -1.013471122 -0.531818404 1.075417810 1.772738048 -0.482651744
39.491327144 -6.214443582 -34.698855275 0.821490311 0.350139256 0.092776951 0.440395966 -1.131373421 -2.047404994 0.344671285 1.322997085 -1.121037299 0.288089071 1.703600246 0.180200447 -0.255064378 -0.322925642 0.324887451 0.872839280 0.541128900 -0.266697817 2.132455672 2.625476627 -0.015857733 1.447165821 -0.185515676 -0.855545094
36.900845169 -19.335206074 -31.413547740 0.066359287 0.907768674 -0.145203463 -0.387902609 -0.221409097 0.461201639 0.988033074 2.307403218 -0.813658639 -0.041674860 0.073758094 -0.610572523 -1.075081155 -1.237826076 0.068166586 -0.534015415 -0.149635005 -0.261747719 -0.128570671 -0.825858015 1.331186929 -1.109234536 -0.810533312 0.003231291
36.978934192 -16.259374950 -27.561223125 -0.424116443 -0.897575235 0.120303963 0.003300903 -0.180733241 -0.792772653 2.291540641 1.366374346 0.079691916 -0.026412821 -0.070975273 1.277806870 -0.033646380 0.458369347 0.388265696 0.451576976 0.955200585 -1.585662047 -0.659409205 0.915353179 1.126510399 -1.549225421 -1.739395844 -0.814041063
41.703831750 -3.706435257 -28.308626898 0.055403012 0.200271563 -0.976893874 -0.050001666 0.205011923 0.809156286 -0.078201116 3.206164723 0.819450190 0.267814938 0.090161764 -0.452971406 0.241643599 -0.248059014 0.355187147 1.043356768 0.634022504 -0.044209551 -0.035361500 1.349364006 0.465021926 -1.655334408 -1.073440193 -0.102342461
36.864328451 -4.896383520 -32.104099509 -0.723949748 0.405118171 -0.211731875 -0.516667826 -1.478862751 1.890800500 -1.518389174 0.929257694 -1.398940624 0.007363595 1.978205004 -1.472623811 1.934387229 -0.391336751 -0.216553895 0.493967971 -0.835389539 0.264534843 1.001926477 -2.118030382 -1.163526899 -0.283535267 0.023628652 -0.227730265
43.177465382 -10.367048039 -37.434002915 0.629179877 -0.415059623 -0.133378328 0.643481479 1.209146735 0.428346454 -0.131039630 -1.572075250 0.241394799 1.153501914 -1.608073813 1.621833291 -1.270368497 0.240110827 -0.163020215 0.447285246 -0.413278112 0.203052769 -0.152909064 -0.725133174 0.217180554 -0.925238598 0.035286148 1.128667947
37.751642658 -6.489522529 -35.084407191 -0.745689207 -0.549793627 -0.290913819 -0.238838279 -1.392997600 0.191666182 -0.001077723 0.826348562 -2.163072712 0.223092945 -0.264818656 0.339871269 2.355391871 -0.358345355 0.020131153 2.955009160 1.946542950 -0.526630731 -1.835922661 -0.924434408 0.190255801 -0.570569034 0.995534896 0.705057426
45.256317845 -8.598967957 -26.221787500 0.788377365 -0.535583008 -0.007233289 -0.302588255 -0.360075728 -0.600900340 -0.200345060 1.475166864 0.255705643 0.823753014 1.379985420 -1.673390934 0.024395535 -0.856258808 0.027412626 0.108732630 0.409163335 -2.321306330 -0.619594191 -0.200700598 -0.556159122 2.319161092 0.282044174 0.413517611
39.851589465 -10.084888289 -27.412352892 -0.691864552 0.022707692 0.201406864 -0.692995727 0.981272425 1.878765824 0.501451013 -0.708640384 0.100939494 1.538187368 0.175061601 -0.349882680 -1.383997982 0.224096625 -1.396978429 1.328235930 0.453005687 0.141664353 -0.296920653 -0.052895712 0.299915144 -0.856060098 -0.335381526 0.257734794
39.251806405 -12.109934185 -37.802597582 -0.532400078 0.464651937 0.178911182 0.684572511 -0.011450693 -0.341837814 -0.850105830 -0.629253285 0.999631167 -1.061817827 -1.037288238 -0.806310507 1.497035030 -0.222236823 -2.305567866 -0.660405289 -1.834416278 0.136154962 1.702382254 2.160732943 0.292507558 -0.508838970 0.234470965 0.016184887
40.742520086 -12.096928982 -30.127879487 -0.038142603 0.912792196 0.329435096 -0.238386379 0.074194045 -1.350918885 -0.939279394 -1.101474657 -0.771946906 -0.427198962 -0.155618076 -0.930092955 -1.511691705 -0.188272502 -1.045891368 0.572308818 -0.618244964 0.203742670 -1.666450391 -0.986063961 -0.261211857 0.108771974 -1.320826581 0.747099397
43.998275947 -12.519814695 -39.620842654 0.654959495 0.173154618 -0.445419109 0.585360876 0.326127615 1.170315575 0.108916790 0.417188013 0.320422597 0.234252421 0.139504058 -0.079411020 0.867243330 -0.171143563 -1.330984720 0.948221381 0.310598713 -0.095368263 -0.545313592 1.758785532 -1.803973216 1.004751654 -1.500258345 0.443637063
45.024427584 -9.605624995 -23.861242787 -0.360458052 0.769964445 -0.211687775 -0.482092348 1.497556867 1.217691752 -0.040840340 0.995521067 -0.588999602 0.794027323 -0.693909559 -1.226214661 -0.135775115 -0.979238059 0.083016176 0.130327734 0.860384713 -0.317142240 -0.363442396 0.680777953 0.409427345 1.772274445 -0.375597897 -0.230934589
48.476074551 -9.815696963 -30.567106890 0.087720027 0.423088629 -0.678421880 0.594175868 -1.574397490 1.301617963 0.067876287 0.718707449 0.269621174 0.742410670 0.206174027 0.119010903 -0.086429008 -1.411455261 0.358892971 1.401580504 0.271895090 0.624868796 -0.070303947 -0.861327385 0.220261737 0.395571537 0.640575610 0.249241199
44.656224655 -16.116425744 -28.697056930 -0.545273897 0.524467035 -0.559596966 -0.338322246 1.345624686 1.692074480 -0.498050007 -1.355409009 -1.878478069 0.165614589 0.458253638 -1.852701658 2.173210147 -1.281993844 -1.195859426 -0.512457478 -0.541551103 0.823676783 0.456164084 -0.452901724 0.247176485 -0.850733555 0.629948551 -0.277634675
38.192906244 -8.207536620 -38.541335821 -0.435427076 0.478743277 0.762145591 -0.018499551 3.205975859 -1.290579919 0.684552287 0.261987681 0.821445106 -1.547909223 -1.033861743 1.378079857 0.893102191 1.668810765 0.661372601 -1.531741241 -0.866834984 -1.113207140 0.478255640 -1.060418622 1.108066245 1.431376535 0.745586437 -1.092958890
38.932541942 -9.894396169 -22.246992750 0.255485903 -0.044517856 0.579263464 0.772786486 0.864948867 -0.146999253 -1.064806590 -0.175583668 0.101447385 1.467656348 0.711448973 -0.608548810 0.288723354 -0.497618998 -0.905591046 0.264571552 0.694473367 0.585536768 -1.426076574 -0.900042617 -1.286416634 -0.216937973 0.275266663 1.171429887
46.202465059 -14.091164047 -35.480919932 0.457538692 -0.772742494 -0.384439021 -0.213855143 -0.336574468 -1.077627541 0.535985799 -0.099765425 1.163011866 -0.583032102 0.705378735 1.957127107 -0.846288543 1.121223373 -0.172777180 -0.130229690 -0.179750935 1.288227792 -1.058458151 1.685391286 -0.224831242 1.784655994 1.056230119 -0.083502172
30.155240347 -13.437110874 -29.534324929 0.356326016 -0.604619927 -0.052775517 -0.710409219 0.252070846 -0.860989589 0.080975001 0.788309972 0.769265935 -0.115938108 0.789982646 -0.002580307 -1.126870045 0.692632299 0.522224512 0.246180207 -0.367825156 -0.208657958 0.560599635 -1.113437735 0.226628097 0.671752449 -0.152774684 -1.387920969
43.218903483 -16.841849895 -25.830332737 0.362926392 0.826698189 -0.326104335 0.280197254 -0.575983645 -0.705992305 -0.123669656 -0.295320511 -1.252018222 1.469975202 -0.233740792 1.378630068 -0.472242454 -2.003802117 0.355645418 0.227886879 -1.404461531 -0.673843318 -1.159532389 -0.844025470 -1.644885607 -0.690459038 -1.053594174 -0.124383447
42.367883855 -16.235070839 -23.640066271 -0.038620233 -0.764658485 0.366120804 -0.528924792 -0.043738200 0.787606510 -0.263486385 0.446337620 -0.621750702 0.346700409 0.056366507 -0.456286697 0.724847331 0.489435555 0.510661610 -0.227781132 1.261651431 0.741945864 -0.194857095 1.757320280 0.426694574 -1.899435390 -1.585097013 2.014517345
45.160802068 -3.573344168 -33.422751772 0.305262140 -0.088180409 0.731106793 0.603756655 -0.310248139 -0.059783304 0.140067616 -0.287249868 -1.267196943 -0.718717169 0.147192266 1.051829919 0.181491866 0.259647565 -2.275230652 -0.601553248 0.550369257 -0.967684379 1.296587966 -0.879998071 -0.098143777 0.626022468 0.351917695 -0.801356433
47.156867058 -11.305893140 -37.076266502 -0.438239700 0.873177635 0.100704621 0.188056806 -1.085447549 -0.255212141 1.137701331 0.768695513 0.130866658 1.597555225 -0.388555128 -0.234800280 -1.692380882 0.806885995 -0.188213701 -1.410382550 0.601878860 1.589432583 0.456767396 0.016050043 -0.440898803 -0.100921687 -0.160239662 -1.046518145
43.782973481 -17.453234060 -32.619609756 0.309813027 0.686487395 -0.620934748 -0.217234856 0.508403137 0.319830791 0.992107152 -0.596517712 0.406570049 -0.862132385 0.493914233 -1.343890895 -1.091985402 -3.019012550 0.052496934 -1.830165077 2.040349234 -1.260063073 -0.185345886 -0.347836652 -1.127324916 -0.472525763 0.191734953 0.654002944
34.219388602 -8.104270693 -24.256309762 -0.172903944 -0.367410495 0.636012498 0.656202604 -2.255095892 -2.004866568 -0.854073584 0.205713975 0.613086667 -0.369551978 -0.571019489 -0.456155236 -0.896652772 0.956916322 0.751493904 -0.383983322 -1.138471102 -0.493759929 -1.063896707 0.184459181 -0.426749478 -1.196068213 1.714708456 0.834688791
36.353523405 -13.125013576 -32.944701367 -0.339642064 -0.006289758 -0.875170046 0.344501230 0.409293191 -0.118447305 -0.055514880 -0.044868413 -0.912042737 1.195032610 1.342964380 -0.348901430 -0.378708087 -0.573031274 -0.462335835 0.720264176 -0.564966888 1.584876535 1.068215051 1.584927506 -0.868838620 0.389135686 1.295750091 0.254692112
40.408698289 -10.566845509 -40.109016503 -0.746754718 -0.621461689 0.125580484 -0.200928600 1.225307288 0.024781170 -0.043643729 -0.513704121 -0.446104662 0.577891533 0.855701474 0.628131011 1.328814982 0.804447443 -0.344448679 1.072328526 -0.378264125 -0.070262996 0.936335053 -1.144096837 -0.416414581 -0.866624526 -0.095415247 0.324779200
46.317683450 -11.332432127 -24.851626264 0.588049447 0.422651796 -0.001745170 0.689608774 -1.491728458 1.064679218 1.860594324 2.274770462 0.910854578 -0.105393034 -0.142989267 2.218501634 -1.607509363 0.711990574 1.289525623 0.489440442 -0.790070905 1.337811019 -0.878208093 1.014222017 -2.301129454 -0.951254540 1.205412994 -0.307149878
37.657653712 -16.502265602 -25.431253356 0.884784041 -0.071922773 -0.231143100 -0.398192394 0.263565834 0.681358023 0.007950155 -1.561042737 0.421402365 -0.045094556 -0.342909752 0.385107545 -0.293914748 1.104501517 0.755629423 0.778477573 0.393579112 -0.568801677 1.163980383 -3.048275039 -1.753868253 0.808528381 0.163520419 -0.320951208
31.221006888 -11.475631312 -30.881857769 0.588305789 -0.010118280 -0.696126413 -0.411341630 0.852420768 0.263924549 1.056721523 0.237968399 -0.104519173 -1.438321853 -0.133933562 -0.092903316 -0.721628156 0.707641180 -2.202792894 0.830992402 -0.149596978 -0.922057846 0.255965259 0.450267431 -1.777319184 -0.837437319 -1.263076856 -0.833875814
40.069790576 -4.405855615 -29.938151650 -0.297094639 -0.063612392 -0.553326014 0.775576277 0.645669453 0.827198003 -0.200325574 0.661088824 -2.146546181 -0.508446581 0.507824791 0.443302467 1.106798008 -0.158996890 0.330888459 0.883942239 -0.340156599 0.500090257 -2.007231562 0.995642969 -0.735700460 -0.645306771 0.877616823 -2.132963580
38.306911702 -13.912901490 -39.975524702 -0.649822908 -0.440454032 -0.574879589 0.230746381 -0.270360435 0.536844076 0.193561370 0.344845748 0.896781100 0.006229176 0.270108600 0.356409545 -0.642081292 -0.768572824 0.145797678 -1.216951673 1.317378134 -0.442120212 1.741166404 -2.632222699 -0.322246910 0.036920231 1.503662921 -1.042233354
43.801311038 -4.635936029 -27.560911733 -0.900912244 -0.103103063 -0.410541857 0.095824169 1.402085252 1.495011458 -1.716931523 -0.689460974 2.475559171 -0.723054047 0.563570561 0.007116344 0.144367491 0.552745390 1.406735888 -0.524689631 1.454006866 -0.309792911 -0.682063611 0.872282594 0.024841795 0.821480442 0.678044133 -1.548036633
33.954487442 -15.324224057 -28.270334976 0.202876243 0.075375654 0.471077214 0.855129230 -1.555927799 0.764125890 -0.747329979 -2.949126670 -0.389227488 0.312552429 -0.318899543 -0.451566239 -0.104442629 0.479763319 -0.968505335 0.437645783 0.041220991 1.182522831 0.700052477 0.805832074 0.463298843 0.859856111 -0.694242221 0.515806649
37.008266367 -15.150197261 -23.569452214 0.277661917 0.676070827 0.412993590 0.543386042 2.685612596 2.396409083 2.610199561 0.129171868 -0.101121919 -0.623356894 -0.531819909 1.090347909 -0.615894888 0.045095869 -0.296832882 0.547784410 1.393071014 0.391485569 1.079324641 0.690125704 -0.424139578 -0.022356055 -2.392260669 -0.232942977
35.496982981 -14.126874391 -36.100641582 0.754993161 0.123864519 -0.439414608 -0.470699171 -0.478241314 -0.815698380 1.995455058 -0.361216950 -2.074791918 -0.001399432 1.300756365 0.423181621 -2.262775608 0.997536054 1.149847557 -0.017556332 0.178190543 -1.239412002 0.618262440 -1.009426750 -0.173507488 0.499109291 0.602218607 -0.076623346
38.242542904 -14.088827113 -29.357030958 -0.476910441 0.747727054 -0.047390431 0.459581147 0.789966191 0.463862286 0.007968782 -0.207177734 -1.663542335 0.198138586 -0.751330404 -0.457493079 0.854455790 -0.902749038 -0.574805827 0.194665335 1.683005368 -1.688879347 0.381105908 1.224139485 -2.526078474 0.540363281 -0.452624001 1.722223359
34.747153615 -6.312662129 -24.799686750 -0.154964704 -0.660041208 0.631687063 -0.375902912 0.109195541 0.682655186 0.816249794 0.422591250 -0.115352555 -0.326880114 2.691595878 -0.195022442 0.309529385 1.184713831 1.358970909 -0.929085641 -1.904128519 -0.882471158 1.084701042 0.664472316 -1.193851630 0.298594435 2.659520583 -0.126476856
35.502111676 -14.082990962 -23.124810256 -0.945715081 0.210072019 0.179283945 0.171318415 -2.202814274 -0.251307823 0.658359304 1.206154247 1.178865156 2.250856956 0.955643464 -0.700435452 -0.345994478 -1.297734920 -0.251909086 0.312180861 0.199533485 0.485380033 0.509886007 2.187178224 1.934546308 0.972897127 0.567360538 -0.857037480
42.287702055 -9.151776863 -22.441384686 -0.606375575 0.754383477 0.159188929 -0.194610165 0.204470808 -0.174613842 1.094969622 -0.819359003 -1.077570176 0.796831004 -1.759270187 -0.458037583 0.532418496 0.388245153 -0.162164052 0.580498997 0.629336699 1.034459103 -0.883574797 -0.930526973 1.151299092 -0.648086262 0.358597484 -1.352991435
36.529763109 -9.145711700 -38.007597014 -0.853623065 0.368428386 0.326777720 0.169718909 -0.375242654 -1.797982275 0.679832306 -2.448561500 0.702031633 -0.736999437 0.221378498 -0.857693058 -1.329205501 0.691604455 -0.793794806 -0.995654409 -0.522020484 0.475421338 0.336809925 -1.780499500 0.317968985 -0.144797722 -0.697856220 -0.536705511
42.913637635 -8.777511443 -23.590871252 0.646477462 -0.478459180 -0.482191384 -0.347325745 -0.015575297 0.012310459 -0.248907541 -0.035514904 2.481217382 0.668056192 -1.973585554 -1.136379446 -0.462266829 -0.407374946 1.034006761 1.926353679 0.187470939 -0.755848839 -0.071303448 -0.446191854 -1.808605135 0.112757410 -1.258567978 -0.084524069
34.351096999 -8.136447611 -27.284449467 0.177320687 0.607031151 0.713550491 0.301523219 -0.815479241 0.088975716 -0.394353264 -0.531711545 -0.074493171 -0.058950405 1.521747908 0.396282664 0.614676530 -0.268228948 -0.927466595 0.239175046 -0.266562357 0.065087821 1.453741871 0.487013872 -0.299887690 0.035453828 -1.709547955 -1.075312502
39.594633956 -17.038188238 -28.949832255 -0.250701430 0.099052893 -0.153844535 0.950615157 0.824623348 0.913475711 0.311484652 -0.170034631 1.449752194 0.545114605 0.499384612 0.123684846 0.735247619 -1.723233287 1.501604323 0.809978053 -0.332933504 0.265358543 -0.178621470 -0.490415817 0.480416047 1.084482834 -1.210037569 0.028679806
42.907142991 -5.489845339 -24.050149835 -0.115342930 -0.841290522 -0.039741383 -0.526637341 0.097775257 0.286625344 -0.381715553 2.013867269 -2.130477411 0.342660130 -0.400095772 -0.376527436 0.890690244 1.544201368 -0.654943902 -0.530138711 1.542518034 0.102597267 -0.691597312 -1.015711192 0.216665764 -0.220161180 0.473817784 -1.008321754
45.282004573 -14.926007740 -29.655905757 0.829653577 0.238816487 0.064528001 0.500477536 -0.240905118 1.087774431 0.186067901 1.146064129 0.733912458 1.128001090 -2.313067496 -1.398950502 -0.686860175 -1.227803006 -1.790027083 -0.208431577 -0.929397494 0.156580730 1.973067009 0.457525830 -0.406734902 1.183981758 -0.060155101 -0.209743092
32.426722263 -8.969686447 -29.278595411 -0.337613201 -0.437025830 0.091548874 -0.828640184 -0.774677380 0.646546050 1.556931210 0.367841444 -1.318487076 -0.623017631 -1.131807858 2.390454861 0.662492449 -0.473721698 -0.018539009 0.551236351 1.098248804 -0.408474059 1.129394908 -0.529030348 -0.593220726 -0.237127096 -0.423426312 0.328809974
33.071879052 -14.982803034 -34.291626317 -0.393521716 0.780332103 -0.310492133 0.373921254 -0.489335271 1.185117061 -0.681663877 -0.105041799 -0.248733095 -1.138551820 -1.619413336 -0.474271318 -1.220414627 0.912787672 -0.046289122 -1.486430787 -1.381661046 0.370986051 -0.507316542 -0.761237228 2.358883556 0.571161357 0.088669548 -1.946896697
38.449761058 -2.512227902 -29.476225272 -0.062938097 -0.186592388 0.953019053 0.230166810 1.084504600 -0.598628221 0.027044807 0.302705134 1.213714057 -1.897313860 1.804284217 -0.192296192 0.541458989 -0.837139174 -1.019002257 -1.186870982 0.725981135 -0.428453423 -1.355262074 0.041593303 0.345704961 -0.644613135 0.650037667 1.062574313
33.998084213 -8.243556831 -23.742987440 -0.941503943 0.120543515 -0.306514388 0.071333835 -0.210541904 0.665642142 -0.752897257 -2.055060343 0.056784702 1.010069201 0.023493815 1.120110770 -1.891209972 2.061086448 0.659487114 0.207841713 0.418438663 -0.886502796 -0.489797551 0.577444220 -0.050306846 -0.468137635 -0.359287836 0.337419196
43.054356333 -12.057376650 -23.842861555 -0.842721370 0.091399528 0.514201149 -0.130629239 -1.043662160 0.005112625 1.636683507 -0.408491991 0.082504414 -0.751002868 1.801108080 -0.872813185 -0.276433501 -1.320676270 1.317698197 0.447012185 -0.432013294 -0.699122112 0.512785133 -0.792725400 -2.371734644 0.816759834 0.311185753 -0.100777769
48.429574779 -13.132507818 -29.487880512 -0.608823111 -0.673919991 0.344871811 -0.237128024 0.498969886 0.305515428 -0.531964462 0.510203709 -0.175718505 1.150406702 0.395838790 1.773436531 -1.355241933 -2.429362109 -0.108601530 -0.268788867 -0.199650983 -2.161796485 -0.968165820 -0.084460829 -0.822688589 -0.146923827 -0.157420680 1.612140841
37.429841206 -4.434025883 -29.015143005 -0.279336027 0.521662853 0.789352720 -0.163589535 0.856505240 -0.882161435 0.611067694 -0.153730009 0.334392058 1.465450994 -0.939580397 -1.394165020 -1.023007929 0.441364782 -0.626138178 -0.828440936 0.308919640 -0.830911633 -1.112877066 1.817734829 -0.808880162 0.677359546 0.476702792 0.355688688
32.679408861 -11.400449243 -30.510781904 0.103407093 -0.379552443 -0.745773004 0.537651878 0.190986402 -1.724841768 -0.969152120 -0.356298163 0.765147772 -0.644052955 0.392559344 -0.288846853 0.448454368 0.144380833 0.780342557 0.206855201 -2.388912365 0.395601792 -1.309199324 0.278769223 -0.392246540 -0.124534549 0.380828447 0.255875253
37.894947603 -12.461881348 -38.219791075 0.140461985 0.451248964 0.878118969 -0.074510939 -0.187959177 -0.699238212 0.689022901 -0.721205250 0.285427749 -0.168042767 0.085385719 -1.021404620 0.871288567 -0.678264538 1.014816678 1.416015628 0.572045954 -0.155390726 0.498987191 0.268056656 -0.367451643 0.947000165 0.722607710 -0.066473131
45.637379221 -13.169016149 -28.904482855 0.366484597 -0.337736152 -0.632940630 -0.592460540 -0.042227659 -0.122707585 -0.760668249 -0.412988693 -0.767706443 -0.700647390 1.719905376 -0.475807215 2.070291800 0.455905176 0.656403227 -1.085945777 -1.358998796 0.492198050 0.246190316 -0.568919136 -0.105504989 -0.687784380 -0.133684082 -1.290747135
36.349785753 -7.568212254 -27.199354844 0.388443499 -0.100082796 0.871393858 0.282431986 0.100711361 -0.443797728 0.076385347 -1.087338988 -0.765862976 -0.124598734 -0.321713751 0.738344838 -0.799130202 -0.588350462 -1.435561687 0.393978839 0.163472779 -0.811941894 -1.125025699 0.200085854 0.073224994 -0.295292258 -0.126789911 -0.324746976
43.902896834 -10.949220384 -24.346069238 0.448450673 -0.121794467 0.125242285 0.876568578 -0.516376231 -0.034474598 -0.976612258 -0.462925795 0.115619308 1.252960236 -1.270051328 -0.757768436 -2.568533231 0.572798380 -0.825999030 0.779682340 0.226456492 -0.867620765 1.158620013 -0.579075301 0.145999584 0.294405774 -0.594510901 1.187667408
43.114814339 -8.864348668 -31.932036122 0.180395297 -0.802912746 0.540418821 0.175317305 -0.287941367 -1.365684929 -1.481677743 -0.809226788 -0.034711054 0.385207975 -0.565505076 -0.951852379 0.294232564 -1.261191739 -0.233946090 -1.576242928 -0.778919042 -0.134380941 1.238835205 1.874010960 0.748186963 0.730134220 0.155014984 0.727716273
41.722522369 -17.356956478 -35.332334293 0.038270845 0.995709676 0.031641351 -0.078079500 -1.212839919 -0.043224850 0.247736153 0.100885841 0.879585880 -1.036573179 1.316620659 -0.857928349 -2.258900234 0.009967412 -0.050471835 -0.030570387 0.047605043 0.442986572 -1.044468171 -0.851084306 0.810650470 -0.302519698 1.915703375 2.532700494
38.657116599 -17.453935427 -31.618147651 -0.254442614 -0.696878441 0.651985565 0.156634026 0.318990494 0.084066320 -0.235888554 -0.157153697 0.229891221 -0.743219507 -0.631719662 -0.466517913 1.149459914 0.590866248 -0.807981296 0.128988162 0.239624724 0.061697256 0.845961393 -0.009949925 -0.481883675 -1.037532904 1.410620384 -0.666099555
38.853447871 -15.106893978 -26.807506459 0.748830609 0.231636792 -0.078220075 -0.616018454 0.272085891 0.162653239 0.976593094 0.511219383 0.705037489 -1.542140496 -1.844250374 -0.902362853 0.771303760 -1.430931677 0.845294039 -0.027878311 0.472587937 -0.247823367 0.892233416 -1.085104545 -1.721354555 1.297263038 0.729649172 -3.105164981
34.806639127 -5.117769139 -33.694627555 -0.030834718 -0.266756706 0.126575494 -0.954918177 2.037275591 -0.285997864 -1.014586381 0.810857865 -1.463498382 -0.252279084 -0.565430849 -1.425522937 0.321363389 -0.507275432 0.780983201 -1.356591350 -1.954611204 -0.551558926 0.207165833 0.613308152 0.280493058 -0.494730669 -0.741943813 0.482551372
44.761577556 -11.124841276 -32.815910509 -0.572378999 0.352502993 0.605191874 0.426458341 -0.358878643 1.992154329 -0.923886431 -1.215555681 1.067459354 0.853567766 -0.681147889 -0.341509392 0.237613516 0.729139454 -0.458506619 1.035410415 0.129790748 0.421869163 0.501344931 1.265265869 0.036637051 -0.513401464 -0.118954286 0.143752249
38.063408984 -15.384254361 -32.325533853 -0.334664786 0.696081777 -0.050808279 -0.633157295 0.044448620 0.950495870 0.957593745 -0.319907533 0.930590672 -0.327908832 -0.507274924 -0.463611175 -0.506796139 -0.007377318 -0.047669913 0.418959859 -0.256386378 0.528080428 0.211998511 -0.360399444 0.634659629 -1.925327790 -0.930506655 0.454815617
46.845388532 -15.637436458 -27.724310136 -0.175986796 0.255521456 -0.363883054 -0.878251989 0.498279978 0.472423944 1.318510524 -0.516488964 0.713420583 -0.323522824 -0.443849209 0.797927633 1.173646215 -0.909321309 0.864810752 -0.180308188 0.536624407 0.372588296 -1.426683960 -0.039935687 -0.233365228 0.002842110 -0.888642470 -0.402908804
33.350679435 -16.456550050 -30.243253075 0.215356705 0.618180687 -0.271029444 -0.705703315 -0.639594151 0.605608124 0.861393423 -0.475289989 -1.225874492 -0.800056708 -0.504597054 -0.479378854 0.991637447 0.969347802 -0.045382756 1.017638355 1.669629454 -0.500211784 -0.580068957 0.304599467 0.126924415 0.964870723 0.811724590 0.434956736
33.933728812 -10.591813252 -35.333748736 -0.606127526 0.483448302 0.572336679 -0.267054091 -1.263815525 -1.810099811 -0.297445890 -0.232788503 -1.243304068 -1.630909419 -0.951681453 -2.087599418 -0.364656853 1.158966715 -0.757690799 0.687899451 2.861940557 -1.171680588 -0.059789785 0.553575548 1.168800215 -0.838867175 -1.487938774 1.626212345
32.142434267 -10.469982938 -25.731462674 -0.135376159 -0.639724447 -0.721189416 -0.228717629 1.444489959 1.143088645 1.593590390 -0.426776823 0.846607761 -0.250053470 1.493145775 0.061630413 -2.093258183 -1.702840317 -0.647386476 -0.355548435 0.065096284 -1.152137207 0.599266906 -1.316952803 0.603867134 -0.099247093 0.916860341 0.599748086
41.719410114 -13.443195134 -30.588425923 0.192408648 -0.293440136 0.144167353 -0.925250006 0.752504173 1.269910586 0.537235763 -1.267405657 1.908355018 -0.374668701 -1.010678891 -0.033890883 -0.047535867 0.313573851 0.110797932 1.736778307 -1.060645376 -0.923611521 -0.350863215 0.667978169 0.220018247 -0.253920593 -0.767696454 0.379504652
38.275852591 -4.912979994 -24.462547386 0.169245116 0.587204898 -0.701161079 0.367314089 -0.793916938 -0.543929320 -1.610879647 -0.585879125 0.273555124 1.154175423 1.406098753 2.248029541 -2.809207791 -0.438296648 1.506958827 1.326906467 -0.934767805 -0.020019276 -1.042685578 0.433511941 0.374416516 0.575258370 1.718794920 1.892818961
45.593926962 -11.840215875 -35.890070605 -0.992514349 0.112780376 0.046310012 -0.007158007 -0.112997568 -0.524063898 0.919307545 0.836293256 0.259220558 0.688171279 2.232474802 -0.306567990 -0.141364419 0.434113390 1.770140710 -0.460694835 0.559914550 1.909196987 -1.532463505 0.420772590 -0.364806390 0.954502598 -0.515725739 0.730910153
41.564884902 -7.126629172 -25.075518330 -0.595749012 0.518952819 0.542975898 -0.284514079 -0.487093166 -1.253584324 1.647497839 0.422018478 -0.582714651 0.713753321 2.128010037 1.187884403 -1.190129747 0.691998452 1.459312411 0.561426253 0.366606112 -1.688771883 0.204842466 1.351625338 0.326489236 -1.892316530 1.709369989 -1.035275117
46.072556118 -12.270030852 -34.257464600 0.802903244 -0.407260015 0.424591110 -0.095958586 0.540546695 0.234232919 0.454418493 -0.155016316 -1.403969180 -0.835329837 0.433811855 0.220376624 1.317359030 0.628045102 -0.310424429 1.445829860 -0.261932016 -0.505906102 -0.686033047 -0.168924394 -1.614750868 -0.955176756 -1.050366898 0.171976825
41.498440464 -16.120437497 -38.609775514 0.196476703 -0.324613927 -0.761397442 0.525639266 0.662213195 0.925069842 -0.908317147 -1.039119749 1.652797515 -1.213830507 1.345259523 0.802652480 -1.193200749 0.030472711 -1.352487718 -0.504803961 1.282679225 -2.206410699 0.226713248 0.898230487 -0.145264217 1.878974685 -0.159571431 -0.293778571
31.647710203 -8.332787595 -34.959779072 -0.243300207 0.746419892 -0.405032565 -0.468626692 1.345009474 0.007416479 1.347234600 -1.354418032 -0.691369035 -0.046411614 1.245463094 -0.038905285 0.701160853 -0.352252314 1.676522491 0.020008490 2.047795605 -1.392583129 0.119868029 -1.551670350 0.388058926 2.190254922 -1.217060161 -0.633723052
36.631480573 -12.618191056 -24.631948129 0.062738972 0.824838442 -0.087843004 0.554967542 0.519981428 0.151937311 -1.450302115 0.925784425 0.302738575 0.237373250 0.109870692 -0.359861056 2.258998377 -0.718598783 -0.512032508 -0.113335468 -1.811483754 0.472285426 0.664218659 -1.123500294 -0.935409669 0.962429054 0.330126766 2.542455758
47.203501186 -11.317953848 -34.636953833 0.147458378 0.425160357 -0.804581789 0.387482699 0.845277562 0.728259139 -0.479459788 0.125450508 1.257871946 0.180152486 -0.161583593 -0.511150249 0.842999703 -0.848611304 0.101774792 0.393510327 -0.169557005 2.190136553 0.856880462 1.085185267 -0.518578081 0.031279354 -0.290641347 0.078202472
38.031538383 -2.595771112 -32.038439813 -0.057808153 0.040962664 -0.856486069 0.511284550 0.162329311 0.548483003 0.913020415 -1.175792400 -0.507764205 -0.217968349 -0.342455100 -0.299617604 -1.861180614 -0.569474603 0.094877723 -0.697825192 -0.857236486 0.878337456 -0.074295925 0.267204839 0.987450798 0.820066736 -0.838487799 0.140999119
40.307084623 -15.132017952 -34.389039379 0.171474469 -0.293493650 0.077234911 -0.937279442 -2.006532526 1.997879535 0.833222491 1.614744082 1.098639171 0.202228516 1.306806593 -0.041671787 -0.071635123 -0.750613302 1.052277595 -0.099776193 1.436874983 -1.495788824 0.890094353 -2.383133962 -0.304192031 1.540129096 -1.819525261 1.392250319
36.974525021 -9.270314216 -38.596522349 0.319400968 -0.649436757 -0.690053638 0.006395084 0.275335270 1.060777134 1.361334616 1.918608567 -0.001923339 -1.475198809 -2.113075443 0.717603947 -0.544339942 0.307987795 0.565181555 0.046776890 1.336064642 -0.983735479 0.460694638 -0.252149193 -0.842984526 0.813566418 -0.032461162 1.128840239
40.721544231 -13.545786019 -26.772794789 0.214894593 0.371049706 -0.057557184 -0.901570630 0.118421519 0.747859350 -0.372607028 -1.084072845 -1.184809273 -1.520615590 -1.933025894 -0.577389859 -0.820678253 0.062568000 1.161825962 -0.307975750 -2.263293747 -2.417892922 1.223748043 0.265869759 -0.809808477 0.231515817 1.555409016 0.625379403
44.901999418 -15.584780311 -37.266722271 -0.697653757 -0.087491456 -0.707405478 -0.072124679 -0.452857605 -2.745457271 -0.828965989 0.204677873 0.892612095 0.619379055 -0.528639665 0.433404878 0.915713657 -1.164251015 0.150867095 1.081498677 0.657475141 0.047672152 -0.181887397 0.667381280 0.898576337 -0.836131828 -0.468761941 1.600196673
31.477689071 -8.229546616 -31.712910190 0.360451447 -0.207969860 0.773700668 0.477713897 0.255532933 0.075526919 -2.540237746 -0.842199308 -0.336184706 0.496402760 -0.854393490 -0.380345239 -1.848111445 -0.467326455 -1.235219060 0.729131385 -0.617766683 0.273754642 -0.804376175 1.630252984 0.697458617 -0.314641579 0.751121744 0.710528461
42.892259122 -10.803151087 -26.329433696 0.004447871 0.379052274 -0.882531315 -0.278276963 -0.782393800 0.829769720 -0.653028007 0.948523720 -0.479914459 0.586736627 0.349819578 -0.421430326 -1.523249938 0.296201845 1.930574852 0.407577117 -0.209455374 -0.851652455 0.935915660 1.099247082 -0.112992841 1.381964374 0.604894068 1.295029974
40.703404020 -16.652656556 -26.196371916 -0.936865725 0.246058357 0.173362854 0.177997804 1.565599942 -0.330039073 0.679987670 -0.333947709 -0.101013420 -0.079162848 -0.333214050 -0.878407133 -0.764099871 -1.169465397 -0.570817628 1.011696904 -0.358733707 0.927721426 0.855552862 0.132012338 0.332010178 -1.616690136 -0.588781181 -0.537743756
40.633198261 -13.220118310 -26.559296226 -0.459509490 -0.582951526 -0.144630651 -0.654293911 -3.002214219 -0.634573869 1.211898549 -0.376771250 -0.619549364 -0.816270703 -0.991078222 0.570159509 0.189368411 -0.753130800 -0.032265143 -1.855685652 -0.687892862 0.933417312 -0.005181036 0.128579936 -0.143652525 -0.140415045 0.955411076 -0.984735067
43.525465395 -16.969597342 -26.629563730 -0.268883788 -0.546149476 -0.619473868 -0.495655511 0.300876696 0.374519654 -0.394832335 0.789423690 0.947088636 -0.144082173 1.043976869 -1.089862012 -0.331465301 0.160025330 0.512853818 -2.174800311 0.481660490 0.136805478 0.468011278 -0.868643288 0.081181171 -0.339578466 1.591112261 -3.008804334
35.575532868 -3.811160112 -33.080691777 -0.120678595 0.384655823 -0.300411916 -0.864424233 1.203799388 -0.524362332 -0.106037383 0.254953048 0.893081013 0.556656494 -1.012135563 0.515460431 1.448601950 -1.862277207 0.237778688 -0.324176413 -0.707860904 1.406659583 -1.087727623 0.233851534 1.048127777 2.318008299 -0.904731553 -0.225258338
36.149209513 -6.294262610 -36.328245560 -0.334236680 -0.215643458 -0.435372126 0.807610582 -1.447687605 -1.325497875 -1.975005025 0.418212018 0.799823214 -0.335121283 -0.039059569 0.560634276 0.519052197 -0.700138761 -0.826509129 -0.824437212 3.351196027 -0.123589361 0.749190685 0.614481483 -0.380888154 0.278801666 0.034825210 1.614111656
41.791399958 -9.792958680 -24.325046583 0.104989351 -0.745125014 -0.418664904 0.508414838 1.019506799 -0.346807163 -1.045564608 -0.033325968 -0.116314646 -1.089534817 -0.242434624 0.985648591 0.159844459 0.852009391 -0.123265503 -0.252558105 1.251360474 -0.936354712 -0.038906637 0.004277133 0.101295454 -1.383414706 -0.921725093 -0.122851718
40.733953922 -16.095666926 -33.048545270 0.624796124 -0.020252339 0.259855162 -0.735999281 -0.162121587 1.748686077 -0.454211374 -0.935908900 -0.640664650 0.636296278 -1.450724845 2.040950869 -1.076573163 1.019728477 0.348936063 -0.237901370 0.226003997 -0.367460133 -0.307395292 0.153435176 0.416183106 0.097698335 0.165575658 -0.030634668
40.676822280 -16.325229922 -24.945519243 -0.760843933 -0.496085311 0.027967665 -0.417413085 0.109330851 0.312974923 -0.846726635 0.429069006 0.000715426 0.410651845 0.714936413 -1.404567682 0.391333087 -1.125331181 0.620329670 0.165682998 -1.146624403 -0.466053626 -0.468642450 -1.068725547 0.893236359 0.697915656 -0.951612257 0.530650833
46.233092647 -11.533844360 -28.156410037 0.180516031 -0.866057661 0.420782038 0.200750010 -0.603118036 0.646110416 1.028604739 -0.130248529 -0.454671978 0.842241255 0.680531668 0.024148714 0.003698972 -1.563286283 1.170928105 -0.203096151 -0.133417682 -0.042882264 -0.259173747 0.926338460 -0.827893770 -0.819702285 -0.835122002 -0.704746171
31.969191224 -8.249074170 -29.531457152 0.332256927 -0.136806306 -0.565292715 -0.742518361 -0.620165321 -0.099038477 -2.580706024 -0.344962295 1.079555261 1.906190447 -1.803910143 -0.528557113 -1.138945778 0.661547905 0.449157755 -0.082864844 -0.210580653 1.280340517 -1.238712021 -1.646443076 -1.158550460 0.658811110 -0.048244105 0.028717202
39.007116069 -10.499549265 -34.309878589 0.232452816 -0.707386620 0.660384060 0.097276676 1.805868733 0.648373513 0.896470674 0.049272541 -0.894701549 1.307129677 -0.556381977 -0.328470894 -0.258792722 -1.005474502 1.048499483 -0.863795224 -0.938950867 -1.056642689 2.766778704 0.890987861 0.942306587 -0.840687834 0.442224558 -0.534747803
44.309539521 -17.353992068 -34.945425078 -0.235298876 -0.353775729 0.812699407 -0.398744086 0.463972083 1.855062802 0.665163944 -0.079744186 1.268528801 -1.064191158 -0.961117145 -0.799885096 0.044037300 1.627873790 -0.253356028 -0.521954406 -1.356673939 0.883871664 -1.652999191 -0.713279774 2.133760032 -0.093977431 -0.267972816 -0.609995391
36.180532825 -5.816666062 -25.675228384 -0.234906995 0.037023562 -0.625215566 -0.743339395 0.865545162 2.025029726 0.062564413 1.868691825 -0.060935708 -1.331771892 -1.517524331 0.241099686 1.308437711 0.791923332 -0.289578268 -1.775275074 0.410879350 0.218547698 -0.413696985 -1.396176758 1.081188395 -1.298335156 -0.039172085 0.408693738
37.327407895 -3.487883517 -34.451935190 0.520916796 -0.249026620 -0.099626891 -0.810373936 -0.059523808 1.069366547 -2.020525837 0.727074619 1.092670142 0.438426227 -0.746487040 -0.213705243 -0.598337534 1.069986071 -0.181826687 -1.206786599 -0.849772504 0.224031104 -0.277982627 1.587147582 0.264103422 0.769795596 -0.393482502 -0.398263701
