25.854107615 -21.880003272 10.052123170 0.090256297 0.015243758 0.586867104 -0.804492655 -0.429384585 -0.027251687 -0.242015776 -1.316121648 -0.762439226 -0.448158054 1.596713188 -0.546374631 1.323000851 -1.007511649 -0.443429847 0.164745729 0.267642498 -0.759904311 1.776568737 0.829801559 -1.201706181 0.436350760 -0.187261107 2.057449321
32.659458382 -11.718633787 9.444807096 0.719117589 -0.206124640 -0.626353193 0.219235499 -1.204313075 0.237233455 1.592106639 -2.437995327 -0.064211926 -1.390494376 0.087192514 1.456023306 -0.716448959 -0.373776530 1.160846268 1.260430326 -0.720729556 -0.471900243 0.086585604 0.136919110 -0.323838059 0.336532250 -0.258857951 -1.228247368
32.909142562 -18.696540025 -0.403722484 -0.319785411 -0.754768302 -0.099844323 -0.563997529 0.886421492 -0.024735559 0.548887048 0.219289868 1.420412042 -0.124705635 0.197910240 0.633072796 -0.093320630 0.927771840 0.339191329 -0.809308368 -0.753499705 -1.199540023 -0.443674933 0.424928763 -1.020516067 -0.471388583 0.281122800 -0.981425066
34.478498656 -15.452623729 5.691100724 -0.284871905 0.861140611 0.316073245 0.278177191 -0.044812289 0.501853823 -0.421392796 0.699552467 0.934083001 1.484793354 2.396894073 0.707997093 -1.453130546 -1.291254594 0.737195686 0.688839028 0.337678349 2.115397854 0.993842004 0.143240521 1.263771461 1.450781100 0.207823054 0.529571124
23.526099817 -22.332451415 1.273897672 -0.463425312 -0.326769907 0.704228836 0.427223776 1.247106098 0.582063059 0.282450954 0.403068145 0.543126126 -1.947396552 0.145847418 -1.090366905 0.087870951 -0.167330564 0.312198344 -0.771220301 -0.909161918 -0.234027349 -0.430819005 -2.349644195 0.118218998 -0.351702729 -0.119475775 0.091899970
36.984777479 -17.258521948 -2.299374336 -0.336757470 0.442602641 0.456610362 -0.694409307 -2.372034177 -0.018850339 -0.504510229 0.193160047 0.654957371 0.513314146 0.811421926 -1.744291074 2.507363367 -0.546143881 -0.632427157 -1.035740818 -0.116255533 -0.688669303 -1.091928261 1.046164338 -1.331489092 0.357185547 2.538855084 0.639300751
25.519554010 -17.605062636 12.437548635 -0.311572387 0.501516893 0.773209907 -0.231408499 -0.315241729 -0.045506176 -0.165210700 0.813825667 -0.864274650 -1.610020950 -0.033706728 1.245245858 -0.210502829 -0.128142544 -2.155950532 1.261148097 -0.679884629 -0.650124598 0.266775588 -0.626691242 0.547263284 0.027829708 -0.341517286 -0.031842196
30.353458631 -15.057950612 -5.143624288 -0.122004406 -0.800607963 -0.544497797 -0.218320783 -0.370550888 0.637756910 -0.970219191 -1.081752802 0.225169977 0.281141492 1.613125180 -1.061472546 0.175307464 0.318640372 0.020888388 1.022109845 1.525830051 -0.778719603 -0.096637437 -0.579307569 2.017825190 -0.594669218 -0.058971447 -0.481706957
30.687685241 -22.714341865 3.863901163 0.489545366 -0.724634079 0.311613029 -0.371682803 0.352509520 -0.225822214 0.142879459 1.321287534 -0.649025312 0.274099978 -0.599371905 0.701599707 -0.126533095 -0.520907265 -0.457695187 0.934524784 -1.665180434 1.255698820 -0.923438796 0.208055607 -0.533183226 0.745104106 -0.085521481 0.828452323
36.347139915 -11.752736196 -0.510138575 0.519372440 -0.520604687 -0.006075293 -0.677632732 -0.783446832 -1.908357637 2.212521334 0.108908050 -0.527258508 -0.468991879 0.118022712 -0.621951527 -0.455277834 -0.057501925 -0.563445219 2.189772568 1.181617960 -1.423475888 -0.753792233 -0.466662151 0.192668306 -0.470623421 0.077781510 2.102898229
36.421899262 -15.571756055 -0.950596884 -0.169081956 -0.513603803 0.718437056 -0.437573562 0.011352362 0.260167791 0.520398262 -0.682810392 -2.223790311 0.393633477 -0.515240897 -0.952345143 -0.888473872 -0.565639355 1.024340507 0.399137401 -0.522664213 -0.270323902 0.430312776 0.494701226 0.559071600 2.705727278 -0.208433265 -0.953470046
38.733168801 -19.046171187 5.571184569 0.542851452 0.308019686 0.700109875 0.346817440 1.524782457 2.163502129 -1.908659276 -1.231470147 1.142241454 0.196564524 0.887768744 -1.097372603 -0.162337889 -0.899330547 -0.973500893 -2.007306493 -1.043063799 -0.088263898 -0.076788197 1.240408982 -0.342090079 0.745485907 0.885316673 0.139153050
28.893781282 -16.243909639 11.225457204 -0.642025009 0.084571228 0.455586794 0.610812793 0.862517568 0.426352527 -0.335133403 -1.125514479 1.104982898 -0.079154158 -0.642618862 -1.197843574 1.542399143 1.585420221 1.030204736 -0.091808537 0.725742656 -0.786645383 -0.959951708 -0.881011001 -0.345630947 0.369768401 -0.275903231 0.366418626
30.655106762 -21.070557640 8.189552024 0.523706984 0.316241907 -0.684654610 -0.396194543 1.672722597 -0.054446108 -0.503485087 0.040797685 -1.212723835 0.716024685 -0.911144014 0.212083463 -0.474500732 -0.358650058 0.349346894 -1.193168925 -0.410244276 -0.630363108 -0.241791119 -0.471880763 -0.950811544 -1.203724556 -0.548199332 0.419089302
29.217057975 -24.307421822 8.880453331 -0.275516869 -0.404614286 -0.710745800 -0.505191194 0.014581773 0.144175137 0.690758878 1.201949472 2.273653417 0.938767375 1.122618807 1.593638865 -0.932728496 1.143678049 1.245504899 -0.933194158 -1.295546646 0.329640192 -0.207393176 -0.496217440 1.366368247 -0.918438441 -0.073532540 0.465722697
35.614437059 -14.155596095 -3.509885876 0.538569119 -0.472075490 0.413100553 0.562526416 -0.752257663 -0.875660300 -0.934705241 0.472957137 -0.987078436 1.558444802 -1.951371751 -0.032080005 -1.091696739 -1.251854699 0.498344563 -0.437650738 0.872755747 -0.600227325 -0.553888362 -0.896678115 1.203762085 1.144318811 -0.571421762 -1.200279599
28.251023270 -12.195295602 2.188729689 -0.312511301 -0.010095819 0.874221927 -0.371444186 0.357801904 0.409951150 -1.076477208 -0.279840460 1.902630872 -0.554996364 0.309593017 0.528246903 -0.369943854 1.684052745 0.762589087 0.686807718 -0.772431034 0.979247553 -1.240052337 -1.736915154 -0.027378148 -0.412984194 -0.167939192 -0.305533463
37.402857722 -18.303996815 -1.514567430 0.521580938 0.563730084 0.321298619 -0.554011657 -1.185456435 -1.147724496 0.320299843 0.059742801 -1.544943872 0.008071336 0.963209543 -1.365953795 0.863026517 0.627990736 -0.332768709 1.072073346 1.218903785 -0.537946347 0.329982609 -1.125545175 -0.155348726 0.747939492 -1.548078979 -0.456327332
34.206498157 -9.647518877 1.849252205 -0.963688122 -0.156945015 0.003514692 0.216011837 0.440983572 0.748230608 -0.348613139 0.575128377 0.980458471 0.959435857 -0.778684447 0.293495224 -0.276694181 1.918899978 0.082033181 -0.122730388 0.676601744 -2.741342827 2.274293724 -0.040731663 0.132477090 -0.284498895 0.959727898 -0.074234847
31.000786543 -17.760747399 -5.593014841 -0.386630938 -0.324311516 -0.670724323 0.543569168 -0.540066352 1.038531842 -0.524285027 -0.939865054 -0.485018324 0.439402540 0.285565116 -1.427683678 0.779380370 0.114114050 -0.845736477 -0.471446682 -0.159120181 -0.527264280 0.844949069 -0.547193789 1.877760330 -1.380240561 0.721430909 -1.417026148
33.962030472 -12.201878198 0.243477300 -0.862934726 0.349603841 0.297450650 -0.211291090 0.082736714 1.399092930 -0.218927201 -0.819786769 -1.349192253 0.015765764 -0.637982149 -1.222457402 -1.933570879 -0.792690496 0.498890025 1.208659438 1.336489192 -0.997060909 -0.394091430 0.103721633 1.000402811 0.045344330 -2.531432100 0.790966923
28.316964809 -19.980170008 -2.708932714 -0.350236495 0.300471083 0.615497412 -0.638916631 1.026298449 1.158685919 1.067680633 1.986688841 -1.175677870 0.185885051 -0.136489911 -0.903919674 0.707647278 1.806600504 -0.957037956 0.374485153 0.967369996 1.158360763 1.125339265 0.631755736 -1.151710473 -0.045368404 0.612225109 0.608497026
33.271907858 -24.643396978 0.373978752 0.494573690 0.066125042 -0.859583705 -0.110182564 0.165842780 -0.056981792 -0.409048727 -1.642021521 -0.704205447 -0.322141546 1.107743053 -0.376260361 0.730725248 -0.172918852 0.862711617 0.653409737 -0.582357242 -1.795509110 -0.185932707 1.656830629 -0.166954187 -1.368791870 -0.400235686 -1.113929748
37.732628208 -20.977088528 2.657750065 0.274878947 0.293990164 -0.434273590 -0.805864627 1.547511361 -0.148055200 0.169641355 0.773471442 0.956196834 0.667024135 -0.769938092 -2.157156893 -0.942105928 0.889556832 -0.505302774 1.068856071 -0.935763130 -0.723213132 -1.197411474 -0.142865257 -0.629926215 -0.652521311 0.511195372 0.938838427
35.813744243 -22.124339777 -1.520252762 0.066942998 -0.471263093 0.840472217 -0.258913470 -0.500374229 -0.335537722 0.431313684 1.247998705 -1.092012558 0.277403132 -0.322814860 1.204121534 -0.736896952 -1.126105261 1.439626477 -0.760536613 0.000191617 1.520604367 0.970411815 -0.060996637 0.842610084 -0.333053173 0.886408007 -2.435031069
30.580608484 -19.777041213 3.263581625 -0.299233569 -0.909321348 0.182540250 0.224216444 -0.939681343 -0.656087450 0.036264956 -1.894010887 0.941181724 0.465701654 0.155123622 0.782820782 -1.289867901 0.568604792 -1.345232201 0.054967833 0.470422235 -0.098605824 0.158043402 -0.178757011 -0.296533068 1.024539087 -0.417309076 0.125266072
36.947285107 -18.090468874 4.914045849 0.705360438 -0.639083546 0.290654342 0.097769764 -0.855121685 -1.872316178 -1.785056989 0.572933572 0.200099483 0.584062103 -0.065617118 -0.180352548 0.919717697 1.436946999 -0.167421413 -2.562943441 0.145839598 -0.173557605 -0.477693125 -1.087463807 -0.270504074 0.746571334 0.107169695 -1.513863620
27.309053015 -16.729082951 9.210536746 -0.249533867 -0.909422749 -0.003992270 0.332666761 1.110989886 0.199207983 -0.826529397 1.650853393 0.502193888 -0.717609029 0.985658586 -0.328662719 -0.949930552 -1.397437705 1.000509395 1.238968500 -0.961583163 -0.147033460 0.537610419 -1.065840854 1.872327402 -2.113735181 -1.144753942 -0.740687732
32.280594631 -17.647680349 4.800638930 -0.163270113 0.932694417 -0.281665668 0.155204529 0.527057675 0.911696306 -1.657540658 0.684377453 0.626152669 -0.266466064 -0.109450753 0.137961008 0.780005750 1.464137710 1.023656766 1.463731281 2.892923337 -0.371573359 -0.700054605 -1.923594235 -1.683837792 -0.467757833 0.033004495 -1.759147330
33.160215346 -18.454198504 3.140524740 -0.925217263 -0.010453454 0.035550157 0.377624057 -1.436244576 -1.180124637 -0.615256651 0.176396340 1.393615791 -0.491608997 0.361789766 0.056232924 1.393772035 -0.080078373 -0.595371455 -1.017545656 -0.861768714 -1.325829614 -0.185336242 -0.719123577 -1.529872223 1.986540745 0.094698111 0.986768720
26.779339991 -16.108270770 2.259281998 0.814765687 -0.080297637 0.524723225 -0.233183835 -1.919118507 -0.740980071 -2.023124843 0.162977553 1.350471202 0.280906992 -2.370418784 0.500906047 -0.252712355 1.935268172 1.276598809 0.515455785 -0.001531035 0.399220952 1.572666854 0.537172992 0.797408815 0.762781389 -0.895793026 0.781195507
27.748330127 -24.280387774 2.486764915 0.485392264 -0.218874570 -0.846456247 0.000307621 -0.133297946 1.082459458 0.973091516 0.001746673 0.755541445 -1.599738021 0.748615697 -0.916553328 0.863682467 -0.084710857 0.898401912 -0.748737104 -0.056102985 0.501064782 0.082249687 -1.760923382 -0.222212287 -0.468896195 0.546482739 -0.463819598
32.135014154 -9.193918826 7.318859197 -0.529609630 0.267186888 -0.409621737 -0.693061930 -0.685688244 0.422902771 -1.993505589 1.234215494 0.621518809 0.243406368 -0.516752836 0.698247281 0.357142414 -0.719383126 -1.248643950 0.553912697 -0.442603321 0.691851683 -0.342222553 1.258892377 0.619996533 0.285480259 -0.334842241 -0.004126384
23.947650664 -14.420545253 7.594461857 -0.312180999 -0.609533359 0.533417874 -0.496464983 -0.208600963 1.025929822 -1.926094040 -0.730594530 1.097983437 0.744874961 -0.205808291 1.174148877 -0.169983505 0.241993998 -0.188722457 1.174171675 2.824070427 0.237042382 0.316205817 -0.661154174 0.325567782 0.290984532 0.983786151 -0.186789933
23.034809058 -15.911555704 -0.337379658 0.136043559 0.265435310 0.660864023 -0.688690779 1.586625928 -0.639623451 -0.944802879 -0.137291558 0.210564227 0.339186347 1.860924093 0.874676631 0.087016146 -0.835923922 -0.894155411 0.388470719 -0.279570380 -1.101227759 -0.880959352 0.608135122 0.415638159 0.898418166 1.043683210 -1.354426378
28.867589649 -12.271683009 1.326577974 -0.696011871 0.571489672 -0.427598480 -0.078272412 -0.259511511 -0.152559578 0.537091786 1.476965141 1.064193504 -0.374478413 1.533308752 -1.027118333 -0.258579970 0.865472973 -1.050986471 0.277561321 2.267007730 -0.768269988 0.221023681 -0.491458339 -0.865358952 -0.779658459 -0.696267045 1.046324035
25.764676943 -21.115981011 9.848647894 -0.283055192 -0.038584244 -0.926139510 -0.246285651 -0.140830321 0.557143223 0.122265593 -1.058853487 -0.849108116 -1.085602059 0.683730339 1.852095913 -1.727245385 1.155436691 1.797109109 1.045321583 -0.938247559 0.758421056 -2.579904781 1.042744140 -0.593308097 0.285303521 0.053171976 -0.153680794
25.926392188 -21.410423622 -3.619020682 -0.201927117 0.475338776 0.639071782 -0.569969950 -0.919138315 -0.154669812 0.326332307 -1.140160407 0.177031839 0.366494890 -0.391375034 0.948826254 -1.037729555 2.193465392 -0.168757777 -0.908669459 1.677339659 -0.895677498 -0.565305055 -1.706094224 0.248750898 -1.647720453 -0.185610136 -0.417910428
23.880727402 -11.589994992 -1.285830997 0.878001940 -0.075637456 0.124580983 -0.455928884 -0.379313914 0.013696508 -0.480750253 0.689198574 -0.451825632 0.540686794 0.488847216 -0.531108365 0.477425956 0.066933315 -1.390833438 0.003821113 -1.171404407 0.547610155 -0.341198700 -0.856749161 0.871246636 0.678653626 0.582486708 -1.083395381
23.229670425 -9.618596704 2.144183974 -0.628946565 0.710873696 -0.193608970 0.248194227 0.161151300 -0.396183817 1.047941234 -0.444076858 1.361078727 -0.097614755 -0.299158607 -1.700175929 -0.166686439 1.019435713 0.715252421 -1.629749235 1.429060428 0.593165311 -0.419654433 1.601503659 0.520017521 0.880121785 -0.281635254 0.013596878
38.569581147 -15.706145753 6.376204758 -0.383284162 -0.718960252 -0.228153740 -0.533043411 -1.995676167 -0.796536190 -0.667895008 0.468298693 0.596692474 1.122237506 -0.007640049 0.926315663 0.280745117 -0.445855829 1.379344552 -0.060094538 -1.236888242 0.682060395 1.049345417 1.125020592 1.417162979 1.204579370 -0.091130757 1.512813813
30.928397695 -9.374206825 -1.996466965 0.459826737 -0.741623150 -0.478201830 -0.099385538 1.184584132 -0.711042315 0.127941571 0.431360608 0.979949915 0.217257418 -1.365731817 -0.807896181 -0.662378782 1.385400329 1.093795964 0.490963826 -0.127595859 1.180283704 1.312731560 -1.434060563 0.010397421 -0.102759950 0.804547277 -0.885037699
25.786006819 -18.063770786 -1.464428298 0.852180538 -0.490182081 -0.158888045 0.090909006 0.471338144 0.329918867 -0.419863883 1.246507513 -1.311296105 -2.552786638 0.605485185 0.418141666 0.750778758 0.567990978 1.994784832 -0.857862014 0.011862439 0.931801526 0.589340890 -0.680212352 0.006051268 1.733506374 -1.278242358 0.472636744
31.297856574 -9.789882311 2.038074391 -0.091815105 0.622364928 0.725606425 0.278795981 1.534748086 0.311553807 -0.781896068 -0.514476571 0.689614736 -1.270401527 1.133956727 -1.592959597 1.192279576 0.873127055 -0.857321773 -0.086697718 -1.262401362 1.772548801 0.148277614 -0.599081077 -1.201594036 1.445826575 -0.257290745 -1.109183700
29.551697804 -21.651550794 11.780794492 -0.414778681 0.770946791 0.159409308 -0.456276631 0.931421526 -1.752156518 0.810932208 -0.890579276 -1.401064722 0.996111836 -1.338423896 0.480199124 -0.871752217 -0.959953281 -1.651853676 -0.265840098 -0.749241548 0.532781914 0.972067151 1.180871164 -0.689366297 0.773295813 0.929722766 0.609767255
32.544928181 -17.178162223 3.115037927 -0.483122391 -0.134499517 -0.518578422 0.692516465 -0.409548515 -0.564237925 0.640736425 -0.871670048 -0.087277460 0.752560747 0.817160769 0.007456012 1.155459271 -0.990818935 1.038636235 -0.905099043 -0.499187655 0.872653002 -0.284995233 -0.191999932 -0.139014452 -0.781786019 0.817373617 -1.112129614
38.853060649 -13.524199986 5.577548257 -0.102337544 0.905088439 0.405591189 -0.076405058 -0.403232072 -1.413659474 0.533372354 0.060051045 -0.189285656 -2.503914146 -0.752226342 0.024756874 0.410790182 -1.021971792 0.003359004 0.554872836 -0.004001167 -0.249946462 -1.311271324 0.236944816 0.749568615 -1.078903509 0.455959731 0.578297442
35.942234269 -24.469761284 2.255176494 -0.257362570 0.360827223 -0.743419657 -0.500894636 -0.767531087 -0.712730955 -1.817955220 1.768741530 1.481232410 -0.604747807 0.385089359 0.481861108 -0.366905846 -0.550439108 0.100979979 1.042479136 -0.634831210 -1.090255529 -0.426178784 -0.186051241 0.305195406 -0.343851598 -0.155465241 1.210619651
35.662602524 -11.240226752 2.644660616 -0.401938837 -0.257985966 -0.207723032 -0.853662436 -0.757835833 -0.726916279 -1.120836796 -0.037178232 -0.808078975 1.125471760 -0.848333643 -0.596051786 -0.323129530 0.231739897 1.175133556 1.023644962 0.352464906 1.162798857 -0.164841136 0.999359011 1.170390171 0.609732173 0.836741437 -1.217578217
25.782017265 -14.061180194 4.547743874 -0.722013511 -0.484304361 0.463623738 -0.170876578 0.973068036 -0.879973847 -0.568830360 -0.028571182 1.748137666 0.503780910 0.688038414 -2.651222682 -0.623278261 -0.382028602 -0.530837655 0.211291777 -0.957563886 -0.961817678 -0.624559270 0.255820637 0.505609510 1.366393948 1.404064540 0.223362777
29.577102032 -15.823257684 -3.618158048 -0.886671206 0.366057301 0.281998690 -0.017116175 -0.666878733 -0.287456507 3.066082691 -0.039050723 0.399502265 -0.266418594 -1.039706863 1.847271915 -0.160444940 -0.337703869 -0.327380854 -0.674688730 1.452073006 2.226657102 3.438531042 0.825067909 -1.242091262 -1.220045172 -2.670022895 0.617388225
27.718157033 -13.395864893 12.988407381 0.307559020 -0.570873224 -0.339957449 -0.681131518 1.048552435 1.065294551 2.554029839 1.389073829 -2.081494284 -0.616147857 0.021531042 -1.222373623 0.497299041 -0.630957151 1.414638570 1.014042054 0.370864745 1.507155517 -0.371650349 0.374579809 0.996175527 2.259410137 0.532206367 -0.550569522
23.415428295 -12.271944035 7.481261343 0.727091316 -0.306642711 -0.530678467 -0.309336113 -2.561743799 -1.219876904 0.581483466 -0.185766694 1.050260159 -0.880746930 1.502785450 1.390445781 -1.022143521 -0.592264310 1.083270855 -1.762706569 0.243891256 -0.457274184 0.424835524 1.458124270 -2.171591606 1.142778393 -1.316007473 -0.139692975
28.870951269 -11.250561264 11.876902568 -0.133848632 -0.422260378 -0.725747760 -0.526375253 -0.161037106 0.235740034 -1.336773010 -0.860074170 0.866868534 -0.013518474 -0.301709983 0.625172115 2.723426403 -0.273731589 1.365187966 1.815218242 -0.206049171 0.572444145 -2.475295588 0.333411899 0.349924380 0.839967072 0.423305340 0.295944070
32.622577342 -12.208878273 -2.961479388 0.554709622 -0.770313780 0.314376929 0.009003439 1.183283852 0.236242208 1.766423726 -0.399986040 -1.111969335 0.260988031 -2.151085039 -1.611183163 0.287535119 0.641892641 0.109405143 1.410049974 -1.081610298 -1.444915834 -0.137091405 -1.564165921 -1.313704660 0.994780804 -2.877022579 -2.174221028
24.399477280 -18.165828022 -0.420732854 0.718216355 -0.287787129 -0.451946749 -0.443945910 0.330488729 -2.394790107 1.542756331 0.335470428 -1.226988418 -0.261701476 -1.169297336 0.783786141 1.648853182 2.073907956 2.069090433 0.833126335 0.191085766 -0.724829338 0.874142171 -0.707789725 -0.360118031 -0.590255086 -0.798797766 -1.954929646
35.780344241 -10.232741599 0.447867151 -0.557154658 0.380652222 0.624210751 -0.393755648 0.132217289 1.103089649 -0.255463526 0.443368111 0.664379623 0.287831093 0.402377987 0.393765851 0.041207595 0.114459386 1.446491404 -0.809030710 1.342693335 -0.695886250 -0.568574018 0.110602210 0.028360103 -0.736941463 -0.310329300 0.528817341
30.684785057 -11.628166579 8.016414874 -0.268395741 -0.066866308 0.743523190 -0.608823365 0.337495499 -0.057825050 -2.619627960 0.659222121 -0.712333214 -1.903558467 0.190586194 -1.887884509 -0.204067171 0.344469426 -0.793945267 0.203543410 -0.310535448 -0.955446096 -1.613025231 -0.212758773 -1.546222872 1.422000121 -0.708973503 -0.573879382
26.840220010 -15.221490673 5.316195218 -0.625850967 0.667829055 0.346952002 -0.204790696 -0.250716417 -0.103389211 0.230564829 -0.976132819 -0.400655255 -0.777010149 1.479062129 -0.191695458 -0.808747368 -1.218112057 0.733595942 0.104775730 -2.027563916 -1.220640911 1.294571926 -1.052522580 1.289570075 -0.236665485 -0.915153991 -1.733982964
28.709671538 -16.890840742 12.556340437 0.286208575 0.679252544 0.463917107 0.491407724 -0.351342074 0.496674279 1.041688928 0.666044909 0.584389351 -1.332359196 -0.678056238 0.359230575 1.126523903 -0.682836691 1.020971219 1.908552081 0.336060076 -0.942010209 -1.821152583 -1.400264618 0.717648066 1.419516340 0.011944891 0.663541116
34.795504320 -9.170600887 3.660850836 0.637374288 0.507672532 -0.242904313 -0.526327000 -0.298615519 -1.265015752 1.384849474 0.226201452 0.704041348 -0.081092002 0.740132187 -0.112464187 -0.952553598 0.440091244 -0.373463834 -0.183542854 0.701889523 0.525385444 -1.011622114 0.274257514 -0.670757348 -0.385363523 0.255806031 0.849953814
36.109346697 -21.306206810 8.790772801 0.968915339 -0.179014126 0.162426512 0.052674819 1.423478817 0.388684490 1.192743491 -0.793683247 -0.315522413 0.513282639 0.509575092 0.187813726 0.950416869 -1.103662090 -0.252607092 -0.535828444 -0.007958098 -0.728661888 -0.186695204 1.922684699 -1.085355202 0.683496771 0.668624615 -0.197982919
33.088374044 -21.460716248 2.849616382 -0.487121349 0.757192337 0.434641244 0.021437039 1.511420515 -0.528654683 0.894624224 -1.234117990 -1.580272573 1.538850977 -1.180897134 -1.292521728 0.199963585 -0.254711757 -0.680955505 -1.328306002 0.725500249 -0.215106314 0.302696985 -0.679240905 0.310155616 -0.141701654 -0.689532148 -0.959110018
35.759739074 -16.642806391 0.322856205 0.748756508 0.141316457 0.255720816 0.594979172 1.205492671 -1.801302668 -0.446918865 -0.214306752 -1.695366504 -0.653535069 -0.032087555 1.514996113 -1.666297324 -1.260639920 0.200437683 -0.590482544 -0.029527823 -0.031994219 0.836270882 -0.454930670 -0.305531733 0.446272259 1.452162133 2.513112996
35.107914679 -11.894412441 8.575539166 0.899651704 -0.057440640 0.357063714 -0.244607622 0.694035797 0.497766966 0.390965748 -0.050036222 -0.334091468 -0.638313086 0.674120063 0.566657284 0.011238041 0.096457590 -1.251830887 -0.618004213 0.534407362 -0.261805824 -0.585899329 -0.018613639 1.349750534 1.501501808 -0.561801957 -3.528122481
24.055842408 -10.927730252 2.794712619 -0.117731071 0.763868344 0.253916667 -0.581524612 -0.565667044 0.543864079 1.484508285 0.738271176 0.633350645 -0.056938987 -1.546114744 -0.616647851 0.976979741 -0.101611845 0.570956849 -0.442656794 -0.772910525 -0.102939898 -0.842330214 -0.888531543 0.776360544 0.191905834 -0.298477918 0.842409612
32.637553444 -8.107792029 5.081788025 0.402288884 0.790789923 0.157025264 -0.433771851 -0.885995374 0.501560474 0.094472717 -0.511995079 0.562924441 0.744899084 -0.327012116 0.383105734 -0.628427050 0.941694470 0.361526894 0.461809151 1.409551797 -0.034962881 -1.159390769 -0.922778149 0.647122696 0.343319216 0.125766023 1.121908556
24.997847104 -14.336985593 0.707184845 -0.189598132 -0.610597782 -0.252689030 0.726203244 -0.323552903 -1.995117872 0.206295780 1.252225140 1.453414158 1.361667384 -0.222075386 -1.577059002 0.123533178 0.161492270 0.738787640 2.221121703 -0.839350496 1.304367970 1.778736590 -1.341404313 -1.691916401 1.305489967 -0.250520163 -1.963990929
29.336267156 -20.786505781 -4.391389584 0.386546495 0.737365186 -0.293401342 0.469883009 -0.779368264 -1.079197637 -1.575058538 0.263824581 -0.058267940 -1.994832372 -0.096662370 -0.208383581 0.841258317 -0.205426587 0.381679026 0.394002879 0.703691604 -1.519416396 -0.612907383 0.130471713 -1.913318846 -0.579940415 0.981274129 -0.660691873
34.916924626 -9.905445107 -1.507150042 -0.465815015 -0.362772599 -0.781589578 0.201320996 0.048379363 2.461045150 -0.787781598 1.298886029 0.356488459 0.259417880 1.776940539 -1.063404547 -0.964466899 -0.330083221 -0.242728318 1.177522120 0.239564110 -0.323444671 -0.331122758 -0.119415241 0.308830365 0.772620108 -0.453992428 -1.558524516
23.691116881 -18.252418622 7.615803460 -0.694630346 0.516301095 -0.010552054 -0.500809860 0.528927107 -1.451039355 0.432543051 0.895507655 0.102413416 0.285529168 0.985872430 -0.598556190 -0.903471914 -0.447746567 -0.141521848 0.615816515 0.951989541 1.244901594 -1.292063286 -0.548030860 0.073812812 -0.480326489 -1.615360021 -0.484747416
31.393295098 -19.289099086 -5.434579041 -0.241026579 -0.064075208 -0.510117996 -0.823152590 -1.522812872 0.169899543 2.135674792 -2.308602746 -1.987199640 0.475403469 -1.134633398 1.121409382 0.276063905 0.179177807 -0.408470468 -3.646222469 -0.637387132 0.801952055 -0.977088367 0.598847165 -0.975744774 0.880978593 -1.725110767 0.438069122
36.007813789 -21.801803780 1.277926389 0.901422227 -0.304523241 -0.262529978 -0.160566421 2.350158809 0.602528589 -0.119401934 1.416692139 -2.209239876 -1.046946712 -0.265080662 1.291777859 -1.666634048 -1.843001610 0.015907332 -0.697951363 0.982163821 0.156154656 1.632029412 -0.041253264 -0.091598267 0.294305443 -0.544442541 0.085367115
31.657524552 -10.504161282 2.009074125 -0.053232632 -0.421105813 0.514341177 0.745177385 1.780102648 -0.845331654 0.644849730 -1.380253206 -1.445797720 0.733589813 0.492593908 0.368569043 1.025096420 0.522442518 0.739054154 0.776000642 -0.665061752 -0.052289837 -0.190837162 1.574673650 0.438433696 -0.023625865 0.629128233 0.611848752
23.630426891 -16.757872813 10.212901885 0.443907202 -0.570605316 0.145184112 -0.675483192 -0.197346795 0.756259603 -0.812270766 -1.653992939 0.909794836 -1.825824965 1.292612621 1.372588565 -1.796392308 1.399470012 -1.403194480 0.239762080 -1.574890173 2.625963942 1.222678708 -2.657841594 0.064764280 2.624956169 -0.291736943 -0.333221339
24.201266196 -15.728575560 11.088965769 0.314953562 -0.558649430 0.568977802 0.514761430 2.065525187 1.120899665 0.419153896 -1.362654843 -0.390684969 0.337305375 1.444532392 -0.683025168 0.798166193 0.285320340 1.088908316 -0.289228259 -0.333936846 0.986820444 -0.199659185 1.935033622 0.027049175 0.002318645 0.177532711 0.165815425
34.832797324 -11.087437068 10.393545042 -0.272468944 -0.363081690 -0.881042341 -0.133029148 -0.094256206 -0.246583664 -1.354194490 -0.056931559 1.086744436 1.684479169 0.631795775 -0.636004447 2.469070822 0.404046075 -0.631440958 1.200024998 -0.604606370 1.204104708 -0.946814944 -2.090489429 0.320202227 -0.881876014 -0.152000600 0.669643609
24.290008090 -14.879034573 -0.391842874 0.190590305 0.774345263 0.323387952 0.509396684 0.510269225 -2.043836281 0.850220179 1.343876486 -1.686316046 0.169587066 -0.448929186 1.047472948 -0.256469134 0.976271939 1.456159639 0.407925598 -0.794965020 -0.553022281 0.252065282 0.920636293 -1.700909559 0.795208136 0.725598922 -1.552425903
27.630911380 -24.766401195 1.925321896 0.151469694 -0.764586401 -0.086850748 0.620420434 -0.804341161 -1.802958032 0.943437783 1.693626414 0.183531755 0.177676124 -0.569410421 -0.191708639 -0.757119058 -0.150918039 -1.139122469 0.893015251 1.124603344 -1.264776253 0.328098659 1.107265911 0.423046422 0.672115054 -0.417243907 0.873603501
30.546044014 -20.405237868 -1.964234531 0.078964687 -0.382738596 -0.164572539 -0.905644315 0.248977692 0.618843719 1.174984420 -0.531105324 -0.403493464 1.682984308 0.522800533 0.772618477 -0.653541361 1.261171506 -0.952357999 2.384090846 -0.183728907 -0.365225196 -0.234112756 1.567465299 -1.418029229 1.267004637 0.007701240 1.029344693
30.079792856 -25.456146123 0.519158727 0.676183695 -0.725030171 0.125698739 0.036148148 0.001396977 1.005220357 0.361792650 1.015601736 1.505711009 1.566720739 0.394031813 -0.553065572 0.659576193 0.250837520 -0.315075229 1.304376941 1.220612481 0.351939392 1.806234123 0.640895241 0.617774858 0.177070811 0.168897322 -0.015605326
26.406082559 -22.182649005 7.976739326 0.628009170 0.072152003 0.000425826 -0.774853786 1.759150976 -0.989666790 -0.189351047 0.004017732 -1.269363196 -1.093436383 -0.355756946 -1.098596730 -0.019736671 0.513431694 0.988669928 0.077178527 -1.126752061 1.171444323 -0.081162205 0.601529331 -0.879775456 0.803160761 0.197680623 1.161446999
30.279591090 -19.586935305 12.410689443 -0.680016433 -0.614468851 -0.384254737 0.111148452 -0.820938000 -0.880815722 1.763622384 -0.412684262 0.698801073 -2.185188266 0.573217323 0.085084139 1.819076531 0.080315830 1.083408230 -0.332094952 0.074428289 0.103385391 0.669008982 -1.490310512 -1.011822626 0.010727763 -0.027062603 -0.814866565
24.058548159 -21.931289002 -0.442083634 -0.189545317 -0.282499057 -0.711213781 -0.615176245 -0.490440912 0.418375820 0.242199335 -1.101432588 0.044202851 -0.213508259 0.063254292 -0.966567128 -0.714787062 -0.599308896 -0.375458349 -0.822056202 -1.099807568 0.708856537 -0.849109916 -1.081379135 -1.470331453 0.255236964 1.845498433 -0.823388187
33.388416386 -20.736691040 5.476456703 0.782112063 0.618880832 0.072682789 0.002109327 0.949991472 -0.614849964 -1.290637187 -1.038915726 1.363150112 -1.804406138 0.435054247 1.232352438 -0.530501774 2.694497226 -0.984532161 0.523303982 0.765545532 -0.320504035 -0.597756196 -1.114695625 -2.443438614 1.095187534 0.617566245 -0.760070231
26.543651291 -19.999882262 0.396913673 0.295812985 -0.090105314 -0.630025457 -0.712350780 -0.791482577 0.758790687 0.430488106 -0.805730799 -0.456578479 -0.124186360 0.367287566 0.225121040 0.365926463 -0.690255184 -0.253004988 2.193414917 1.378076124 -0.172835425 0.347804677 0.991151103 -0.591903702 -1.859521241 0.032972692 -1.510653387
30.038065334 -9.266377400 7.452998869 -0.422364557 -0.821043334 0.022913055 0.383367992 -0.540043945 1.176619875 -0.046372596 0.062204019 -0.247229141 -1.223550935 0.866090877 0.746662801 0.318725118 -0.077510539 -0.309135303 -0.180029233 0.922586171 -0.691329746 -1.102430093 -1.102996397 -1.420728183 0.174967236 0.725038164 0.279108394
36.364280006 -21.184012537 0.089601697 0.942539782 0.272075555 -0.102727250 -0.164440764 -0.286599733 1.043241224 -0.627422826 -1.108185441 1.308795657 0.915343802 -0.558273056 -0.420048262 1.332853337 -0.848605124 0.076907705 0.776015629 -0.134155762 1.109054539 1.177466476 0.192310616 0.993168118 -1.244250090 -0.522399723 1.021795859
35.082878597 -14.132746630 8.144031174 0.417557503 0.126550259 0.820738868 -0.368806826 -0.615169423 -0.186647074 -0.107154956 -1.570734977 -1.636358500 -1.159693120 -0.172537942 1.081239219 -1.698471440 0.055835547 -1.595750711 0.421323585 -0.881361135 1.736577583 -1.491032061 0.458442059 -0.489440824 -0.623204328 0.830838713 -1.094908162
31.539191373 -19.931599793 6.554135927 -0.334009017 -0.363090040 -0.866491546 0.076131470 0.915988613 -0.258645427 -1.066262040 1.494007469 0.980419800 -1.066774380 -0.598624300 0.734895299 0.514956446 1.052836135 -0.237762611 2.108311600 -2.596574181 1.698749177 0.269951776 -1.081914721 1.707654556 0.096415840 -0.598537763 0.314931815
37.980518777 -12.181682960 7.137166657 0.923298907 0.330814539 -0.173804513 -0.088729137 -1.530695994 1.090192780 1.491803414 0.939880853 0.569231577 1.336077405 -0.231403985 -0.538792631 -0.801485711 -1.021886692 0.526903591 -0.713235815 -1.056270807 0.742027571 1.120335786 0.482707630 0.802588616 0.564413360 0.278433574 0.053062446
25.285604186 -22.635129019 4.737482179 -0.610922567 0.014014334 0.046498856 0.790199387 0.561116878 0.236649784 -0.040074361 1.755334980 -0.431959608 -1.863182082 0.733371008 -2.108247445 -1.617811750 -0.739579393 -0.428038682 -0.353413636 0.405763093 -1.117254905 0.015505331 -1.701024113 -0.444003742 1.057278702 1.825687263 0.495180927
31.888890487 -19.612053379 7.786133455 -0.309184571 0.632911698 -0.709010730 0.033637291 -1.853498996 -0.869283497 -0.786575555 -0.134091319 -1.134208366 0.013525680 1.020060917 -0.174682664 -1.696900196 -1.648990712 0.655423110 -1.759438103 -0.474525384 -2.004284606 1.285939936 -0.899737150 -0.932126248 -0.488011109 -0.692179689 -0.013986787
26.721645245 -8.281799511 0.543683088 -0.336718092 -0.590000435 0.722243490 -0.129941352 0.430862695 1.931436919 -1.412835959 0.824898235 -0.934076443 0.284111443 0.033993662 -0.792186647 0.544577867 0.330364606 -0.121108517 -0.836406059 -0.215805222 0.013817894 0.072952674 -0.979440788 0.117023316 -0.465320408 -0.306159428 2.987591603
36.610803495 -11.168374432 5.042580908 0.186325913 0.115881451 -0.689129499 0.690619053 -0.598342615 0.308272585 0.115487626 2.268000776 -0.803537597 -0.954576734 0.034822547 0.835317307 0.262601565 -0.901986606 -0.206490640 0.115026501 0.434536419 -0.242884229 -1.171737272 -0.657965487 0.313966586 1.274660527 -0.824396172 -2.767768269
34.634648209 -16.026359523 4.604195281 0.096198994 0.812872484 -0.254761317 0.514859931 -1.673930381 -0.142873853 0.255351823 0.553425548 -0.442620762 1.655665972 -0.141602830 -0.781512632 -1.756331192 -0.237638518 0.846389583 -0.119047384 -0.816141227 -1.905738700 -0.724916553 1.190568246 -1.106341853 -0.309352939 0.491617957 0.224306905
31.293761915 -15.386419891 11.982737046 0.388242972 -0.789316767 -0.395107974 0.264832256 0.016465117 -0.811963697 0.199031461 -0.690153261 -1.210742621 -1.523785185 -0.006801558 -0.875943248 -0.152290333 -0.007027685 -1.890819150 2.205680860 0.127218274 -0.973079713 0.371021899 0.450081461 -0.435170885 -0.402502274 0.306093834 0.245922226
28.002118697 -10.985669109 -1.106060248 0.159732848 0.003602890 0.894056541 -0.418491741 1.354173047 -0.454785487 -0.869529357 0.502955733 0.696399783 0.222741285 0.574708170 -0.018482541 -0.754340562 0.376787960 2.243830504 0.647289234 1.088266963 -0.658243021 1.867267511 0.270351390 -0.797378765 0.488786522 -1.304513487 0.698363021
30.534983116 -20.179798103 7.714808675 -0.120136719 -0.521171574 -0.699387978 0.474134808 -1.573379040 1.349226631 -0.008155054 0.573732653 0.897611486 1.540172770 0.967904776 -0.954093010 0.741536553 -1.132462958 -0.455814297 2.103864358 -1.018573846 -0.250150033 -1.356566447 1.772145239 -3.159794291 -0.842648550 -0.252866267 0.094965006
31.117395644 -9.450745031 0.905341353 0.205798000 0.765791087 -0.159407228 0.588048068 -1.627782465 -0.551281252 -1.097204094 -1.538111992 -1.085290624 0.133061479 -1.166411382 1.186762006 0.452553625 0.266638980 0.456105014 -0.766580350 1.419326217 0.619929629 0.936246194 0.097062558 -1.413187751 -0.254437597 0.914006469 1.066891678
32.552746948 -13.538084993 -2.892873106 0.119163938 0.153349527 -0.295493869 0.935396842 -1.105773917 -0.008685867 1.658531493 0.466014889 -1.200939090 0.480581706 -0.407536704 0.936624028 -0.090519331 -0.670613584 -0.308382364 0.931874423 0.128859944 -0.547714984 -0.706927333 -0.145876386 0.833458785 1.273933375 0.989306037 -0.429195133
32.168956475 -14.283517909 3.722378477 -0.647689820 0.106975504 0.264425648 0.706493606 -0.342626717 0.812128824 -0.168605342 0.872465678 0.127149189 0.854751559 0.982787344 0.255705083 -0.755590596 -0.165674382 -1.277340578 -0.507296592 -1.353289254 -1.042930858 0.231237573 -1.114983610 -1.240739416 1.363309086 0.337101532 -0.831978104
24.234659617 -10.122927625 6.047787212 0.400538276 -0.231770953 -0.851818842 0.245470927 1.841200518 0.245429441 -0.885465288 -0.462266449 0.595098266 0.464311265 -0.513875307 -2.106242401 -0.072744813 -2.401241917 0.713407414 -2.319491301 -0.783327409 0.076657247 0.945611974 -0.233662074 -1.111436915 -1.510833163 0.279909548 -1.058210664
24.017423133 -16.221097322 -3.902061988 -0.506793767 0.837084154 0.070431650 0.193622261 0.883579928 -0.158342349 -0.134166119 1.591288561 -0.698154636 -0.361133315 1.126594075 1.605015334 2.000402896 1.918691721 -0.267684105 -0.943353345 -1.822234676 -0.433547627 -0.739103589 -0.176478561 0.037549255 -0.792123009 -0.270227193 1.369175033
35.255055034 -12.332488851 0.738448336 0.230010846 -0.693110652 0.200952401 0.652924779 -0.280908573 0.421627856 -0.898383648 0.431586472 -1.562045884 -0.251939114 0.743515669 1.473407769 0.708859646 -0.494626732 -1.603267195 0.984737485 1.024279024 -0.814358574 -0.126451747 2.100209139 -0.785748456 0.860391038 -0.212636467 1.652891271
31.559008039 -22.274995502 11.317321511 0.668146404 0.403399438 -0.617651090 0.096728521 0.010804215 -0.559909789 -0.617464499 -1.234214303 -1.138012724 -1.013128310 -0.020208056 -0.130834335 0.571114584 0.829769195 -1.199631950 -1.152601565 -0.413129607 -1.315504757 -0.440025675 -0.733489810 -0.541561144 -0.571808425 0.634535643 0.828765604
33.051987686 -15.497323739 -1.771984970 -0.075511773 0.230845438 -0.768086850 -0.592495524 0.686887399 0.382013233 -0.406375490 -1.004706352 -0.073589906 1.254827022 -1.324738906 1.165311115 -0.358447258 0.459702913 0.886055915 1.002314113 -1.183455419 1.551902924 0.986370138 0.390740786 -1.347553103 0.007032797 0.316048834 0.621854601
38.530959308 -18.945329550 7.253520679 0.483238221 -0.851606635 0.186193546 -0.081110574 0.196674614 0.308847294 -0.642794320 -0.425057423 1.289424099 -2.039309795 1.129436639 0.192895122 -0.423541475 -0.411570721 -0.026630118 0.789689702 1.555713093 -0.439630299 1.210370971 0.288978833 -0.148583081 0.347992038 1.052351277 -0.692578039
25.994934470 -9.855410501 -1.584498823 -0.409638109 0.491076456 0.461778909 0.614655004 0.775593312 -0.867998672 -0.120922786 0.753552423 -0.645591153 -0.391820406 0.113254837 0.259683749 -1.017768914 0.474258752 0.312400700 0.627070586 -0.594797774 0.057343575 -0.720149768 0.589051949 -0.054085622 -1.146913923 -0.877273747 0.702950068
22.474222806 -12.262966531 -0.833071728 0.169640875 0.178772841 0.896067493 0.369222552 2.063321341 -0.926253112 1.036126380 -0.002348767 0.501890477 0.181871764 -0.305181875 -0.292629748 0.979193948 0.159671025 -0.505025425 -1.011722074 -0.714599210 1.014341068 -1.400000728 -2.797149329 1.316363581 1.290574898 -0.291213524 -0.694693580
32.783909609 -13.320726463 10.317448044 -0.458277758 0.700641380 -0.022399465 -0.546426040 -0.925676475 -1.521267942 0.411466119 0.454063802 0.689809120 0.852350315 -1.634059562 -0.512348405 1.865478925 -0.678313807 0.871597358 0.309193792 1.520386873 0.729686917 -0.471773249 0.782525264 0.073907925 -0.289764523 0.556245458 -0.229173586
30.369454242 -9.720405499 -1.999578566 0.167804365 0.903127091 -0.078555812 0.387339822 0.355720766 -0.233939205 0.890669103 0.322856458 -0.394671327 -0.459366267 1.181585750 0.318729571 -1.071195818 -0.990806720 -0.956705583 1.161579483 0.078454211 -0.331627327 -2.724350832 2.413096083 -0.164538829 -0.625868662 0.186525735 -0.946884313
24.403610347 -21.395022605 6.492523496 -0.174603448 -0.207631704 0.763419440 -0.586168465 -1.958062077 1.224540422 -0.204536383 2.376603239 0.542312069 -0.520322315 0.221829487 -1.971987174 0.986456257 -0.554784471 0.935034216 2.821976717 1.398842034 1.029919627 0.268308677 0.094963213 -0.317858611 -1.579732072 -0.485159275 0.315572342
29.196777686 -13.084645325 5.028581344 -0.519819216 0.263250046 -0.642745252 -0.497358962 -0.800511443 -2.474848394 -0.920286498 0.122172847 -0.871453961 0.015056223 -1.023723882 -1.585837732 0.207040403 0.448140955 -0.622078235 -1.018226531 0.337088926 -0.147579132 2.596427336 -0.239002664 0.753771602 0.930712019 -0.071026949 0.537616417
36.816294016 -15.756641433 1.816910124 0.595390766 0.569709319 -0.500302077 0.265779908 -0.307661559 0.474140019 1.589621541 0.133996864 0.124188582 0.607495266 0.329937458 0.322139038 -0.449135043 0.435016970 1.439086655 0.374050507 1.422769650 -0.346086308 1.103380628 1.322972536 -0.667492584 0.148028405 -0.878364920 -1.786874415
37.087507628 -21.280027830 1.161979392 0.235405756 0.181757932 -0.107341837 0.948696956 0.208764833 -0.473127178 -0.724779545 0.258091595 0.482755566 -0.242670533 -2.519857308 -0.346733089 -1.534364732 0.481973891 -1.498298724 -0.960484363 -0.279389561 0.300796081 0.422004333 -0.433352207 1.351730656 0.452291326 0.016906343 0.099760311
29.069291385 -9.995685021 8.532305171 -0.229693502 0.907704683 0.248803442 0.247810313 -1.007858827 -0.034172331 0.845483466 -0.301266378 1.478190693 0.890621642 0.004012432 -1.112664327 0.488208091 -0.406764713 1.467124309 0.879464099 -0.316310714 -0.582390363 0.997152161 0.911164816 0.189821076 0.654424539 -0.448530868 -0.753262716
31.455990679 -12.133329935 0.775991091 -0.125974393 0.843904898 -0.154887502 0.497960679 -0.669677413 0.216560421 -0.705580786 -0.298641116 0.625554660 0.361839456 -0.320482606 -1.113750972 -0.386071915 -1.244734880 1.117645857 0.053554071 -1.311565810 0.347890901 -1.994907638 -1.927944853 -1.602370134 2.312453537 -0.638835145 0.780436028
36.223365532 -21.321700389 8.576673003 0.177187146 0.687738301 0.407846525 0.573830948 -1.192057859 -1.374287165 0.029427433 0.467142075 -0.040719226 -1.381000926 -0.193262202 1.366379697 1.746387076 -0.213089120 1.238304422 0.057453217 -0.324017778 1.911286664 0.759799502 -1.273010020 1.272842840 -0.031892142 -0.449025318 -0.443874948
37.144959337 -20.848909468 4.689223033 -0.408031826 0.415795475 -0.797448234 -0.157163818 -0.189064452 0.395924903 -1.132710461 -0.769461230 2.309817935 -0.728183023 0.233267215 0.655831837 -0.677623773 0.918701974 0.542918760 1.554704136 -0.013432334 -0.919930293 -1.071512174 0.549195390 -0.140420028 -0.183488020 -1.901883493 -0.021484161
26.075185783 -16.874980280 11.866357572 0.375753962 -0.275262990 -0.883654943 -0.046831492 0.768229451 -1.056821077 -0.319843474 -0.865664430 0.115807994 0.437874882 0.498116137 -1.260772616 -1.472212088 -1.689429407 -0.461352106 0.552666670 0.170309114 -0.146742207 -0.057089989 0.994635386 -0.343010820 -0.555928649 1.745108794 0.262929102
26.417269516 -12.332224248 10.859026716 0.125107271 -0.209992222 0.544781349 0.802162527 0.269105898 -0.045784203 0.077979552 -1.338333134 0.167420906 1.276721541 0.464153842 -0.378003326 0.285503987 1.396749073 0.104136076 0.076214767 0.367626676 -1.089880618 -0.623168603 -0.170579219 0.071419270 -1.026689112 0.020751075 1.530371637
29.642970490 -21.640795071 7.589494955 -0.414128338 -0.723105330 -0.443115012 0.330553304 0.681988964 0.406278957 -0.434782252 -0.935301316 1.949806714 0.810660757 0.582763634 0.135939176 1.714218253 0.232887630 0.918977364 1.547388900 1.239050862 -0.536180308 0.582005868 -0.556709622 -1.956083451 -0.427887775 0.965445903 0.189783569
32.661528649 -14.593663691 -0.851528505 -0.786131810 0.453522823 0.017151928 -0.419546944 0.599540490 0.239809218 0.032243338 -0.787933279 -0.202290179 -0.942052093 0.028913610 1.702271977 -2.482091579 0.670146984 1.060867165 1.907931100 -0.111561683 1.045863241 0.079849892 1.709124157 0.471261874 0.206616714 -0.112005517 -0.043789414
36.050769859 -11.970352978 9.531138278 -0.166159103 -0.201129532 0.761584154 0.593234895 -1.359900509 -0.001315249 -0.860553393 -1.868829383 1.214876191 1.314326582 -0.080144644 0.172897540 1.589553722 1.212544613 0.897882330 0.028361283 -0.459211141 0.581209075 -1.758647972 -0.754987318 -0.256390519 -0.834397278 0.165462878 -1.137823559
28.230013355 -15.330953586 5.978394944 -0.262266030 -0.403669005 0.711613817 -0.511735908 -0.472496962 0.377332879 -0.233196386 -0.017931501 0.930464014 -0.113577864 0.304209684 0.877916023 0.411984987 0.373698719 -0.058347053 -0.360879552 -0.084443531 -0.163838490 -0.538810047 -0.088010655 -0.427111463 1.504566544 0.197036447 0.300566217
30.689473959 -15.804522796 10.397621462 0.924798184 0.274477599 0.243581138 0.100392209 -0.610599400 1.396460884 -1.046129634 2.034529914 -0.981767571 0.283741721 -0.628889200 -0.268424830 1.121988632 -0.422159139 0.730812008 0.375453758 -0.704476148 0.592087905 -1.591827880 0.013332767 -0.754378181 -0.544079900 -0.108627688 -0.035271333
30.848920660 -10.613770637 -2.871613010 0.533108916 -0.243896635 0.686804163 0.429661910 0.007738733 0.419831560 2.054217843 -0.012168892 0.067641285 0.444277736 1.020869798 0.985883076 0.723933341 0.174971053 -0.227606099 0.112231685 0.527499771 1.236544621 -0.066150655 -0.193059528 0.428769984 -0.164421298 0.949736997 -1.315645584
21.325380840 -18.499534789 4.784185572 0.017644418 -0.224420884 0.972443454 0.060643792 -1.406137338 0.538477090 0.668165611 -1.968312120 -0.471959652 -1.750674112 0.550628741 0.697950856 0.935163315 -0.543728077 -0.141729025 0.567918998 0.511567342 -0.325626158 -0.008496024 -0.511786100 0.712176693 0.067771565 0.344686572 -2.396585272
34.743926267 -18.009097824 10.110887417 -0.932453118 -0.004637726 -0.248672983 0.262052327 -0.892175635 1.080198153 -1.472814550 -0.121475079 0.195865211 0.489706024 -0.204254271 2.276658629 0.873180361 0.453844949 -1.468188639 0.592277806 0.422722998 0.559129685 0.736680169 1.922258872 0.192406403 0.691532290 -0.718161374 0.255120853
25.776031755 -17.471998016 9.696656801 0.547772000 0.406135246 -0.727296018 0.077720646 -0.794334001 0.570547397 1.517062562 -1.229893000 0.236165551 2.093830558 0.018339445 -0.774360162 0.151450037 1.255566191 -1.293603546 0.740892238 -2.167742773 -0.407371861 0.853896514 -1.125240830 0.175578050 -0.694854286 0.592702515 -0.470407455
25.662382952 -10.208510319 3.535941570 0.830373846 -0.434298764 0.089013358 -0.337550710 -0.094845538 1.892769418 0.452710716 -0.478090013 0.372388198 -0.637689731 0.588431619 0.632382084 -0.375619849 -0.123295526 -1.360019162 0.841710372 0.804924439 0.279067247 -0.887304632 0.599483623 -1.565148587 0.049799869 -0.257703583 1.633709109
36.649079970 -10.261847135 3.075550628 -0.183489929 0.233822089 -0.476709293 0.827288902 -0.459149541 1.591518555 -1.551393065 1.931308013 -1.192382746 -0.585006098 2.231459958 -1.254321806 0.817003796 0.577400789 0.241597507 -0.026213845 1.746571825 2.038132562 -0.318395620 -1.173455174 -0.072952690 -0.856400359 1.371710557 -0.234118298
26.710865218 -24.916595623 5.673850807 0.054381734 -0.228173839 0.549619594 -0.801808973 -0.492726954 0.835501575 1.296754394 0.836633326 0.490676827 -0.497995067 0.483944798 0.277179483 -0.980921493 0.137208556 0.906991046 1.124381059 -1.006548330 -1.965490040 1.566201349 -1.230723272 0.074837887 0.522839419 -1.462822213 1.282116536
32.162391294 -12.016631932 0.589052585 0.534656527 0.333609470 0.773496791 0.067452459 0.798249182 0.162484317 -0.113665590 0.936617485 -0.861247708 1.606561923 0.292357297 -0.207015774 0.778235526 -0.792565914 -0.162372877 -0.961482077 2.462116254 1.184223194 -0.464415890 1.349578200 0.948776801 -0.460556700 -0.268381488 1.982309669
22.438291865 -15.291208797 0.438753685 -0.782937484 -0.445296276 -0.419839113 0.111603052 -0.322962442 -1.447431055 -0.264433207 -0.878474265 0.608176874 -0.015060222 1.975181679 -0.211208594 0.383439441 2.327905753 -1.018199457 1.183377317 -1.331249059 -1.106987672 -1.135967611 -1.327620293 -1.627854873 0.026969845 1.424636460 0.629793488
35.653183713 -19.630567527 7.467247725 -0.753967831 0.191528285 -0.622454421 -0.086022785 -0.307899085 0.504616998 -1.989926868 0.632461111 0.792185428 1.972642160 -1.014848167 0.338538308 -0.912345982 0.911027477 0.840390001 -0.581824905 -0.540650537 -0.297975472 0.380430283 0.832719747 2.330901496 -1.056959275 -2.045262447 -0.337812272
38.860538307 -19.914044922 3.077409050 -0.664616761 0.265539126 -0.057980810 0.695996954 1.013542892 -0.404412260 1.137466040 1.724461166 -0.208112630 0.890722953 -1.111230917 -0.692058994 0.833189569 0.489935460 0.069521313 -0.881791399 -0.274754394 -1.062106271 1.219696358 -0.432368410 1.435633293 -0.299122749 1.792134271 -0.779031826
23.301447036 -16.333848840 9.266200063 0.630611660 0.757061027 0.128751639 0.112296713 1.149811264 0.814023819 1.178741062 0.102909080 -0.110833520 0.692240990 -0.910514554 0.582693789 0.309059532 -0.951120521 -0.281869451 -1.702953147 -0.965428527 0.041836836 0.569435077 -1.031631079 -0.552322796 0.220999638 -0.282679280 -0.959916938
28.685819499 -14.472234285 5.684533274 -0.269762167 0.062140263 -0.323683419 0.904762955 -1.381375205 1.127871173 -0.657154080 -0.110844772 -2.421892063 -0.831120997 0.392432169 1.083245969 -0.772375432 -0.310092378 -0.308977692 1.240851634 -1.118980742 0.815350077 0.068020418 0.433947240 0.399143548 -1.659714211 -0.479429383 -1.501628184
24.810729329 -10.916853832 9.670439099 0.170219964 0.154285165 -0.275696623 -0.933387714 0.284843579 0.005421388 -1.159590025 0.413508849 1.239572138 0.261373962 0.057040608 -0.624434372 2.013380670 -0.859323496 0.308794590 0.052452640 0.409087442 0.056224911 -1.754548800 0.730238325 -1.636654932 1.300460211 -0.139326395 1.435874876
33.678790086 -19.653444407 5.312371442 -0.085463485 -0.191128842 -0.309808428 0.927461318 -2.643596103 -0.747465279 -1.323822481 3.242171712 0.080080871 -0.724974173 -0.269880891 0.728154290 -3.022290185 -0.277735944 0.106244807 -0.709498115 -1.332495021 1.164310704 0.266572407 0.272535042 -2.305270938 -0.676868269 -1.712664879 -1.231071951
28.352389196 -16.984996324 -3.219170169 0.400194707 -0.866723357 0.182424165 0.235279076 1.391800111 0.602750819 0.272591442 1.232368545 0.472371777 -0.499337473 -1.038180399 0.361495343 -0.089570134 0.253026634 1.245609464 0.573412622 2.588588832 -0.009773275 -0.465978952 1.684368626 1.329245942 1.559008092 -1.606281978 -0.302739673
33.635571244 -21.259782212 1.372197316 -0.357022405 -0.231700011 -0.137355181 -0.894418058 1.317892234 -1.502899867 0.133560067 0.699838407 -0.843501515 0.159825471 -0.294861970 1.210166504 -0.026513374 0.672883555 0.274159387 -0.223091745 -2.160461317 0.171935270 -0.094934638 -0.357123109 -1.115738495 -0.565127405 -1.499793611 1.008678192
32.535798344 -20.088982591 -3.678967478 -0.140938222 -0.780546535 0.589969754 0.151060298 1.936349558 -1.125238609 0.927590318 -0.028226293 2.269510987 -1.366411762 -1.500673984 -1.129353735 0.306380877 -0.923313270 1.073081814 -0.072999458 0.940712435 0.935667311 0.935569870 -1.351891496 -0.417848346 -0.381183256 1.881873670 0.252504564
30.659938518 -16.786086217 10.428318165 0.655863295 0.293726528 -0.241744930 -0.652017986 0.417219438 -1.257639147 -1.385782321 -0.225060275 0.586182026 0.306634244 0.895399458 -0.999429117 -1.698014071 -0.737658568 0.373189098 1.405191816 -0.339770680 0.529921292 0.071974509 -1.975349802 -0.638264319 0.783686257 1.245541514 -0.796360580
29.921032360 -11.072797483 1.230588935 0.093041688 0.072707260 0.922046701 -0.368628239 -0.391248296 -0.900432333 1.365801213 1.409742562 -1.385549780 -1.017176086 -1.499864313 -0.410937144 0.330953347 -0.710441820 -0.181305336 1.190827176 -0.625742420 0.909578266 -1.076585028 0.393299572 -1.334493850 0.474723120 0.290926743 1.930467495
22.395180489 -16.881980528 8.080394885 0.960306024 0.063662548 -0.230939605 0.142920677 0.656168293 0.115560116 0.032731908 1.244934798 -0.784414404 1.090001460 -0.195456660 -0.418684563 0.137452981 0.216697602 0.104000465 0.138411732 -0.299323335 -1.386812762 1.245824695 0.415929312 1.578600629 1.222830478 -1.397025130 1.408507708
37.600219936 -17.394020304 10.035624006 0.694633821 0.394864188 -0.154875266 0.581016162 0.714062058 0.338060687 0.263389978 0.095644968 -1.028340356 0.141952522 0.596432890 0.259938942 -0.084615102 0.384769948 -1.121115000 -0.008551027 -0.262660985 -0.205642479 1.419067928 -0.253396945 0.170976436 -0.418678948 -0.612624152 1.191648881
33.330573146 -17.615413690 -4.514810030 -0.527781862 0.117357486 0.389269031 0.745750057 1.090699413 1.973254187 0.609981438 0.411816310 0.147486958 -0.335920421 0.496193659 -0.024429947 -0.057810538 0.638673341 1.614671550 0.747195694 -0.376586451 0.403823885 -0.959959861 -1.591351993 -0.406848909 -1.000941420 -1.043262158 0.322925387
31.027654622 -10.418304871 6.252905882 -0.486504455 0.274005820 0.003961152 0.829589377 1.321021284 -0.323195578 0.830956402 0.243185159 0.164193651 0.797526687 -2.702172979 1.260448228 -2.469476668 0.360909651 1.262160203 -0.888862545 -0.003073262 -1.056626109 -0.692312489 -0.405692962 -0.085815078 1.394086499 -0.432067887 -0.374266760
26.201499536 -11.698035057 1.442276144 0.279081756 0.574731286 -0.663806349 -0.388791015 1.992164171 -0.159020235 -0.790646465 0.753268746 -1.369167601 -1.176289046 0.045236883 0.041434285 -0.632211590 0.458177496 -2.333572450 -1.565447849 -0.565609285 1.052940992 0.044569426 -0.563885427 0.534595959 -0.755329976 -0.069718783 -0.865116787
25.200330272 -17.566945124 2.462090257 0.806385896 0.216228993 0.373226406 -0.404584797 0.912653350 0.424826977 0.620579855 0.976730753 0.828324650 0.803413375 0.133368832 -1.334236229 -1.424703717 -0.263658046 -0.154854901 -1.628898002 -1.161852453 -0.256359648 1.044712454 -1.457835124 0.949087238 0.924206206 1.227272658 2.067666583
34.178706233 -20.111862364 3.038525570 0.356932926 -0.739873997 -0.424202023 -0.381101035 0.954316992 1.765522944 -1.129838303 -0.161673090 -1.764740265 -1.531880461 0.691884635 -0.302223107 -0.927186444 1.297207600 -0.298525114 0.257655547 -0.018672991 1.086522379 0.196902831 -0.120444007 0.123680032 0.606463548 -0.993942127 -1.146232413
32.807954942 -15.101271707 -0.838953894 -0.518619289 -0.701582767 0.207884212 -0.442266671 1.002027129 -1.528487293 -1.809385597 0.780268834 0.132706630 -0.075625463 1.730418232 2.779550398 -0.635995375 -0.675547849 -0.306949634 1.333486215 1.432561354 0.596596433 -1.107643269 0.699581520 0.918883254 -0.255973642 -0.996769495 0.336268125
29.091630733 -6.984215450 3.164985613 0.703452720 0.169076896 0.156771531 -0.672301987 -1.823445209 -0.248712429 0.128879728 0.081486921 -1.384808436 -1.296470367 -0.892943286 0.606269884 1.100850421 0.050394214 -0.248633320 -0.905891028 0.193035673 0.389857482 1.267829441 -0.766184725 -0.258186691 1.100962082 0.423854843 0.795870413
22.160896052 -13.173376625 7.413898112 0.192355390 -0.631218266 -0.339154107 -0.670475500 -2.148899560 -0.717031175 0.586559940 1.393538472 1.520833523 -2.002112919 -0.385639241 -0.076196755 -0.438153921 -2.510608051 1.764346398 1.300718678 0.057439796 -1.053772384 0.815255388 0.560521937 -1.204753492 -1.197055090 0.976164305 -1.737738266
23.449034788 -20.634595881 5.031401075 0.066937406 0.436698864 0.654946698 0.613072841 -0.465926390 -0.936656345 0.280230411 -1.304705605 1.809608403 -0.819320581 0.488485131 0.607050326 -0.225260585 2.290314329 1.009171969 -1.258387765 1.896774795 0.066338248 -1.035893704 0.720747991 3.104989433 0.340232499 -0.967797488 -0.820672004
20.266075742 -17.902790545 4.519345681 0.596476902 0.112595272 -0.644450346 -0.464996088 -0.175116490 0.193935530 0.204504264 0.978615651 0.596468636 1.425067837 -0.715544810 -0.669685726 -0.598959956 0.468584311 -1.589143135 -0.038027045 0.444719596 1.281970224 0.624042336 0.478387989 1.285082357 -0.595972351 0.024019719 -0.536081134
32.153108604 -20.747635502 8.853177933 0.093284847 0.082515291 0.315958799 -0.940563236 -0.121060152 -0.708169355 -0.765843694 -0.976500499 0.258579582 -1.730321565 0.281165367 0.323309507 -1.764939786 0.541286312 -0.187483604 -1.641777820 -1.969176718 -0.287883727 1.157385137 0.852446785 -0.011501199 0.172376108 1.266245566 -0.141876722
34.404646010 -18.412500988 6.212171832 0.166982687 0.298010553 0.939503997 -0.025273145 1.111682834 -0.179524061 0.641630004 1.819860405 -1.026146863 -1.846538378 1.014765709 0.493690625 -0.577443483 0.662063514 -1.381876952 -0.095374219 -0.711726165 1.729636315 0.427286666 -0.983958085 0.565817525 0.472774445 -0.048765366 -0.201855751
30.833703476 -13.945569476 7.065435565 -0.020525066 0.791996758 -0.444372890 0.418153789 -2.019366380 1.647767704 -0.806531462 0.866611322 -1.170876116 0.581476402 2.080559788 0.405261056 -2.028064225 -0.475277747 -0.717002180 0.448282472 -1.812321625 0.233429577 -0.403385645 -0.793092532 0.246713570 0.958216006 -2.737683450 0.118199861
21.871612002 -17.921221844 -1.390718491 -0.569752979 -0.795727097 -0.190116835 -0.077817210 0.045584915 -1.690884357 1.482993866 -0.639190846 1.000531893 0.793059748 0.319297792 0.842155063 -1.763155790 0.148657671 -0.843183338 -1.128548371 -0.285592347 -1.108040547 0.666572550 -0.856198029 -0.836437901 0.272237101 -0.244540544 -2.953516153
26.438096087 -11.804983322 -1.551249133 -0.334393944 -0.083647548 0.469879405 -0.812648216 -0.176285236 -0.393999383 -0.970622179 0.786173501 0.768932101 -0.069475155 -0.279788132 -1.414768072 -0.932645333 0.474669737 -1.217115800 0.233959532 1.474221039 1.768536885 1.882785849 -0.889616560 1.093938589 0.935869158 -0.873464508 -0.505617084
32.776838688 -17.231920321 0.628546232 0.196133752 -0.747585144 -0.575742609 0.266774158 -0.555680109 0.351365606 0.481399164 -0.376894715 -0.397472221 -1.428068482 -0.818028954 -0.670433105 -0.381413358 0.245778414 0.792118820 0.487340989 0.927743441 -1.643100647 1.091387590 -1.368027374 0.243443484 0.260051220 -1.069135598 0.787599730
23.366078161 -23.187975799 1.219192796 0.748409648 0.420239510 -0.386873261 -0.337062060 -0.385913797 1.594671147 1.299927937 -0.066977577 0.897638683 0.305025822 1.979559562 0.989119965 0.667594219 0.632024707 0.570181929 0.161363353 0.258662204 1.945467608 -1.280921686 -1.718184942 -0.358845612 0.440340805 -1.140060311 -0.467159517
26.888348095 -14.689158068 -1.996157800 -0.932794996 0.063044836 -0.282012045 0.215378855 -1.272486556 0.025676390 -1.391035901 1.297741220 0.383309075 1.218678510 -1.631765055 1.486674731 -0.597021685 1.326933071 -0.619094864 0.813562459 3.062894564 -0.799838099 -0.517949743 -1.149563730 0.668022142 0.693082380 0.364011360 1.045945562
36.700313174 -16.347902405 1.207894284 -0.861505093 -0.095736174 -0.353196404 -0.351988438 0.850231696 -0.108298348 1.610919457 0.282440318 -0.358234322 -2.394423769 -0.169415434 0.377917582 -0.407465000 1.444520758 0.033085587 -0.497335186 -0.866333644 1.216182557 -0.328571858 -1.343164750 -2.713947292 0.286583646 0.361105327 1.296635576
26.297939526 -14.027666597 -0.057769493 -0.803505485 -0.096417761 0.385681820 0.443093764 0.404084644 -1.065350068 -0.572645920 -0.313340598 0.588221311 -0.439171614 0.641954862 -0.657116894 0.692564880 -0.494082900 0.236822415 0.325500537 0.199511085 1.257352351 -0.861977017 0.488851917 0.349016869 0.949396125 1.311964098 0.145777013
33.188133048 -17.431773051 10.544140458 0.391342456 -0.139757619 0.267664419 -0.869295490 0.252617435 -0.392404525 0.584585746 -1.875170912 1.721803058 -0.560182732 -0.979122778 0.077776361 -0.277769550 -0.139125075 -0.509336130 0.847263069 0.011354280 0.892468960 -1.421194064 -0.324733541 -0.494077203 -0.082680347 -0.560200284 -0.051346976
24.424263043 -19.906355184 3.288035276 -0.089376174 -0.665280769 -0.685718823 -0.281430443 -0.727763094 0.427132230 -1.433150562 -0.806377319 0.261619968 -0.773093244 -1.277230010 0.861652866 -0.578856824 0.967734496 -1.596304512 2.299578023 0.991543439 -0.870497957 0.295883130 1.098549306 -0.022886749 1.433264898 -0.359094840 -0.978763325
25.703574863 -12.055898953 -1.124828682 0.677494763 0.394449009 -0.240463035 -0.572353347 -0.131696383 0.489456284 -0.000579599 1.750499877 1.541899519 -0.449504171 0.924753961 1.111016184 1.119144599 0.955919304 -0.198311334 2.125772670 0.738991235 -0.002445116 -0.886239330 0.972970061 0.665216730 -0.310968587 -0.966599778 0.446554428
30.345320376 -17.600629297 8.584554194 0.916852600 0.275329414 -0.278129230 -0.078861618 -1.066154424 0.225443054 0.702056679 0.546797782 1.145090007 -2.069111367 1.531384360 -1.697753926 -0.894643021 0.616328076 -1.639648416 -0.549193276 -0.620883968 -0.940862386 0.460087337 -2.399704158 2.051423359 0.493349056 0.266675940 -1.277771616
23.180304898 -18.590996734 7.182820747 -0.035018418 0.311613543 -0.724032714 -0.614367430 0.195819473 -0.227833137 1.772260166 1.029658143 -1.023697226 -1.082388219 0.615884237 0.040224358 0.593492140 -1.468592445 0.335223205 0.480401838 -0.846514242 0.725544824 0.225364921 -0.391801319 0.605490533 0.602825812 -0.536143492 1.321839757
31.851011230 -13.682920678 12.560220420 -0.130712973 -0.156743951 0.349422367 -0.914466764 0.321988851 0.137192846 0.601588673 1.084602589 -0.849003527 -0.883555522 -0.380947724 -0.195650110 0.323911347 0.203849075 -0.026634729 -2.192365809 -0.092513577 -0.819412497 -1.867910235 0.174168678 1.473302380 1.828259816 -0.014112153 -0.518421998
34.753899486 -10.560726780 5.610610266 -0.412669879 0.051666155 0.872794318 0.255468703 0.339603319 1.512924517 -0.727888597 0.205855526 0.127475032 -1.137472223 1.131779705 -0.704064456 -2.035691067 0.440585901 0.178170473 -1.398370120 -0.673156001 -0.743914492 1.053208004 0.174229068 -0.051642235 -0.456569152 0.021934338 -0.133888612
34.399291400 -16.280376059 -4.214629636 -0.285549715 0.055272590 0.726883641 0.622130592 -0.021347347 0.984242907 1.629009132 1.520448773 -0.226171817 0.200114557 -1.240033646 2.455875524 -1.609224240 -0.397822588 1.764196520 0.800816691 0.243684469 -0.187509622 0.948526702 -0.556351315 0.201590014 -1.399729665 0.922037909 0.114983307
24.807794031 -19.283539959 10.791002729 -0.254657856 -0.405486133 -0.622781031 0.618768261 -0.076208999 0.715179780 -0.817111307 0.241327446 0.067872734 0.516965673 0.232631750 -1.003828430 0.765834398 -0.862641455 -1.178519523 -0.498856138 -1.478531082 -0.861896063 -0.760278599 0.262437563 0.567148332 0.508691421 -2.207212542 1.486833960
23.243125689 -14.155441414 -2.698272674 0.063889907 -0.577973205 -0.315544361 0.749864528 0.096448508 0.523907412 0.001675022 1.422836343 0.116378300 0.541594365 -0.537047397 -0.539036816 0.446162205 1.976204973 -0.732289853 0.458631680 -1.116473321 2.737862691 2.133715818 1.092924248 -0.259064203 1.881931197 2.579745970 0.795621025
34.799149918 -15.204946306 -1.038826907 -0.471945862 0.181658563 -0.743560377 -0.437475983 1.643629590 1.764935228 1.439586727 0.582440068 -1.000989653 -0.645727389 -1.314664067 0.404995128 -0.576137293 -0.358968065 1.849200300 -0.851397338 1.068957505 0.722994695 0.500423956 1.186304096 0.036734519 -0.579870799 0.200773853 0.460846493
32.939644486 -19.603856742 5.569190665 0.219288954 -0.777303055 0.523645532 -0.271122983 0.104259760 0.446034416 0.955588104 -1.771663179 -0.102573573 -2.553781616 0.424229487 0.632698089 -0.581378932 -0.378058023 0.068570473 -0.775954424 -0.385351891 1.233770548 1.308240165 1.210578371 0.862949171 -1.479438776 0.141230206 0.646773580
22.007179691 -21.869853251 5.373411494 -0.552946525 0.185401988 -0.563134256 0.585453715 -1.194302231 1.195281479 1.225161115 -0.005292440 -1.743808719 -2.377872377 -0.324275353 -0.059918048 0.909287811 0.155253359 -0.819759527 -0.741221109 -1.263558962 -1.652961367 -1.986342799 -1.135349027 -0.608519599 0.201176683 -0.077817010 1.274540648
23.732420730 -13.403672354 -2.482911635 0.308652996 -0.175632554 -0.154077756 0.922033936 1.662392110 0.364544777 0.167313653 0.213231611 -1.605038637 2.148609635 -0.129024637 -0.400273505 -1.597430505 0.186725876 0.836691973 0.740649129 1.548763358 -0.141407204 -0.222647564 0.333150969 -0.207412569 2.172403221 0.599021410 -1.441453792
31.742544033 -12.074329190 2.409356357 -0.303597047 0.632626285 0.499490264 0.508057371 -1.164535214 0.269346805 1.132909544 0.018634063 1.082901162 -0.075860301 0.255759185 -1.951221773 0.964924309 -0.195144681 -0.789929826 -0.650741409 -1.033260349 1.717931130 1.282430781 -1.239297838 -0.609921966 0.456173336 0.266508456 1.550219244
34.341409846 -16.049629825 -1.058706147 0.167667149 0.396223092 -0.308704540 0.848290337 0.311709633 0.316170624 1.979855475 -0.839178728 0.570373410 -0.264544411 -1.885441937 -0.161781145 0.795462005 0.617721278 0.596498091 0.209432242 -0.190330145 0.894383410 -0.603558153 -0.497827523 2.776589920 2.258268642 0.402410666 -0.090376733
30.009856988 -18.743903758 11.486124516 -0.297674587 -0.867275827 -0.135429138 -0.375341750 -0.959595266 0.546660938 0.860234405 -0.401378002 0.181042677 1.151134758 0.382556258 0.627926602 -0.981719741 -2.376326998 -2.098504916 1.063490910 1.612316763 1.548194233 0.963715847 -0.875432736 -0.416924242 1.015365284 -1.123025951 -0.004745855
27.556987846 -16.221009115 9.396902259 -0.147952136 -0.795966952 0.556376891 -0.187060235 -0.739379593 -0.257591222 -0.126550798 0.458210217 1.960295891 -1.356301341 1.923014034 0.635871795 -0.522382207 -0.084915475 -0.040992472 0.603390183 -1.618599266 -0.381036163 0.437470025 -0.021528329 -0.957519027 0.254675606 1.078254000 -2.355813836
28.409928143 -15.173927175 2.215004643 -0.475603132 -0.862624139 -0.065409709 0.159382637 0.195194109 0.685117267 -0.486339786 0.969137034 -1.367191637 0.008002510 -1.297143392 -0.361901314 -1.067965053 -0.357602495 0.202885095 1.375543206 2.143211783 0.701254820 1.181050225 0.686761602 0.345984754 -0.292249772 1.357662035 -0.078169138
31.112542295 -10.185471765 -1.583346496 0.184225882 -0.940247941 0.258629181 0.122904759 -1.351091538 -1.377168489 0.018785319 -0.368640449 0.094560037 -1.504063333 1.055032169 -0.287503366 -0.730799445 0.245141638 0.742821736 1.106245130 -0.786820908 -1.536176458 0.430540467 -0.004674329 -0.241780264 0.015196252 -0.488626368 0.546805501
31.298735608 -23.468389807 6.058999067 -0.984003089 -0.175515840 -0.029902839 -0.006158814 0.625728632 -0.118612985 -1.270105344 0.549388297 -2.368771375 1.597556473 1.662920550 0.687911569 -2.059720402 -0.627415558 -0.413844108 0.046516515 -0.169619217 -1.254024093 2.917193534 0.226439740 0.540088322 1.198200940 0.188319820 -1.978633613
30.334449547 -25.320586072 5.536929461 -0.541440577 -0.479727795 -0.666944562 -0.178572941 0.302382930 1.034494776 1.442371168 -1.306918402 1.599702802 -0.065368276 1.440469043 -0.767451089 -0.600886161 -0.571879617 0.514563733 2.394982594 -0.149740876 2.150357573 -0.471851507 0.525780747 0.696944764 1.880721282 0.879233332 0.032889276
24.134101035 -16.627478994 -2.493476725 0.342534410 0.541526282 0.505416059 -0.577904899 -0.488775032 -1.585414623 0.907274523 0.353902027 -0.314829935 -0.205762132 -0.865046527 1.657773232 -0.037128032 0.166054605 -0.807921029 -0.344180412 0.561289346 -0.115293345 -1.997773840 -1.638868189 -0.241567920 0.305474682 -0.200706894 0.194707087
31.623837229 -23.187108089 -0.227169989 -0.380319248 0.349634262 0.207318267 -0.830742011 -1.156643507 -1.297839304 -0.133218028 -0.692102915 0.141575030 -1.030690046 -0.489522916 1.530379602 -2.907059098 -1.772309798 -0.111746301 -1.368218059 1.296302909 1.522286629 1.841447666 -1.024196696 0.235364810 -1.250756264 -1.099441996 0.805259758
37.913854246 -12.912482224 7.412390881 0.896634276 -0.439124834 0.040985412 -0.039198861 -0.909324194 0.148050247 1.014530808 0.009215950 -1.127742530 -0.675549938 0.951939715 -1.710454348 -1.844128210 0.157734295 0.050332411 1.803542895 1.128950860 1.225022096 -0.886460560 0.973441463 0.455113889 0.347971884 0.159189804 -0.713560141
28.731171662 -18.167530498 -4.120066712 0.577512982 0.079679883 -0.434390097 -0.686611328 -0.260275267 0.616892252 0.493115620 -0.323408485 1.128027450 -0.385721144 0.205673320 -0.828899392 1.939937187 -0.989517291 -2.377083986 -0.920076268 1.420833797 0.712934994 0.902069634 -1.201152442 0.783672673 0.471422540 -1.098926882 0.904927355
35.292688307 -11.827087730 4.737275364 0.226970597 0.919570902 0.307569283 0.090966156 -1.032550511 -0.485249005 -1.133440643 -2.321803837 -1.105917506 -0.274852636 1.144260512 -2.083736646 -0.019176593 0.010792213 -1.921505546 0.589528380 0.539921176 0.480414821 -0.229981856 -0.227417144 0.514102026 -0.293741009 1.282973184 -1.275482402
30.412658719 -8.643405217 1.483903975 0.345239438 -0.006949315 -0.710426502 0.613233742 0.976468635 1.062897922 -2.834137631 -0.102732419 0.317361398 -1.628938295 -2.034695681 1.288317364 -0.720741531 0.737858757 0.497338125 -0.918704518 -0.640145930 -1.231085422 -0.920729177 -0.298980767 1.436952351 -1.100988825 -0.768554037 1.018188928
28.835174354 -13.436036431 -5.595616054 0.227962592 -0.767204029 -0.093648292 0.592166389 0.067922650 0.628478014 -0.193204862 -0.056094229 0.574126076 1.794151627 -0.115389995 -0.162424335 1.016150374 1.077103747 0.920816740 0.518098365 0.222004990 0.499943907 -0.558507990 1.086236834 -0.012288670 0.696194657 -1.250560182 -0.370936484
35.765084009 -19.902411604 6.614699343 -0.781610293 -0.052493432 -0.249521411 -0.569270459 -1.224047129 -0.279714178 -0.922224954 -1.045044790 1.554783461 0.338202576 1.376037786 0.650695785 0.424126723 0.107448993 -0.348967298 -0.341898440 0.557633498 0.559029877 0.581496089 -1.124530750 0.514867230 -1.362051494 1.057934037 1.793976373
33.536172379 -17.826258855 -4.940801974 -0.188457262 0.392707660 0.103451137 0.894182541 0.037828377 0.581260230 -2.472286497 -0.403849959 -1.631630423 -0.069348143 -0.350638499 -1.417547251 -0.157652420 0.348700039 -0.093940211 -0.257817681 -1.656249035 2.043022928 -0.761582698 -0.620092313 -1.041085157 -1.208008572 -0.421013309 -1.539865724
32.785213986 -7.366686379 2.647439667 -0.425402299 0.175902904 -0.835196067 -0.300896298 0.647077784 -0.544305104 0.918220284 -0.707472832 0.607198546 0.628810362 -0.523307868 1.289408454 -0.297312469 -0.180029770 0.420312153 1.393749972 -0.530426783 1.527501665 -0.080241569 -0.979775804 0.653519096 -0.711252779 -0.946286590 -0.130056852
28.935938041 -22.051629442 7.048452250 -0.772205080 0.454787661 0.335300160 0.290587852 -0.075576514 -1.010779447 -0.061597788 0.253234656 0.644581665 0.431121459 1.302895198 0.230477466 1.434785650 1.174848886 1.187290451 -1.779725190 0.255761363 -0.704990087 -0.228169875 0.240958601 0.105845152 -0.291429087 -1.015795125 1.409515986
31.336803948 -16.095131310 12.097082813 -0.055482591 0.006727101 0.848396766 -0.526402275 -0.322234839 0.646151862 0.247592640 0.334161831 -0.504171011 -2.011233099 1.483360409 0.298059175 -1.743371473 0.615686763 0.178524801 0.670526112 0.817486048 -0.444915706 -2.093648255 1.335552890 1.662687630 -1.218047335 1.355488989 1.911562283
28.730871654 -19.453210915 12.339139676 -0.781779074 -0.124507059 -0.092342785 -0.603980365 -0.380662683 -2.543876160 1.730667609 -0.569103577 -1.760595094 1.240936839 0.513522313 2.368306421 0.132097010 1.293949873 0.221084688 0.538096070 -0.705564340 0.754435020 -0.888160462 -0.088906657 -0.357542141 -1.029273458 1.264573009 -0.065965626
38.469309683 -19.072570623 4.566586920 -0.645440677 -0.167726436 0.199891350 -0.717856269 -0.710172250 -0.598826726 -0.238151633 1.896869326 1.023544090 -0.403956794 0.489286047 -1.436348635 0.173465445 -0.418656161 0.716861820 1.878814424 -0.958146593 -0.019824934 1.122799524 1.267983808 0.991250591 1.128650383 -0.109253719 1.125513398
37.276105039 -17.819375809 7.741191813 -0.521099415 0.795580424 0.308116710 -0.023901504 1.962300716 0.437763888 0.932655492 0.406555390 -0.992075009 0.065761398 -1.274922264 1.700415755 -1.881275161 -0.757898265 0.426887190 -0.439232398 0.061906608 2.442162845 0.123031760 -0.099053008 -0.699120861 1.381681883 -0.500953050 0.692119997
30.923268755 -16.858873731 8.256701711 0.356676831 0.776852959 -0.502195914 0.130691934 0.210293494 -0.604571010 0.722632105 0.933812336 -0.521940653 1.175801303 1.443343316 1.078171187 0.356463065 -0.944630467 0.278686435 0.569933166 -0.646541918 1.642097640 -0.862578413 -0.243354978 -0.958116322 -0.691162129 -0.130781935 -0.255632337
26.969037447 -18.743836563 10.653523389 -0.188661475 -0.246014202 0.706255330 -0.636464664 0.757842872 -0.340899328 -0.529058087 0.036848372 0.563177543 -2.361528238 -0.817047635 -0.053863721 -1.266550189 -0.323972689 0.415411845 -0.049508199 -0.988072146 0.901042210 -2.468564152 0.442461484 -0.032168330 0.507681710 1.260808557 1.004700148
24.199085343 -12.650555554 6.431409243 0.593889494 -0.706316603 -0.264004350 -0.280559848 0.095445470 0.824199296 1.405685262 -0.751122509 -1.545777588 -1.107959265 0.030619330 0.919991898 1.334387004 -2.140326688 -1.058707457 0.106743218 -1.239038342 1.339062447 -1.443672970 -0.915271311 0.256548553 0.085258601 -1.238884366 0.064397752
25.785060925 -21.245164900 3.927126642 0.693880121 -0.386722363 -0.568072524 -0.215104159 -1.673929366 0.196612163 -0.986014597 -1.398480007 1.515874078 -0.572665638 -0.117415735 -0.865107554 1.409388505 0.064701627 0.397770477 0.598894557 -0.330596548 2.881823168 -0.772303257 -0.385904068 -0.163369313 0.783102121 0.063082898 -1.898053622
35.361174682 -16.658531501 4.020861252 -0.194487432 0.541988827 0.419238498 0.701898734 0.782139253 1.810643422 0.090079109 -0.804306377 0.551857409 0.590792466 -0.205338036 -1.487635975 0.483810375 0.497445653 0.230230318 -0.218385605 -1.160123614 0.527312987 1.139705921 1.009275571 -2.082231434 0.817908162 2.022016537 -0.326485379
24.793011053 -23.110733594 -1.201433543 0.352798723 -0.920437729 0.168261755 0.003928112 -0.509155480 -0.420170516 2.242791846 -0.946196907 -0.524707050 -1.416341609 -0.456729731 -1.240973215 -0.514561588 -0.977248850 0.431543487 -0.790281017 0.449987527 -0.857907069 0.874970855 0.876469232 0.137853455 -1.160110624 -0.366995089 -1.625396836
30.737708854 -15.079266619 -0.653732634 0.429955498 0.504353927 0.010608046 -0.748767558 -1.535072040 -1.121033983 -0.037723098 0.279997249 0.333869711 -0.576508529 -2.075700065 0.294677442 0.372244447 -0.932623063 -0.485369993 -0.808570563 -1.976972267 -0.244117582 0.416652686 1.003192625 -0.866709668 0.350646108 -0.489581708 -1.173647147
29.872808341 -8.813065018 -1.989187795 -0.097590701 0.676588371 -0.033254493 0.729107928 -1.599933897 -0.687006759 0.766246092 -0.730584296 -0.402578925 -0.322262276 1.563793369 1.378766850 1.661249459 -0.659738770 0.743087644 1.555987477 0.051364641 2.152596118 0.292133261 -0.366229848 1.232244960 -0.445165078 0.956304944 0.204020879
39.079893346 -19.198641086 2.778367708 0.084520742 0.469164642 0.542058261 -0.692035855 0.122923821 -0.359996353 0.882521059 0.598099358 0.327353775 -0.752577239 1.198151471 1.115562882 1.542008340 -1.023628214 -0.502916456 1.413616651 0.378410369 1.002673435 2.006947341 0.959532163 0.888991194 0.765946208 0.742067277 -0.676913220
24.956917354 -18.765680437 5.252096464 0.050372462 0.098871141 -0.251908185 0.961368493 0.118111009 1.031330858 1.040818108 0.757745246 -0.556038938 1.221939394 0.461371648 -0.550217148 -0.673746216 1.049885352 -1.850952667 0.245249353 0.882445846 -0.476866138 -0.655692701 0.895495672 1.189266529 -1.646895640 -0.297659566 2.829996612
26.944520788 -20.789447613 1.764128768 -0.572802323 -0.272231795 0.756269589 0.160759624 -1.797091609 -0.606448381 0.339338818 0.450261461 -1.215746699 0.616717724 0.902732077 -1.609862238 1.310021366 0.192048394 -1.504666581 -0.311578510 0.359914718 -0.384408871 -1.018995035 1.261518071 -1.849393020 0.087591951 0.935685297 1.202082709
25.944956863 -12.102642780 10.467512727 -0.180894162 -0.477141228 -0.806398608 -0.298889335 2.233907830 1.130626640 0.312134279 -0.895415855 2.095121779 0.837091011 -1.832204482 0.121974483 -0.659508181 -0.435806744 0.174970365 -0.728879675 -1.490831409 -1.698673278 -0.767299042 -0.982037515 0.734240502 1.422238359 2.182492453 -0.495103957
34.707418290 -20.828033537 5.876192753 0.848360144 -0.409855617 -0.279309458 -0.185174688 -0.386820569 -0.625375795 1.532695824 -0.771269129 0.753741235 2.077933959 -0.967670255 -0.056523285 -0.527158990 0.068365881 -1.322345929 1.292787460 -0.555398962 -0.011656626 -1.035497690 -0.370986866 1.530186420 -0.043439293 1.183445981 -0.625876030
35.869128775 -17.223271234 2.907587477 -0.145216714 -0.580899208 -0.517433994 -0.611334833 1.632116089 0.816708306 1.247064703 -0.786276860 1.438811216 -0.535974620 -1.148371369 0.016576644 -1.724963569 -0.680150130 -0.294422748 0.040120627 0.632370328 -0.969558750 0.990254617 0.429148926 -0.348708463 0.074521694 -0.766740963 0.660420595
29.772103635 -20.265966184 5.728753657 0.571061038 0.744240989 -0.146976278 0.313675971 -0.904671809 -0.222435137 -0.753362768 0.956719357 0.572700826 -0.902200730 -0.884687392 -0.640353843 -0.098103746 0.290467673 -0.706495876 0.190788825 -0.124481689 0.276933756 -0.083602503 1.815408354 -1.029121282 -0.681516060 -0.220095462 0.653934630
25.835850416 -20.177327194 -3.785631121 -0.092069756 0.581458109 -0.725110375 -0.357273806 -0.211855313 1.465596177 -0.761989387 -0.282164755 -0.331032592 -0.324164236 0.152490286 -0.590205964 1.323546436 0.309151782 -1.522527393 -1.208578515 -0.092833726 -0.065663878 0.675573118 -0.306250595 -0.335206026 0.997667597 0.230927616 -0.162761074
30.117894361 -8.748518705 8.693025511 -0.296594683 0.066984464 0.028057214 -0.952238136 1.272409702 -0.821096708 0.170622591 0.801076576 -1.890169855 -0.061739034 0.295126527 -1.330335402 0.584976810 1.111928812 1.865992569 0.367909832 -0.052482896 0.541418219 0.180971071 1.212674756 0.650297985 1.170824253 0.739279872 -0.432934700
33.847752098 -14.730619603 2.656396540 -0.819770161 -0.125342508 -0.557491645 0.038330195 0.277024877 -1.140668041 -1.666180447 -0.792973734 -1.196870441 -0.881818642 -0.512660444 -0.542610770 -0.796420417 1.037873275 0.483082168 -2.754143816 0.104742925 -0.618896913 -1.082713518 -1.049723889 -0.581539312 0.197355668 0.540618559 1.045912594
28.817492673 -22.947468736 7.012343074 -0.507131942 0.734989601 0.290849275 -0.343531919 -0.663198211 0.402099091 -0.302506450 -1.727547404 0.082722729 1.155973849 -0.580258955 -0.027111708 -0.463146430 -0.027918771 0.001354688 -0.670342346 -0.551260929 1.364078933 -0.159162003 -1.355129101 1.970188729 0.905720937 2.279161186 -1.481306650
27.950410955 -17.594440007 1.420862572 -0.135967419 0.712478554 0.617026294 0.305230608 0.805518677 -0.321716407 -0.477415508 -1.164462149 0.463664525 1.416119022 0.294754871 0.708531794 -0.556041549 2.260695396 -0.239784960 -0.863901363 0.988190618 -0.612316724 -0.038151630 0.243541777 -0.027293865 0.663314062 0.597493370 0.877611032
22.891853963 -17.099696177 6.148424738 0.323646945 0.903070239 -0.281310858 -0.024103943 -0.700922384 1.238299044 -2.109347827 1.829926680 -1.344268616 -0.361974378 -0.892560908 -0.076122519 1.460020414 0.906010601 -0.804050741 -0.900701245 0.199192074 0.990670887 -0.049375485 1.097284164 -0.099151975 0.928179998 2.087548236 -0.090467634
29.502187008 -12.948950588 -0.279491903 -0.485822856 -0.815835280 -0.304512770 -0.075239095 -0.007257973 1.170891839 0.480103236 0.502565574 -2.230034977 0.322992133 0.698517870 -0.205851158 -1.124376232 -0.448548726 -0.249667509 0.748505958 -0.395293731 -1.355731946 0.573448230 0.806232197 -2.193626952 1.235097733 -1.929751099 0.577335414
36.446783604 -12.578828333 -0.524099742 -0.200959944 0.865951538 -0.396943151 -0.228427604 2.757971046 -1.486493669 0.878224774 -0.744607795 -0.698312712 0.648284377 1.876238689 -0.221197666 -0.318405688 0.120960388 0.367217564 1.155607713 -2.577836498 -1.236090444 -0.128931984 -1.570831427 0.847177881 1.055083326 -1.537322345 -1.770570646
31.333506921 -9.896296366 5.028078467 -0.500205264 0.074560330 -0.138221096 0.851545877 0.648530029 1.376822154 -0.856490825 -0.773090413 -1.018724842 0.029009666 1.445430375 -1.007471443 -0.145577562 1.138316722 0.325807694 -0.769270492 -0.198477731 -0.409243912 0.757369948 -0.594276483 -0.055038402 -0.746639336 1.403857102 0.488680552
33.176596839 -22.354118800 9.691652016 -0.459180911 0.347662318 0.392286013 -0.717213698 0.242486133 0.049977525 0.525920273 1.343168058 0.572349369 -1.409754414 1.028651937 0.750521597 -0.158334198 1.042063093 0.431219794 -1.221796958 -0.731897827 -0.744469808 -0.244287792 2.405451763 -0.618322054 -0.892162530 -0.054819553 -1.513771750
24.483493464 -8.687185350 4.010297983 0.148881542 0.524556474 -0.833795254 -0.086372832 -0.024663593 -1.407966671 0.433291066 -0.905732888 0.421768485 0.570183377 1.088474859 -0.335155305 2.434054941 -0.513139972 -0.869699925 -1.532144524 0.867846263 0.131015653 -0.914020787 -0.459608574 -0.425694150 0.183778275 -2.068069297 2.135653594
23.712411535 -21.784458118 4.368960378 0.370823560 -0.146829138 0.213638088 -0.891790255 1.476922499 0.269869832 0.338756402 -0.047233099 1.523971948 -0.779961567 0.467292314 0.682930206 -1.453314439 -0.594321509 -1.300931418 1.918283955 -0.499479383 -1.272493485 0.178400403 -0.943349266 -0.602067212 -1.032716421 0.634882703 0.658859366
36.970330388 -22.828142174 4.012066281 0.415685808 0.376260349 0.565853318 0.604519215 1.337248222 0.310943068 0.047251636 0.032834481 1.012477631 1.548186223 2.101255510 1.589305861 0.972560378 -0.122827643 -0.160980958 0.033010033 0.159586308 -0.765862455 0.300104632 -0.866592387 -0.069299923 0.021268251 1.562009119 -1.399213725
29.257400839 -15.570897063 1.490849246 0.899486817 0.381451710 -0.160442391 -0.140272227 -0.746912611 -0.376444342 0.276179996 0.134298930 0.228626647 0.865428378 -0.888844563 -1.996392039 0.903261183 0.078473484 -0.611288527 0.609500009 -1.056880400 -0.584141382 1.035547457 -0.665633135 -0.115876419 0.081278018 0.307532630 -0.020024853
34.274012486 -12.866523894 5.710956495 -0.235289584 -0.000884510 -0.739106033 0.631157905 0.745968280 -0.686027494 0.230876859 1.587707074 -2.668452500 0.573231420 0.959709438 -0.313810108 -0.596787567 0.257093352 -0.733778557 -0.427266230 2.236128735 -0.701627980 -0.633698068 -1.107407206 0.221208074 0.701289961 -0.747416248 0.699545946
26.713403307 -23.938723418 6.781780824 -0.584665295 -0.397731902 0.703142184 0.074611634 0.788923311 0.371258909 -0.596500394 1.167060698 -0.199669854 1.644978622 -1.052152385 -0.998041940 -0.884883466 0.113568328 1.795328786 -0.397210107 0.966875878 0.195670450 0.694153346 -1.244507021 0.320648981 -1.503630437 0.014897760 0.790523701
25.702346396 -19.190787140 5.438969664 -0.647122808 0.024276745 -0.746007662 0.155290951 -0.759926587 -1.547174259 0.401389889 1.839434683 -1.341668282 0.182831087 -1.098907874 -0.211932510 -1.446385702 1.285552507 -0.519535795 1.819764553 0.252926460 -1.229285203 1.672125236 -0.446654575 0.479120729 0.631398716 -0.732674174 1.290208494
26.018260806 -7.602649745 3.575947607 0.931499864 -0.007481541 -0.077108696 -0.355395947 -1.293941882 0.416698240 -0.232509012 -1.097459281 1.207273835 0.551368503 -0.312524092 0.720693315 0.663234218 -1.823088346 -0.331591774 -0.005776319 -0.949398729 0.250753349 -0.181130766 0.928985627 -1.036373427 -1.488395231 -0.611767092 -0.853523636
34.299329272 -15.683887749 8.745017836 0.445522366 0.668408220 0.447341259 -0.393225217 -0.039501156 0.171937929 -1.913312872 1.916446128 -0.958442928 -2.272214601 -0.576494022 -1.286974441 -1.200162370 0.455403885 -0.046991005 1.464935160 0.375005524 -0.868424268 -0.139405048 0.822789098 0.491517339 0.162372737 0.926991979 -0.637422206
34.792406037 -13.681907469 6.765951326 0.467396590 -0.211838821 0.624108196 0.589197506 0.746396133 -0.146199007 -0.036093041 0.240486047 -0.560465303 0.760827503 0.516079034 -0.970178021 0.087933612 0.098402729 -0.412541791 0.993565045 0.385042216 -1.066455328 1.760018351 0.030329114 -1.660680381 -1.155077949 0.283373362 2.028628309
26.441541744 -15.647491574 12.948514808 -0.612258627 -0.409802913 0.010001241 -0.676092391 -0.597117854 -0.419146197 0.349421466 -0.322098500 2.081530350 -0.559728596 -0.654023596 0.825661113 1.131066704 0.017629404 0.621541836 0.833725274 0.024239781 -0.961351350 -1.008090904 -1.329819581 -1.006746506 -0.753846150 0.082601074 -0.664999983
35.181662734 -12.917186744 -2.133119428 0.936283824 0.193449599 -0.082823981 0.281229519 0.104952609 -0.669411308 -2.372508101 0.392422034 0.675476709 -1.780141802 -0.720580368 -0.454184442 -0.445910114 -0.015482532 1.711281426 -0.346521984 -1.243523265 0.415129092 1.085270994 -1.072225229 0.119468393 -1.151197099 -0.713823292 0.233698477
20.445577230 -17.751785886 2.029951407 -0.732974749 -0.402680992 -0.477918585 -0.268681714 0.730317901 0.874334860 0.595222425 0.529292106 2.194253202 0.526047081 0.533591752 -1.395795798 -0.246327746 -0.328020364 0.084311681 -0.290390918 0.856976899 -1.246428914 0.305490996 0.168964633 0.179378037 -0.320357669 0.459757896 -0.062757674
37.808662513 -16.257488983 10.133471935 -0.125988739 -0.309978710 -0.445720987 -0.830284794 0.382382823 -1.092887477 0.693432197 0.823536707 -1.109800782 1.171357401 -0.750354220 -0.099763702 0.185601939 1.613184568 -0.968529884 -0.027020872 0.046566242 -0.473652441 0.569525551 -0.388287327 -1.816247668 -1.462274234 -0.388967087 0.136347922
31.902294653 -9.775298914 7.727512285 0.433164944 0.190947307 -0.701847701 0.532275362 0.623313384 -0.021841669 1.901657713 -0.085708486 -0.311390325 0.932210284 -0.370504410 -0.549134463 1.392828357 -0.965043780 1.340485279 -0.474972602 -1.601223189 -0.242956069 0.603968511 1.797656123 1.139560652 0.249395067 0.571468974 0.497640731
32.099004190 -25.954655464 3.987412376 -0.159959065 -0.658665528 0.639852964 0.362161573 1.258570002 -1.823803592 -0.359545595 0.347054766 0.816678601 0.676143148 0.097928786 -1.892309993 -0.876286079 0.902616664 1.861609636 -0.139593632 0.864373388 0.808691381 0.983780762 -0.619018295 -0.916246356 0.992818237 -0.372068846 0.919038952
31.489471515 -7.175958620 1.247426692 0.055546991 -0.037586982 -0.851827478 0.519511018 -0.851132989 0.847940824 -0.111405267 0.888951057 -0.720523065 0.316754663 -0.170548200 -0.947672120 0.302329722 1.586420042 -0.508343464 -0.592513501 0.069705168 0.606942586 0.771277016 1.447342320 -0.848427197 -0.257927404 -1.405865892 -1.073264166
23.713032693 -15.853387164 8.221417471 -0.315019850 -0.458983814 -0.718212800 0.417452664 -1.296063478 -0.462235527 -0.512819700 0.385415480 1.783985606 -0.285701416 -0.656357958 -0.492048688 -0.078043345 0.198420749 1.125551335 0.980590901 0.808310823 0.924307200 0.747797492 0.659010161 1.885190505 1.444817005 -0.908983752 1.411254798
24.424393937 -19.532975991 6.902007525 -0.058054646 0.427309176 -0.145118048 -0.890492717 -0.149704858 0.130298738 0.155695746 1.220741923 0.161119381 -0.089889637 1.174096710 0.984337046 1.426189968 0.577204879 -0.133442007 -0.630025139 -0.304240030 0.105719681 -0.378900073 -0.726288607 1.788269789 1.356125815 0.530114701 0.966778052
30.273307093 -20.356167243 5.126770267 0.443660363 -0.794468172 -0.304299797 -0.281757768 0.657053663 0.887995104 0.072882117 -0.266607235 0.946758517 1.934599877 0.721398368 -0.014790451 -1.033531928 1.456633862 0.562851479 1.609804948 0.604864274 1.022013702 0.315055674 0.039032540 -1.421155311 -2.028868304 0.564331138 -0.900240119
34.237345462 -15.350305648 4.070544291 -0.960429165 0.168355391 0.052277756 0.215637006 0.258092471 1.376540632 -0.851977314 -0.827382403 -0.134867733 -0.663003078 -0.119826032 -1.050822386 2.488756588 0.179410850 0.221679342 1.732664633 0.281686048 0.678783412 -0.327422738 -1.662339330 0.376641473 0.918464548 0.104087723 0.795242361
31.948841831 -21.448284025 4.497918409 0.018204565 0.015152571 -0.351405302 -0.935923772 -0.842420553 2.301175236 -0.441615071 -0.878130135 1.175001317 -1.596607286 -2.224017386 -0.830386847 -2.878779331 -1.024717662 -1.942550754 -0.380699483 0.389005950 2.297999298 0.667323103 0.848414145 -0.064640571 -2.109553045 -2.173577473 -0.206478486
28.501902774 -9.865437032 10.593796937 -0.407723695 -0.475833730 -0.569414265 -0.532081803 2.423752642 1.191043643 -1.909186768 0.045379394 0.939443362 -0.804119990 -0.407735421 -1.326622687 -2.329370568 0.668874109 -0.009770271 0.363935335 -0.092121697 1.763813342 0.315880494 0.947108761 0.596561603 0.793306764 0.455784016 0.708717638
35.802544981 -9.582509190 7.520261628 0.660377462 -0.335674025 0.554403906 -0.379289949 0.372623747 -0.125081088 -0.969942191 0.411285819 1.140362404 0.568131346 -0.887981521 0.660802780 0.109434117 0.748665595 -2.258952648 0.328177549 1.190179615 1.705153546 0.517061599 0.309357475 -0.356293055 -0.492649483 -0.650750150 -0.222167709
28.428049575 -14.946615577 2.033544441 -0.797425994 0.408890255 0.241017117 -0.372600715 -1.698772232 0.041665826 0.080474951 -2.019218220 -0.654344059 -0.618380976 -0.971590057 1.931270108 -0.786973267 0.883424262 0.320387965 0.044150075 -0.689916578 0.693829557 -0.808550871 0.979506675 0.015974019 -1.221079804 -0.337203860 0.425928189
