10.420317659 -18.359554780 28.874675756 -0.080610877 0.656677493 -0.369683531 -0.652388414 0.388711722 -0.407113184 -0.025064999 -2.057818375 0.612027230 -0.215400920 -0.760378282 -0.250325108 -0.119415553 0.194612725 -0.071646074 2.042629707 -0.263842517 -0.045099573 -0.798545738 1.208971287 -0.651356356 -1.189673417 -1.026424514 -1.798031770
11.150274134 -16.619565679 30.937651509 0.128020004 0.189058225 0.610159376 -0.758665540 -0.303463157 0.409135160 0.971667541 -0.287595390 1.079644438 0.746667962 -1.259549613 -0.940194822 -0.159539596 0.499359577 0.366353549 0.057892686 -1.456133550 0.200090685 0.663993024 1.844928331 0.583376346 0.436371214 0.962656649 -0.018548851
14.382011504 -15.052151993 14.992459473 -0.518499816 -0.088209427 -0.817121265 0.235987026 -1.533974086 -2.814209191 -0.522553231 -1.298338806 1.740461155 -0.749935806 1.703966120 0.081563262 -0.033546362 -0.872321678 -1.030000829 0.124066102 -0.750047846 -1.295404036 1.031969974 0.149689688 -0.407440300 -1.939279023 -0.637210217 0.652616311
11.229316040 -16.605114655 27.564184899 0.642993695 -0.707849212 0.267645347 0.117790361 0.233244839 0.753637138 -0.465433818 -0.235606944 0.438711933 1.823076027 -1.173027754 -1.393023967 1.388957811 1.740068564 1.635288404 0.099440016 0.131620553 -1.413435925 0.468471353 -1.328544931 -0.543381838 -0.665226768 -0.203209309 0.231315115
9.570251623 -14.117463799 25.292448114 -0.577822522 -0.272662582 0.424852486 0.641308517 1.261111757 -0.729479584 0.197454360 1.022588346 -0.335896455 -0.949551256 -2.357356580 -0.024095647 -0.938615767 0.438989290 0.346225004 -0.322151574 -0.153976299 -1.346421498 -1.015920447 -1.504522622 0.569552809 1.310890648 0.193774723 0.573446182
13.910930797 -20.979020972 31.023200812 -0.040641895 -0.490788341 0.133497122 0.860031139 0.322208515 -0.507222149 -1.372144265 -0.045536513 0.514571401 1.995199195 0.183939972 -0.216162514 -1.330825837 -2.026637241 -0.605132410 0.988363507 0.770690551 0.015834619 -1.790480420 0.250027841 -1.813771565 0.973678175 0.283236195 0.443219768
12.901260025 -13.198329662 22.565219670 -0.323791098 0.736633606 -0.593534413 0.015721162 0.934064817 -0.338179612 1.683133902 1.554826203 1.046867801 1.639880266 1.630805049 1.535025182 -0.868221241 0.725684287 0.094513373 -0.752164594 -1.563703279 -0.603417890 1.216348778 0.881996643 0.439395271 -1.031070940 0.031077946 -3.526407537
10.833569803 -19.348609745 19.903621191 -0.068309036 -0.243864871 0.951756861 0.173270534 0.314211359 -0.867550398 0.101251482 -1.561413305 -0.404656467 -1.240390099 0.137389845 0.120294164 -1.270197909 0.232090156 0.795874135 1.463857685 0.262602728 -0.745606054 1.500258989 -0.344021717 -0.182415330 1.102303756 -1.028489189 -2.027231854
15.232916592 -18.996471861 18.577985867 0.332176046 0.907930491 -0.222478995 -0.125795048 1.826150348 0.669526432 -0.108087081 0.533119713 -0.507515061 -1.846396771 1.923247988 -1.409771236 -0.366358183 1.529051419 -0.970800492 0.440038351 -0.206284799 -0.749875177 1.361392769 -1.168820090 -0.489983315 0.827352219 -0.126053297 1.399898690
14.806662006 -23.002649251 21.927730423 -0.574577651 0.817563917 -0.035499085 -0.013768788 1.455011844 -0.658411577 -0.035489355 -0.572136845 0.680508723 -1.385994782 -0.079430004 1.181561535 0.342615284 -2.034244403 1.476043321 2.149223236 -0.325795706 0.249773036 -1.767433726 -0.337542327 0.527527629 1.027639847 -1.589204174 1.596991089
11.996631457 -24.096674139 28.998148617 -0.469083066 -0.093906314 0.689348910 0.544004376 1.153702977 1.602067650 -0.099470259 0.638561887 1.192830202 0.519787954 -0.250094813 0.237035407 -0.510381443 0.327593103 -0.665136570 0.651366259 0.720481250 0.020002689 -1.703732264 -0.420589699 0.784103046 0.585356745 -0.831414960 1.453722585
22.196873273 -15.881669969 20.265829892 0.018401514 -0.624053030 0.563655090 -0.540843915 -0.469139674 0.714142635 0.204933646 -0.283998881 0.143267748 0.537510988 0.966250219 0.109117427 -0.263329138 -1.181524418 -0.229251499 -0.237804156 2.499360808 -0.384082926 -1.242972653 0.206881734 -0.439933452 1.077858041 -0.393394667 0.666314326
6.262271887 -19.051101524 26.174009766 0.086272392 -0.995299709 0.001480021 0.043970141 0.034433180 -0.056030033 -0.242626524 1.064060830 -0.291277251 1.001209575 1.027267227 2.241090396 2.485638836 0.443258009 1.691960858 -0.243068002 1.405463948 1.007161378 0.076898496 -0.407992240 2.087819557 -0.380261085 1.368966690 0.513445782
13.813108132 -12.922405446 24.590170243 0.693901940 -0.311553913 -0.617896956 -0.199091961 1.483757344 -0.435877924 0.142845982 -0.625365532 -1.322174513 -0.945790920 0.071205448 -0.553266713 -0.500505287 -0.639674767 -0.546901467 1.015359008 2.176090440 -0.323853438 -0.538190046 -0.974146500 0.088524957 1.630467576 -0.757099257 0.069127381
13.373115330 -19.627605863 19.428385565 -0.226130149 -0.593769058 0.678454478 0.368785822 1.495576902 -0.289129872 0.210231692 0.247762511 0.944329734 -1.964931218 0.844203449 -0.062759331 1.925866673 0.727541932 1.476104372 -0.522573926 0.989263233 1.026352675 -2.242463580 -0.828190788 -2.000305786 -0.556903985 -0.541955608 -0.155246976
6.965402877 -11.354149660 22.129719787 0.724916719 0.243203302 0.643752716 -0.030501571 -0.218357032 -0.931283818 0.316695563 -0.554434094 0.155301293 1.697937217 1.816163489 0.330088617 0.966487412 -0.029078502 -2.508089236 -0.151410920 0.033766542 0.178369748 -1.334887942 0.392312586 0.027215369 -0.003950638 1.114877350 -0.007703560
18.338578339 -17.028967048 28.906446192 -0.045630521 -0.415802380 0.897305415 -0.140958248 -0.362957053 -1.725630205 0.837723606 0.878800496 -1.469073515 1.057050118 -1.447207413 1.695060819 -0.104138778 0.066842876 -1.044359594 0.769057799 1.549544495 -0.604999708 -1.434529039 -1.069393892 -0.266382424 -0.234554686 0.342966850 1.852333902
14.861307749 -24.943263627 26.522286656 -0.721472377 0.151675748 -0.597339798 0.315685353 0.805383026 -0.701058181 0.941978150 0.200787080 -1.107505127 -0.167444165 -0.048505686 0.540851412 0.180883100 0.440300757 1.089588899 -1.020029498 -0.012349239 0.909722487 -0.000099810 -1.103782557 -1.337187368 -0.246693649 1.695895555 -0.120996028
8.073659681 -10.774069307 19.465420157 -0.532994384 -0.345608448 -0.438811741 -0.635543895 -0.086170849 0.730743503 0.368324624 0.377613771 -0.802483385 -0.866125935 -0.347630505 -0.273629659 -0.287415982 0.261677747 -0.983836007 -0.328108805 -2.125095980 0.083204139 -0.019179659 0.444986194 0.215394214 -0.570139610 -0.134065569 0.591077695
13.683161659 -23.398551104 22.703445640 0.345445108 0.540560295 -0.400132924 -0.654489028 -0.317306857 0.473153349 0.902355909 0.329458059 1.620291180 0.770326950 -1.484151353 0.383008208 -1.185586286 0.338451747 2.837604315 -1.150719635 0.748953723 -0.818355017 -0.178965446 -0.272390446 -0.469652395 0.320871257 1.453266970 2.192539860
10.808335891 -19.816452796 26.614987071 -0.500523510 -0.418956531 -0.074115761 0.753961866 1.001496212 -0.454786752 -0.144169630 0.392796057 -1.573141517 -0.943869651 -0.757166078 0.679893830 0.318235085 -0.446694629 1.050113277 1.755899410 -2.169654657 -2.023479328 1.078774435 -1.324059550 1.048640980 -1.645915090 0.181248346 1.119652412
4.798958500 -15.373632162 23.466395837 -0.852987726 0.052706732 -0.466417428 0.228229540 0.147370922 -0.568120714 0.942760942 -1.182658717 -0.125796973 -1.532724144 0.697323507 -0.534996790 1.585197694 -0.061390970 0.118020299 0.640778519 -0.059325867 0.162447920 0.270504331 0.787071001 0.405023692 1.935102961 -1.008059215 -0.007239431
10.421532660 -22.029241102 18.831797220 0.295452845 0.930253274 -0.124436367 -0.178471434 -0.077219921 -0.752230315 -1.717944324 -0.108197276 0.222903284 -0.187557026 -0.052148397 -0.099484626 -0.401528991 0.549889935 -0.304518953 0.873688141 -0.016461419 0.481238891 0.173693500 0.613189002 2.294354331 0.023933571 0.854501057 0.452364548
14.008706663 -23.044054724 28.741803062 -0.400681742 0.822224781 0.357253021 -0.189131779 -1.302029523 -0.424856977 0.949908175 -0.303935942 -0.777422294 -0.226092165 1.296508550 0.658315694 0.651662049 0.793866191 -2.310810928 0.078197196 -0.855264256 -0.885012204 0.121393192 1.171247766 0.045886426 1.281664294 -0.619249989 0.269723499
21.098572966 -19.449848639 23.979818736 0.307797923 0.411588993 -0.854167967 0.079069743 0.904357876 1.533289108 1.241722673 -0.109498663 -0.507994317 -0.959823533 -2.679663347 -0.348812197 0.203256742 0.726623547 0.696497356 1.083580993 0.584145527 1.888716106 -0.009771043 -0.161839044 0.890116134 -0.867154054 -0.283885648 0.792894055
6.330015821 -14.796833591 22.635381677 0.797485103 -0.565451430 -0.210225382 -0.009353070 -0.677270541 1.263648105 0.059538656 0.051426215 2.481054330 0.962616900 0.379226223 0.388668626 -0.055715666 -1.781970992 0.516653445 0.584509576 -1.032430299 -0.120501193 -0.538973979 0.316560945 -0.876603998 0.618568962 0.845852460 -0.060794391
15.962385538 -17.215800067 27.482417665 -0.165620539 0.207999525 -0.641645215 0.719442459 0.109097719 -1.045948187 -1.256495844 0.264927435 0.411438806 0.629565952 -0.188582417 -1.402584110 -1.557735615 0.261549777 0.554156627 0.180818633 0.968286397 0.127406520 0.531912138 0.188116803 1.064972270 0.756455036 0.400224341 -0.290425859
14.887076637 -9.484698908 21.133315018 -0.321634857 -0.588108471 -0.662609966 -0.334106985 -0.124243602 0.216130933 -1.247326787 0.173594997 0.254865487 0.576052507 -0.275547389 -0.066397490 1.342348694 -0.918978735 -1.500381924 0.136794220 -0.352193648 0.020892614 1.891601820 0.469631177 -0.679632654 -0.329642528 -0.773447768 -1.244139371
19.127608388 -19.679295806 17.220713775 0.244567468 -0.352818288 0.257334688 -0.865727941 0.829255998 2.005166610 -0.013256644 -0.637181736 -1.435520651 0.225353035 0.175195938 1.900613483 -0.407212589 0.019202702 -0.581684450 0.064194146 0.635210908 -0.146317101 -1.655371064 -2.089588757 0.495591904 -0.025092908 -1.429564828 0.522706326
14.594756589 -12.002606582 30.431458990 0.636266470 -0.755464596 0.076827430 -0.136146133 -0.594621663 0.042786775 -0.171231610 0.476729349 0.945602732 -0.596261286 -0.031842629 0.920541604 1.127750554 -0.014396723 1.175446506 -1.326887163 0.871789940 0.069872162 -0.831635690 0.767644469 1.836058298 0.057747301 -0.084906522 -0.615079525
18.627530990 -15.314139760 21.848784844 0.224081238 -0.175837748 -0.035175560 0.957930773 -0.633659561 2.268943890 -0.208788445 0.876916999 -0.050559455 -0.106199033 -1.319557040 -0.105265894 0.681010258 -0.922407082 0.104612106 -0.324577543 -0.468893662 -0.377565225 -0.182820906 -0.388341896 -1.204206837 -0.779823094 -0.325049002 -1.171354117
11.523610287 -15.172920231 29.732954167 0.265154415 -0.239646290 -0.387062010 0.849968113 1.028415020 -0.185702136 0.436146290 0.987226630 -1.797348903 -0.475167497 0.342498204 -0.698631514 1.342807757 -0.949802358 1.120722918 0.472920582 0.415286370 0.176070701 -0.102470176 0.187119454 -0.081308559 0.902493792 -0.649121613 -1.417132727
19.089606471 -12.973903698 30.510239743 -0.080198315 -0.273979685 -0.716861883 -0.636091505 -0.763051866 -0.692060785 -0.563153904 0.438142608 -1.333148421 0.656038222 -0.353147445 0.742050877 2.451331038 0.210001833 -0.707244164 -0.468482496 0.298247859 0.226543960 -0.446278159 1.056963598 -0.090001954 0.772653245 -1.414936401 -0.484709142
20.911634157 -16.101139650 28.461268049 -0.129750427 0.012000459 -0.723329436 -0.678096854 0.595209159 -0.498928060 -0.707381565 -0.038733135 0.646812602 0.551914470 0.106070290 0.278748375 -0.465191816 -0.842556119 0.229394451 -2.300120283 1.633965765 2.145792709 -0.494681983 1.290008432 -0.456586081 0.842119247 -0.326265797 0.870676565
12.989616682 -19.188745858 31.296135203 -0.670872703 0.045732213 -0.740134039 -0.006323313 0.224050560 0.793149406 -0.878184585 -1.711191448 -0.834216526 1.552839360 -0.250219303 0.700136430 -0.655539550 0.615097588 2.171241440 -1.170229621 1.576524999 1.006770425 -0.272568973 -0.750030433 1.955681099 -1.312224882 -0.259066941 0.789671864
9.610989324 -17.471835332 18.175632667 -0.320906953 0.322237156 0.001681554 -0.890606038 2.334113664 -0.044248636 0.450522749 -0.995274042 -0.105356392 1.178266337 0.760679230 0.637002684 0.380996429 -0.645886152 -0.953254327 1.292625824 1.859109895 0.865231032 -1.931722624 -0.426414440 0.121687441 0.429275512 -0.851618641 -0.983587076
19.071513894 -10.151762889 26.321007338 0.429549954 0.678080715 0.584846020 0.116826854 -1.013093884 0.673261348 -1.429592624 -1.716338252 -0.492330746 -0.687744408 -1.781130203 0.247807775 -0.980281930 1.886431056 0.237934727 1.072932468 -0.980313864 0.459597881 -0.147353420 -0.885158196 0.709474895 -0.238706652 -1.034644606 0.098605899
14.553895103 -19.384292071 15.066200331 0.381423034 0.313225389 0.760141204 -0.422601083 1.196083254 -1.514806106 -0.083024618 0.105512169 -1.278883180 -0.254452177 -0.061802866 0.960016856 1.832366815 -1.649351365 -1.844960066 -0.069740284 -0.377049744 -0.379598880 -1.192498810 1.167804958 1.571697660 0.473894257 0.817059119 -0.540504016
15.660647718 -14.698290024 24.089505285 0.632111095 0.619294828 -0.228780427 -0.405671044 0.045956332 0.151671204 -0.044969321 -0.318935219 2.400760548 0.084602192 -0.455931729 -0.422586855 -0.116611254 -1.311772620 0.434146327 1.167593739 0.819593970 0.196838737 0.586522961 0.461521793 0.079221994 -0.633554361 -1.181713196 2.132794465
13.616759259 -14.656414807 17.355335897 -0.610713383 -0.629179673 0.480626902 0.012644509 2.324076761 0.515279282 0.380591747 2.201586639 1.866362595 -0.476726757 0.098874187 -0.906908003 -0.668397704 1.324944673 0.339629491 -0.511625220 0.712801994 0.011700059 1.955632431 0.363738243 -2.565535737 1.203235410 -0.472531544 -0.477266614
10.019502043 -14.715268578 20.159585567 -0.722248048 0.604901328 0.293559931 -0.162094751 1.382569649 2.269046223 -1.392441875 0.415919969 0.757672442 0.411879223 -1.973971911 -0.214846129 -0.760059259 -0.596153774 -1.450804939 1.216866558 -0.551934497 0.155111560 0.187048670 0.249295131 -1.999662114 -0.778180378 1.038255488 1.848361797
22.928240730 -16.268029976 23.940798896 0.850469814 0.365264592 0.098477088 0.365493004 -0.625081368 -0.773349172 -1.747839649 -1.770170071 -2.929038372 1.147892932 0.958912293 -0.245065429 0.943632663 -1.421649214 -0.025751201 0.342620125 -0.304062199 -0.487189174 0.742397191 0.162799466 -1.118958694 -1.922551218 0.607660603 -0.798918441
18.041725188 -10.565331194 18.881923521 -0.901223756 -0.010731951 0.418503267 -0.111962418 0.247776432 0.023780988 0.336971724 0.535590339 -0.521865754 0.464815659 -1.928546008 -0.265843033 0.276002096 1.205809904 -0.540214206 -0.669897374 0.842607558 0.458425851 -0.550393101 0.912984660 0.212731135 0.800184513 1.353245198 0.380635296
8.674709416 -9.354105278 27.092549172 0.091875133 0.355465570 -0.807956733 -0.460878625 -0.189221722 1.249190221 -1.141061905 0.871050671 -1.427748067 -1.286136327 -2.646315715 1.144850534 -0.337646290 1.086599713 0.615696696 1.250746258 -0.721377564 0.242640056 0.018572148 0.075458008 0.816618217 1.351928627 -2.268068181 -0.877773555
21.622103167 -13.577517798 21.088998865 0.072695973 -0.259843108 -0.766113979 -0.583323432 -0.379308657 -0.414103734 0.612359973 0.761206283 -0.223713094 -0.485907959 0.995702520 0.453876352 0.107131940 0.401425082 -1.019616767 1.457276270 -1.548141067 -0.762325018 1.121213762 1.121079127 0.511758264 -1.853632222 0.189610659 0.051432880
15.641707683 -25.489407045 21.854901424 -0.671961888 0.283316543 -0.312572606 0.608684913 -0.823754190 1.018681575 -0.350585336 0.026524206 -2.494288260 1.548000548 1.467041668 -0.783901971 1.425024145 1.637740032 0.152526145 2.182522063 0.395092240 0.199344002 1.039118374 2.078704032 -0.616999851 0.744085050 0.461778501 0.792785590
14.204000168 -15.573628327 22.070366335 0.534361104 0.202793311 -0.344676643 0.744668447 -0.089703521 0.014610868 -0.226240758 -0.455276680 0.819813409 -1.783598184 1.658337372 -1.074571881 0.445415043 -0.012274994 -0.119897122 -1.348562927 -0.480484958 -0.551407537 -0.926451182 1.192547746 0.686237715 0.085994920 1.663962512 0.850328423
19.978837396 -12.514682613 20.638648204 0.341146219 -0.427599844 0.320276459 -0.773434303 -0.050982509 -0.206879316 -0.633466035 -0.996255800 -1.123785423 1.724318366 -2.057938407 0.814532362 0.006899958 0.505460805 -0.246659038 -0.316411044 0.119034518 -1.160517097 -0.216019217 0.124777389 -2.646451108 1.431573325 0.114015847 1.935358788
11.377515415 -12.823348032 30.590439416 0.110289136 -0.867452024 0.404376338 0.268035575 0.106225076 0.973374495 -0.132532497 -1.092750310 0.552833695 -0.678639881 -0.545294760 1.118609289 0.011048749 -0.594378669 -0.569098358 0.339326940 -0.472863630 1.659428037 1.164092409 2.438228380 -1.233825388 0.439946292 1.703501259 -0.746879197
21.756815896 -16.291975793 19.725934772 -0.031289790 -0.786155409 0.540663330 0.297764646 0.302298814 -0.912899633 -0.478642452 0.604162132 0.482716768 0.061694445 2.026435780 0.777411808 -0.459039924 -0.158517787 0.876788669 0.642972612 0.773957941 0.255802839 0.176002694 -0.580489705 0.166771222 -1.229384644 1.060457979 -1.412548260
15.083075149 -19.848715428 21.963376065 0.147450582 -0.845707638 -0.499402924 0.116763164 -0.009601328 -0.189636561 -1.910176913 2.811812944 -0.489636822 0.188331464 -0.186355606 -0.940894564 0.441424770 1.057126496 1.861081737 -1.432256189 0.205491808 0.312471793 -0.570390662 -0.302593347 0.054596736 -0.125481745 1.504260830 0.002379371
9.347766478 -13.282970332 32.623747619 -0.916015622 -0.178585227 -0.313532511 -0.175271393 -1.131980455 -0.321919535 -0.268057181 0.438939210 -0.809870196 -1.524058725 0.780711450 1.751794129 -1.366073577 -0.474826658 -0.624424549 0.484665261 1.138859499 -0.279684982 -1.107730705 -0.057577404 -1.350459320 0.688603622 -2.575777105 -0.939909578
12.674858090 -24.374113655 23.847083693 -0.323504261 0.007848703 0.888856392 0.324372788 -1.382152441 0.613954624 -0.426427081 -0.382599363 0.424637302 0.078276318 -0.718689729 -0.455807145 0.957561029 1.423003271 -0.643035822 -0.190280630 0.395035014 -0.829930306 0.458599203 -0.386454335 0.103484369 1.539569831 1.460567386 -0.522988083
12.039629534 -15.884258499 18.910912040 -0.199284976 0.449653483 -0.543549993 -0.680184275 -1.426648837 -0.514669162 0.796229254 -0.877682341 0.140173886 1.212829021 -1.380162487 -0.856153571 0.534642734 2.986053864 -1.762722994 -0.807262042 -1.276897497 0.436632678 -1.098459086 0.268561815 1.355536117 -0.555571110 -0.538532214 1.169377557
12.576150077 -22.685441623 24.626381153 0.862264691 -0.403169950 -0.274773977 0.135841289 -0.632246469 -0.359428594 -0.085306830 0.152284313 -0.443303312 1.062566607 -0.230007796 -0.776017017 -2.804301786 -0.567265734 -0.372487261 1.640030230 -0.760678255 0.919413643 1.445822016 -0.302594252 -0.907457431 -0.149657288 -0.862015629 -2.381835254
10.825597843 -22.729964141 26.684502816 -0.671416269 0.055563373 0.345782779 -0.653105791 0.655657478 -0.712705241 -0.681004132 0.120499267 0.610541149 -0.378708156 -0.335068952 -0.768530795 -0.486746743 1.453111803 1.691491297 1.208109158 0.487436901 1.151292630 -0.163697542 1.073134094 0.857706702 0.443556214 -0.368420200 0.218258804
11.314415962 -8.754320111 21.591864512 0.074652944 0.453033457 0.229594724 -0.858180568 -0.671762175 -0.142928425 0.564055209 -0.949250692 0.012525620 1.007197329 -1.191294960 -1.290504579 -1.342789719 -0.312075913 -1.272570031 0.897811802 -0.233456507 -0.270928755 0.154258136 0.875361240 -1.177579395 -0.149804556 -0.825533298 0.210737898
22.465976421 -18.134671328 27.493693976 0.883343714 -0.122771704 -0.184330601 -0.413101950 0.636421811 0.456464602 1.007252785 0.188439818 -0.310510893 1.215582772 -0.360429407 1.104702217 0.604679216 -0.965039601 -0.034569606 0.009820218 -0.138897623 -1.492366976 -1.355624838 -0.106280149 -0.126702987 -1.251229895 -1.162835727 -1.229602117
16.838440059 -14.345282657 31.262373068 -0.454089272 0.078769880 -0.332722509 0.822735663 -1.092862134 -2.238736052 -1.400389988 1.181634687 0.237163896 -0.190980394 0.421743902 0.336503533 -0.762773541 0.338036708 1.120620177 0.449723296 0.275385207 1.231511661 0.073830375 1.434567696 -1.598818611 0.603158988 -0.824147984 -0.611042307
15.795131609 -19.308191852 27.233043769 0.162354369 -0.611741936 -0.562030470 -0.532479684 0.880972540 -2.068124782 -0.643410893 -0.171806495 0.390739158 0.070306277 1.044283010 -1.528801747 -1.019288842 -0.483128752 0.865722802 -0.069968485 -1.286381047 -0.538935424 -1.763924298 1.709255415 -0.253451088 0.080588290 0.220318481 0.669357967
17.903240147 -20.969746552 29.053783753 -0.871675168 -0.419098459 -0.194266022 -0.163705821 0.294963243 -0.223202930 -1.790420860 -1.302777218 0.661631976 1.078639810 0.319244586 1.499066597 0.229863973 0.117863529 0.505529363 0.845906897 -1.277975290 0.191849679 -1.218697121 0.694760949 1.528931666 -0.318374779 -1.233503397 -0.957837492
9.419092877 -7.946104700 21.477543833 0.045457317 0.914205362 0.105053253 0.388749279 0.335925661 -0.764250980 -0.738913152 0.830749616 -0.536610338 -1.362387038 -1.294589684 1.034936241 0.142938897 -1.331334624 -1.112280124 0.630612732 -0.353830803 -1.667063403 0.837231185 -0.039920428 -0.225403764 0.655851380 -1.464278542 1.144102618
17.536993659 -8.602310088 23.812418461 -0.833975854 0.280149131 -0.396581431 0.262152453 0.475783559 -0.193461582 0.869710118 0.380162273 0.922403657 0.158434469 -0.941510769 -0.864133946 1.929880447 0.818258276 1.149164055 -1.693253893 -0.834883131 -0.257119051 -0.180875955 1.663755780 -1.223929480 -0.331312023 1.866548672 0.751552559
10.389892279 -16.736349013 31.958611989 -0.191998390 -0.500017366 0.530731131 -0.656843755 0.974841704 1.217214388 -0.543582009 -1.210027800 0.086682834 0.510455080 -0.257140503 -0.258302714 -1.398235857 0.331976155 -0.710012440 -1.191061840 -1.242178588 -0.351479214 -0.306914067 1.043674929 0.277339205 -0.353558017 0.307428325 -0.030462004
6.290880992 -11.319431024 25.492547039 -0.866001608 0.212809895 -0.360183031 -0.273900252 0.434829227 0.775692920 1.102957930 -1.473328830 -0.358696889 -0.254689051 1.213912721 -1.825278346 -1.392230759 1.346983398 0.446342349 -0.309679775 -0.273641804 1.350662186 0.155107091 -0.393888694 -0.393659338 -0.930181059 0.467928660 1.304168187
10.334191215 -9.799863271 19.404042639 -0.567800002 -0.191171792 -0.007190595 0.800627753 1.476790130 0.219967732 0.245592641 0.490597736 -1.156361999 -1.049185227 1.004467462 0.544508201 0.253745168 -0.661948358 1.169166822 -0.804132471 -1.296249630 0.657469668 0.606797980 -0.845334020 1.168409139 0.499341729 -0.134531065 1.862584907
12.814363166 -14.027932221 27.799478214 0.162103385 -0.624074193 -0.514922339 0.564897228 0.445458054 0.615490616 0.590587107 -0.568034977 1.588737487 -0.672200531 -1.403825391 -0.029043357 -0.361198009 0.326263714 0.089141079 0.554277863 0.981064484 -1.204380068 0.653444255 -1.527312318 -0.431929378 0.351814808 -0.118740586 0.981347082
19.549975782 -16.117274333 25.785405279 -0.480120723 -0.306704707 -0.302508149 -0.764136856 -0.723251316 -2.431840575 0.616072826 0.072767936 -2.287548783 -1.413578133 -0.663149812 -0.849083646 -0.114691441 0.740752626 -0.472466437 0.716767423 -0.750455401 0.454846952 -0.780993559 0.956404385 1.253936743 -0.888742467 0.023420246 0.086803358
10.662355016 -14.585965077 23.041180088 0.550412355 -0.220658204 -0.395537993 0.701360030 -0.333786409 -0.742305337 -1.642990365 -0.436284347 0.423516966 2.123070973 0.034168675 -0.469741604 -0.201084048 -0.379133447 -1.738447775 -0.796131555 -0.598654811 0.837318528 0.763555880 1.371689799 -1.410789801 -1.746240027 -0.374891573 0.418885905
18.891367161 -8.119351605 27.026347550 0.449759311 0.756988203 0.081801372 -0.466898231 -0.780021154 -1.602456697 0.478102587 -0.774655688 -1.211801918 2.519233568 2.119414025 -0.518881242 0.320339243 1.286921072 -1.040540785 0.017011173 0.640902653 -0.031974174 1.041550231 -0.145902963 0.502379743 0.120518199 0.993219572 -1.726266709
8.239555321 -13.885401694 27.768139332 0.169423742 -0.943116998 0.195391900 0.208920867 0.345597857 -1.275096569 -0.477270512 -1.002698919 0.135957226 0.578838232 -0.763073541 0.603181938 1.625143543 -0.606101077 -2.581208358 -0.254530961 1.833947207 0.648032469 -0.735682473 -0.085867373 1.810106690 0.069403367 0.920425722 -0.685477404
16.975797838 -16.373034425 27.072116090 -0.182567642 0.627981214 -0.271847620 0.705979831 0.942654714 -0.286320933 1.361235432 0.975141629 0.390806992 0.631405975 0.311509400 0.320079627 -0.731015649 1.317829085 -1.041976685 1.301155926 -0.030926192 -1.272693509 -0.996455006 -0.602686728 1.160757030 0.424981815 0.089311737 -0.908120416
14.974086036 -23.215634853 23.035196362 -0.055190175 0.665484597 -0.744302705 0.009888327 -0.836089905 0.589039877 0.687246618 0.001946129 0.984921947 -0.549021916 -0.296385589 0.727572528 0.043907990 -0.252979620 1.577615136 -0.465842593 -1.888139589 0.983433196 0.695875311 -0.137669278 -0.635397224 1.497046920 2.917248695 0.678275283
6.790622004 -12.887108270 23.247407687 -0.760802766 -0.044037009 -0.028167087 -0.646874415 -0.132273815 -0.845998829 -1.157745235 0.704372522 -1.156715278 -2.825389465 -0.536855660 0.562600013 -0.593456958 -0.675821938 1.096483930 1.292539961 -0.754498063 0.507835358 0.677899804 -0.032834734 -0.192149914 0.446984705 0.743782558 -0.143660790
17.310970111 -12.659041523 23.029704474 -0.380122736 0.399140518 -0.716168129 0.428131713 -0.619482436 -0.041472982 0.256652282 -0.291752005 -0.131938277 -1.782133227 -1.135727457 0.341820860 1.676899142 0.092719869 0.611034644 -1.188194312 0.236772881 -0.634375471 -1.797748518 0.239692434 -0.618372384 -0.291105817 -1.245769417 0.658026097
8.792736013 -17.748624721 24.217103694 0.463017761 -0.528482975 -0.635214460 -0.320660081 -1.971771949 -1.650459646 -0.101428154 0.295784234 0.958010179 -2.004019270 0.048888867 1.145340556 -1.171354904 1.817088649 1.292514938 0.196582286 -1.018685762 -0.458499914 -0.007262989 1.084841322 1.785546396 -0.132861678 1.079083876 -0.749605738
17.223606699 -15.349748237 19.127539693 -0.149526118 0.398792173 0.066806772 0.902299062 1.397206783 1.647807543 0.282447768 0.734165793 -0.484519297 0.056078050 1.228417745 -0.984486486 0.208695335 0.434790781 -1.005839263 -0.535102554 1.730207554 -0.475188230 0.750150705 0.619275572 -0.205586857 0.955740119 0.691337119 1.548626636
12.362329542 -13.406488536 28.230084906 0.203125528 0.160890895 0.158031658 0.952827442 -0.310262695 -0.053142558 1.071014124 -1.948505763 -0.287275240 -0.519391803 -0.569952299 -0.833334775 -1.104610828 0.274329581 -0.675724372 -1.673678711 -1.175339378 2.566602787 -0.656635194 0.211262592 -1.184743472 -1.110777161 0.797751184 -0.224106502
12.233038658 -19.647382129 31.791656482 -0.747881114 0.253373877 0.607461084 -0.086409196 -0.120874564 1.110515505 -2.297814521 -0.419482566 -0.842033013 0.288993509 0.141540579 -0.863399699 1.595179211 -0.341315735 -0.706444479 -0.350237264 -0.941904787 -0.947179846 1.064993145 1.145248916 1.206796335 -0.029483563 1.932378201 0.323971418
5.996587185 -14.225123657 22.943426652 0.686892547 0.139615099 -0.279580937 -0.656140802 -1.038315251 -0.899121771 -0.232852891 0.547026255 0.044829682 0.046421267 -0.356242688 -0.883489513 -0.032271281 -0.323939169 -0.007085269 1.306129066 0.084829844 0.130965115 -0.172854456 -0.551792819 1.025238618 0.198916819 -0.551552375 0.117374163
8.781237213 -18.341091556 23.463513785 0.756777814 -0.247627049 0.453934861 -0.399889144 0.821117458 -0.560885533 -0.564031363 0.490769674 0.469024911 -1.508158050 0.236573610 0.047811390 -0.143727527 -0.198453215 0.237668746 -2.185616430 -0.261039372 -0.259399600 0.740144434 1.392754870 -0.090304692 -0.451835246 0.984913903 1.597882857
14.176834567 -22.429026731 30.322871402 0.022485958 0.013538345 0.013144561 0.999569065 1.009783030 0.600893826 -0.114721050 1.162041406 0.958544240 2.236442261 0.144134799 1.304078794 -0.574637821 -1.345418313 -0.083644498 -3.126052997 0.978585669 0.568805280 0.862146618 -0.442178482 0.360675571 -0.397107586 0.813908047 0.305984436
10.603400157 -24.306939206 22.535033257 -0.177284506 0.331965617 -0.584552983 0.718795411 -0.268962350 1.842886332 -0.555036988 0.427546480 -0.093979339 2.299994700 -0.012202093 0.181693099 1.419009333 0.064836589 -0.018703155 0.477510650 0.526582876 0.069764581 -0.166006490 1.226675032 -0.152004895 -0.499918457 0.284047947 1.227361339
10.120703297 -12.633195418 24.219869888 -0.117901574 -0.747747618 -0.187496116 -0.625953612 0.086556649 0.729199075 1.513631730 0.198909801 0.438419981 -1.445212433 -1.274342268 -2.189153010 -0.233462147 -0.390950734 1.398542215 -1.554743902 -1.625347746 1.448913265 -0.692632072 0.147422272 0.275773752 0.701688124 -1.206095188 0.354704309
10.244340407 -13.457545207 30.072864361 0.309590245 -0.168787036 0.413766555 -0.839322378 0.028559703 -0.969564577 1.339846248 -0.284049369 -0.504397927 1.202474305 0.477692864 0.600207697 -0.473161485 0.533290318 -0.026909901 0.559086068 -0.468110057 0.018640095 -0.215572416 -0.187657599 -0.493627036 1.038030922 -0.076532025 0.397618612
18.034589728 -17.383380004 30.899607049 -0.455182542 -0.345001897 0.736007301 0.363422340 -0.750811124 -0.813435587 -0.571923995 1.487000513 -0.793137493 -0.824403981 1.392714002 -0.469302731 0.027412119 0.423803791 -0.568354418 -1.152796400 1.195603108 -1.376582825 -1.067441217 1.186430777 -0.986480556 1.206562685 -0.771453324 2.329517866
17.843564847 -8.794663387 27.828900240 0.004114879 -0.687149372 0.726492680 -0.004146544 -0.912961529 -0.131461874 1.025381039 0.093620505 0.862674008 -1.036093332 0.396537797 0.097229951 -1.355537484 -0.027264074 -0.063222095 -1.205773645 1.165692544 0.120405675 0.946453488 0.412405754 0.236613807 0.176137423 0.697020953 -0.745375499
16.167647886 -17.690835713 31.774853967 0.297368448 0.220886759 -0.892529224 0.257240412 -1.893912551 -0.170581105 0.244941278 -0.345689759 0.477141157 -0.460515855 0.315212320 -0.052594208 0.929367693 0.418389455 0.423678624 1.102600861 -2.231929507 1.290327266 -0.424955533 -1.776975088 0.454937030 -0.934999570 -0.717957690 1.949485234
17.226147416 -22.323774554 21.762357684 0.726002885 0.124891316 -0.648527293 0.191661994 -1.600980526 -1.548857984 0.603544252 1.019039181 -2.142599369 -0.335142368 -0.523344049 0.542908256 1.038640088 0.043184717 -0.493210312 0.023653009 -1.253515596 -1.213596970 -0.673288225 -2.206589427 -1.370262750 -0.386868687 -1.501819903 0.124556729
14.277919710 -13.031488391 29.539585494 0.194162742 0.253271321 -0.134716106 -0.938086371 1.427427588 -0.617301245 0.158379250 1.762691732 -1.754149250 1.572453403 -1.301655635 0.854063600 -1.198565835 -0.985322536 1.903252347 -1.568483586 -0.149836373 0.587340028 0.667670611 0.304194245 0.320036245 -0.718246741 1.390880658 -0.292361001
11.204873454 -23.139492331 29.074098729 -0.073740931 -0.017525642 0.803918586 -0.589889849 -1.341454923 1.910111331 -0.711859028 0.357028782 -0.744430937 -0.542160354 1.034111816 -0.359045615 -0.225333067 0.772466716 -1.542535052 -0.102435376 0.405745342 0.465337666 -1.033384441 -0.847483736 1.226442642 -1.338664588 -0.387492252 -0.789101132
11.825601283 -20.125678447 23.722925325 -0.873394209 -0.107828714 -0.474555211 0.018784993 1.006861005 -1.040538616 1.346440866 0.368022699 1.663394244 2.547757803 0.462163615 1.333503866 0.657919072 -1.723910974 0.748742117 -0.064370483 1.951349912 1.151021481 1.810763486 -1.013816098 0.291717025 0.262284044 0.631380199 0.276260726
12.650292213 -8.255427855 18.680108296 -0.673938461 -0.630406567 -0.066266356 0.379477642 -0.222489729 -0.614799864 0.846627798 0.413679791 -0.899578009 1.429291657 0.272322628 1.019176481 -1.157262371 0.760598492 0.066547118 -1.290307094 0.773256383 0.421802349 0.901506526 0.957446511 -0.704563112 -0.918499259 -0.121815387 -0.057288298
16.017458369 -16.270206927 23.038115831 -0.582010779 0.379638485 0.717601449 -0.046757192 0.913213912 0.248026871 1.018616843 0.559900418 0.489698456 0.780000979 0.695852765 -0.912492454 -0.323245350 0.883509651 2.279623071 1.867852527 1.069002135 0.998069476 -0.434943596 1.107063601 -0.341173764 -0.375368847 1.392999650 -1.380750252
12.861215492 -19.762160079 29.671049044 0.044575173 -0.102262251 0.993284719 0.030674963 -1.028360520 -0.616492282 0.104567394 -0.132977091 0.579551877 1.167895172 1.514967505 -1.254551659 -0.802153681 0.550781014 0.729876278 -1.067947014 1.406775969 -0.243170837 -1.377345735 -2.174646144 0.111877190 -0.934797508 -1.533131836 0.891410586
18.079706353 -19.383931298 24.077236244 0.179003170 0.534093644 -0.712274559 0.418768191 -0.676739758 -0.226287249 -0.428875460 1.058036035 0.219250199 0.475735238 1.698618656 1.081396360 -0.251362214 0.225323013 -1.317744246 -0.988639952 -0.538371259 -0.830544597 -0.500266398 -1.934417815 -1.070656272 -1.342381379 0.136273991 -1.433273716
8.246235244 -13.931223283 28.123209532 0.104496966 -0.926740856 -0.000564730 -0.360875949 -0.261089063 -0.693555601 0.107930286 0.005188174 0.473307761 0.090540301 -0.706254854 1.139729877 -0.866589166 0.226593449 0.125656667 0.006007179 0.002903538 0.053458839 -1.908888799 1.472192747 -1.286471450 -1.438140755 1.308148560 0.480859635
10.010222142 -16.120204479 27.008616733 -0.329082358 0.854054527 0.204942184 0.346834784 -0.533621926 -0.996620042 -0.951256217 -1.231389004 0.911086244 0.514667287 -1.437823938 -0.165865950 -0.336668483 -1.162725635 1.538617000 0.504743691 -0.348048213 -0.395593584 0.577137522 1.878184108 -0.383437772 1.831645480 0.702476546 0.305564356
22.527272901 -12.492137108 26.306623881 0.742467449 0.012438471 -0.606554152 -0.284041252 -2.104922794 -0.288281223 1.533881044 1.000750693 2.312848237 0.463584307 -0.971241820 1.098837765 1.692861473 -0.418775775 -0.635833304 -1.756297447 -1.640539024 -1.295985976 -1.084682470 -1.502569773 0.783260394 -0.026758434 -0.734434403 2.575396359
16.915524982 -17.444288411 32.544528830 0.819687337 0.543982848 0.155176935 0.090085789 0.397391381 0.490911232 0.045170847 0.670248367 -0.194607486 -1.029503889 1.222060056 -1.142922562 -0.762600560 -0.040087473 -2.307065905 2.137107939 1.335752249 -1.123718583 -0.686891350 0.215208350 0.017721578 -1.131913615 0.564283337 -1.839452021
8.678246810 -18.444444964 31.012298609 -0.620403968 -0.748073676 0.100535040 -0.213019711 0.012650914 -1.395180437 -0.059105457 -0.317137340 0.585525807 0.754706714 0.892438610 1.316990944 -0.372505223 -0.207722544 -0.274540376 -0.867688691 -1.063220615 0.443910162 -0.472104465 -0.527786299 -0.083047217 1.671794606 1.239351991 -1.463915666
9.860265299 -17.150880920 19.144620798 0.042723129 -0.939789763 0.279569920 0.191860878 0.297419693 1.825078734 -0.409723066 1.802072349 0.020167429 1.298136142 -0.073485404 -1.181255649 -1.308529892 -1.246032093 0.763048359 1.916028944 -1.475122056 -0.808977767 0.928339162 -0.243829875 -0.585681034 0.405633295 -0.425582616 -0.417972617
18.032587685 -15.557731635 22.554684811 0.586071016 0.128850633 -0.553466270 0.577575421 -0.075934211 0.112720169 0.580410276 0.033291731 0.375578850 -0.306160956 0.237706030 -0.436110328 0.462648034 1.044669355 0.893604254 1.118100303 1.329440867 0.443898441 -0.739701716 0.917911426 1.072993440 0.307497931 0.745326829 0.262777666
14.107569574 -16.548357321 26.079310053 -0.484859362 -0.740244397 -0.097107093 0.455543460 0.829341115 0.524187265 0.014484660 0.498244154 0.714595096 -0.637848075 2.129420777 1.406048878 0.315567068 -0.746168922 1.088139984 -0.983237198 0.513736606 -0.669191759 -0.449739266 -0.157445666 -0.840310409 0.217850922 0.445663920 -1.087636826
20.147911424 -17.241818497 23.424248044 -0.473149915 0.328795709 -0.048173961 -0.815905515 0.081014310 0.126575830 -1.149264013 -0.570745619 -1.184318076 1.459000796 -0.092372478 0.885391146 -0.795932577 -0.446521132 -0.136325157 -0.456229860 0.483961742 -0.089110268 -0.899073348 -1.037147829 -0.500001121 -0.221274195 2.745058440 1.189550032
9.552621123 -19.419397301 25.304306474 -0.633364600 -0.271514966 -0.095672818 -0.718314429 0.352540359 0.533621789 -1.464279841 1.151157086 -0.753716099 -0.963523249 -0.351415113 -0.742042187 0.429078108 -0.293437756 0.037798215 1.172239321 -0.107446996 -0.418718283 0.885663796 0.299464801 0.219111989 -0.668515843 1.034743007 0.082422574
16.040082511 -12.369516820 24.105078921 -0.208975212 0.258234338 -0.905191015 -0.265091707 1.785856706 0.128844107 0.330524769 -0.177754337 0.913861540 0.196435205 1.173449287 0.626703399 -0.691124157 -1.975137926 0.379521000 -0.150154281 -0.956589816 0.218776566 -0.418890192 -2.170448079 0.989469664 -0.830579153 -0.437953915 -1.586125542
4.102432131 -17.556080862 25.080739692 -0.490037671 -0.108113229 -0.787002583 -0.358889323 0.216044171 1.193753645 0.758918849 -3.284716286 -0.541014040 -0.772457458 -1.144795582 -0.440783446 -0.050354976 -0.224201766 -0.262352624 -0.879622859 -0.834380037 -1.295203416 -0.928422413 -0.165350922 1.651729486 -1.356978996 0.343547536 1.018363049
11.644331657 -13.552557520 25.130659533 0.324749192 0.171950396 -0.688420609 -0.625338379 2.045346679 1.259378115 -2.642271158 -1.021397855 1.383556058 0.203333712 -0.103784660 0.185720511 0.801892909 0.110425285 -0.254129231 -0.006901264 0.016739273 -0.735160912 -0.976175429 0.072573455 -0.321702761 -0.631484481 -1.274435719 -0.970161892
6.068618958 -9.762190987 24.836950190 0.483752043 0.343640540 -0.292430259 0.749919785 -0.941408521 0.627896618 0.877860428 0.987422275 0.017812929 0.571710440 -0.159995758 1.059531105 0.094981693 -1.763244481 0.176977313 -0.620327754 0.655360448 0.357811109 0.023314912 -0.148548755 -0.641143125 -0.705306752 -0.346024261 -1.102785457
11.113411132 -12.797650522 32.937347057 0.148969123 0.580120466 0.135029505 -0.789325965 0.203682964 -1.202788716 1.841858725 0.564560319 0.409026258 -0.396400119 1.139280868 0.008625608 0.157940596 -0.692809974 0.189709627 0.922697346 0.028018483 -0.128800023 0.003584707 -1.352598454 1.922564928 -2.164343418 -1.739812200 -0.357534993
14.497367039 -21.130976501 19.823717643 -0.020650259 0.142739488 0.921027163 0.361812065 -0.160928975 -1.275751278 -0.582831761 1.569066900 1.449811835 0.487088234 1.420183283 1.680614317 0.553182937 -1.443323290 0.344609557 -1.322955059 0.834950049 1.394400662 -0.341091754 0.641748120 -0.240011276 -0.158888013 -0.883904308 0.671798077
17.393557284 -23.584535515 24.168925870 0.647109492 -0.160714880 -0.528782162 0.525175645 1.113018329 0.717566770 0.250675381 1.384458571 -0.473612392 -0.124830666 0.095211282 0.005234106 -2.146207844 1.875443917 0.183026261 -1.721633014 -0.768266529 0.545409952 0.182308872 0.096865089 1.568400514 -2.150216747 1.650933864 1.233613371
6.615939795 -16.674507881 28.354389310 0.520166218 -0.551723201 0.183534137 -0.625574804 1.018972371 -0.262028409 -1.220529844 0.153388253 -1.219500063 0.143236213 0.802720069 -0.125957394 0.488466330 0.090959842 -1.729456686 -0.550242956 0.655758849 0.046465210 0.656033591 1.021033467 -1.025508249 0.231931353 -0.799103224 -2.894532510
20.140333059 -19.274658491 24.407724666 -0.910485563 -0.331867248 -0.082034680 0.232702557 -0.088051542 0.603730332 0.757044564 -0.059371903 -0.212789828 1.136383247 0.236096370 0.550372332 2.546763776 2.014857381 0.598069802 1.010391436 0.660342180 1.318387215 -0.805001041 -1.408234877 0.317208107 0.007213709 0.523567223 -0.892194400
20.083340436 -21.377710843 19.319277912 0.941341055 -0.288592744 -0.014298437 -0.174318104 0.822001738 0.248440205 -0.239561488 0.018620783 0.677115088 -0.343893369 1.317801775 0.320929933 0.862169425 -0.239226316 -0.666160817 0.946195799 -0.974518171 0.189906850 -0.482097665 0.171126461 0.351245934 -1.004053077 -0.423443621 -0.853443855
20.579252475 -9.836810344 22.540809685 -0.504025559 0.033096554 0.861330890 -0.054515618 1.885149006 -1.378308387 -0.263109684 0.335772807 -0.637322386 1.250335484 0.126274734 0.195025890 -0.225074793 0.234635267 0.659658305 -0.347495943 0.424578318 -2.357729713 0.821092788 0.895263438 -0.760221743 -0.899930440 -0.618508924 0.313524096
17.234650274 -9.332056260 30.639051111 0.091478957 0.020594975 0.401537719 -0.911029587 -1.284848093 -0.946176830 -1.686637224 -0.607310285 -0.442975493 0.089301090 1.346518428 -0.061133329 2.047414274 -0.490900949 0.613817622 -0.032664086 -2.258595514 -1.498354334 3.138645750 2.372634924 0.457047627 -1.149020653 0.946456718 0.229100555
6.956205172 -16.414361300 31.753915214 -0.230219066 -0.181197549 -0.951475062 -0.094137327 -0.411747321 0.503671666 0.421822977 -0.355367985 0.524006365 -0.332226694 1.231369813 0.419430419 0.720690663 -0.881222634 0.269191786 -0.398422763 -0.778635707 -0.251833524 1.130962948 0.745207374 -0.187927335 0.245048606 0.342302660 -0.069398906
18.720374265 -19.250549889 26.028317167 -0.847712269 -0.398143864 -0.060652796 -0.345234139 1.022280924 -0.220722277 0.855554564 -0.942590466 -0.903942302 -0.049069184 1.988980772 1.695805289 1.029883430 -1.163359554 1.576504620 -0.815610882 0.704775963 -1.457402799 0.991577081 -0.629845962 1.977645029 -1.921739215 -1.263506577 0.975890566
9.436689726 -14.423042540 25.680186255 0.468742837 -0.453096589 -0.735215166 -0.185586349 0.174533860 -0.029095742 -1.192800654 0.442262896 0.884729233 3.253253267 -0.939707576 0.259911424 3.297657860 -1.481188768 0.944852331 0.402087100 1.566855566 -0.722618856 -1.172392598 -1.662590445 0.565555020 0.010193822 0.223915273 -0.687589746
15.808860210 -15.881022349 20.699600148 0.893647410 -0.418008670 -0.103746602 -0.126094018 -0.915175929 -0.311260812 0.951283346 0.680624998 -0.281535417 -0.128718587 -0.431028306 0.992253238 -1.028199942 -0.015114112 0.577131923 -0.205711658 0.506569484 -0.247920301 -0.659007461 -0.406024618 -0.664089496 -0.709668315 -0.961680963 0.848788912
7.761930243 -20.430957813 22.811035273 0.230350177 0.020999286 -0.585323355 -0.777106425 -1.032229171 -0.997717071 1.115277811 0.720689778 -0.520696003 0.923206391 0.280641266 1.626301906 -0.391691503 0.025950779 0.106143967 -0.462488036 0.001206880 0.680622995 -0.116050640 0.271289313 -1.149984573 0.535444549 0.415108238 0.221956463
6.024499634 -17.718389610 22.880958908 0.576240819 0.279784992 0.764054493 -0.076730756 -0.799981428 -0.102730979 -2.395206025 1.007638089 -0.604462205 0.457869573 -0.606303663 1.206933283 1.631785353 0.434747963 -0.280324330 -0.620197172 -0.859299706 -1.280104612 1.027756417 -0.558081027 0.291956252 0.497910087 -0.792134990 0.398975002
8.823191935 -9.981291944 23.144748669 0.336829054 -0.088513350 -0.380108297 -0.856871786 1.001510791 -0.025891974 1.041062377 2.512939130 -0.363615894 0.687293642 1.645001651 0.582997407 -0.417986452 -0.078243105 -0.687516694 0.242021584 -0.284619562 -1.022355461 0.794836131 1.282961912 0.691745644 -0.130039965 0.139832787 1.342139868
14.043997305 -19.990653413 18.593534073 0.278454829 0.667344951 -0.319070382 0.612623633 -0.489153541 0.967534664 0.635359428 -0.712017439 -2.106613900 -2.433534511 1.586110054 0.856423746 0.852332875 0.902541617 1.099977357 -0.140581397 0.974814382 0.827730842 3.068625319 0.202522485 0.471127302 -2.842938151 -0.702270259 -0.157947535
21.331218377 -18.268792656 27.590922225 0.284731085 -0.348762535 0.600322315 0.660988670 -0.966730239 -1.988484967 2.452367412 0.927612506 -0.553568109 0.346646985 0.525697927 0.381981220 1.433593771 -1.425319763 1.058064197 0.322010100 2.881814411 -0.020008732 -0.470526335 -0.124083266 -0.150136603 -1.206229354 1.235747066 0.025673484
14.387709393 -22.837570015 20.998564848 0.162581515 -0.370568316 -0.879123739 0.251769389 0.789864158 1.178281966 0.574678574 1.057305462 -0.935906485 -0.190719505 -0.035537633 0.502395647 -0.609140739 -0.307236351 2.229233514 -0.274132732 0.861455961 -0.496362759 -0.172775148 -1.914863543 0.095365879 2.618083301 1.557082854 0.657967400
10.505719362 -14.534884242 22.573649800 0.286914257 -0.497494770 0.818546243 0.012696883 -1.450351551 0.630662681 -0.948413992 -0.298514454 -0.367903351 0.210937056 1.589882942 -0.178914656 -0.021580311 -0.928557136 -0.412137302 0.402678330 0.606409807 -0.962328273 -2.227424965 -0.680497668 -2.160299255 -1.502176124 -0.991175561 0.279958828
9.503430311 -14.048503733 33.311218493 -0.046064485 0.721096309 -0.447672318 0.526770987 -0.967182310 -0.276024566 -1.260218281 0.255997705 1.339796602 0.530764978 -0.364253227 -1.965893877 -0.596501137 -0.050657331 2.035811047 -0.881924263 1.001796348 0.069785402 0.605794101 -0.179590681 0.959274344 -0.189631345 0.233760633 -0.187078642
17.108334342 -22.385679365 25.005375077 -0.178840420 0.525211096 0.369391326 0.745465933 -0.957154996 -0.452527724 0.134721674 0.208023612 1.041003886 0.106868336 0.019694593 -0.818005463 -0.781102315 -1.300691692 -0.154436955 -0.392960971 0.229079447 -0.334834740 0.948757109 1.349424111 0.497010992 -0.547916600 -0.383802273 0.547456134
6.478986341 -19.537913028 21.519683456 0.269711236 0.076826631 -0.792170981 0.542050417 0.965658769 0.135838404 2.213255460 -0.339725315 0.054215931 1.090096939 -0.958028577 0.191967001 -0.687956039 1.186144810 -1.341684500 -0.897673023 -0.610545235 2.460281703 -0.115011882 -1.144985961 0.642373105 0.668528387 -0.915216775 0.904738827
4.498045579 -14.604033065 23.557506456 -0.454348820 0.412885426 0.507109892 0.604923410 0.350037734 1.246380048 0.251276826 -0.077120360 0.174177459 0.758450932 -0.447858480 1.494294404 -0.243332704 -0.531632083 0.753478466 -2.001411126 0.169763929 1.334373321 -1.385561771 -0.048505166 1.229585682 -0.520678709 -1.001902847 -0.377011948
7.310386926 -14.691881491 24.263117639 0.496963409 -0.822605295 0.264313013 0.080538997 0.488248527 -0.628186917 0.865665826 1.064301816 -0.036410140 0.314675198 0.325492758 1.882414369 -0.147982295 1.427631730 -1.333330376 -0.889983452 -0.281164694 1.190227712 0.556736681 -0.905994825 -0.189486021 -0.534399348 -0.370080674 -0.286020013
19.429422086 -14.325552959 30.538998518 -0.727716722 -0.113559622 -0.676178828 -0.017742002 0.141432221 -0.025940545 1.492236336 0.915123754 0.613980315 -1.582024941 -0.776065510 0.012172019 0.958842499 0.241980905 -1.070409985 1.352580675 1.638437880 1.996984106 0.050223905 0.015766232 -2.534073301 0.418373816 -1.687826056 0.370512170
9.914452757 -15.091471999 26.834642870 -0.762780159 -0.012236582 0.544271079 0.348978061 -0.552715144 1.798149346 1.169841191 0.098850400 -0.008322730 0.153223760 0.504339816 0.509062886 -0.269766247 -0.821146963 0.116212812 1.096769961 0.342076475 1.506121661 1.350421671 -0.992637929 0.104888797 0.593448620 -0.069505701 1.336819363
9.680879736 -17.343238677 30.570873497 0.687816999 0.305798392 0.152738063 0.640364118 -0.969455995 0.869585013 0.412224889 -0.684948759 0.882240485 0.002962996 0.556418018 0.557805067 -0.443960884 -0.515917370 0.794677435 0.917344956 0.298946713 0.849392512 1.248148990 -0.177522399 -0.784592998 0.430769278 -1.777476382 1.529729158
8.514662552 -12.979353588 31.674746023 -0.365701598 0.610620079 0.608985727 -0.350059772 -0.139719759 -0.196097463 -1.553125459 0.846680592 -0.590621025 0.163355787 -1.215845805 0.174822422 0.918146710 0.016664673 1.329808811 0.558764486 1.453658713 -1.546628562 -0.843744994 0.818133225 1.778024958 0.612986651 -0.325361803 1.607412243
15.990089748 -18.623154104 28.165949163 -0.603190598 0.179751549 0.255939683 -0.733720221 1.732570658 -0.936881183 -0.290433804 -0.147756410 0.173966949 -1.291719499 0.761475738 0.987905115 0.721606779 0.719513508 0.104832712 -0.203733858 -0.579491497 -0.500448208 -0.470488856 -1.053801137 -2.568816429 0.647801788 0.858515194 0.403342258
12.364539882 -19.586478518 31.663290356 0.459943403 -0.787460181 -0.406835988 -0.053319865 -1.771576683 -0.298064981 -0.397917265 -0.384508951 -1.193950852 2.033921369 -0.695963536 -0.169034973 -0.801728103 0.491737243 1.055193997 0.690727445 -0.552979277 -0.389694795 1.758227784 -0.446864744 0.222918819 1.065936718 0.611651584 -0.083632478
21.874326489 -16.456393873 29.779443225 0.299756471 0.306711536 0.023542467 -0.903061374 1.125858321 -1.416641257 1.459253098 0.346205253 -0.078338093 0.770152353 0.927228708 -0.721452314 -0.347802951 0.979470249 -1.091157725 -1.280656639 -1.097018115 0.022092858 1.105355783 -0.190202260 0.071704859 0.503694045 0.473529539 0.735040486
16.827438319 -9.895318905 18.926849326 0.231549502 -0.500605285 -0.071322129 0.831079016 -0.706214468 1.830231319 0.132696405 -0.199720936 0.019667371 -0.468122197 -2.060220897 -0.331038948 -1.342562528 0.981163862 -0.978795826 -1.728026398 1.467572540 -0.051140467 1.345394650 0.510054764 0.591675573 -0.005601827 -1.040275993 1.093821268
6.775111255 -10.983199355 25.755051576 0.618281957 0.205145536 0.758642197 0.010234607 0.673233518 0.447559959 0.431045104 0.745654651 0.578433729 -0.499871410 -0.181466057 -1.635694607 0.963496184 -0.601963450 -1.411733555 -0.241192996 -0.070388058 0.962556422 0.426143899 0.819892426 -0.691350279 0.035335900 -1.299070789 -0.261231591
10.644746036 -12.596528463 29.586795062 0.585282790 -0.162404548 -0.000656094 -0.794398130 0.227773260 0.190545149 -0.086441566 0.645951103 -1.359811225 0.055905630 1.686707831 -0.849555911 0.208082325 1.008362289 1.010319910 -1.089806751 0.093812001 0.244122274 1.610935547 -0.635986474 0.312082782 -0.835380117 1.101064196 -1.868784624
21.149316349 -13.629252533 19.435520380 0.627420303 0.384046855 -0.188845029 0.650530039 1.314092568 -1.576538012 -1.157399288 1.076477831 -0.787642313 -0.111653992 -1.506857403 1.347187441 1.375358483 -0.742241297 0.090506935 0.993935840 2.691903116 1.910160742 0.822551273 0.126240925 0.124175799 -0.237688414 -0.680263271 -0.962244437
13.903461538 -7.405979518 21.802634322 0.832433864 -0.549927989 0.014549834 -0.066493393 -0.214731563 1.635335130 -0.176372877 0.718962852 1.012923118 0.421950806 -0.120177642 0.541127037 0.968979330 0.275124055 0.745300956 -0.181608910 0.048333000 1.128071244 -0.025412969 1.039639327 1.235481163 0.277130745 -0.151092715 -0.348556900
12.575848339 -16.741055733 16.424743610 -0.280516865 0.366632473 -0.731453052 0.501863877 0.751702080 1.059044984 -0.281487146 -0.115993435 0.499393104 0.353667617 0.707074976 -0.591221987 -1.167545209 -0.142391660 0.226971134 0.006004429 -0.280732200 0.404686974 0.367503536 -0.881397696 -0.687894775 1.556980783 1.584947700 -0.813967929
14.383321257 -20.116901424 29.287567933 -0.338929828 -0.875233725 -0.337924189 0.069998148 1.076412878 -2.649207096 -2.671106636 1.707551587 -0.297866600 1.065516845 0.872562398 0.844393921 -0.541330481 -0.831745580 -2.361839136 -1.315038224 1.181312663 -0.202144223 -1.075832666 0.027897122 1.684268808 0.522302957 0.815933532 -0.671369031
7.288048516 -16.917737130 23.608154945 0.644801090 0.073188586 0.650981896 0.393824271 1.114591145 -0.460992362 1.596445854 1.223065236 -0.677952341 1.619803547 2.350733030 -0.804187713 -0.826396436 0.839514851 1.788878415 0.479764180 -0.483981379 2.065928077 0.536634699 -0.096958344 -0.169299378 -0.226935832 -0.791032832 0.926678972
11.649994236 -14.185008689 27.352235544 0.729782694 0.022210093 0.394568817 -0.557888322 0.633126267 -0.392943994 -0.760003896 0.363324185 -0.445606189 -1.972575702 0.611737377 1.585756817 -1.258220099 -2.320251391 1.675064243 -0.452507044 0.814277152 0.299995475 1.308869618 -0.763609059 -1.919286942 0.557301770 0.600549923 -1.420879995
15.163636743 -24.784193970 22.041780747 0.595750262 -0.655501402 0.386931500 -0.256288027 0.028524978 0.049573705 -1.731881129 -0.732624814 1.150529912 0.461017630 1.099530755 0.480986123 -0.626867310 -0.114966280 0.482173214 -1.401298842 0.948779184 2.357609055 -0.033911622 1.711191369 2.175685952 0.377058932 0.476896496 0.084872725
18.981503048 -21.097720597 23.074149534 -0.241594461 0.670399645 -0.316518380 0.626109054 -1.119533705 0.570050197 -0.089605892 1.537812923 0.386216299 0.944469837 -0.607842811 -0.311261828 -0.216494252 -0.995537614 -0.337583707 -0.032133911 -0.388177552 0.687686851 0.030785945 0.467686450 -0.105977075 -0.428316524 -0.423779216 0.035264937
16.060060930 -21.920089494 21.835694176 -0.042650216 -0.119734583 0.902735466 0.410990593 0.545363510 -0.043124781 -0.336688358 -1.274375672 -1.246134365 -0.970372670 -0.681496592 0.156622274 -0.076480547 0.131326993 0.792631956 -1.580557342 0.653811295 0.150646937 -0.013443104 0.063209556 1.892343641 -1.043822632 0.519661618 -1.070145357
8.478415232 -19.301534381 19.819989854 0.179592063 0.174935955 0.489274503 -0.835317044 -1.415363856 -0.397485514 0.891027706 0.601861231 -0.321092434 -1.309234984 -0.154802551 -0.600389678 1.897641398 -0.226727428 -0.462644313 -0.378927124 0.786284742 0.610962714 -1.706589976 0.653209116 -0.029200682 0.429885799 -1.185178648 -0.204617344
18.759615880 -21.158848417 20.756145491 0.059067826 0.671966508 -0.289185134 0.679223058 -0.343912779 0.186403399 0.157775629 0.045033939 1.408996507 0.527179799 -1.122967736 1.032168030 0.175464170 -0.471964959 0.318102349 1.763230524 1.933846680 0.871158654 -0.599286724 -0.081521622 -1.055795434 1.499358339 -2.529580863 -0.445389106
13.608641791 -20.783373949 20.975444952 -0.124508514 0.521781261 -0.556992073 0.634036100 0.467820477 -0.026589772 0.778154053 1.043985917 0.552681361 0.139976269 -1.659784211 0.693123216 0.806884662 1.341651686 0.112527000 -2.156770183 0.787219270 0.330352583 -0.948881487 1.362224637 0.954676963 -0.770256030 0.823395577 0.394780397
10.652253548 -16.195848274 18.125798000 0.319058757 0.167536943 -0.932356147 -0.029067109 -0.923653131 -1.159389726 -0.155840941 -0.396490490 -0.430826167 -1.540746964 0.512064786 -0.408581516 0.227335794 1.253506615 -2.021805149 0.374106250 -0.100595932 1.868256520 1.588229930 -0.826112732 -1.512469859 -0.432937602 -0.967586091 -0.914616982
19.494081918 -14.960779606 24.639803067 -0.729718339 0.616372118 -0.287496560 -0.070301396 0.477006941 -1.327890924 0.128104833 0.523597440 -0.441388215 -0.415186265 -0.319192850 1.302333081 -1.195535017 -0.940647560 1.079886833 -0.564810598 -1.167149677 1.391688610 1.323139539 0.514518901 0.446951888 -1.372556523 1.200103285 0.708153434
6.203937793 -14.774413319 27.371186513 0.016580030 -0.975456125 -0.065004634 0.209725651 0.303181864 -1.577177901 0.757374003 0.136881912 1.532614365 1.415097679 0.045429232 -0.451709051 0.196387367 0.277520002 0.364205938 0.641895521 -0.542240010 1.133399938 -0.764182975 -0.261050244 -0.850172001 0.662888765 -0.508066792 -0.056365159
17.634710062 -12.720540408 20.522086207 -0.358130056 0.070853497 0.879861602 -0.304246948 -2.279816515 -0.869263562 -0.861317007 0.254728330 -0.478992932 0.334604099 -0.485042252 -0.684792670 -1.054118528 0.500931245 0.853041650 0.273172272 -1.139652918 -0.066327228 -0.763453629 0.247279242 -0.212790967 -0.495375041 0.707510210 0.224106103
20.849742510 -17.522874332 21.054411925 0.096956380 -0.362629445 0.768402452 0.518321346 -1.393186539 1.556481421 0.400451927 -2.322015469 0.855188756 -1.427248030 0.694022485 0.955319933 -0.393761444 -0.103384281 -0.683580526 -0.440239317 -0.750122627 1.826218967 0.344391494 1.265629107 1.055075700 0.749984004 -0.174092975 -0.023911574
15.584396397 -7.729170789 22.782770869 -0.464884522 0.509087774 0.482813266 -0.540003121 1.104691501 0.124976912 -0.418247088 -0.058042851 -0.522420476 -0.047136241 -0.043377545 -0.878552561 -0.943438070 0.222283659 -0.720195217 -0.191347930 -0.908522555 0.668141151 0.279657178 -1.098677801 -1.100621281 1.838433065 -0.898317625 1.537695852
4.248231558 -13.280194754 22.402659443 -0.291248910 0.689058389 0.648227346 0.142034917 -0.839132095 0.030637994 1.814637294 0.429715996 0.842878481 0.486397972 -1.769485090 -0.986971018 0.145823821 -1.789471858 -0.431651702 -1.385527196 0.365529542 -0.234734669 1.695539705 0.629410773 1.789436517 -0.303311655 0.145633997 0.210306364
9.067036721 -12.416970033 26.304596622 -0.269199353 -0.055577448 -0.341986972 -0.898603231 -0.024327350 -0.060417557 0.311027700 -1.020447763 -0.515095488 -0.272410540 -0.854059002 -0.988680740 0.199416957 -1.996844289 0.268071671 -1.443742859 -0.891033506 -1.330985910 -0.464065191 1.240283494 0.569452003 -1.801573084 0.801954092 0.239782616
10.101285784 -20.062378564 19.669856705 -0.387533084 0.144153004 -0.909795387 -0.036199074 0.629747208 -0.104030091 -0.467703099 -0.362731530 1.905898085 -0.964628618 0.410637859 -1.375581761 -0.765212387 -0.360343893 -2.073996905 -0.018483742 -0.807810958 -0.165668154 -0.070574232 -1.611823327 -0.053837917 0.270598591 1.449049520 -0.652005780
7.895331904 -16.440193932 31.135718201 -0.043316627 0.840160731 -0.071788835 0.535817113 -1.017739198 -0.257048426 0.134732195 1.637786419 1.183655927 -0.981344015 -2.255009508 -0.367297770 0.385284151 -1.749545122 -1.689919262 0.096540246 -0.095785252 0.394138283 -0.520361661 -0.185458904 0.075638036 1.146513104 -0.593699011 0.186241613
14.949955378 -11.012449662 19.986465306 -0.928160161 0.057454004 0.053345315 -0.363829672 1.053443430 -1.220623333 0.183081955 1.444836074 1.229178417 1.351654259 -0.405167966 -0.726862238 -0.814903056 0.894545133 1.232751891 -0.505154103 0.685774209 -0.174991212 -0.904567615 -0.622063822 1.305684863 -1.247016905 -1.795223038 -0.604812074
8.054875355 -9.090033563 27.980521724 -0.894822625 -0.443539132 -0.046339479 -0.020449004 -0.211632548 -0.163571597 -1.238054198 1.216237176 -0.393248665 0.383927172 -0.877498810 -0.366078616 -0.513681822 0.254442109 -1.753826589 0.798740766 0.623064018 0.335606556 -0.384747756 2.449933518 1.072751171 2.093381549 0.025891835 -1.147791257
15.278603306 -15.985973207 15.220250354 -0.021815175 -0.211159823 0.908422261 -0.360145279 -0.964906707 -0.381714430 -1.083544917 -0.291060980 -0.610577450 0.512298822 0.385128727 0.813407961 -0.636984915 0.615982447 0.041994504 0.022468762 -0.310962156 0.507030591 1.268850589 0.194183949 0.571566438 -0.228137762 1.033624632 0.186262040
10.624584772 -11.998389159 24.575061043 -0.301124157 0.091603137 -0.151341447 -0.937031949 0.577217089 0.278467954 1.364935404 1.877517626 0.881899696 -0.429091756 -0.000919898 0.074500877 0.023911925 0.765522497 -1.653335441 1.216188927 1.265774862 0.771476135 0.478050972 -1.291040753 -2.425244933 -2.080784612 -0.123389296 0.371746562
9.862807368 -19.096410779 15.946257515 0.554723313 0.460489328 0.216733360 0.658223575 -1.374117476 -3.659955283 -0.837994393 -0.299167335 0.618624236 -0.132056170 -0.575292421 -1.111127635 -0.367539769 -1.322539757 0.849587883 1.833700569 -1.155023274 -0.649886566 0.834724338 0.751536776 1.551593211 0.285162086 2.165843412 -0.317976747
8.758617411 -11.947996803 18.111784826 -0.232601718 -0.164937816 -0.728775296 -0.622558050 -0.734814581 1.208891148 -0.912045261 0.620728906 1.874360141 -0.778383587 0.325938433 -0.892308149 -0.816840928 0.695528511 0.822547633 0.582247977 -0.623565220 0.312474027 0.394061180 -0.149119734 0.234209250 -1.463422305 0.992200372 -0.420999906
7.330445541 -19.857483908 18.638859508 -0.833129609 -0.338042354 0.434224608 0.055420324 -0.512812968 -0.554701178 -0.520490766 -1.454310058 1.541525072 -2.212669326 -0.914768326 -1.172596365 -0.746734471 1.713939979 -2.417807725 -0.044786057 0.898692654 0.021439933 -2.466852448 0.544964005 1.050482388 0.644302679 0.442211775 -1.687360742
10.087886108 -9.551407592 26.245313980 0.697294157 -0.616173063 0.067190788 -0.359995853 0.920110717 0.566067709 -0.782524885 0.602208305 -0.570036210 1.185036667 -1.003538928 -1.800157405 -0.350573761 0.339002416 -0.240822797 1.801660706 0.044741468 -1.006220468 -1.243852141 1.721546101 0.764702467 0.690838520 -1.034201001 0.385628039
13.077890908 -18.946612417 24.696672435 0.212142690 0.432056264 -0.838784141 0.254487778 0.752513556 1.257122199 0.308211752 0.234822905 0.950420578 0.036698799 0.387375382 -0.719903416 -1.655590836 0.358067720 -0.366441653 0.323201740 -2.572110139 0.041799558 1.231032195 0.465940101 0.680437468 0.319008142 -1.069517905 1.219567521
9.765374591 -12.876951660 26.769754504 0.448574717 0.376896082 -0.021939546 0.810091799 0.420249358 0.251806957 -0.800077927 -0.842382712 -0.460679475 -2.435544090 1.061530298 0.823550658 -0.300608497 -1.457540960 -2.223015994 -0.607799165 0.019375675 0.842190679 0.063389839 -0.242731159 1.009692082 -0.965973262 -1.839973306 0.948037577
12.075639780 -13.182199029 21.305993774 0.459018551 -0.063911413 -0.670893472 -0.578894852 0.283528341 0.592296738 0.660468782 -0.690477474 0.105238373 1.472631233 -0.245348978 0.969542266 -0.960084604 0.355374312 0.404303146 0.123852205 -1.078411874 0.762888630 -1.194602365 0.633533906 1.057131903 -0.199599776 -0.269832298 -1.240940967
8.506410821 -13.004262779 19.494595223 -0.333101405 0.724621281 -0.088097805 -0.596830152 -1.303449427 1.751169517 -0.746600441 -0.477941064 0.303681514 0.631812903 0.975869836 -0.212931010 0.566563885 -1.381143114 -0.771431739 0.275532698 0.515441539 0.129669219 0.314789040 -0.176599737 -0.616367747 -0.403782486 -0.491624092 -0.711102945
14.377439175 -12.577253903 28.329705973 -0.742202637 -0.090353965 -0.483497943 -0.455193525 1.769815240 0.381436481 -0.847294575 1.641258300 -2.017934864 0.843300724 -0.591243498 -0.815961768 -0.906295257 -1.018855393 0.659799715 -0.331914535 -1.378898509 -1.679832211 -1.961459434 -0.606641015 -0.687899066 1.858850908 -1.781241037 0.055207940
6.123813814 -17.044970043 25.804480757 -0.583291015 0.105084591 -0.490180730 0.639102239 -1.582517123 0.290797833 -0.262722549 1.150096968 -0.437843001 -0.079149807 -0.381414485 1.321276539 -0.053544971 1.919741019 0.458648055 0.132225775 0.486988715 -0.296034280 -0.081397741 0.836025948 -0.577396947 -0.085401760 -1.171623844 1.579607313
11.336762845 -23.681966330 24.543342529 0.276863325 -0.282733823 0.649205205 0.649569770 1.304456630 -1.844343608 1.292401395 1.499698675 1.138144894 -0.907827481 0.791213646 -2.880618193 -1.327976903 0.584680132 -0.293850291 1.075702861 1.093396766 0.075428522 -0.222570334 -0.088110323 -0.888688099 0.405204829 1.210472578 0.079918744
16.401078512 -24.680701614 26.503763347 0.986567874 0.056911382 -0.099177806 0.116656282 1.039012631 -0.367258832 -0.592501329 0.450397305 1.511922518 0.228641937 0.919466024 0.527413206 0.312254721 -1.989881118 0.292212207 1.451279821 0.780049846 -1.935768338 -0.761881617 -1.420855731 -1.002838265 0.043186652 0.641226656 -1.594359335
12.992736773 -9.455018134 28.849197739 -0.013906405 -0.830923762 -0.429660935 0.353219189 1.085273801 0.166623619 0.164573387 0.349852459 -2.265633771 0.927244403 0.730267519 -0.452409733 -1.591543323 0.599791456 -1.881055546 -0.109753284 -1.019483173 0.571207990 0.046098360 0.075453812 0.081911045 -0.955323393 0.565325326 0.897046844
20.755883012 -12.351625612 29.714613013 0.663250919 -0.201268801 -0.143912707 -0.706313118 0.368016451 -0.407356399 0.306321425 -0.746761022 -0.139633507 -0.792779924 -0.210180822 1.012166989 -0.596911611 -0.311772527 -1.175891680 -1.970817828 1.142890902 -0.189451376 1.925816945 0.074260397 -1.477333516 0.535777758 -0.197816042 -0.593301270
15.120503493 -20.350637328 22.250836860 -0.267607850 0.864944206 0.141937342 0.400139163 -1.080205720 1.015837371 -0.100281357 -0.263072671 -0.477124573 0.916330169 -0.194983042 1.682496609 -0.887212166 1.213871672 -0.402568416 0.610054077 0.601515178 -0.292360360 -1.128314606 0.292640621 0.492514378 -0.173293888 1.446038817 0.626002133
7.541870400 -20.072820110 30.696537409 0.303297376 0.332462194 -0.305228907 -0.839234714 0.699451617 -0.390912426 -0.423353230 0.254373877 -0.904474437 0.113682517 -0.333837608 1.222329066 -0.925165222 1.966237646 2.152140881 1.411246393 -0.546924196 1.035494940 -0.559514708 -0.778380918 0.850648428 -2.208820232 0.148365476 0.678175148
20.239918428 -14.468328749 22.230270596 0.659380190 0.422811760 -0.331927973 -0.525615640 0.604786687 0.485078133 0.493573947 -0.366826223 -0.518613150 -1.278705009 -0.847947633 1.998125432 -1.806982236 -0.247559941 0.616999036 0.082168293 0.124944825 -0.052555785 -1.679846433 0.890845600 -0.227610471 -0.231397099 1.790077550 -2.434714624
13.729586936 -17.935488485 31.995691582 -0.459011349 -0.611422812 0.639603258 0.079864881 -0.299692387 1.061706032 0.464907849 0.037147532 -2.119509623 -0.430621627 -1.068394777 -0.259152780 0.372477591 1.278721087 -1.735459814 0.145021471 0.931638589 0.208524167 -1.917359293 0.022075908 -0.339832152 0.003074066 0.122754575 1.437071766
14.741618894 -17.701685075 32.916396775 0.545648532 -0.488081709 0.321905629 0.600350473 1.819801964 -1.032497037 0.250202412 2.537593607 -0.117557309 -1.069174595 -1.454370582 -0.655018172 -0.551433234 0.140072846 -0.178948996 0.318428992 -1.243856332 -1.129560970 0.638789513 0.026973193 -0.123839231 0.913884852 0.438003761 -0.423741887
14.410748415 -15.277213790 33.512153091 0.091330695 -0.942240289 -0.071081256 -0.314307806 0.788813617 1.655320814 -1.915203421 0.708477751 0.544284132 1.154213729 1.151371166 -1.368128471 -1.329002268 -0.024808416 -0.267128937 0.482513231 -0.123936420 2.119225747 0.443459737 0.285552414 -1.207161000 0.476447242 -0.824297197 -2.707536069
16.449622574 -21.371865289 17.326376333 -0.837818194 0.520095000 -0.159677389 0.045442231 0.540238187 0.157860570 -1.356081737 1.419976682 0.074958779 0.521585161 -0.623664598 -0.855990846 -2.141005515 0.048067490 1.679108613 0.262755747 -0.828871977 0.431404449 0.629391540 0.233934769 0.778277854 3.091230237 0.254951560 0.308407393
18.663791817 -10.330747525 24.266667851 0.186290737 -0.325620108 -0.608529793 -0.699255888 0.855262452 0.657832911 0.207505880 1.348825049 -1.003075677 -0.982787628 1.351486820 -0.437770295 -0.828800157 -0.086995631 -1.200064334 0.815160971 1.174781986 -0.342875402 1.841519267 0.076621003 -1.015133416 0.685329634 0.619661830 -0.281808496
7.553527164 -23.849815636 22.338284022 0.185359542 0.332689399 -0.829242816 -0.409042731 -1.046983961 0.355821933 0.215197758 1.224927288 -1.337501503 -0.857175657 -2.108633098 -0.018029375 0.073697230 1.006104830 1.875024000 1.180932746 -1.872302992 0.153119416 -0.211521118 -1.992121967 -0.070213434 -0.250576813 0.491911870 1.299826095
21.472481649 -12.196148220 23.793509538 0.214813547 -0.494644334 -0.840169771 0.057418446 1.114526123 0.181010430 0.296811768 2.088906844 0.976045854 0.617474646 0.547457806 -0.515733630 -1.693522613 -0.302795229 -0.005174846 0.357116841 0.394916297 -0.109196180 -0.674564980 -1.291930494 -0.128498999 1.411735467 1.172792351 -0.455128770
14.793633771 -17.932698138 17.767401814 0.611387672 -0.640396886 -0.115511176 0.450282258 0.571443712 -0.183232972 0.212856722 0.542030774 1.559332277 -0.447231397 -0.463272098 0.081002836 0.188864597 0.362965817 0.328802880 1.425298221 -0.629952482 0.054875768 -0.382598636 -2.012989641 1.270236620 0.962769055 1.115477775 -1.179246517
15.912269007 -11.950802304 16.231090584 0.048499759 -0.137380936 -0.963397002 0.225034373 0.556346810 0.427935422 -0.771654361 -1.018225931 1.432011904 -0.017190391 1.156203992 1.328846205 0.037342157 0.249050360 -0.330135969 0.079338258 -0.860729728 -0.421208166 -0.012036843 0.404282530 1.309259244 -0.061352457 -0.343598317 1.371367407
18.458957419 -20.198487067 28.235429935 0.153545939 0.790397884 0.190739822 -0.561527515 0.509734930 1.057478353 0.668910607 -0.176660390 0.989774268 0.754089683 -1.770229688 -0.128707478 -0.333640382 0.407820574 0.409923092 1.187371598 0.408549958 1.217678316 -1.666385070 0.741511422 -1.974140627 1.334098214 -0.943658104 0.378799273
16.586086427 -21.017249234 21.917857530 -0.635007557 0.515617661 0.017032817 0.574990185 1.526235765 1.314639163 1.872892728 0.882363534 0.754170645 -0.033580018 -0.460852356 -1.304092392 2.239710278 2.744669199 -0.701936610 -1.438329159 -0.707769439 -0.177257480 -0.545510933 0.386230184 0.955624495 0.140589309 -0.001621786 1.293276569
9.650501472 -19.992570272 24.410766518 0.055772327 -0.366734074 -0.062786224 -0.926527634 -0.765873194 2.756368617 -1.206508572 1.672237424 0.286828015 2.453782318 1.636757621 -0.063641161 0.713059676 -2.904735877 -0.119856410 0.118593235 0.297354412 0.716858702 0.705208648 -0.087117297 -2.262513270 -0.148578355 -1.296309803 0.718873495
10.914642764 -20.357753046 28.425074164 0.881416643 -0.246042779 -0.344258362 -0.209890047 2.177696817 -1.212765204 -0.808996410 -0.714187168 -0.194902842 -2.700709626 0.293177255 0.004898633 0.614385353 0.436052545 0.056787746 1.062460726 0.696825677 -2.527137568 0.448206087 -0.477448877 0.847236794 -0.016634076 1.052398370 -0.884552224
13.320988904 -17.554226867 23.661592986 0.581726445 -0.666055624 0.095469278 -0.457000946 -1.305628394 -0.765351926 -0.663088155 -1.205549153 1.203142500 0.435018082 -0.076851714 -0.253797185 -0.814988619 -0.968347115 1.184557765 0.161458108 0.135934225 -0.053901681 -1.450608165 0.105042221 0.087806443 0.822042726 0.294633707 0.392975103
12.185984215 -9.629343141 20.280710996 -0.291037251 0.116229071 -0.395334789 -0.863422565 1.174565017 0.316777874 1.237590739 0.754881626 -0.328391653 -0.387655481 -0.039178565 -1.449095780 -0.572376479 -0.696046866 -0.767687282 -1.104850170 1.877842475 0.341621218 -0.586233873 1.709265700 1.939541968 -1.219429200 -0.176739334 -0.075304835
11.064143490 -20.706513726 19.213493071 -0.108816746 -0.076712175 -0.836057986 -0.532241676 1.051714958 1.028984461 1.415941675 0.635736375 -0.856467739 1.132398870 -2.634425440 0.153753030 0.521985852 1.612379365 0.235999452 0.185833330 -1.552798902 -0.048006478 -0.627836672 -2.835236655 -0.121476657 -0.270971301 -0.134000713 -1.615904175
17.901183441 -21.711508231 28.615695676 -0.411008053 0.564677890 0.699805502 0.149945060 -0.552297709 -0.463899043 -0.096174351 -0.863236391 -0.765814661 -0.897855811 2.015704221 -0.532856707 0.289339471 0.088407151 -0.628119205 0.496204763 0.006184258 0.822894933 0.143174009 -0.463608139 -0.235852394 0.293645502 -0.077649129 -0.281315173
15.125167408 -15.212695866 26.174983575 -0.183219963 -0.086083758 -0.169526664 0.964510623 0.877915972 -1.003065511 0.004749890 0.574003571 2.294143593 -0.781995708 0.597452666 1.400235242 -1.750438816 -0.240698307 0.525869729 -1.720714987 -0.912800009 -0.223325033 0.241888333 -0.349697699 -0.682126694 0.289237229 0.379067753 0.479950517
20.456383367 -12.871518762 25.944944057 0.945981498 0.037264356 -0.062927681 -0.315864654 0.001286813 0.664489359 -0.227352114 -1.384005353 0.024312814 0.286293922 0.415718615 1.441274182 -1.386335059 0.345595358 0.593189194 0.472181787 -0.506110652 -0.416393903 -0.022887207 -0.992776377 1.075567667 -0.600324697 -0.898808101 0.223436986
14.213206418 -10.046042508 27.901750200 -0.782281126 0.070969521 -0.600798700 0.148460394 -0.968044610 -0.894775367 0.921563211 -0.903704952 -0.173261231 -0.006871131 0.668025355 1.199584595 0.848426592 1.383786818 -0.383707682 0.402327440 1.199638719 -0.154813621 -1.138657795 -1.089048585 1.542881337 0.511223684 0.624032989 -1.243434555
12.920876467 -10.685807241 22.321524691 0.702900795 -0.564237145 -0.375467878 -0.215848994 -0.348329460 -0.924865885 0.179599168 0.108407411 1.362783904 0.784870773 2.347431561 0.652204965 -0.257666790 0.916400934 -0.243322375 1.271045210 -1.421685074 1.520169918 1.495827953 0.236161107 0.063407467 0.500068666 0.887158720 -0.879181291
12.955585572 -22.445717864 25.492600868 -0.553828633 -0.079385489 -0.675884029 -0.479742189 0.413472204 -0.003055751 -0.032484130 0.005845479 0.821908978 -1.582585170 0.596191017 0.570619718 -1.933828307 -0.607288709 1.466175456 0.203082730 -0.329224173 -0.648972419 1.251064295 1.265962919 -0.693141529 -0.524691170 -0.611545405 0.533767028
16.241796490 -8.560232075 20.511881732 -0.135799111 0.750096191 -0.476055118 -0.438504082 0.699762221 0.182792941 0.489745614 -0.777346163 1.207709619 0.025726877 -0.029385215 -0.207209634 1.572941082 -1.139649556 -0.661780506 0.085643717 0.380077422 -0.213413918 -0.529368288 -1.538040974 -1.355401064 -0.459603927 0.879807122 -1.694153028
13.931042773 -18.149785111 17.137497233 0.549630914 0.545315225 0.543457636 0.324331561 -0.233159235 1.568523369 0.084337676 0.712959079 -1.997673989 -0.567307264 -1.380295131 0.741527060 -1.307760363 -0.150947102 -1.181134607 0.544522606 0.765508815 0.699890064 -1.564775064 0.273037204 -0.923146196 0.961578397 -0.197972708 -1.139317548
18.450716765 -13.571616958 17.219150087 0.342324445 0.163330123 0.845884199 -0.374989556 -0.735779918 -0.281327648 -0.288576303 1.112832751 -1.206477970 0.836538449 0.470024570 1.062468637 -0.468150773 -0.125806992 -0.176329583 -0.395947495 0.651027749 0.092183806 -0.329850483 -2.477226327 1.370083673 0.445975821 -2.153186159 -0.392611890
17.140874346 -16.572082458 33.201027706 0.457064493 -0.221552111 -0.180523836 0.842269468 -0.680926552 -1.186910662 0.152894151 0.414110357 -1.105419568 0.629358768 -0.497100855 1.031948934 -1.626679325 -1.321888770 1.598476698 1.107089792 -0.634687956 1.303365072 -1.067036306 -0.790000545 -1.197568411 -0.059096060 0.792577551 -1.757746627
4.695170138 -14.972415021 25.458768900 0.810990745 0.454512053 0.331199723 -0.161305759 0.869555478 1.534389712 -0.591700626 0.915454634 -1.078245942 0.520679848 0.121129412 -1.153456129 0.626196647 -1.224402633 0.363046911 0.379656360 -0.716910300 -0.252712752 -2.948968208 -1.407601212 0.278972156 -0.951963358 0.096932327 -0.790142195
13.769766116 -13.766895656 21.127362453 0.750506255 -0.603519536 0.258368958 0.075828839 -1.204279065 -2.387442813 0.231541785 -0.329790828 0.342959987 -0.503200001 0.718719671 0.197470409 0.020812659 1.548917737 1.184201092 0.605774992 -0.295101524 -0.057940872 -1.084822091 -0.662352619 0.772851405 -1.730233114 0.615380434 2.284062373
22.431860723 -15.139939272 21.231873599 0.135090096 0.828237961 0.542307180 -0.040932484 0.207709190 -0.148348280 0.088979916 0.318794553 -0.717177166 0.867017754 -0.020036618 1.465289576 0.637808910 1.480843776 -0.189567119 -0.088802467 -0.346046820 0.829511533 0.363372497 -0.562104312 0.334257515 -1.121113852 0.192080510 0.622336319
16.356592236 -23.011705259 20.957243652 0.329924064 -0.306591964 0.407344067 0.794494991 0.648016196 -0.812424761 -0.763330973 2.013077366 1.195406811 -1.693350955 2.389366008 -1.447680980 0.827599140 1.850979575 -0.625990770 0.954395806 -0.298424411 -1.824805209 -0.189430474 0.667409982 -0.114970021 -1.548285509 -0.536607659 -0.084650060
15.160778642 -9.076317619 30.319710911 0.688023813 -0.130672673 0.645102761 0.305598289 0.602954425 0.784460197 1.295613564 -0.706636973 -1.179594803 0.354665859 -0.275649935 -0.177383956 -0.605481296 0.727246031 0.652392653 -1.042150081 -1.218433984 0.570256208 0.417969928 0.310632403 -0.640079123 -0.515135611 -0.227633542 0.654441310
10.068576616 -15.818888425 27.485168545 -0.798635597 0.510049250 -0.309159349 0.080320877 0.296699180 0.727373217 -0.171685051 -0.275086195 -0.378973348 -0.035100029 -0.321303502 0.649594626 -0.512748674 -0.225265240 -0.790268704 -0.576335026 -0.327868047 0.038275541 1.454199622 0.664392173 0.335423918 -0.664033068 0.827616529 1.179244831
6.739243194 -14.678360913 21.375546736 0.097182754 -0.489642243 0.550150107 0.669433227 2.291339408 -0.794877523 0.523574260 1.672772717 0.563078506 -0.438979571 0.681277826 -0.718341623 0.795516392 0.324113480 0.006042979 1.041708854 -0.796463777 -1.984047191 -1.060677831 -2.109064726 1.258427125 -1.773277702 0.855632577 0.901136588
9.015861056 -20.657400353 21.904062499 -0.007835957 0.889897888 0.114494886 0.441487562 1.048256869 -0.122570580 0.404888685 -0.341368157 0.560558375 1.765330492 -1.140077733 0.123848838 0.936364519 1.465191901 -0.166299979 -0.318874699 0.047971893 0.350627919 2.479484207 -0.877124231 -0.408899033 0.441007743 0.112149976 2.198257464
12.564250099 -23.910198041 29.962419120 0.492004115 -0.483630126 0.135812648 0.711047661 -1.023656970 0.766221413 -0.737258001 0.632969258 -0.484011655 -0.277553906 0.582293493 0.066207195 0.962272427 -1.739649917 -0.274247076 0.929455886 0.373662167 -1.412568076 0.111974420 0.185271404 -0.335594408 0.906720304 0.415780932 0.116736470
8.886355705 -10.161962522 28.431607978 0.321100122 0.938430629 0.105734045 -0.071154610 -0.492768387 1.711703595 0.164713657 0.233315364 1.035375192 -0.202255231 -0.639170504 -0.286450322 -0.516621104 -1.425957130 1.435497015 0.271559135 -0.084847292 -0.420971999 0.016858115 0.327831904 0.339962510 0.399564882 -0.625968816 -0.143016677
10.325030383 -11.880982598 29.283890578 0.888781807 -0.444919386 0.082856101 0.072446567 -1.114612716 -0.480098235 -0.917199747 0.544637190 -0.061123627 0.773873918 1.160615793 -0.656062209 0.931250837 -0.663521764 -0.836542009 0.678973494 -0.278628467 -0.087343300 0.268839258 -0.732604223 0.071276476 0.733557637 0.212324988 -0.427593598
10.197077987 -8.579311993 26.219219775 -0.342831446 0.358300425 -0.758900879 0.422086320 0.029425449 1.818166183 0.822725119 0.259193205 -0.934373683 1.474368337 0.258200985 0.717391410 0.370496098 -1.200419791 1.906639432 0.181604486 1.346502276 1.050597116 -0.033991214 1.412036616 1.834352714 0.470212586 -0.401762913 0.526979554
18.375550671 -24.255657982 21.731928388 -0.560611050 0.752522121 0.344651847 -0.025314282 0.283644103 -2.328556409 -0.441509986 1.046014399 0.774167895 -1.048888572 0.430839539 -0.701398673 -0.537592653 0.204945894 -1.068701640 0.235201653 -0.259891396 0.461802701 0.119206676 0.161186292 0.323377530 -0.688257371 -0.179879473 0.387483247
13.008284324 -10.245616896 21.126604010 -0.731058391 0.216582429 0.630906505 -0.143536275 0.092204788 0.517806465 -0.798794781 -0.736886940 -0.079291468 -0.366447942 -0.020540198 0.182491590 -2.360889298 -0.064162868 -1.407296070 0.124739748 0.175327364 -1.108202124 -1.844603358 1.323063040 0.159519776 0.999209633 0.500427265 -0.435133706
16.181640201 -20.622020107 29.844952510 -0.554059450 0.789965940 0.164368217 0.204829269 0.457992892 2.079180393 -0.777290425 0.130937117 -1.192496340 -0.645933080 -1.456131113 0.087785416 0.602503446 -1.401305211 -0.999144186 -0.431037465 0.030499538 -2.679541640 0.689981584 0.767598005 -0.477211818 -0.813145454 -1.229703410 -0.221673030
20.104158256 -15.551910317 18.539412047 0.098927714 -0.590196666 -0.077199813 -0.797446796 1.377752120 -0.912834722 1.093732302 -0.490488285 0.815824101 -0.734792774 1.612380716 0.179395829 -1.351277232 2.309246555 -0.936430870 0.866963643 0.041719764 0.488164970 1.203981641 2.278510982 -2.090249077 0.252634450 -0.978723388 0.380964948
9.677207459 -19.056112927 29.247836073 -0.157570799 0.315910787 -0.125152795 -0.927204722 -2.157359886 -0.621978771 -0.523513894 -1.304712056 -0.105966729 -1.018818023 -0.047155159 1.544968686 -0.031517013 -0.585046241 0.663697135 0.092490043 1.446933050 1.526542332 0.923405990 -1.791851892 -1.149523091 0.263244324 0.658008369 0.771163117
15.581582684 -11.712607752 21.343338314 -0.211523723 -0.208282929 0.907577965 0.296948099 0.868300426 1.009621992 -0.210458974 -3.014968983 -0.309685192 -0.393611346 1.260975640 -1.838631713 -0.933638189 -0.447283004 -1.496289616 -0.256743794 0.409763904 -1.304166206 -0.773756897 -0.725032389 -0.660114496 1.910062626 -0.671546047 0.188205756
5.107139460 -20.653923263 22.185008601 -0.877874769 0.200470049 -0.347650510 -0.261317380 1.340455377 -0.023172130 -1.766439108 0.827593876 -0.170367013 0.432330157 0.043884462 1.145543566 0.135570497 -0.049195358 0.756765614 0.385509694 -0.570157932 -2.546809314 1.187566957 0.888857087 0.379956805 -0.160573313 -0.068655712 0.563365566
15.770690922 -15.545097835 29.573691287 0.656080130 0.669529691 0.076437485 0.339773698 0.975413719 -0.579886369 0.155779104 1.633732461 1.101196377 1.282442021 -0.138390139 1.697704064 0.712065519 0.120876321 -1.531881616 0.393772980 -0.610723345 -1.319624162 -0.833874840 0.246512573 0.714469436 0.997355527 1.810191720 -0.911875220
22.378741503 -15.463560874 28.043668413 0.714320538 -0.623558507 0.056504775 0.312615048 -2.014058513 1.002005892 0.312736393 -0.299937526 0.389735480 0.910237558 0.046822410 0.960759567 2.203501292 0.351923704 1.930611984 0.198855930 1.185809828 -0.435261543 1.915088949 -0.736251227 -2.232603315 -1.738584903 1.147190325 -1.357053365
14.455661777 -13.307781971 29.592650939 0.203702831 0.832622132 -0.510511058 -0.068000006 -0.364843211 1.464426429 0.313519383 -0.084832224 2.072139470 -0.946468912 1.399663133 0.813998690 -0.200956320 -0.386921929 -0.156044687 0.602135787 0.238734078 -0.074956475 -0.885879270 1.062682267 0.794471782 0.602792298 -1.240482261 -1.063412238
18.099544208 -14.678989282 26.395182877 -0.288369782 0.366692045 0.883265090 0.047144402 2.250213475 -1.124410972 1.461752116 0.077447038 -0.941961823 -1.044634596 0.467420594 -0.007855732 0.866894160 0.486011022 1.391065496 0.498615403 0.689272247 0.575304963 0.907523900 1.845832295 -0.166313361 0.288469982 -1.028169015 -2.148971441
15.074591877 -12.813015908 27.015652302 -0.620783573 0.620004690 0.394118101 -0.273665601 -1.519958957 0.468170920 -1.776450010 0.013577736 -0.774383274 0.509671358 1.284912763 -1.561169716 0.381448247 0.169929447 -0.512319997 0.263634846 -0.617662954 -0.954107685 -0.879691518 0.304700974 -1.447899133 0.572731725 0.449252543 0.263746510
15.095943257 -14.068183428 22.509378157 0.801965638 0.061008451 0.465793437 0.369006176 -0.830821645 0.351115137 0.136245188 1.176817570 -0.671692015 0.006372066 -0.484898418 0.915461295 -1.390242221 -0.544016117 0.820833423 -0.737758180 0.165268107 1.066055764 0.088413999 0.031634698 -0.318008529 0.162585737 -2.646626882 -1.247056380
11.747633028 -9.015751698 24.931121501 -0.749734455 -0.424691731 0.480771001 0.162463613 -0.288569603 -0.501605131 0.370244128 -0.995344516 2.045836891 -1.551516993 -0.450644612 0.159248466 -0.098400408 -0.209775778 -0.747816307 0.104267661 1.624074891 -2.112119710 0.289582692 -2.007641845 2.325044493 0.745551525 1.396324380 0.270207243
17.059277373 -14.333619727 31.678686641 -0.495419056 0.233416736 0.827361175 -0.124699930 -0.913019581 0.034934110 0.704708338 -1.302563366 0.559374049 0.348602566 0.733135015 1.462160257 0.221360869 -1.088451943 0.151672047 -0.106000804 -0.701144956 1.095111907 0.206314679 0.774151394 -0.687475361 1.212844103 -1.946721520 -0.058684269
15.940163168 -18.112378102 23.110294445 0.588260663 0.279699222 0.295808660 0.698723818 1.597308204 -0.270460284 -0.449109220 -1.124460160 0.465112107 1.461088921 1.250475836 -0.461616461 2.166614470 -0.486956430 -1.327698267 0.353634088 -0.255026038 0.341933800 0.324879489 -0.941532502 2.360277700 -1.053571549 0.746711877 0.761859431
16.478022823 -13.943979633 26.888631844 -0.040457879 -0.720108024 0.661616473 -0.205112740 -0.058939679 -1.857581716 -1.048952462 2.209638202 -0.000680315 1.166552916 0.521566589 -2.799312613 -0.865126514 -0.000928463 -0.384598219 -1.153335952 0.691144139 -0.754232552 0.318814052 -0.031850154 -1.033891466 0.044276302 0.296310659 0.869536916
18.596702245 -10.816249714 21.224592452 -0.202558946 -0.631166554 0.065366115 -0.745872593 -1.200578593 0.474816041 -1.682937973 0.502030634 0.625062736 0.708199586 0.731087300 -1.114450960 -0.021438110 0.468651733 1.173930538 -1.260624384 1.406581846 0.092952005 0.634251573 0.487743075 1.557559436 -0.951717745 -0.742889027 -0.807864705
20.511310438 -12.867390125 18.404416792 0.583036649 0.588537852 -0.472299797 -0.301038808 0.661058077 -0.429842643 0.306128237 0.557331818 -2.500466244 0.565929851 -0.919545016 -0.775346133 0.214363604 -0.136292641 -0.500809969 1.105875523 -0.600030250 -0.236408849 0.744792504 1.468442151 -0.578001389 -0.628181066 0.458963770 -1.103198238
5.880118623 -11.689074961 23.226594356 0.054991837 -0.070018065 -0.995497139 -0.032539447 0.726681086 1.169920078 0.392511434 1.817711555 -1.041120432 -1.156738339 -0.893455786 1.189047911 -0.362249548 -1.710451429 0.446276000 -0.842798926 0.303321818 -0.350598902 0.518870766 -0.586351278 -0.843024771 0.924062962 -1.525137273 -0.456004205
13.950552426 -10.545587540 18.568893353 -0.140425419 -0.129684809 0.976118401 -0.103225091 0.571830340 -0.221855946 0.379855285 -0.041661374 -1.441978341 0.568970148 -2.718423113 -0.579633746 -1.727608104 -1.009774024 0.790114832 1.644296825 1.874043453 -0.369818750 1.881550214 -0.442346731 -0.490194888 -1.136109301 -0.045230323 -0.353713333
15.765617603 -17.183837147 25.508760928 -0.859708464 0.082528544 0.178373529 0.471458673 1.355819371 0.992631022 0.040453209 1.643050487 -0.450957427 0.312525686 -0.536086041 -0.904555756 -0.074331247 -1.557630429 -0.981335578 2.086020684 0.686232670 -1.145325684 -2.397673835 1.661683074 -0.193003725 1.048991128 -0.523352630 -2.590045104
12.348081422 -8.813496819 21.816168194 0.776250029 0.372420432 -0.375058126 -0.343613617 1.391936289 0.330646523 0.629618897 0.075586319 -1.239727978 0.852627277 1.387122031 3.429738630 -0.826467912 -2.499991190 -0.202486416 -0.661024009 -2.134706225 1.411593494 -0.928629244 -0.062013557 -0.083076108 0.459165795 0.623605554 0.131556054
12.037084202 -16.042209155 27.263571029 -0.520224013 0.613237101 0.097526437 0.586341051 0.404867481 -1.827334382 -0.409894106 -0.544935328 0.187716754 0.200855358 0.279422405 -1.424852737 1.548005708 -1.656331631 -1.101702978 -1.468397610 -0.039561391 -0.328777627 0.429469090 -1.296598479 -0.145821821 -0.691874755 1.446255343 1.327510540
12.527194060 -11.145642107 20.587746089 0.323422947 -0.045970096 -0.297009366 -0.897256810 0.622426105 1.702447400 -0.361882994 0.799968673 -0.243560902 -0.674972920 -0.390976106 1.445854115 -0.817942915 0.387769813 0.280121782 -0.168661859 -0.279142584 -0.572056571 0.103211066 -0.476822241 2.153715083 1.244132211 -1.269299427 0.291740005
7.053713368 -17.761681001 20.158069324 0.634134791 0.723899096 -0.134594407 -0.236066753 -0.192974982 1.234851213 1.480067250 -1.574797413 -0.231760279 -1.672975528 0.169930558 0.109860813 -1.005350772 1.625402741 1.427623261 -0.295373610 -0.797189836 -0.369276660 -1.014723021 1.095441421 0.288904493 -0.573662484 0.301602649 1.112650206
14.030617893 -15.780872189 17.971396883 -0.541836506 -0.839501119 -0.002658580 0.040546303 -1.599148474 0.424413366 0.573325461 1.153078942 0.145808200 -0.350327505 -1.884023073 0.453490547 -0.374749567 -0.273090246 1.108964802 0.500894818 0.217228445 1.154074861 0.235686421 -0.130460406 1.119469123 -0.650386849 -0.079832695 -1.426835332
17.160552911 -16.965332914 29.041848312 -0.355195950 0.900356423 -0.188636573 -0.166163749 0.327859332 2.153471246 0.718640529 -0.445535592 -0.503539443 -1.334281401 -0.577935638 0.160676737 0.187192826 0.134206385 0.482450007 2.263733679 -0.780638497 0.875767823 -0.952082281 0.645688749 -0.635724259 0.937350970 -0.022472562 1.295623633
11.095646540 -6.668157199 23.316367357 0.168728636 0.433708450 0.048143909 -0.883804159 -1.847648549 0.158943273 -1.547725381 2.138070667 0.094537521 0.895073706 0.167414436 -0.714275236 -0.944770602 0.475623008 -0.222519141 -0.907023734 0.719579571 0.695240599 -0.244505770 1.116801620 -0.051393542 -1.177370875 0.548825405 1.065861998
15.813769483 -24.354002854 27.977744365 0.035790712 -0.369835672 0.535189647 0.758625496 -1.282377775 0.141103200 -0.377627688 -0.209989300 -0.229027311 -0.353927154 0.143875455 -0.169541826 0.939358017 0.427898313 0.043828526 -0.191361796 0.341384648 -0.162624255 -0.745136851 -1.052155013 -0.346929527 0.467163711 1.434427225 -1.304302896
9.471482673 -17.780392491 20.071876069 -0.819486732 0.268124421 0.505931688 0.024164418 0.331698347 1.619532554 1.198206874 0.784451497 -0.702979004 1.539039693 2.577701282 1.447137740 -0.723727989 0.556213319 0.709605888 1.153308161 -0.789631155 -0.664317458 0.256865887 -0.114373272 -0.953135905 -0.455349895 -0.329553320 1.649456843
