10.861279720 -11.251636539 36.123325277 -0.453299277 0.500717609 0.605135718 0.421440866 1.366487067 -0.331170964 1.725792231 0.781896063 -0.128663866 0.450025634 -0.110560927 1.304011419 1.263455649 -0.360650328 -0.236795586 0.235937822 1.108504584 0.974545672 0.655147684 -0.031924699 -1.347421577 -0.772685737 -0.052142661 -1.730640467
14.580021883 -7.103230096 37.988752417 0.456719297 0.225399794 -0.521593923 0.684501422 0.244307161 1.699627958 0.412679149 -1.962258466 -0.193397108 -1.798848717 0.908910899 -1.744322401 -1.003218204 -1.553727665 1.085798847 -0.394482423 0.197125414 0.323192777 -0.066554228 -1.854488747 -1.061364004 -0.643987362 1.432327761 -1.752283155
10.373760352 -12.781399756 30.770734076 0.631358778 0.705242508 -0.289205567 0.142755868 -0.566565815 0.262477546 -0.620074647 -0.978368734 0.652729331 -0.991180195 -0.947782649 0.824350189 -0.885955635 0.620032836 1.089377127 -1.457491531 -2.300803282 1.483680355 0.078866053 -1.296398892 -0.671332321 0.397194659 -0.206715866 0.436045903
11.115660231 -5.868675931 24.545846265 -0.315281960 -0.183112158 0.758732172 -0.539808035 -0.518360350 -0.130958912 -0.443055089 -1.622282238 2.465521053 1.252683604 -0.635708699 -0.613354043 1.167842225 -1.078767358 -0.379854067 -0.316438120 0.405832881 0.586930626 2.472718886 0.140407436 1.033735268 -0.705686351 -1.170857461 -0.227236847
11.414610304 -17.691100880 25.603804212 -0.117652109 -0.707149062 0.022114678 -0.696856604 0.173890462 -1.236926561 -0.484346323 0.612364303 0.015487828 -1.441144924 0.288425654 -1.029306014 -1.306613297 -0.774949780 -0.245972068 -0.510502060 0.640789446 -0.104927280 0.634546289 -1.210872397 -0.396958414 -0.502222002 -0.872955294 -0.395214800
19.913217243 -16.557714138 25.682983245 0.006967210 -0.297220270 -0.853980255 0.427000344 -1.882116959 -0.040588740 0.457125795 -0.081626932 0.869039465 1.208408213 0.212628549 -0.134289611 -0.331783278 0.591499586 0.237507329 1.088584427 1.634425960 -0.958525350 1.842805145 0.664465932 -0.107608433 0.103721627 -0.012617545 1.045112050
22.465265093 -7.248625184 24.400935504 0.527290914 0.402924203 0.633749087 -0.397465061 0.093616831 -1.170869960 -0.265053581 0.127556299 0.924188983 0.738057808 -0.656075675 0.525741266 0.620102463 2.316997921 -0.510778769 -1.260447910 -0.246421127 0.495405938 1.984407226 0.770345940 0.122014362 3.556751767 0.091797114 0.009341560
20.710836815 -14.098573537 36.116428884 -0.398342092 -0.665168933 0.216064247 0.593456072 -0.461643732 2.807291770 -0.775688115 1.766312392 0.618850288 -1.682500224 -0.685455861 0.751515269 0.255261179 1.493922078 0.232269876 1.339519955 -0.278895571 -0.064715396 -1.279373582 0.625691006 -1.263879731 2.859588632 -2.545634572 -1.191942780
15.790789898 -12.142452350 38.102434756 0.911478078 -0.253399206 0.189579331 -0.262785525 0.262789815 1.078709806 -0.012593446 -0.317334873 0.058859710 0.127129705 1.261225015 0.500274250 0.057784007 -0.834535180 -0.469822441 -1.834820021 1.660606827 -1.216610464 -0.646640419 0.471672559 0.078110258 -1.319213276 -0.653130840 -0.423534151
11.621912991 -11.031986676 36.700394654 -0.538939079 -0.533416805 -0.347130814 -0.551825497 0.616746389 0.345961506 1.085721292 -1.479740487 0.034999140 -1.575601185 -0.052756687 -0.700161490 0.845845703 -2.125746773 0.161171046 -0.910691029 -1.160456896 0.925137458 0.816424518 0.446130904 0.765249992 0.191236835 0.729767596 0.803689990
13.254738386 -5.766428284 26.585413757 0.297795232 -0.083823580 -0.567431546 0.763094390 1.216466964 0.431526302 1.802444414 1.393596797 -0.320127723 1.133091655 -1.623490356 -0.137712067 -0.999796673 -0.535556543 -2.051696909 -0.540806397 0.087788660 0.671956415 0.364162090 0.051612051 -1.779075997 -0.464140407 -1.337568753 -0.140095910
13.192496727 -14.216147859 27.834616464 -0.321746503 -0.809920948 0.475407769 0.120393931 -0.616608401 0.953675177 0.216961731 -1.301699545 0.110714080 0.369436007 -2.205686945 -1.121179982 -1.824025902 0.146549789 -0.917953163 -1.441365145 -1.272424853 0.887876376 -1.597239156 0.609546773 0.686437704 1.473458429 1.141079850 -0.993189082
17.858809154 -15.538733247 25.651438469 0.956505520 0.026314407 0.040914652 0.287629509 0.096031604 1.828724473 -0.498997125 1.264309423 0.436781604 -0.307564230 0.505894279 0.041350992 0.944867624 0.024052855 0.402551350 1.600895863 -0.687734255 -0.512264451 -0.152908940 -0.474407327 0.414253681 -0.056919613 1.356970051 -0.233545111
23.117637241 -9.424910841 31.069998226 0.533934537 -0.205378771 0.655862829 0.492521492 0.378485213 0.004023695 -1.407604753 -0.040720877 0.335528504 -0.268411510 -0.374393996 0.660830241 -0.750876481 0.489203209 0.341587848 -0.756630081 -0.107928490 0.471094673 1.076103053 -0.292212610 0.374535053 -0.120419049 -0.905998037 0.333041308
18.114659163 -7.562847542 30.536586836 0.486405764 0.120752216 -0.148066195 0.852587085 -0.386712011 1.085369861 -1.924485693 -0.662860153 -0.997931836 0.400255027 -0.561314056 1.832048375 -0.248749280 0.178244825 -1.819003210 -1.223424931 -1.496185829 -0.048394110 -1.976733746 1.684822076 -0.983960200 -1.993579654 -0.254574671 -0.799267494
17.138551015 -2.620298931 34.165433250 -0.359011991 0.468698363 -0.543520023 -0.596672623 -0.267383630 -0.050307520 -0.008883077 -0.723684501 -0.511978086 -1.442117864 1.707412780 0.251030703 0.935628786 1.067782175 0.356144207 -2.059365047 1.540682696 -1.672134341 1.667972773 0.180181984 -0.502339606 -1.418019994 -1.111785517 1.450618436
7.637350070 -15.571135250 34.269683935 0.081952324 0.674323786 -0.159502791 0.716331005 -0.624225253 -0.735521971 1.554872934 1.510213561 1.403668171 1.428712225 -0.693134109 2.014990096 1.043700953 -0.072112443 1.298370314 -0.029979009 -0.875800597 -0.926281889 0.209143220 0.007311228 0.941069888 -0.536274826 -0.742430185 0.021096008
16.447653525 -5.347874795 29.499654949 -0.018881064 0.117247112 -0.986148524 0.115791662 -0.404449801 0.084988078 -0.371838933 0.343033667 0.529308044 -0.466943276 0.492861996 0.509650878 -2.244542328 -1.363075190 0.144808389 -0.955605103 0.158589593 -0.191512143 1.212174512 2.930249915 -1.194792538 1.425711367 1.506247614 -0.541080260
23.479575880 -12.060747914 32.450543175 -0.063951148 -0.655280128 -0.076403096 0.748786199 -0.193245883 1.788117084 1.510361711 2.270497226 1.232118046 0.293919605 1.280128453 -2.376298104 -1.013188978 0.149732560 -1.462589073 0.932643937 0.612147501 0.703431113 -0.186140636 0.809964142 0.615827603 -0.391173111 -1.006739785 -0.404093245
21.403088628 -10.001497824 37.073549760 -0.442949580 0.822761823 -0.155933933 -0.320223766 -0.099933675 0.645784099 0.045844909 -1.660817003 0.896505935 1.438092676 -0.077539467 0.945378497 1.035812714 1.739995908 0.836346989 0.771437881 -0.114455106 -0.780611946 -0.456490652 1.509022132 -0.007917615 -0.945174867 -0.899464862 -0.886860142
15.599345395 -18.584530267 34.068263566 -0.377141795 0.719178207 -0.202698029 -0.547229643 1.017041738 -0.008806106 1.485861699 -0.630953225 -0.944957406 1.165388295 1.962628889 -0.536248260 -0.939979164 0.779814854 2.939854673 0.599957121 -1.489475443 -0.252796976 0.625770773 0.909547878 1.374414565 -0.038427014 1.079773001 0.207123226
12.832715046 -6.237634250 30.201800535 -0.503189709 0.316083112 -0.804267367 0.006751630 1.328347937 0.253663450 -2.210286695 -0.337037981 -1.316109067 0.565724024 0.365779281 -0.835952679 0.016763142 0.147148969 -0.413480729 0.384972375 0.535348059 0.009460644 0.105710034 -0.371473031 -2.657269866 1.301065714 0.729065857 -0.000604942
14.604880736 -6.361174790 33.873400114 0.799300227 0.192829195 0.536186319 -0.190893372 -0.839539669 0.274671152 0.425034672 0.651223911 -1.085775456 0.542095800 -0.205466058 0.527987968 -0.362293371 2.548075178 0.346188874 -0.245887484 -0.844711402 -3.288721190 0.229542863 -0.063714869 0.600272012 -1.570585041 -0.495458425 0.464744247
13.761748099 -14.008696321 37.567434064 0.301186250 -0.712073662 -0.368497827 -0.516185329 -1.336569049 -0.007267114 -2.742608266 1.634874322 -1.127686958 0.248592065 -0.000360068 -0.006427302 0.987029620 0.386304259 0.106141281 0.447049230 0.818161738 -1.701842018 0.814955623 1.257511422 0.404465136 0.608420290 -0.590098603 -0.204917036
15.556867396 -5.701139664 28.465854018 -0.444698938 -0.377535790 -0.025987308 -0.811809240 -0.383025791 -0.482285798 -0.819701349 -1.533752754 -0.215216902 -0.428701299 -0.969358232 1.023214640 1.580288731 0.486620541 -0.176314307 -0.696113180 0.496046913 3.105983775 -0.144919586 -0.305935889 0.646012705 0.068525748 0.638536665 0.092743454
23.741096293 -14.665577770 29.693522829 -0.307207006 0.903329444 0.250714122 -0.163591563 0.231067293 -1.630022573 -1.929116765 -0.537829295 0.232713334 0.321955084 0.393342779 1.434670204 -0.791243051 -0.886737206 -0.785636713 0.740350907 0.600250051 0.080709072 0.056442317 -0.490246787 -0.179510134 -0.035606642 0.395575528 1.193215389
11.948838224 -2.533217110 32.426990570 0.125586994 -0.483265579 -0.859346229 0.110482331 0.742448862 0.355893208 -0.165378161 -0.417528495 0.075770599 0.414975165 -1.569078177 -0.203656905 0.772369753 1.360160676 -0.428884519 0.367534464 0.366911012 -0.833182469 -0.219802155 0.614849152 -1.979454737 -0.652360306 -0.594929657 -0.381634120
9.317898863 -17.602243700 33.559467358 0.276628557 0.507536140 0.291947944 0.762004006 -0.202806534 1.253418578 -0.780058739 -1.375698021 0.414509131 -1.914474449 -0.598522525 -0.426990665 -0.315831380 -0.819544908 1.733502001 0.163727613 -0.692034142 0.911885726 -0.316231807 -0.649116770 0.755322429 -0.949947862 -0.190254547 -1.879225743
16.189614974 -15.775453373 28.345823976 -0.007234832 0.913788379 -0.196799788 -0.355258074 0.248587725 0.861240234 -0.848004706 -1.614066840 -0.782785382 0.486720730 -0.827180203 0.745846136 0.518362485 -0.746086994 1.250895642 -0.297890662 0.210951822 1.400189656 -0.720973960 0.689696390 0.280192721 -0.445718764 -1.021958546 -0.755194011
22.436230001 -11.287659392 23.856001675 -0.170675586 0.378088301 -0.851309992 0.321232593 -0.934576152 -0.146912197 -0.298873549 -0.008455911 -1.635788280 0.718966560 -1.595259435 0.003302865 0.173424604 -1.221661367 0.109351261 0.258266365 0.439905367 -0.156322958 0.611731788 -0.067598345 -1.535934467 0.117600731 -1.398637168 -1.290301060
13.029508318 -6.580298740 28.393453140 0.652744250 0.131268327 0.598367175 0.445702025 0.444300310 -0.528302406 1.044882631 0.738891857 1.851669710 0.586957988 1.319600273 -0.309375580 -0.505497798 0.387764240 1.546795949 1.707788248 0.073962597 -0.217003058 1.605886595 -1.153428500 0.186237953 -0.396223175 0.836521269 -0.120203549
12.020265838 -2.399833017 27.376573889 0.055046586 -0.056738743 0.448743696 -0.890157112 -0.945597793 0.442856734 1.550265842 0.502594640 0.251359429 -1.128634030 0.633426924 0.440294866 -1.601607902 0.039896649 0.393505182 0.428591265 0.011213230 0.485741334 0.755375688 1.269196146 -0.052520388 -0.898524049 -0.684352492 -1.157628064
11.706265938 -12.216468503 23.063149578 -0.729252466 -0.353463580 -0.585837756 0.006961470 1.637527858 -0.892654590 -2.729396938 -0.736900036 -0.708735301 1.583526685 -0.656970157 0.698423593 0.228686886 -0.862646578 -0.090868058 0.325501237 1.760246309 0.347567035 -0.291348911 0.045939910 -1.867701785 1.204701982 -0.943564829 -1.213210651
8.667779052 -7.684789932 26.845138161 -0.503513424 -0.432782149 -0.272241178 -0.696461474 -0.005290698 1.804011308 1.849157349 -0.128904678 -3.039506880 -1.519704708 1.176660352 -0.463526105 0.229393506 -1.235558144 -0.237710539 -0.338618851 0.814449401 0.016348543 0.797586207 0.455525098 -1.246769057 0.355599787 -0.690261151 0.063032840
12.013280843 -2.933287442 30.705711491 -0.258573260 -0.678858862 0.066970850 0.683963025 1.324570949 0.017005474 -0.625502183 0.507601707 -0.877278547 2.913429651 0.339924868 -0.171050578 2.314571315 0.397039098 1.571663680 0.677625200 -0.187892549 1.164895233 1.888296783 0.286485370 0.620203787 -0.882466463 -2.012832438 2.078983753
13.965686359 -9.762422177 29.646711786 0.274637923 -0.458083134 0.647673978 -0.543371210 0.376081054 -0.901040545 1.412328343 0.372747910 0.013311151 1.519448327 1.258091210 1.474846029 -1.796527711 -0.530435029 0.362216769 0.972179556 0.233104266 -0.162380774 0.601041872 0.268408964 -0.464495828 -1.388903409 0.114928771 1.424767853
13.504260012 -13.981455077 38.562650485 0.553624501 0.294130109 0.439743045 0.643127860 0.262105315 1.105219149 -0.217868189 0.327282707 -0.098807785 0.634616626 -0.008691776 -0.297321659 -2.183547192 -1.934562747 0.360815095 2.033197569 1.015715521 0.451505377 1.851251643 -0.091078876 -0.252199073 -0.593519739 0.337868674 0.697108690
13.987575655 -10.515710505 23.595498952 0.739593849 -0.466978027 -0.159921486 -0.457556094 0.201707369 1.955719079 0.275647676 0.828710131 1.856179249 -0.700986181 0.431517921 -1.415475971 -2.672786880 0.834705396 -0.971961224 0.337083227 -0.506246400 1.264217857 0.428023060 -0.810298396 0.367472355 -1.505824439 1.239545514 1.958291263
12.354508064 -3.910159301 24.105474328 0.183060093 -0.542882370 -0.678107037 0.460367875 0.143771788 0.640569301 1.264637858 0.086424305 1.206199264 -1.072911435 0.398892057 0.581370960 -0.957156352 -0.268790908 0.504542018 -0.124571725 -0.082285534 -1.654779693 0.378391091 -0.023951261 -0.225317894 0.134929199 -1.918191018 0.204824222
22.721120029 -8.417833107 33.367775625 0.429591054 -0.184678420 0.878611692 0.096886032 0.033687344 0.696141020 -0.898440177 -0.596262121 0.227371356 -1.310238827 0.618624106 0.511293365 -0.884518376 0.815019651 -0.819771625 0.638420800 -0.168223218 -1.346969353 -0.837788335 -0.287524890 -0.828539373 -0.564609897 -1.228292521 0.051977228
16.981036846 -15.845311756 24.706027979 -0.419700466 0.162275528 -0.893025704 -0.004823185 0.216443076 -1.155732712 0.435145781 0.626464418 1.270407874 -0.453651025 -1.124615707 0.802643661 -0.203724239 -1.591906509 -0.139784251 -0.859321587 -1.545540701 0.952089313 -1.252308173 -0.068183423 2.321706617 0.751247539 0.648190921 1.161886215
21.244080507 -15.053925981 29.255435196 -0.207135619 -0.611302573 -0.616175142 0.451367027 -2.837020673 0.474106044 -0.418211507 -0.805090167 -0.949847622 -1.414264112 0.866290112 -0.635430953 -0.494475859 -2.011675107 0.624014404 0.430789448 1.941359951 -0.576117746 1.066051447 -0.375763252 -0.118894445 0.651433696 -0.280545049 -1.060000314
9.152470346 -8.377547981 29.957482049 -0.788380042 0.060543202 -0.609428957 -0.058204606 1.097718583 0.768074056 0.536148091 0.105834816 -2.887183006 0.755048902 0.582361773 -0.016028295 -0.740922031 0.787855529 0.407481331 0.889276751 0.077056389 0.720027422 -1.304961274 1.876053297 -0.714939679 1.404608573 -0.661926053 -0.741602489
11.721781589 -15.284188377 29.639454382 0.314225277 0.675537990 0.335324024 -0.576600986 -0.701794867 0.807380732 0.219782777 0.345108730 0.473073749 -1.036165591 1.506096206 0.492180319 0.711616448 -1.433394816 0.510331523 0.621555749 -1.077811417 -0.478558659 1.117109875 -1.820467156 -1.285074994 -0.427451367 0.382092188 -0.019085671
9.606660676 -7.088037575 33.317527906 0.666641048 0.188285077 0.583150478 -0.424351226 -0.896925988 0.567162541 0.318623255 -0.186904055 0.025859344 0.976322107 -0.499285676 -0.800935555 0.771227654 1.020365492 0.471817905 0.108605221 -0.343924478 0.276460512 -2.002032071 2.139880840 1.911426750 0.476270840 -0.567689787 -2.245349031
18.137740874 -19.369925493 25.788676034 0.661440739 0.197411038 0.369528298 -0.622072237 -1.151045806 -1.803973534 0.051925910 0.968823029 0.395598795 -0.142616911 0.872818006 -1.244329765 0.112413986 -0.001216455 0.776099671 0.415871228 -0.643728553 -0.893604129 0.557489238 -0.345422909 -0.629620882 0.233978324 0.528613509 -0.837284060
23.703676042 -10.475379925 31.617705612 0.461270551 -0.168839902 -0.207545514 0.845959471 0.845480275 0.452230343 -0.797292554 1.666485391 -1.842563104 0.984544185 -1.821964140 0.979489542 0.440051758 -2.288760272 -0.817351445 -0.067396202 1.288868963 1.196099408 -0.091114979 0.387509109 2.145512787 -2.053515471 -0.827472354 -0.586512558
12.086469489 -14.051599758 29.549062488 -0.126298616 0.912195968 -0.295224584 0.254538055 0.309448769 -0.927760157 -1.179337324 1.002492856 -1.359017652 0.890257832 -0.089264496 0.711679361 -0.472684204 2.203853677 1.046307715 0.089627466 0.941235512 -0.808562823 0.526472404 -0.174371694 1.063909544 0.615127369 0.614008442 0.193234386
15.377922546 -15.430153211 35.325649850 -0.185313438 -0.322478033 -0.467660395 0.801848242 0.485413196 0.356085030 0.739052023 -3.712748087 1.493553540 -0.232175527 0.188339106 -1.246473501 0.347628155 -1.567069914 1.029315090 -0.163515866 -0.061976993 -0.265277041 0.862567624 0.921668691 1.138204596 -1.169874793 -0.581961434 0.253483504
12.314578282 -12.616876177 27.520928345 0.113099296 0.460296442 0.042683739 -0.879496352 -0.286198853 -0.950689750 0.428232322 0.271744071 0.512873062 1.235961846 -0.222323191 0.294998382 2.775061671 -0.207726130 -2.049787364 -0.799984931 0.392315188 2.198756697 -0.245890295 0.844299979 -0.682204033 1.440291887 -1.594336095 0.916143970
15.711267503 -4.209530034 31.444109056 0.205939514 0.278578192 -0.520927510 -0.780139498 0.894660236 -1.353287648 -2.276248197 -0.846205290 0.822320403 -1.103425545 0.803576674 1.841756913 0.632705565 0.985236278 1.719138413 -0.492848283 -0.562206525 0.419850430 -1.227567854 -1.355677173 0.571475091 1.298489745 -0.088523016 0.952814807
10.022546567 -13.783888195 38.236348132 0.518335085 0.563287793 -0.564077397 0.309600213 0.459876793 1.182003075 -0.694688427 1.054257914 -1.020334243 -0.866959664 0.497501398 -0.152650210 0.904624495 0.317285227 -0.134173511 0.664960367 -0.501115110 -2.054336969 -0.491439681 0.679246686 1.882776879 0.493145766 -0.777053965 -0.681195201
7.718996127 -14.483372496 33.007389446 -0.476938613 0.542888953 0.688114357 0.065572680 1.040480996 1.241905711 0.583781927 -0.669511301 -1.311978307 -0.411308449 -0.537059715 1.239272983 0.829999800 -0.137533965 1.745526615 1.776306747 -0.498610471 0.358059393 -1.951159922 0.589895717 0.656116621 -0.970691966 1.696777124 -0.212662302
19.219800699 -9.512246527 21.222540681 -0.220464800 -0.103905792 -0.834960360 0.493396449 -2.723210763 0.007085845 1.087689944 0.049095501 2.193716135 -0.821410432 -0.395518088 0.628051878 -0.580013594 0.444942377 -0.421813489 0.681698126 -1.180687426 0.860515522 0.314811605 -1.099565031 -0.433824319 0.293850319 -2.011527919 1.372913701
22.633797393 -9.211358204 35.684591417 0.524448721 0.647561762 0.208997343 0.511798216 0.417363737 0.827781138 0.135342335 -0.322607593 0.583593049 0.217880409 0.171709007 1.316577812 -0.536379558 0.093586747 -0.112319462 -2.263617101 -0.887867206 0.664120676 -0.103198789 -0.313272846 0.099671544 0.926954211 1.208953099 1.434361279
11.939436094 -5.344684599 24.970646834 -0.274286646 -0.507051140 -0.713145227 -0.398860705 -0.684034464 -1.189832203 -0.615837400 0.876573911 -1.200459831 0.710444727 0.207294001 -1.490672088 1.605072170 0.210472618 0.114118501 0.728189958 0.948645173 0.468529500 -1.584041925 0.287786483 1.835243311 0.663595994 1.357074378 0.877851230
12.522269312 -14.883442917 21.772462845 -0.329732791 0.741111982 -0.519081356 -0.269413922 0.806060377 -1.161104100 -1.216524742 -0.700395306 -1.242714295 -0.641215814 -0.196966168 -0.012527391 0.197223898 1.012306792 -0.441936341 -0.835305020 0.814929864 -0.722032008 -1.054744646 0.459715345 1.055189858 -1.513953169 -1.109942289 -0.295840107
8.946323140 -4.636095419 27.915966085 0.371456078 -0.919258361 0.017273866 -0.129174541 1.107960504 0.339932889 0.964009256 0.792096031 0.567681502 -0.886987270 0.591155141 0.291665320 -2.641933116 0.167334826 0.789759718 0.166645579 0.842732597 0.990798391 -0.086544822 -0.821579741 0.330287419 1.235472106 0.125520635 -0.820597550
15.993101097 -2.654031267 35.141336942 -0.343195212 0.371650029 -0.643606052 -0.574338360 -0.435226147 -0.081270750 0.924142883 1.072999732 -0.963906144 1.226635407 2.005836275 -0.240180956 -1.436311257 0.061980244 -0.261296606 0.475734203 1.878093636 -1.579831674 -1.253781618 -1.061994489 -0.182408145 -0.794198461 0.213193428 1.278682778
16.208432253 -5.732547824 36.726323358 0.006044064 0.345563976 -0.822567448 0.451588088 0.553102008 -0.156229180 -0.088556862 1.139660187 0.513767954 0.307014244 0.263412214 0.472500421 -0.819581516 -0.170506723 1.026196318 0.335380457 -0.105044780 0.256000564 -2.042672401 -0.262290874 0.458792956 2.063994514 0.217854390 0.420037874
19.567478555 -14.696584762 25.359130912 -0.750716447 0.435359863 0.402299442 0.291619212 0.667768502 1.018460098 -1.286566913 1.820999506 0.211676045 0.798049794 0.297946373 0.481686891 0.310137958 1.291102509 -2.103446561 0.090621382 -0.672744016 -0.429262725 1.098608584 0.065880610 -1.195858159 -1.790983455 0.314479934 -0.665725376
15.110020652 -19.639823531 27.071902611 -0.553776115 0.237651578 -0.791851752 0.099118842 0.088435853 -0.572315110 1.064860368 -0.622325266 -0.656895070 -1.830116397 0.218923083 0.247917263 -0.973677270 -1.845148017 1.679359647 -1.630282656 -1.089570774 -0.270232316 -0.667665397 1.285513376 0.500831260 -1.123884497 0.799947266 0.599162414
15.804986688 -11.173600139 30.210363229 -0.742128871 0.058004311 0.575785944 0.338157929 -0.750600343 -0.374879329 0.009470322 -0.514587357 2.313294191 0.579492537 -0.821074118 -0.554691131 0.230351398 -0.729945877 0.565470843 0.521493433 0.372832903 -0.220263249 0.450994980 0.518637113 -0.573139229 -0.854908749 -0.130025711 0.139550331
14.599251740 -2.389388779 31.895359674 -0.088561807 0.345931144 0.833993780 -0.420645723 0.662118211 -1.030325400 0.716859458 -0.401568612 3.873775953 0.875149107 -1.914663117 0.794756271 2.944339722 -0.762482825 0.532830362 -1.152699738 0.879201915 -0.325922038 -1.712735383 -1.493586423 0.359243468 -0.270317147 -0.681822228 -0.546927018
12.211887257 -15.266493381 34.388261150 -0.549003816 0.718143373 -0.378273924 0.199433560 1.318999453 0.663520909 1.456999119 -1.753505141 0.049154706 -0.883783120 -1.979783985 -0.023360832 1.105898536 1.208598416 -0.441529870 1.024829764 0.371797786 0.443176499 0.297962764 2.398820276 0.224943703 -0.640679018 -1.156651731 -0.300308664
10.568130347 -18.528790916 28.070387765 0.235095737 0.284588655 -0.289608555 -0.883100321 -1.269287986 2.173684644 1.894335815 -0.704718889 0.712667284 0.135525483 0.773043715 -0.010061866 -0.406988416 0.789478855 0.772827837 0.656011813 0.087814231 1.363225416 -1.244019650 -0.343315547 0.147000555 -0.485861195 -0.037824679 -0.040035774
18.118197907 -18.314869859 34.044977211 0.300313459 -0.490795662 -0.490035211 0.654825882 -0.045955827 0.154110374 0.475643554 -1.082504166 0.033730305 -1.426709822 0.875930694 0.078842112 -0.438441999 0.049911301 -0.580686153 -1.223867621 0.341219230 -0.978151417 -0.093458403 -1.799986631 0.998821655 0.581838291 1.284140231 -0.893299809
23.756890436 -11.397369046 27.768427412 0.773087630 -0.627820668 0.067118872 0.060595232 1.168638428 -0.937497734 -1.495940183 -0.799282352 0.435835726 0.468268196 0.005027967 0.542177896 -0.294303671 -0.501679187 -0.286514917 0.930917128 -0.052654643 0.266085666 0.387335428 2.107179331 2.017601428 -0.498765320 0.972754019 -0.066418649
8.762815507 -15.348433373 31.745271345 0.298340833 0.102611634 -0.916457363 0.246108720 0.391773850 1.839888222 1.496903634 -1.361806689 -0.108186166 -0.449324471 -1.685978374 -1.652364735 -0.226949003 1.202364455 -0.883568857 0.668332731 0.363226675 0.034532385 -0.149403877 2.353329354 0.484102134 0.931407501 1.582841208 0.465877224
11.150556030 -7.642778413 37.655140337 0.971978009 0.107616860 0.161242528 -0.132959423 1.116309389 0.359538072 2.661204979 -0.526117275 -0.080836494 0.565155939 -0.291723172 -2.043639524 0.532564193 1.322649729 1.577409623 2.797713350 -0.034389265 0.403535067 -0.952699048 0.941013449 0.342561923 -0.460844810 -0.804188471 1.151843646
10.947899497 -12.134707010 37.387525855 0.144691631 0.193704013 -0.638892363 -0.730314752 -0.629569688 0.133221141 0.999561881 -0.149041114 0.294427837 -1.433320323 -1.009973916 0.058266923 1.464442191 0.364294011 -1.246210877 -1.364465630 0.249681213 -1.039308911 -1.872561928 -0.591805688 -0.918648995 1.213793132 -0.291871631 -1.406551258
6.436812772 -10.319468053 26.831025972 0.175084452 0.637999747 0.169452531 0.730470805 0.026170536 1.089812796 2.053477983 -0.173047113 -0.237745121 -1.058466558 -0.987818042 -0.182016868 1.079337605 -1.388399993 -1.492869951 0.323641568 -1.305680835 0.515684836 1.226815906 -1.193638634 -0.101411320 -2.553641596 0.038014034 -0.577658723
20.650683797 -16.801455508 36.279964320 0.192142289 0.291034912 -0.882022127 -0.316886396 1.027020398 0.989592352 0.701750425 -0.047856600 0.907648679 1.034174190 -0.056028637 -0.349468677 1.345081640 0.586103040 -2.428640549 -0.366088310 1.850988722 -0.101198647 0.859840682 -1.272397321 1.293668576 -2.069111801 -1.666062527 0.792348455
12.638606581 -5.896963847 26.910842128 -0.282723889 -0.856741782 -0.424437000 0.076902239 0.429129257 -1.259133452 -0.583902697 0.230329450 -0.482283843 0.291194445 -0.011816814 -1.258513575 2.035512807 0.279932811 1.420516002 0.254904514 0.848337819 -0.991851856 -0.844706611 0.438589864 -0.830652646 1.536096746 -0.858086404 -0.400414829
8.942246199 -8.253942651 29.408082421 0.788911070 -0.354642882 0.262429627 0.427759793 0.283475412 1.052177037 -0.047264634 -0.702230207 0.455452030 1.214392854 1.695755439 0.458193048 1.416065876 0.708179581 -1.232260210 0.131793109 -1.432565139 -1.036974369 -0.735308121 1.208011704 0.374562019 0.032645826 1.182653753 -1.545022983
19.107167855 -7.317021483 36.542881321 0.823172316 -0.207212297 -0.248006538 -0.466843827 -0.097300514 -0.794732027 -0.765403614 -1.085210116 0.247125280 0.820504878 0.143777752 0.286827772 -0.369434170 -0.053943236 -0.204305783 -0.675117751 -0.322206679 -1.198306921 -1.041356717 -1.526907915 -0.289452072 0.999142088 0.184713822 0.899575185
19.071297168 -9.523266689 35.850607414 0.557303636 0.149874607 -0.774853872 -0.257976232 0.731594903 -0.048600798 -0.170552098 -2.848222764 -0.273506772 1.159829955 0.106198698 -0.317243849 -2.920211268 1.714724319 1.640523695 0.037902648 -1.667145522 0.128941505 -1.097948386 0.858375131 0.643834930 0.857298240 0.285814379 -0.530197081
18.897348024 -8.976650139 38.833789626 -0.299541709 0.643965461 -0.701403364 0.060137933 -0.079814542 -1.549675253 0.443780309 0.141374031 0.046975715 0.787831010 -0.892092148 -0.330792470 0.806200859 0.023064529 -2.024073345 0.428843414 -0.675370615 0.664776908 0.089258454 -0.859424421 -0.350545792 -0.178902862 0.795054634 -0.524054423
17.951577006 -7.508322070 22.527407833 -0.529380293 0.802595568 -0.236637153 -0.139998990 -1.405845601 1.167380226 0.242091793 -1.070884776 -0.951743541 -0.618594356 -0.919680088 0.146722905 -0.152664579 0.382029088 -0.194992341 -0.543345249 -0.393171938 1.496760380 -0.743460475 -1.670147113 0.508388371 -1.000072952 0.166339067 1.217232983
20.979165370 -14.925042341 23.842478550 -0.522172444 0.319624336 0.739190265 0.280667016 1.300060291 -1.365201356 -0.147552326 0.151558718 0.745123854 0.008829225 -1.073617800 0.571379687 -0.975268205 1.390637284 0.317343946 -0.567959805 0.869726927 0.952278035 1.280956937 2.543255455 -0.021646500 0.002708905 0.107816932 -0.090341553
16.444218941 -8.644210692 27.124275321 -0.459446744 -0.177520852 0.859106107 -0.139038606 0.137822170 -0.523458602 -0.769077354 -2.023412887 0.183055645 -0.126161560 0.776191354 -1.714945034 -0.678052756 -0.639775863 -0.308719686 -2.676529358 0.376966063 0.608371080 -0.240770078 -1.711833080 0.093923088 0.974032408 0.113159143 2.204935045
21.755221792 -12.037983116 24.329748007 -0.275356213 0.245969241 0.907421621 0.200659141 1.118602083 -1.291232915 -0.471284424 -1.470866123 0.379834066 0.738192884 -0.786521290 -0.797224612 0.068790517 -1.811765971 1.041507078 -1.440829127 1.350690027 -1.846740426 -0.439127314 0.881087373 0.145039532 -0.572501963 -0.705837927 -0.118303815
14.539585652 -7.414508662 37.280817652 -0.027991011 -0.450871754 0.401736579 0.796579491 -0.661915819 -1.125254988 0.593398639 -0.322615790 -0.036252450 -0.034276911 -0.575688030 -1.746431564 0.288484508 1.629212594 0.222491455 1.522328434 -0.817132135 -2.891220734 0.949317887 0.696313021 0.101913461 0.378517959 -1.238451694 0.518995247
10.716747472 -4.260124736 35.191164104 -0.151677413 0.359185261 0.244466664 0.887815274 -0.916601161 -0.516755127 1.021786345 -0.770555640 -1.171835837 -0.958631178 0.103999147 -1.018358544 -0.514880332 1.570279556 1.878543729 -0.268830660 -1.479513380 0.885634078 -0.353370511 -0.871880126 0.182533600 0.032559060 -1.392123019 -1.331020981
11.906506853 -12.941897859 25.842446555 0.222329957 -0.075857195 0.972003325 -0.004961078 -2.805712922 -0.191281122 -1.667529841 0.159939755 1.467050683 0.708220314 -1.257815541 0.615054317 -0.178410541 -0.890176223 -1.066500254 -0.415076181 -0.061157322 -0.110419581 0.077114702 -1.488090713 1.893213909 -0.243965030 0.330033217 0.574447858
18.918147029 -12.308426426 23.073755874 0.234630341 0.212847528 -0.363154361 -0.876221115 0.542922177 -1.523572462 -2.013341177 0.460986864 0.104343663 -0.590406512 -0.225020355 0.419848514 -0.873267316 1.098794541 -0.189358116 2.962745777 -0.314025949 0.438020973 -1.232326286 0.686072489 -1.101199431 1.867332021 -0.997693875 1.208076509
7.219490572 -7.498782141 26.436340966 0.535102275 -0.260700651 -0.213324713 -0.774721429 0.057326934 0.155036454 0.906353479 -0.744465261 0.032493682 -0.076170651 -0.798610668 0.513872014 -1.662875986 -0.601259458 0.332547859 1.796873433 -0.624560236 0.298363565 1.032429709 -1.115259475 -1.175054828 1.745023216 1.138774174 1.884588663
22.625035244 -11.562843949 33.656053896 0.103458387 0.500595180 0.718417732 -0.471780447 0.418217181 0.312385638 0.015221534 -1.361687958 0.192584143 0.996692194 1.059941039 0.609138867 0.563036454 0.384562644 -2.148612752 0.011481986 -2.314038299 0.167565671 -0.585799983 -0.063676013 0.838256779 -1.280116496 -0.852575920 0.394142651
18.443587893 -12.902402800 22.143442455 0.427369886 -0.109711609 -0.075435823 -0.894219089 0.267288459 -0.991736220 0.167780371 0.612760059 0.591815468 -0.611325302 0.013938320 0.506165441 -0.251826440 0.310836803 -0.433715463 -0.466034340 0.817162489 -0.086345671 -1.210884827 0.346812145 0.086594732 -0.334709989 -0.818420776 -1.781226922
22.017571767 -13.959009682 26.116272270 -0.819574495 0.065011378 -0.523723771 -0.223124586 -0.279823645 -1.720582669 0.162669381 -1.051711114 -0.054632362 1.038746683 1.322886257 -0.764900842 1.667242022 0.991340947 -0.358085318 -2.155775412 -3.432524083 1.076890770 -0.025492306 1.404742917 -1.442014263 1.033444835 1.305883626 0.043918230
13.882067554 -5.478152248 30.392316819 0.392101671 0.429705770 0.316182160 -0.749425162 0.314851131 -0.293266781 -0.209460510 0.276656548 -0.338649383 0.111895178 1.296950410 -0.132121026 1.104009972 -0.896620695 0.289943393 -0.842530963 0.837894143 -2.396326194 -0.267593566 -0.415842967 -0.712069664 2.284841802 -0.228760639 0.690069310
18.861157835 -16.496949176 29.871576165 0.029032870 0.526307195 0.688467996 0.498166285 1.614082134 0.648176465 -0.083270044 0.727669833 -1.281698737 -0.069941247 0.585581875 0.124188232 -2.127901960 0.066514633 -0.628983984 0.932470719 -0.479533031 0.322095103 1.471198074 0.834335759 1.347697566 0.829246585 -0.896094540 -0.035710766
14.368098062 -12.531732924 34.723522613 -0.374565207 0.519923744 0.665779616 -0.382253461 0.876367797 0.860403163 0.239580295 -0.858976320 1.144581524 -1.032390993 -1.178299164 -0.445950858 2.241849937 1.090686884 0.242440109 1.115212814 1.605412867 -0.169862675 -1.103464207 -1.521619698 0.811807097 -0.643343777 -0.920950791 1.069806529
17.172189620 -11.399104394 23.740302844 -0.191626363 0.260123569 0.704878201 -0.631475881 0.736625264 0.990140811 0.854257498 0.805447020 0.207082835 -0.729873596 0.641093635 -1.295447650 3.503655875 0.522355373 -0.197531259 -1.407342797 0.263770298 -1.925837962 0.340911791 0.142788751 0.109493230 0.030891222 -0.028747478 -0.354780891
15.103714337 -13.419284785 34.810530221 -0.186146667 -0.261964545 0.634026044 0.703373991 1.624319170 -0.531550007 -0.777518625 -0.598200114 0.273001404 -2.142114393 1.043639170 -0.219166548 -1.233191055 -0.954985181 0.305410920 0.790088531 0.686484983 0.653855251 -2.856492954 -0.684700203 -0.587274243 1.244747336 0.448954071 0.442068015
17.195069417 -12.614026644 32.089928524 -0.696262174 0.697959548 0.148483006 0.077616051 1.806698332 1.173115013 -0.199017767 1.074712139 -1.707756442 -1.239509119 0.077419687 0.561321869 0.567080959 1.219081129 -0.016939514 0.627423358 0.369848377 -1.071420755 0.318059931 -1.379228406 -0.512136307 0.745965366 -0.385367031 0.429838478
11.991975686 -18.636391954 33.857308783 -0.655548707 0.616328434 -0.253943753 0.354834784 -1.329715393 0.543338389 -0.135357195 1.645793259 0.954537098 0.475679328 -1.120662877 0.552244098 -0.373714104 -0.304783874 0.095874319 -0.960221763 -1.349473660 0.609416332 0.190981217 0.148646052 -0.241060115 0.035654081 -0.712884708 -2.781256062
12.215374635 -17.490062834 29.226794818 0.084404272 -0.327107318 -0.775473384 0.533402056 0.843725678 -0.116895633 0.095611808 0.111534970 -0.379833903 0.261029920 -0.655090920 1.082742420 1.935291840 -0.569086806 -0.557854684 0.198671692 0.878260856 -0.384059214 0.149509487 -0.683995428 -0.478262727 1.060804864 0.749993826 0.176621031
15.436252210 -17.731654861 25.809186669 -0.053407967 0.047389148 -0.924770648 0.373766111 -0.051132141 0.864708421 0.714904762 0.262371809 -0.274647270 0.932936815 2.225478571 0.633201880 -0.206663444 0.674708158 0.228039421 1.363029008 0.001080546 0.053255206 -0.478421231 -1.393222015 -1.719412544 -0.103892896 0.365945585 -0.605127583
17.111663565 -16.654416541 35.847609585 0.247761479 0.556127700 -0.779158731 0.149157309 -0.597789425 0.539284353 0.872600156 0.314145872 1.191422113 -0.689619463 0.141257737 0.213928432 -1.147300247 -1.111805666 -1.261422766 0.432277309 -0.083261131 -1.033853028 0.951386703 -0.795258985 -0.895747726 0.115755624 -0.433245113 0.791722970
12.962752402 -9.243667504 21.597963763 -0.288297411 0.285050117 -0.555557877 0.725938344 -0.256868935 -1.084658342 0.146164930 -0.176156086 -0.821762419 0.466961612 0.893545811 1.191052741 -1.358739228 1.180204331 1.153824010 -1.343670154 0.776385085 1.173549975 -0.828560760 -0.983274087 -0.304773798 0.201720861 -0.021782989 0.126060833
18.169084112 -12.772166163 35.945563595 0.825540884 0.559513622 -0.073352947 0.006789816 0.600512551 -0.335037617 -0.370999122 -1.249736657 -1.851309640 0.091814823 1.260653547 -0.848610729 0.203498622 1.571571399 -0.347289030 0.295080671 0.622861232 0.152162564 1.614642227 -0.078812783 -2.051806487 -1.257966221 -0.076860641 -0.907486704
8.143318661 -15.467081173 29.880507761 -0.798214337 -0.058501452 -0.543979701 -0.252026858 -1.426442477 -1.433209592 0.175671298 -0.647467787 -2.542511093 -0.032817187 1.171166041 -0.774379899 -0.578742460 1.958862305 -0.029187368 0.602439885 -2.465472555 0.538367504 0.914410834 -1.732097595 -1.097987197 -0.439981678 -0.557141774 -0.141292432
14.109656334 -9.038649022 32.513874663 -0.334087557 -0.497977079 0.002202279 -0.800249638 1.374752002 -0.389901303 -0.190468681 -0.804396227 -2.582725580 0.171771370 -0.544902439 -0.607809302 0.442851438 -0.815725940 -0.023589826 -0.630426945 0.127986093 1.195513300 -0.180287704 -0.154400042 -0.635777301 -2.034737930 1.250498446 0.739836625
8.458588499 -11.185940826 36.632636282 -0.847632445 -0.050026600 -0.047749943 -0.526057526 -0.250797726 -1.191922309 1.067275021 2.151291703 -1.451004454 1.752210900 1.443114961 0.658810849 0.747913213 -1.506659396 1.285506131 0.103548858 0.908652068 1.967660011 -0.646732781 -1.133404320 -0.653172736 0.770815754 0.070604641 -0.632184606
8.009249907 -11.897782942 28.936334676 -0.981599469 0.131103048 -0.033351672 0.134766981 -2.118816186 0.621945304 0.889115793 -0.951681765 0.759922473 0.417050374 0.799790283 0.342185556 -1.392250541 0.368389439 0.681470862 0.613346465 1.336502395 0.453583904 0.365121984 -1.478712910 0.731279787 0.902843036 0.295189289 0.242462350
11.001638982 -7.708898854 29.398619950 0.530771523 -0.446528406 0.384117310 0.609383185 -1.049845720 -0.846777683 0.383352962 -1.111561640 -2.055837463 -0.180474958 0.433557394 -0.363246558 -0.731851927 0.485022362 1.533835796 -0.594691524 0.289989805 0.737390415 -0.174010899 -0.112541587 0.448808222 -0.418241459 0.559556628 0.287000022
24.374994545 -10.354320803 33.002631443 0.932593390 -0.059916202 -0.345698627 -0.084688113 -0.381715800 0.564798636 -1.105279704 -0.729217278 1.592397587 1.363991454 1.400327064 1.162196716 -0.337539559 -0.208111563 0.656741223 -0.054996934 0.809114812 -1.237132046 -0.554315490 -0.110756557 -1.875921144 0.762501858 0.433269640 0.118303041
8.491689045 -9.728868686 25.274895795 0.022896744 0.843956623 -0.363022281 -0.394243302 -1.002789295 1.943105821 0.105126486 -0.781337551 1.988969020 0.507869179 0.320425816 0.203039817 -0.760746979 0.099500954 -1.409219903 1.063022696 0.543545906 -0.026777076 0.008830502 1.808080269 0.523331490 -0.284737579 0.523458518 1.542446855
20.607967514 -13.859542351 24.784618299 0.080197759 0.289089160 0.384710688 0.872922370 0.888656417 -0.627778663 -1.846627271 -0.169171791 -1.094340780 -0.540751128 0.950630357 0.650274479 0.616270162 -0.392730899 -0.403014361 -1.150362642 -1.378105437 0.591862690 -2.253917231 0.137197295 0.893633971 0.624326435 -0.380236077 0.720944673
18.166038701 -13.239507888 34.235825634 -0.466310978 -0.656430024 -0.456309655 -0.378728391 2.052373061 -1.493934725 -0.346463566 -0.623160901 -0.005371876 0.316527201 -2.037532631 -0.547049011 -0.615064756 1.402932803 0.581834966 1.503407973 1.091595594 -0.506994855 -0.089754379 0.093518386 1.348871060 1.241459881 -0.233876590 0.919374913
21.022779887 -4.618172185 27.443897160 0.515880112 0.493659500 0.435067323 -0.548529337 -0.221693181 -0.363831939 1.754848532 -0.420740381 0.372998366 0.292509535 0.304122927 -0.134267039 1.524873209 1.866629738 -0.168895105 -0.284788608 0.010747620 -0.468888303 -1.545784521 0.130159988 -0.529032886 -2.527243525 0.656615708 -1.797081448
15.454885735 -2.878575077 26.473539617 -0.010388872 -0.439581262 0.199854710 -0.875624623 0.628375475 -1.124143636 -0.994881252 -0.605574448 -1.295517659 -0.861286016 -1.522194057 -1.981753808 0.264211760 0.745935930 -2.135362183 -2.707450622 -0.469003310 0.292642468 -0.495466993 -0.387474028 1.284865225 -0.479412540 0.236541507 -0.335999636
14.578151504 -2.016433231 29.310658292 0.328350063 0.247983396 0.911025549 0.026887175 -1.611014155 -0.193930617 1.900463633 -1.068246097 -0.260306793 -0.053141790 -0.851860736 -0.216963272 -0.903621991 1.285706023 -0.402064223 0.612838709 0.446500720 -2.891248655 -0.049990353 0.441377538 -1.889196851 -0.124697037 -0.066260756 -0.183500100
24.076820663 -8.294042626 31.701245780 0.181573263 -0.918728805 0.306389317 0.170569981 0.032619220 -0.781692224 -0.290039889 -1.507924387 1.655834186 -1.502689536 -0.836500172 0.050891733 2.487907656 0.599301840 -2.194980300 -2.935393520 0.385285519 0.069273325 0.814592475 0.897653343 0.476681304 1.026511371 -0.646839946 0.007873318
16.626701566 -18.853658252 33.701895581 0.139169630 -0.901353946 -0.383645504 -0.144944833 0.003737282 0.232092655 0.477300379 -0.424775702 -0.055122935 0.477510868 1.085161476 -1.268770643 -0.643546193 1.354343652 0.266629925 0.783259615 0.357492893 -0.886859093 1.179360416 0.023507538 0.539887809 0.997631300 -0.776414502 2.650664747
14.702298146 -16.808527484 28.962116128 -0.588586885 0.625384932 -0.258236159 -0.442462712 1.124833783 -0.552285462 0.078038375 0.605819621 0.896274204 -1.014953004 2.410954293 1.081464945 -1.373472551 -0.166077184 0.319689092 0.017250592 -0.720250547 0.679506358 0.293356086 -0.428139694 0.773655532 -0.210411790 -0.641844166 1.758097473
13.310154117 -5.004894524 37.374998737 0.491245798 -0.807236143 -0.159602400 0.285612412 0.631114601 -0.660514857 1.267064698 -1.164659814 0.589342881 0.198898733 -0.293496005 0.256450299 0.503475468 -1.071190924 -0.763988870 -0.549976757 0.619665480 -0.069274036 0.395753393 1.715687066 -1.320938274 -0.366388006 0.333742551 -0.479194131
9.453385431 -10.587736762 27.665477584 -0.788009903 -0.022036517 0.595230908 -0.155740009 -1.493899696 1.246379896 -0.089598252 -0.995028606 -0.962702762 -0.717022992 -1.712170494 0.522179202 -0.077069222 -0.666521815 -1.553076947 -0.034375355 -0.246236572 0.609243662 1.104738657 1.179050520 0.429787097 -1.469176736 -0.427984949 1.827804997
12.163211383 -15.435983578 23.980319890 -0.382477547 -0.116426764 0.293098734 0.868475023 3.398359816 0.623724759 -0.340947395 2.030381287 0.353766541 -1.542826955 -0.706683650 1.014458491 2.491458236 -0.048203143 0.516378601 0.912588547 0.360973179 -0.857647267 -0.667295234 1.102982577 -0.859888971 -0.629005029 1.427018973 2.191122518
8.408567131 -7.967820479 35.416366896 0.394881087 -0.685392156 -0.569915831 -0.222491497 -0.218461294 -0.008866277 -0.351861178 -0.590167273 -0.588357951 0.347802726 1.181621618 0.966998620 -0.117759155 -0.046425387 1.094300818 -1.175887256 -1.567455957 0.874271758 -0.910938820 0.748219980 -1.105850565 -0.243217051 0.103945297 -0.190536734
20.420653350 -3.930292061 26.267982883 -0.654966791 -0.706129228 0.021751012 0.268191927 0.161960039 1.593983276 -0.626437461 -0.756853711 -0.223752296 -0.474174204 -0.589040495 0.401253601 0.020321413 0.360498999 0.396575532 -1.650427628 -0.776720901 -0.408845360 1.656751878 -0.395288113 1.446131065 -0.916425461 1.715934445 0.698359705
20.151976387 -8.516193413 28.088804978 0.034940933 -0.039527901 0.640108015 0.766471399 1.046103809 0.753593669 0.286880559 0.962518433 -0.695224719 -0.015920614 -0.697920964 0.941986851 0.779189664 0.587589645 -0.313080537 0.491314011 -0.947627587 -0.374918999 -0.602042140 0.304732593 0.787410239 0.897828379 0.788727922 1.681533304
13.103667575 -8.823140824 24.502433368 -0.202847440 0.495268125 0.841785635 0.070422618 0.603615298 0.166649359 -0.687370931 -0.287677838 -1.295105165 0.355199127 -0.380282613 -0.279872806 0.972358779 0.135731710 0.063113313 -0.440998895 -0.946610546 0.678373558 0.726352859 -2.012517484 1.361614365 -0.467910444 0.884571200 -1.319691986
22.256536678 -15.743237666 26.053879051 -0.543766558 0.729001839 0.125914478 0.396257231 2.438030688 0.706772003 2.244439154 -0.074633182 0.699568487 -0.906989102 1.638852338 0.246714410 1.151212339 -0.564096740 1.096076468 -0.628485683 0.226651811 -0.969682497 -0.021103034 -1.144072506 -1.074822392 -1.882179769 -2.220719936 -0.681866926
14.493585102 -4.166530260 26.702881627 0.058671018 0.389259690 -0.891245910 -0.225200653 -1.317224409 -0.044486000 1.102277026 0.108531606 -1.628443430 0.271850483 -0.876148109 -1.746474958 0.842014553 -0.003181937 2.792070238 0.194690798 1.382754753 0.647430511 -0.798918311 -2.104757034 0.881205438 -0.236521009 0.024495530 0.856724726
19.794504991 -16.803466053 25.787678068 0.853419386 -0.021059687 0.359165935 0.377136145 1.002406848 0.750114523 -0.121057865 0.082726470 -0.336084773 0.092071514 0.524940198 -0.070557262 -2.011024367 -0.973820231 1.296401607 -0.078948046 0.439221517 1.435086026 -0.723672520 0.319426296 0.985520862 -1.603308469 1.060010460 -1.378307781
15.415771990 -14.749002701 30.149160843 -0.348199124 0.678298733 -0.094414004 -0.640120454 -0.550839335 -0.242120027 -0.115067858 -1.256963626 -0.840936690 1.002389763 -0.045187609 -0.161853102 0.810762246 -0.318619371 0.618775337 0.773398243 0.015947892 0.199351818 -2.296830032 -1.236001335 0.539123783 1.780684916 0.908082535 0.939146865
11.138228922 -15.436679309 36.569698454 -0.108326119 0.302996506 0.340117827 0.883616678 -1.199312513 0.868102589 1.690445035 -1.075115045 -0.612777325 0.793019242 -1.139481539 0.844180355 1.031205483 -0.621221913 0.856500387 -1.403791815 2.141623998 0.317121795 0.570457113 0.753727281 0.379921191 0.562940999 -0.267642239 0.651027074
14.784728079 -13.269078870 37.795454147 -0.404579321 -0.751822296 -0.241194159 -0.461415416 0.459072772 -0.601838612 -0.436502767 0.339327120 1.259649242 0.455165576 -1.051726032 -0.176967842 -1.017734224 0.447037737 -0.018673206 0.093964409 1.055035410 0.158542013 -0.212918746 0.489270729 -0.657088482 0.800366096 0.145997399 1.855157084
23.623713073 -13.694893432 27.959235648 0.798859835 -0.136155622 -0.175151236 -0.559112382 1.145523618 0.153237663 -0.958573823 0.222276267 0.102317770 0.555404767 0.469785148 -0.355400988 -0.171550012 -0.448968666 0.330450826 1.354081274 0.473852039 -0.752438594 1.353664977 0.460103551 0.348278188 -1.616718759 -0.380838543 -0.337973893
17.842951690 -14.472715116 39.066860218 0.016253464 -0.694002851 0.213928457 -0.687263038 -1.347291763 0.039690350 0.655320750 -0.360014857 -0.060924149 1.601965811 -0.333020910 1.091815999 -0.189448495 1.188409381 -1.213247324 -0.892145613 -1.695695852 -0.604543375 0.723489980 -0.678497604 -1.125921352 0.856041991 0.311407690 1.241279492
15.965128819 -14.130272685 39.707427995 -0.710605561 0.314906582 0.098267120 0.621463719 -0.768678234 -0.544232932 0.841780308 1.229994419 -0.093716979 0.216808328 -0.063423926 -1.329615289 -0.408667211 0.553404315 0.570321777 -0.531292447 -1.356166878 -0.392121311 -0.125495919 -0.045433555 -0.666578384 3.077061958 -0.500747116 1.640817078
16.334603984 -11.620944883 31.439385536 0.028672164 -0.137204690 0.027009496 -0.989759197 0.865574057 0.322320050 0.498285801 -0.557781703 -0.627132719 -0.150371398 0.919798254 1.023016826 0.157698389 -0.445708924 -0.385877876 -2.084711320 -0.147573029 -1.339616671 0.448547280 1.068220543 1.501313295 1.605292676 -1.247654270 1.904701820
14.231864764 -9.059446085 33.539455250 -0.239780480 -0.626936766 0.720985024 -0.172151698 -0.908206382 -0.173351185 1.334484947 -0.250763423 -1.219098076 0.029911904 -0.212468366 0.457962147 0.704308282 0.720409247 0.272777038 -1.074119102 0.054607184 -0.697446071 -0.159689770 -0.978007855 -1.844172404 0.463556942 -1.476798750 0.153001933
11.185338425 -18.177693587 29.965534087 0.078927399 0.233211030 0.810718632 0.531148172 -0.705962852 0.844574704 0.894515606 -0.293051404 -1.035238419 -1.683305037 -0.014994574 2.343244526 -0.048274869 0.375644842 -1.071218889 -1.622190886 -0.906583495 1.174790703 0.774989714 -0.409044688 1.988541381 -1.249647762 -1.708078419 0.604530831
22.478062024 -8.857340610 36.601081542 0.227952597 0.358406323 -0.020314504 0.905080020 -0.078468515 -1.741650266 0.788621022 0.277766490 0.868119945 -1.565096166 1.159298657 -0.591179400 1.082138083 0.918535359 -0.386234778 -0.607312369 -0.627668765 -0.542391363 0.140250181 -0.048669385 -0.472740717 -0.919331455 0.433491339 -0.633721883
9.448713195 -3.480112347 28.235656098 0.295907639 0.275706451 0.257415591 0.877588648 -1.128580508 -0.427263811 0.818046657 0.822396813 0.185265544 0.607069705 -1.894502584 1.890735464 -0.651498870 -0.004756110 -0.038836019 -0.298824800 -1.953933228 -0.141527024 0.211952285 -0.609846619 0.090998668 -1.457063407 -0.554411655 -0.774045752
13.131058737 -3.294075745 29.163810971 0.002360132 -0.124959686 -0.973715673 -0.190413484 1.150126856 -0.595402036 -0.118756668 -0.667354474 -1.560097788 -1.833127905 -0.555081202 -0.573740143 -1.170983262 -0.511907178 0.899072880 -0.632683238 -1.056883617 -1.516595744 0.292453747 0.529521684 -0.380776921 1.726075240 0.581115691 0.941922195
7.935230084 -8.588314453 26.352392169 0.830671398 -0.290802946 0.198360180 -0.431360538 -0.757225981 1.356698193 0.353248333 0.861974591 -0.520904413 0.053713054 0.588057648 0.786116025 -0.279745358 -0.003329562 -0.351382138 0.730863177 -2.674936480 0.963573377 -0.844957005 1.838740494 0.867144280 -0.709852395 -1.634842208 0.793746632
21.895492231 -10.353908977 27.221991255 -0.353023553 -0.467004956 -0.649107752 -0.485736419 -0.706034089 1.047748869 2.384465409 -1.394906345 -0.431607178 -0.309021112 -0.843280015 -0.888526141 1.771656360 -0.023473536 0.719517942 -0.432304817 3.077645698 0.548166798 -1.190799169 -1.630358703 0.907628809 -0.136854762 0.741516063 -1.108496874
11.596485688 -11.620318322 37.656616782 0.895678502 -0.436671907 0.000936193 -0.084123664 -0.154042764 0.677400918 -0.510446917 -0.470839904 -0.708917744 0.728276650 -1.654137207 0.334910051 -0.272173226 -1.603652325 0.822988984 -1.319396152 -1.053706995 -0.094137024 -0.329098645 -1.460570600 -0.803096701 -0.071467859 -0.159979856 -0.653490845
15.748778764 -12.819667059 37.627161571 -0.139764077 -0.861883206 0.486985399 -0.021646304 -0.744928672 0.662852670 1.506312353 0.210103644 0.396723112 -1.547093873 1.212339039 0.303187595 0.444576025 0.268686778 -0.411975464 -0.184601302 0.787711969 0.606241181 1.665662203 0.682979577 1.074022130 0.357777097 -1.538254390 -0.499010502
22.146656618 -17.653552709 29.184423613 -0.175925611 0.862567420 -0.403650091 0.249187138 0.435168354 2.566977440 0.835026438 0.271528799 -1.251051761 -2.331207601 1.153912608 -0.839369438 -0.510281608 0.036692127 1.076349948 -0.498932782 -0.675519178 -0.637798540 -0.146419337 0.419189953 0.486705872 0.613479905 -0.488361642 1.658751457
16.281616583 -4.373013267 22.895747776 0.773721980 -0.493189744 -0.072534566 -0.390969193 0.373987413 -0.553498569 0.441915523 -0.025999556 1.174839895 1.011762948 -0.277903047 -0.146676449 -0.819464162 0.336431260 0.382168999 -1.006599073 -0.739858202 0.523881027 0.750978596 1.214255363 -1.003308683 -0.197943791 0.205541256 0.998347658
12.056452381 -15.388628429 33.969428997 -0.804283363 0.422009090 -0.409168889 0.087277837 0.131554259 0.815964361 -0.758354957 -0.342812876 0.926745087 2.218265007 -0.120694723 -0.696071182 0.242445463 0.249455697 -0.804636575 -1.316318824 -0.190218896 -0.460431713 0.752117621 1.249107357 0.158387292 0.705052997 -0.884745995 0.929651512
19.152262789 -16.096358140 35.510476348 -0.396267886 0.874908644 0.253697355 -0.114648506 1.902871760 -0.337668788 -0.919116567 0.565765913 0.753490088 -1.625211539 -0.173930568 0.623055389 -0.370451100 -2.423399635 1.107268930 -0.377173197 0.184922033 -1.263156278 0.137806147 0.161938819 1.222531058 -0.366012313 -0.489339460 0.638766937
18.336703219 -11.465252651 37.136566857 -0.386562780 -0.100426261 0.419502375 0.815169639 -0.688009418 -0.487992589 0.472906353 0.285781474 1.240453289 1.084376977 0.094627659 -1.622961334 0.074803370 0.436765776 -1.081025307 1.465160949 -0.170037959 -0.834429498 1.417694816 -1.339800403 -1.996034567 -0.325865508 -0.094417262 1.389402216
17.129831276 -7.303805995 29.676455023 -0.392676415 0.710017732 -0.583808352 -0.029118060 0.647579803 -1.296161603 0.039164403 0.669880229 0.287597110 2.122474679 0.420335420 0.206866936 1.095899078 0.442211596 -0.360173346 1.741438757 -0.614233109 -0.193342492 0.185229775 0.660051179 -2.009489392 -0.239915619 -1.238292848 -0.232564950
15.391065460 -8.990520493 37.726712592 -0.052927357 0.545154761 -0.800948929 -0.241838365 -0.913116132 0.109193368 -0.367320661 -0.114492556 -0.770196618 0.299328927 1.303716892 0.312050406 0.935916635 1.785303995 0.122287205 -1.183744711 -0.939096081 0.681876583 -0.564458804 -0.087074053 1.334118724 -0.581405949 0.084538100 -0.233851240
18.206315376 -7.718244845 37.507012456 0.917327047 -0.027719947 0.334217842 -0.214571965 -1.705538013 -0.700706462 -1.659711864 0.016943352 -1.436393697 1.861334718 0.203615129 1.871227327 -0.033531958 1.040028370 -1.168908180 0.151308424 -0.134328217 -0.930342798 -0.977958286 -0.864135151 0.326642696 0.975905063 0.632680223 0.321721798
23.444217783 -11.219635184 34.967333676 0.184899119 0.676066431 0.534079552 0.472763714 1.654055619 -2.304376226 -0.776024558 -0.105093489 -0.259386623 0.359376783 0.944592489 0.981793018 2.738316372 0.399244848 1.273260484 0.528822325 -0.825097193 0.486696347 -0.604792434 1.705072297 -0.918489106 1.890302713 -0.329941113 -0.800195172
9.967530340 -6.740577469 31.139687402 -0.087840466 -0.629376580 -0.651947791 0.413682547 -0.108572488 0.630723361 -0.929595827 0.489573396 0.061955655 -0.213721159 -0.131340760 1.654011627 1.386865127 1.990409359 1.284710670 0.011983923 -0.369877182 0.057585267 -0.262182551 -1.520347362 -0.838903840 -1.424639303 0.580427331 0.094142346
23.581082848 -9.582002398 25.008023883 -0.924809582 -0.115357355 0.297290133 -0.207457213 -0.472449923 -0.117539868 1.484165715 -0.424968767 0.650144377 -0.556366536 -0.277923414 -1.255000614 0.945465439 1.268590951 -2.316410330 1.064569937 -2.358314659 -2.092884591 -1.217890835 -1.743421990 1.129749303 -0.812605881 -1.393909640 0.612459669
21.997799982 -17.551061027 29.209173678 0.551502074 0.486149609 -0.671771278 0.090704849 -0.272989832 0.229776649 -1.234223255 1.054084357 1.287133737 0.314055181 0.182793312 -1.663334057 0.481489156 1.029601414 0.166790235 0.379435935 0.423879683 -1.383785261 -0.199598688 -0.848464258 0.299582151 -1.812529563 -1.144968489 0.078442685
21.445809180 -3.692650460 29.861284790 0.123904142 -0.465478739 0.852290860 0.203905851 -1.017268903 0.530119428 -1.389378310 0.932167020 1.172929484 -0.391342571 -1.439020646 0.875978092 -0.593132099 0.092214451 0.584239577 0.946382440 -0.033241427 -0.196814210 0.701061698 -1.416650656 0.335146185 -0.499881113 1.013826245 -0.328819544
18.372748845 -8.610253846 33.635090913 0.772289796 -0.576479004 0.211306663 -0.163064168 -0.640369001 -0.599155208 1.574352490 -0.276189477 0.768255543 -0.178769245 -0.232810070 -0.916431472 0.388325690 0.580292299 1.368365309 0.896095790 0.131593517 -0.393421023 -1.178189761 0.209891087 2.158134133 0.023107159 1.211100101 -1.382704765
6.986740092 -15.241304077 26.724694931 -0.779174716 0.103711040 0.368620720 -0.496235375 -0.481060412 0.750207795 -0.106932936 0.499877799 0.136706534 -1.011971675 -0.240388652 -0.976008745 1.361594360 -0.658153047 0.940934552 -0.124604668 1.301746720 0.466315195 -1.847162493 -0.828657022 -0.150114567 -0.619167925 0.463669992 0.327930585
21.005115428 -6.989637658 30.792531449 0.239450209 0.663835243 0.631073919 0.322074643 0.405426967 -0.238381966 -0.109098376 1.241044821 -0.856509311 -0.758213539 -0.501441172 -0.406262286 -0.073627859 -1.254566390 1.200660204 1.503119627 1.717170275 3.091536095 0.822385948 -0.451763497 0.144579137 -2.161697187 0.619623739 -0.871460378
17.975337353 -3.056247869 31.972374232 -0.282449101 0.125100860 0.951063323 0.007129865 0.534166557 1.326514401 0.574540349 0.174173086 -1.697392676 1.290551721 0.073806968 1.023142041 -1.671863979 -1.308646245 -0.123825913 0.473866163 -1.095208061 -0.127329809 -2.262505047 -0.213333485 0.249277304 0.265418530 -2.075211950 0.134813577
22.903078907 -6.991132918 29.562786150 -0.684747266 0.261385351 0.679888139 0.023473376 -1.188646079 -0.500729668 -0.836418454 0.901922965 -0.721047876 -1.223948449 1.021743562 -0.703678212 -1.182300237 0.213707641 -1.397645314 0.634383120 0.036877403 -0.533605996 -0.411367589 0.358809566 -0.113811906 -1.216563840 0.943056216 0.188581011
16.680952060 -18.272684357 26.492785704 -0.325530936 0.043861472 -0.695811668 0.638711127 -0.411560675 2.119084661 -1.230865597 -0.334756345 0.611107763 0.311327978 -1.173710087 0.654530669 1.005002116 1.018473535 -1.012379531 -0.208391471 0.530813994 -0.904259865 0.259089827 -0.392559618 0.690527378 0.087929745 0.571287935 -0.820197754
19.091047047 -9.782883174 34.355275686 -0.495829998 -0.532331984 0.260730037 -0.634661421 1.387715242 0.866883660 -0.904219789 0.461276334 0.628553911 -0.335881763 0.419393600 -0.153336670 -0.004487909 -0.332564062 -1.434452865 1.097111797 1.182741078 -0.977193949 0.681220706 -1.092077271 0.924550497 0.425869256 0.885358894 -0.256837002
12.205982566 -11.702237533 22.438264873 -0.860550005 0.306881400 -0.396091632 -0.091591015 -0.259620798 -0.666038782 0.197669251 -0.586806388 1.869256712 1.668922711 -0.131189454 0.275369957 0.659153258 0.679705675 -1.268778537 -0.104756875 -0.932990585 -0.703896696 -0.295364442 -0.555475312 1.730487267 0.607996686 0.323577356 -0.031519069
22.283679157 -4.700870781 28.166855428 0.044979814 0.196219935 -0.653433503 0.729725435 0.879829125 -0.936120533 -0.049956130 1.293810466 -0.031183405 -0.090299592 0.015066104 0.162338805 -2.379365044 -0.404467841 1.542452127 1.981065642 -1.326101639 0.774914092 -0.830828026 1.257352733 0.627072694 0.145936420 1.200876201 1.203353510
13.859033171 -13.024275510 21.741898490 -0.758448104 0.280003321 0.085960784 -0.582207314 0.228654812 -0.487356284 1.533329131 0.132601676 1.417218082 0.783903976 0.181562608 2.169139524 0.912534395 0.485814337 0.267803327 0.027832338 0.953928715 -0.196126449 -2.711450058 -1.627736699 2.311968924 0.986988021 0.962719925 -1.268611054
17.853990891 -5.496148801 28.720904503 0.113312697 -0.904785003 0.317553681 0.260161472 -0.621321535 -0.135798736 -1.139090798 1.547446683 0.423762796 1.882627788 0.822027831 -0.735411194 0.414761094 1.309715309 -1.268078751 -1.153066449 0.550333147 -1.238263942 -0.442270445 0.555019403 0.990007388 2.814907348 1.189771527 -0.099607144
19.400318979 -7.370981641 32.834892382 -0.468923081 0.683053798 -0.294633665 0.476171878 0.454738107 -1.690995268 0.048371191 1.556092571 -0.434935221 -1.709517890 0.479521990 1.764072457 1.813567134 0.607311414 -1.183874247 -1.658749087 0.638006210 3.121884614 0.828160157 -0.508451100 -0.873583809 0.201763775 -0.679929008 -1.881176254
10.987394881 -10.337194544 35.632889382 -0.305583915 -0.912741793 -0.205433195 -0.176969188 0.148541005 -0.638645594 -0.482978230 -1.050525003 -0.832513136 0.430101123 1.498684405 -0.864281435 -1.045956867 -0.323089420 -1.996942346 1.434430279 0.864706193 1.679054102 -0.953259571 -0.254513494 -0.470854810 -1.342376984 -1.693136423 -1.467455839
12.983487822 -6.250495018 22.404279040 0.338847623 0.628156765 -0.267399252 -0.647378565 1.585351653 2.776931090 -0.204549368 1.478178167 1.171242179 0.085278246 0.667425602 0.286962388 -1.198850537 -0.348175743 -0.784336300 -0.475875008 0.168776031 -1.571756775 0.515842133 0.978896495 1.616146818 0.333425212 -0.364622222 1.295967044
16.584470901 -18.247263031 30.610094028 -0.395729831 -0.145385148 -0.352005430 0.835675318 1.984281877 0.385218502 -1.430675229 -1.688833944 1.287769527 0.094119150 -1.428757499 0.820108623 1.920926149 -0.688713309 0.082324033 0.546375297 1.210572537 -0.554249711 -0.028977123 -0.775972770 0.060542546 1.435963847 1.259089589 2.044612132
13.864643911 -19.395552077 31.186106707 0.803862783 0.407309765 -0.008297300 -0.433398820 0.692032056 -0.566132928 0.797578724 -0.307960120 0.206913107 1.835391378 1.274141115 0.991949417 -0.488727004 0.106561001 1.366315021 0.199148617 0.039199250 -0.252112693 0.045719376 -0.986245828 0.243744363 -0.689222769 -0.197857711 -0.230791358
8.072968229 -9.354746208 36.054331393 0.510030747 -0.111044063 -0.416132260 0.744561479 2.034346276 1.038536694 -0.227444614 -0.066419334 -0.918262749 -0.173719545 -0.018347928 0.633749715 -0.059662238 -1.138860584 0.676773342 0.809117122 0.281568574 1.223753495 0.001281695 -0.614825097 0.234254653 0.060558302 1.024768400 1.437877922
12.836799794 -8.748396229 37.791361199 -0.103756861 -0.637390528 0.530446502 0.549176052 1.164204657 -0.634733055 0.090755162 0.825488413 1.001764470 -0.158303791 -1.031323205 -0.263412897 0.960690872 0.009324802 0.501897215 0.360695524 1.365501614 0.131567311 -0.137536670 0.466759925 0.939775159 -0.093104538 0.068839363 -1.355063844
13.446048895 -15.629320535 26.167531458 0.665010405 0.069547864 0.027132732 -0.743093581 0.499991076 0.601370253 0.189092015 1.515709067 0.859257477 0.899226055 0.966543644 -0.594265946 2.057463553 0.103259903 1.283717305 1.324528863 0.763228680 0.410204777 1.203949568 -0.598011477 -0.020671983 1.518868670 -0.108655133 0.820820551
13.004799634 -8.854760573 32.389449857 -0.415777737 0.163787584 0.861785462 -0.240058990 0.726326509 -0.452395801 -0.467490929 0.011677283 0.467347561 1.184138336 -1.643141228 -1.338886950 0.766775397 -0.724248850 2.216793528 -0.290745689 0.689672493 -1.165117111 -0.623193587 1.610299559 -1.312698840 0.063290247 0.366605354 1.639515889
14.198572106 -11.907995428 32.091354397 -0.335090322 -0.326322363 0.839060350 0.277859533 0.774387198 -0.529279215 0.007316307 1.509482056 -0.920850300 0.299773534 -1.006600626 -1.018520728 -0.645508462 1.026115829 0.481893259 0.659384796 1.848739552 0.283902777 -0.390354835 1.155953851 0.119121264 0.633262596 -0.446380946 -0.281292856
13.332290098 -16.727408394 27.570228171 -0.350090078 0.060650523 0.519858782 0.776856034 0.906777406 0.146170726 1.154506462 -1.807108225 -1.053902209 -0.712188858 -0.647155443 0.237780809 -0.087012004 0.225516222 -0.782065681 -0.377878025 1.603556854 0.355012931 1.691257572 2.411971945 0.691653300 0.064517868 0.277552834 1.453017549
17.724359862 -5.617102946 35.478844873 -0.190645210 0.386531110 0.884552381 0.178368132 0.301909915 1.128390993 -0.372914724 0.683296732 0.479916699 1.318980660 -1.015246850 -0.217779721 1.116076798 -0.451401205 1.337907257 -1.207618194 -0.716362690 0.225406702 -1.007739833 -1.528565120 -0.353473464 1.250377322 0.708232824 -0.932138454
11.327171682 -12.072190840 27.438867094 0.411543069 0.063624573 -0.855157108 0.308691654 0.520100977 0.573579371 -1.945342875 -0.001444901 -0.196809416 -0.224802829 0.554698102 0.848382772 0.133432561 -1.294196176 -0.966803681 -0.316166412 -2.525103443 -0.420168285 0.674129788 -1.382935277 -0.419274034 1.480382049 -0.546248395 -0.247745992
19.009319656 -15.788329284 23.394088216 -0.472296326 -0.092876247 -0.308892095 0.820302296 -0.390359327 0.012760601 -0.102821199 0.233649819 -1.383442430 -0.476916270 1.158655784 -0.350276944 -0.208962936 -0.307816973 -0.242978397 -0.650916596 1.419035546 -0.585201322 -0.185516375 -0.462447833 -0.693624217 -1.072558506 -1.297497190 1.474237630
14.351317573 -4.770028453 31.932711680 -0.555918693 -0.763413097 0.293669488 0.148030677 0.196611401 0.578256339 -1.629516429 -0.078708852 0.361067743 2.510080006 -1.845256585 0.526895575 -0.835487009 0.960235078 0.276804060 0.900548034 1.007941815 -0.716833035 0.123297180 0.474639085 3.403260050 0.695238276 -0.291003883 0.732553856
16.903745291 -6.320776809 38.210851184 -0.121190110 -0.323359421 0.259066425 -0.902017866 -0.644881921 0.505193876 -1.492319378 0.256450284 -0.750776282 2.250346829 2.357851220 1.952388815 2.073456034 -0.279702833 -0.332200507 -1.498854348 0.056713142 0.566823083 0.483976417 -0.091363474 -0.303299829 -0.364943749 0.281019540 -0.044070773
15.377318697 -16.825464375 33.927797955 0.007859146 -0.933084318 -0.209166156 0.292474630 -0.184477244 -1.034715729 -0.883253174 -1.547075244 0.878134446 -0.015636871 0.615888001 -0.964011467 -1.471406788 1.331170626 -1.353454451 0.945349608 -1.648351480 -0.373703559 -0.215116197 0.107619853 -0.052088696 -1.576669574 -0.640647315 0.573804142
21.421562399 -4.263541578 33.849970252 -0.431090477 -0.051112875 -0.899128687 0.055821844 0.201326569 0.124796725 -1.633523919 0.799569085 1.906253350 1.342001823 0.967638520 -0.122193917 -1.736639578 0.068948376 -0.630532932 -0.090680968 -0.888124679 0.621207231 -2.203857884 -1.174854549 -1.791147218 1.206409673 -1.977744361 0.179782229
10.480500512 -11.801067102 36.789855069 -0.594199685 0.676322387 -0.418468991 0.119993611 -0.462293223 -1.618214530 -0.283719146 0.073281136 1.029944956 -2.598920338 -0.843764767 2.093565138 -0.077881458 0.994182736 -1.113322800 -0.451156308 -0.645959801 1.190081410 -0.910321707 0.335803534 0.106831995 1.815509208 0.911295779 -0.202796966
7.553755803 -8.101939356 35.559426947 0.149917850 0.278029196 -0.920644535 -0.229429825 -1.202925574 0.317757231 -0.573225229 3.034116276 -1.624994153 0.407069316 0.490480645 0.887194244 1.454940737 -0.540116129 2.273872048 0.570392094 -0.362980653 0.116807613 -0.087224551 1.251295199 -1.402226196 -1.157647162 1.102260138 2.033831082
8.029419177 -6.491550557 30.290491658 0.008418897 0.377205454 -0.088399551 -0.921862618 -0.386331840 -0.359966062 0.084305930 -0.093084137 -0.266126494 -0.133010895 -0.932617659 -1.185874626 -0.295160847 0.335747527 1.089061894 -0.536375552 0.521856330 0.536694344 0.374588276 -0.468068690 1.720903155 1.246741523 0.278437241 -0.242281994
12.928469181 -2.689644397 32.749183285 0.734007120 -0.058596169 0.356388076 0.575141353 -0.281632333 0.471554910 -0.547800465 -0.543756335 -0.306518772 1.081373994 -0.685484000 -0.955623769 -0.864208084 0.642382068 0.402869223 -0.379778336 0.279930368 -0.265284688 0.172966986 2.251526987 1.409357552 0.140325355 -2.213803670 0.244851696
16.123783120 -2.864096643 27.461911732 -0.021207176 -0.219472535 0.666821972 -0.711850068 -1.181519630 1.604276981 -0.918999527 0.462031689 0.477488353 -0.631651767 -0.124477027 -2.912330650 -0.462491359 1.112415767 -0.613755191 1.219419383 0.295756856 -1.102744267 0.802419529 0.463592299 -1.258635919 0.379716241 0.722105397 -0.245646680
20.004986998 -8.551809968 24.114525113 -0.448951323 0.352474667 0.288084463 0.768902894 1.381587743 -0.042456030 0.286173240 -1.226471864 -1.890216608 -0.729346224 1.682466461 -0.349172278 0.717278366 -2.382160546 -0.542095868 0.722122274 0.124975132 0.739215850 -0.807556734 -1.255257775 0.135147725 -0.841544965 -0.114042302 -0.774502912
11.344384347 -10.499339984 28.856979405 -0.163237796 0.305925185 -0.915821435 -0.202569253 -0.364561550 -0.896299786 2.817105981 1.709908219 1.762632967 0.600400977 -0.182658173 -1.093503558 0.333651861 0.794164422 -0.002558499 -0.237208408 1.824941055 0.332538845 -0.044588065 0.333445984 0.577040021 0.981726675 -1.109824464 -1.478189458
21.776342535 -12.562335425 32.314323640 -0.500417472 0.354583053 -0.014323428 -0.789713905 -1.097618279 -0.036596013 0.441129600 1.979501765 2.628817242 -0.599121602 -0.257318750 0.205379045 0.280636122 0.106023172 -1.226752904 -0.019160896 0.977364381 1.109142779 0.757407184 -0.177993868 -0.188032346 -0.066405534 -0.930647815 0.090846070
7.675909747 -13.492616319 33.794604611 -0.534655340 -0.224533484 -0.720122357 -0.380988415 -0.956018495 0.365372922 1.339557045 0.563146791 1.380147569 -0.306858093 -0.910916208 0.931847196 -0.141587601 1.603551730 0.784251874 -1.385439759 -0.058375826 -0.727304083 -0.480487905 0.173853691 0.135773857 -0.121149600 -0.575140080 0.313258401
9.619604918 -12.299799377 30.216227844 0.038694883 0.369159304 -0.520450544 -0.768996324 0.066802517 1.907969490 0.185753140 0.868234311 1.116984745 1.167383768 -1.591906284 0.123198124 1.676313099 0.564651844 -0.367583602 0.267107442 -0.384317458 1.448330563 0.450213109 -0.275735870 -0.329762399 -1.567053422 0.632968720 -0.404284268
21.433634878 -12.087506857 27.807919974 0.703138394 0.495472946 -0.400572229 -0.315665723 0.526709609 -1.962725991 1.264176886 1.038350462 1.157789855 0.340509942 -0.826796609 -1.449359689 0.348435920 -0.163074294 0.738455648 -0.949805678 -0.574033167 -0.560378929 -1.171327975 1.428336876 -0.149160909 -0.027348222 -0.332676852 1.108985540
23.591733971 -12.952837911 33.648389727 -0.280309823 -0.850180729 0.403339906 0.189568065 0.039238133 -1.907912684 0.087404404 0.617490419 -0.215868689 -0.091499908 -2.161698645 1.168351538 0.704291883 0.357782886 0.800659663 0.067115676 -0.731373665 1.914628529 1.400327134 -0.674322294 2.055195766 -1.043690020 0.302141948 -0.141787508
15.847005772 -19.979049282 32.759555226 -0.015544110 0.931418951 -0.306975036 -0.194893422 1.482133904 -0.151288582 0.426701604 0.050604723 -1.873125462 -1.138729917 -1.180085190 0.474556742 -0.809874197 -2.704387454 1.938727155 2.030740062 0.423152008 0.392673904 -1.136569224 -0.905773711 -0.184887581 -1.317758054 0.882187185 -0.108453799
12.515450574 -16.918737993 24.535324542 -0.020960363 0.632028198 0.256718634 0.730887518 0.826890195 -0.271465951 0.257231509 -0.956702725 -1.571397563 0.449044625 0.079702301 -1.751356539 -1.737081542 -1.181823969 0.859895283 -0.834016608 -0.985277111 0.125106217 0.391313007 -1.853226119 0.468278580 -0.268459437 1.400899225 -1.411767043
13.916462789 -3.538556563 33.238959872 0.406727285 -0.251284762 0.068329722 0.875648293 0.079703775 -2.412240591 -0.068894923 0.566299823 0.363718041 -1.212984360 0.144695532 -0.351183091 1.790730935 -0.430100484 -0.673667513 0.830941200 -2.192991764 0.138559231 0.368540841 -0.459856852 0.081530897 0.619880158 -0.291680384 0.467025534
13.781458089 -7.369543426 27.011084907 -0.000020583 0.667048611 0.554000872 -0.498125670 -0.859314629 -0.441083496 1.676921062 0.208972249 -0.024724013 1.101987787 -1.170534002 -1.720409601 -0.097875215 -0.302008926 0.339258764 -1.672539519 -1.081484863 -0.552229920 -1.441780815 -0.314008820 0.237298481 0.176699090 -0.859998237 -0.725852003
12.745629962 -17.098324222 25.914700217 0.528995715 -0.841827995 0.009816380 -0.106737052 -0.344622131 0.307786435 0.934783248 -1.010318006 0.741193695 -1.610020101 1.267551382 2.229145541 0.608368927 -0.541065654 1.882545748 -0.947273685 -0.655211473 -0.431182877 -1.019777701 -0.969226532 0.955831455 -0.464143099 0.990369840 0.390583729
17.820809132 -15.424761545 31.667403095 -0.216807350 -0.104319378 0.595091251 -0.766797525 0.436744036 -2.530051589 -0.497055426 -1.160320730 0.836451555 3.233758165 1.090584242 -0.799742025 -1.193500964 0.843534767 1.154530685 1.664062147 -1.159233586 0.128931514 0.757168540 -0.238067435 -1.107001547 0.575055069 1.084063120 -1.479544136
10.788862853 -4.418108287 32.593648643 0.095438168 -0.317690925 0.920675267 0.205720891 0.931108349 0.279465130 -1.801645669 -1.852561765 2.266763628 -0.200978876 1.887878566 0.981913424 -2.116884368 0.409257841 0.687668038 -0.191004292 0.605078009 -0.039362861 -0.301131194 1.319299557 0.695771374 0.195933931 0.298133817 -0.337915116
23.052108788 -7.662085005 31.073177853 -0.491210755 -0.513631718 0.536129332 -0.455477543 -0.002539533 -2.167096072 0.270894662 0.879011559 -0.514038438 0.860697302 -0.335292451 1.002615379 -0.241890794 -0.740315316 0.300256430 1.439163069 1.469775918 -0.115229214 0.394084270 0.850817709 -0.504677201 0.039108229 0.847911202 1.343133053
9.820855538 -8.309014033 35.293145300 -0.272895186 0.959577007 -0.004860390 -0.068677224 1.033538524 -1.117364558 -1.368096663 0.957269479 -0.170821023 0.904190428 -0.635734315 -0.340165089 -0.250394975 0.535904946 0.868425711 0.571042246 1.748334911 -1.498798961 0.776082081 0.106080426 -0.765602332 -0.877269154 -0.304615648 2.451176857
14.202025225 -4.471328571 28.219936865 -0.000198228 0.030919639 -0.955527927 -0.293275157 1.208788389 0.813364774 1.193236972 -0.946332191 -0.869831067 0.526409550 -0.419925667 -1.663679884 0.815231274 1.000968082 -0.029857645 0.009934733 1.916790830 -0.583154546 0.432439385 0.796832217 1.035907773 -0.278041471 0.558749519 -0.029356317
17.674305008 -19.519833841 26.909105443 0.136404493 -0.868467139 0.359412928 0.313019152 1.286184767 0.233654341 -0.456500305 -0.287608900 -0.398807792 -2.326715603 0.139107353 0.415353362 2.347986480 0.648294048 -0.072397580 0.621886201 1.690560420 -1.669832339 1.897458690 0.534032794 -1.733694871 0.425955515 -0.250874200 -0.041357066
16.839323933 -15.601326563 33.537983329 0.406664115 -0.819480464 -0.061065517 0.399183003 0.510404463 -0.728190134 -0.774216026 -1.513611879 -0.651293923 1.482907252 1.555086286 -0.435719657 -2.247008728 -0.365355083 0.037767424 0.089720953 0.256944851 0.314659976 1.463937858 0.958175400 1.822874042 -1.472650166 0.346155778 -0.491972804
12.362127539 -13.858828893 28.306274314 -0.211871477 0.665000614 -0.018297132 -0.715925887 0.493834368 0.924137361 1.258111935 -1.364246401 1.404365691 0.576718951 0.282302830 -0.193442713 0.065223751 -0.642138921 -2.543310883 0.938874328 -0.716260804 0.447416974 1.052649546 -0.495102568 0.394875002 0.525707345 -0.789868585 0.272066739
6.090179039 -10.807233936 32.461740426 -0.106369903 -0.060848920 -0.657548290 -0.743379512 0.278308686 -0.910030240 -1.841719278 -1.679478998 1.132123249 -0.711047352 -1.392624264 -0.413876845 -0.050536025 0.587288648 -1.261997968 -0.185796203 -1.443190977 -0.804177853 1.005628612 -0.497939641 0.239306807 0.369198539 -0.067032627 -0.890758045
14.209009548 -7.167556108 24.381787717 0.494899550 0.303056029 -0.432562197 -0.690015524 -0.185594185 -0.098260443 0.381778591 1.340393953 1.898188521 -0.347070442 1.053609534 -1.358468797 0.261048313 1.421663835 -0.408647954 -0.357164962 -0.262163263 -0.216746937 -1.141258044 0.152001352 0.738828316 -0.094508338 -0.948539321 -0.131691497
19.261380519 -13.996996864 31.475889556 -0.437273908 -0.271949777 -0.753921243 -0.407967656 -1.020816437 -0.040463397 -0.127697941 1.175159390 1.537633285 0.072520237 -1.421320954 -0.914893925 -1.379748217 -0.127320892 -0.092597797 0.556665112 -0.150157549 0.955053242 0.225730708 -0.500133170 1.489445806 -0.769368614 -0.641541353 0.776490273
12.144364160 -8.314925257 24.596122869 -0.721889557 0.384965232 0.452674020 0.354631456 -0.014798260 -0.267421279 0.614221470 2.532041271 -0.338916216 -1.751534450 -0.126748565 -0.530856340 -0.249119704 0.244780156 -0.301449053 -1.863858843 -0.003124953 0.519054037 -0.255718517 -0.476618516 0.666723136 0.870824520 -1.035626444 -1.225492298
16.722423685 -16.272978694 35.384044112 -0.224647775 -0.879248338 -0.345744762 0.238571367 0.667773443 -0.391635073 0.479600281 -1.315048680 0.272064482 -0.328046277 0.110957645 -1.137915193 -0.768235237 0.464749812 0.399785392 -0.713216637 1.246133456 0.026630069 -0.978058946 1.377952482 -0.222171987 -0.685462028 -0.234795465 2.226698858
17.715996384 -15.208371368 26.464527675 0.230144929 0.518109808 -0.626863913 0.534450346 0.582483079 -0.079091864 -0.609872899 0.133693921 0.247977576 0.055547343 -0.661356370 -0.075159210 1.208603480 -0.249853067 -0.742514436 1.293784994 0.414597588 -1.307975132 -0.260091428 -0.909445189 0.576768302 0.062269680 0.197565254 0.473775780
9.417533356 -6.414467491 32.144931019 -0.649087929 -0.550361900 0.506143389 -0.140019676 0.546252671 -0.179054163 0.332658857 0.377282271 1.021851031 1.118510136 0.877912889 0.848199020 -2.038243315 -2.142309884 2.162869068 0.276818642 -0.711239330 0.031954692 0.653366360 -0.380128281 1.574021788 0.066355828 0.448133059 1.533473119
13.288011840 -18.432130297 24.405446146 0.139722166 -0.652059522 -0.364733774 0.649819490 0.341937032 0.154748086 0.301586585 0.188039024 1.598168915 1.144050836 -0.709836615 1.765700393 -1.235781569 1.015562990 -0.745163842 -0.164991932 -0.182507265 0.623089082 -0.484996267 0.964018457 2.365054275 0.998940897 -0.881896251 0.242845027
6.612782805 -14.909852222 32.778560004 0.755878149 0.045031147 -0.617993110 -0.211435418 1.055147958 0.042614137 0.424549659 -0.721948592 -0.134611096 -0.639260152 -0.782355592 0.043015414 -0.901413055 1.812097923 -1.467944034 -0.783334947 -2.033071028 -0.467578793 -1.586673435 0.037507907 0.009332029 -1.039804606 -0.585192000 -0.002555399
15.485848831 -11.405848305 33.432455316 -0.163138711 0.499551180 -0.846465824 0.085615350 0.039485870 -0.773271067 -0.639348621 -1.537804523 -1.306453758 0.787736669 -0.373412885 0.035923839 -2.751197756 1.819129487 -0.503307799 -1.980459462 -0.175535217 -1.062969899 -0.829040678 -0.183176729 0.082587163 -0.265481011 -0.943339848 -0.214185838
8.578356906 -8.261354089 27.584106698 -0.659702425 0.606115588 -0.088435286 -0.435426003 0.595357764 0.238735675 1.278827427 0.230420993 0.934038458 -0.588738501 1.494987193 0.967041243 0.188042582 0.033158369 -2.048817296 0.233696707 -0.455888272 0.767987182 0.637421210 -1.293212354 0.907349008 -0.891202777 -1.433392861 1.399129201
13.930841387 -8.466147481 22.312000556 0.660234567 0.062276346 -0.678494289 -0.316002329 -0.578634979 0.684965351 0.036099634 -0.404798071 1.344109135 1.556097933 0.524496725 -0.909813320 1.052268266 0.486043317 -1.390243279 -2.238367957 1.403552884 0.363489991 0.606748880 0.535513828 0.167300482 -0.298895686 0.432963076 -0.454348256
10.627023413 -14.358461646 32.418017895 -0.291427067 0.170161730 0.625381030 0.703572183 0.434104295 -0.210578016 -0.144997735 -0.042285535 -1.850980264 1.058625817 -2.015709027 0.462472217 0.656135141 0.319459978 -2.620817781 -0.197340219 1.128929971 -0.385555923 0.003699214 -0.116183388 2.058728120 1.997770629 -1.427345695 -0.900954677
15.605956888 -18.298930487 23.699760871 -0.690797415 0.461503742 -0.542141665 0.126077920 0.049722816 -0.318092110 -0.459950345 -0.352499971 1.451056893 -0.619040465 -1.645131369 -0.942758824 1.037949353 -0.298649080 0.502080574 -0.916394963 0.208102190 -0.490850869 -0.233965389 0.820134682 -0.735899192 0.783323230 0.548522234 0.396481815
11.183092091 -9.737002125 22.737984451 -0.454976829 -0.567617441 -0.686153165 -0.000599409 -0.416855547 0.423642934 0.193388917 -0.011326463 0.925708309 -2.076281851 -0.954032860 -1.287789227 0.161888931 -0.002520272 0.888222919 -2.216456588 0.308287395 -1.416720461 -0.201822202 0.723948077 0.096967145 -1.639509463 -0.168871106 -0.271620866
10.893055897 -11.793401304 21.642934289 0.199672882 0.875682957 0.435072800 -0.063417332 -1.202503720 0.414530649 0.380460255 0.339259045 0.708287936 0.723221701 0.745383307 -0.239687171 -1.649052911 -2.356889061 -1.434239666 -1.412728036 0.499958670 -0.013160950 -0.144740202 -0.745855080 0.527536701 1.014371464 -0.170169913 0.903110531
12.761231407 -14.643953540 22.522121142 0.357380568 0.806969854 0.284568544 0.374298715 -1.798120022 -0.819314746 -1.951350588 0.649179225 0.113099887 -1.732090483 0.855095251 0.066848727 -0.118141454 -1.382187073 -0.150896989 0.227458906 2.642238403 -0.216072980 0.629084210 -0.634380897 0.922859757 -0.293662434 -0.130023031 -0.026342630
20.364371317 -16.916652238 30.395444980 0.787840458 0.545341612 -0.233323332 0.165741253 -0.601698058 -0.515929159 1.366748817 1.702046870 0.086589430 0.164215153 -0.418191075 0.240476661 -0.770864888 0.781856193 -2.460189154 0.394618342 -0.117344981 -1.002318188 -0.094886398 -1.200577821 0.102458851 0.763631374 0.071585158 -1.155306368
14.623767934 -17.057706095 24.567968105 -0.530798416 0.122136523 -0.835823472 0.068810140 -1.334042936 2.198685620 -1.477704465 0.438079780 1.837175423 1.787221233 1.103190585 -0.238077942 0.569835945 -0.182784192 -2.432727638 -1.721869538 -1.192938028 0.127168115 0.937979339 1.422120862 0.194818552 -1.760996009 -0.235438854 -0.560112506
21.898080249 -10.662552464 27.563969334 -0.248024803 -0.713464459 -0.479790553 -0.446377854 0.664626138 -1.493523191 1.636507936 1.804566959 -0.541566989 1.094881630 0.445151791 -2.386686941 -1.326510163 -0.327309735 -0.181165253 -1.031700096 1.638471287 1.360714139 -0.532081227 0.721076154 0.659642005 0.219837994 0.927603831 1.938993308
10.944569348 -6.427211965 32.518261873 0.952085355 0.298536075 -0.033810410 0.057153688 -1.553241123 0.235245077 0.709226515 0.143599848 0.784743056 -0.531261398 0.496415047 0.480335742 1.901767344 0.052563445 0.289692720 0.685094278 1.929882411 -0.133683440 -1.809126736 0.352031767 0.300388717 1.243534943 0.316006774 -0.891914737
10.104186671 -4.019917834 30.243175414 0.696402590 -0.659675841 0.207121294 0.192228993 0.310896288 -0.386653587 1.590018582 0.135061477 -1.469657364 -0.888736698 -0.728185042 -1.474645804 -0.225440026 -0.734218427 -0.092746572 -0.201221394 0.944795123 0.258558102 -1.740914962 0.892528702 -0.168396134 -0.970189090 -1.957851851 -1.026090664
11.347378858 -7.996797058 36.392237205 -0.852424181 0.422012098 -0.223080728 -0.213339619 -1.015022215 -1.086821754 -0.628217628 1.428693387 0.475593436 0.134749663 -0.702955864 -0.052256683 -0.657813869 -0.683570736 1.338920823 -0.040141969 0.156116288 -0.333970705 -0.005956296 -0.831523942 0.815920591 0.752873462 -0.125586058 -0.415475686
15.549398728 -7.550125281 29.391059856 0.417075617 0.508974848 -0.538906131 -0.525901812 0.831124938 -0.169061512 0.270752778 -0.642645222 -0.336512981 1.607920158 -0.748153514 0.191842563 1.195652849 -0.933826576 -0.066616674 0.144279194 0.078376716 0.187871129 0.279025385 -1.268531203 0.961564240 0.374126031 0.685485876 -0.569363308
18.693758093 -2.530458848 29.399283987 -0.202314088 0.219710282 -0.437011395 -0.848420558 -0.088856157 -1.502404917 -0.845300163 -0.963206254 -1.448896678 -0.476576954 -1.083339983 -1.183786208 0.570464126 -0.424599861 -1.431101155 -0.985839401 -1.013635939 -0.646728924 0.885624465 -0.865149895 1.619937042 -1.248904436 0.649304816 0.107296217
15.248818584 -12.169687432 22.846204893 -0.804336011 0.419992426 0.195108477 -0.372266874 -2.190055335 0.183202695 0.286118618 0.700410312 0.220600768 0.093958468 1.257721860 -0.022691116 0.582861098 -1.656215886 -0.077828678 -0.972591211 -0.271471293 -0.632397650 -1.114499815 0.955557133 -1.457048433 1.277768613 0.675524605 -0.054845636
14.959081842 -19.919393046 33.994772286 -0.807947428 0.111863940 0.554539774 0.164903159 -1.035309523 -0.929652480 -0.410829751 0.024273787 1.718615307 -0.349072627 -0.772955570 1.491360554 -0.251204979 0.621937085 0.074351472 -0.109643679 0.677018239 0.841654793 0.506437585 -0.732844517 0.925078262 0.026651634 -1.091224608 -1.968998973
12.118138482 -9.333293907 39.156749562 -0.607810926 -0.718318306 0.337675696 0.023660401 0.150474349 -1.141451156 0.328606707 -0.416803531 -1.702250605 -1.053081854 -0.092773738 -0.110819721 -1.431325553 1.177665305 -1.625875385 2.057535840 -0.764845406 0.534123059 -0.006917013 -0.021428580 -1.364772015 -1.039299975 -0.129155381 -0.861079607
12.326632332 -6.873339944 25.813732520 -0.073759522 0.783578516 0.148935950 0.598650419 1.827872453 -1.276486306 -1.195976845 -0.046720871 0.433543477 -0.672056088 0.376308036 -2.185395778 0.307369650 0.858443654 1.650564973 -0.110762148 -2.228726660 -1.241344203 -0.670665777 1.089450384 0.738636669 -1.066830931 0.364286797 1.054607927
8.899691503 -14.385162035 26.095461724 -0.510315777 0.035881879 -0.584652921 -0.629659638 -0.382805897 0.360782097 -0.503131599 -0.633752418 -0.030128054 0.088620257 0.329749634 -0.361492620 -0.323668490 -1.364240353 0.009442832 -0.462104488 0.737784408 -1.466514408 3.034422379 -0.891243047 -0.501957945 -1.241485381 -0.321942981 1.424082562
14.935030713 -11.745425780 33.503288045 0.272538610 0.696466781 -0.498597421 0.438243471 -1.607027732 -2.304363280 -0.912712778 1.051136251 0.245243325 0.508351298 -1.533741568 -0.944305053 -0.827991417 -0.141013563 -1.621529067 -0.579317969 0.421671264 -0.232509453 1.149590917 0.584450101 0.976534229 0.080178944 -0.219148222 -1.497997328
16.491945027 -18.327887940 27.001612696 -0.551168762 -0.376371136 0.656460646 0.351592355 -0.722549658 -1.554674761 0.802410447 2.516970988 0.041355457 -0.806211892 0.016181514 0.246598286 0.070800682 -0.099320061 1.452727568 -1.192384631 -1.131090410 1.312945769 -0.440782853 1.604420280 0.841746726 1.322606731 -0.715450050 -1.234607084
13.248032657 -16.805534010 35.912801650 0.561102025 -0.580563650 -0.514837339 0.288188966 -0.182838954 0.370387110 -0.263385841 0.127329551 -0.323846015 0.906601527 -0.875259941 -0.395338632 0.290930638 1.822469426 1.866221978 -0.189210373 2.256872393 0.578475160 0.924038749 0.501325232 1.333519577 1.327890937 1.794797213 0.953938242
12.412227643 -10.554074797 38.454379808 0.168659752 0.035551579 -0.933562652 -0.314246319 0.436727864 -2.721888509 0.340742904 0.836906255 -0.167012562 -2.374327868 -1.090213041 0.607517940 1.504436750 -1.432895547 -0.975166319 1.417181596 -0.127634730 -1.366783217 -0.204502451 -2.020042264 -0.432627457 1.143941919 -0.488937768 -0.563057535
7.147827034 -14.320607748 27.980046192 -0.033454451 0.815127591 0.080784536 -0.572644452 0.749484607 -1.333712402 0.448164218 -0.766379308 0.051100426 1.216945066 -0.154400711 1.556767206 0.803493623 0.406561086 1.481756403 0.553998404 -1.405559153 0.350832502 -0.519421075 0.379606935 0.241515578 -0.089498254 -0.017908840 0.703502117
11.110202891 -10.542981342 30.433855852 0.324076554 0.852710663 0.407860221 -0.038845222 -0.727357725 0.377175537 1.497743712 0.184673325 0.151237938 -0.697995558 0.037464391 -0.396256748 0.988415317 -0.658236484 -0.133540621 1.407017170 -0.810519869 1.058937632 0.306926910 0.550868331 -1.020844093 2.582001651 0.559041393 1.146610476
13.497522771 -6.954366898 33.613752604 -0.258452697 0.529363095 0.111252332 -0.800374810 -1.487144222 -0.760205150 1.426106052 -0.361985848 -0.418957053 -1.137137298 -1.118401885 -1.294886410 -0.019514745 -1.553703655 -0.653032756 -0.525904501 0.273150604 0.800834612 -0.887389138 -0.187909463 1.181987059 0.481567246 0.413967278 -0.857492383
10.438505116 -12.789306948 25.944628521 0.324638365 -0.408059490 -0.844115741 -0.124763778 0.351730844 -2.289527967 -0.431580113 -0.518530970 0.201186502 0.396035041 -0.317304648 -0.463752633 0.401674063 -0.836756533 -0.761415002 -0.452752659 -1.349258230 1.432040957 -0.641995683 -0.166145241 -0.869699239 -0.367255866 1.896211187 -0.343425704
15.198411866 -20.283872151 32.433212676 -0.709937559 0.235808290 -0.660125196 0.067954678 0.267092087 1.660167601 -1.323143142 -0.611501482 -0.281811139 -0.414441890 -0.367828108 -0.992776135 -1.173422286 0.978168114 0.170576034 0.952939957 1.064084232 0.427801704 0.909796472 0.651974942 -0.694526553 -1.021451544 -0.896659979 0.345398858
20.720722092 -4.086317763 26.334877703 0.079010717 0.045455386 0.683322874 0.724403868 0.293509583 0.057385427 0.195565062 0.897213045 0.375372497 0.936813042 -2.356377199 -0.583643658 -0.160355553 0.770580285 -0.879317424 1.782027927 0.981273231 1.733699103 -0.490128835 -0.677001491 -0.427782242 1.014414834 -1.899646590 -0.283613711
25.179684508 -11.640037099 31.143153618 0.067452744 0.905211579 -0.406415455 -0.104252588 -1.058738550 0.052276769 0.438537792 1.249443270 3.804442212 -0.859702987 -0.406495775 0.602614589 -2.103086743 -0.009794492 0.091771590 -0.034773564 1.533729008 -0.464027969 0.041081649 -0.978210934 1.439401117 -0.234515844 -0.129653762 1.005701511
21.500448109 -9.752860640 34.862379940 -0.301970168 -0.484781628 0.808674848 -0.140875055 0.285386589 2.034015620 -0.874070904 0.595918144 0.187070063 -2.297221944 -0.585356206 -1.398542238 -1.986592335 0.685115640 0.792415560 0.635097866 0.115947716 -1.022101289 0.923703334 -1.031001452 0.048165781 -0.148483664 1.287175053 -1.393228311
20.729594281 -8.783345926 30.395627760 -0.621770323 0.574227377 -0.372863992 -0.380311751 0.396954798 -0.116227644 0.033441012 0.122457190 -1.631557746 0.411401360 -1.887956652 -0.167517512 1.152029322 -1.047948053 0.582712911 0.580687252 -1.032939709 0.994788614 -0.909004100 2.194945356 -0.714237200 0.353320272 1.635953368 -1.433408970
15.265022127 -15.080220168 31.433921776 0.333520698 -0.915702909 0.176267871 0.138498242 -1.249710264 -0.771717155 -0.680692602 0.996470815 0.888476823 -0.767029230 0.064152775 -0.569806458 0.372721334 1.931615587 0.570521058 0.950159943 2.008922382 -1.283496990 -0.748331837 -0.915691819 0.353768482 1.538315344 -0.456774488 0.374256634
18.135892168 -2.380993886 34.328976288 -0.883943014 -0.189559388 -0.427427685 -0.004190482 2.209974964 0.341087936 -1.235537085 -1.283057940 -0.115429788 -1.663711697 -1.985438763 0.699687017 0.012287426 1.476361516 -0.351375367 -0.565498971 -0.064793544 -1.299743285 0.657517560 -0.333424232 -0.117376290 2.311022080 -0.332059753 -0.135234538
20.103157672 -6.087154177 35.026067245 0.216977662 0.509799293 -0.261383190 0.790382315 -0.794383525 -0.443945917 -0.050188015 0.211122134 -0.767518944 0.343826992 -0.625016074 -0.303142753 -0.955920974 0.187104179 0.031176863 -0.048437332 -0.621398362 -0.605076214 -0.498755337 1.216679486 1.553481765 0.248220228 -0.743489784 -0.984850035
