8.278704344 10.793612646 37.360107746 -0.155465971 -0.487915207 0.162597924 -0.843404409 -0.942460893 -1.206041536 0.609659756 -0.940963826 -2.023115321 -0.225436116 -1.224127003 0.193670314 -0.184566490 0.327317117 -0.708388726 1.304282005 0.349407485 1.507179112 0.739087500 -1.569130827 -1.815935455 -0.456219624 -0.326576632 0.155622642
13.760997571 17.054091659 39.589970382 0.670127444 0.568375711 -0.214129353 0.426646083 -0.881239267 0.570067448 0.656071960 1.576901067 1.111545106 -0.584451650 0.136183149 -0.093891130 0.492908777 -1.001665103 0.439607533 0.945205456 0.812349196 -1.102482730 -0.864984966 -0.961425974 0.129008306 -2.315649641 0.407958127 -1.402834126
8.497177357 14.567112306 40.083147715 -0.089579380 -0.842506443 0.217125850 -0.484783244 0.558078342 -1.148738358 1.564410779 1.548899154 -0.277800791 0.818956230 0.357508683 -0.306387994 0.187295348 0.574440676 0.588028078 -0.119877896 -0.336409578 -1.811257013 -0.505232023 0.027426928 1.036187421 -0.381684732 -1.275790812 1.434770417
10.166927751 22.899397413 35.814910620 -0.701414125 -0.504735827 -0.101944104 0.492815756 -0.773939342 0.327913392 2.567508439 1.133638264 -0.647081019 -0.990874704 -0.246150321 1.203839625 -0.911246718 -0.660887120 0.701856615 -0.688467475 0.149847064 0.037952278 -0.001880242 0.415126784 -0.169256095 0.569275624 0.300206885 -1.415571944
7.293891813 25.317956932 30.585014569 -0.802351063 0.345953789 -0.284039560 -0.394804099 0.203169374 0.165244203 -0.843676951 1.347886982 1.481201201 0.933416757 -0.491556780 -0.480700454 -0.934611874 -0.614763810 -1.087002343 0.684680853 0.171565705 0.143967894 1.579248785 0.591773064 -0.362005777 0.325485499 -0.921418740 0.354125714
2.739621440 20.908156395 31.124675118 0.069800013 -0.542761126 -0.080442120 -0.833107066 0.391637833 -0.255719788 0.437176852 0.200909500 -0.568820207 0.037444872 -0.379265730 0.502306656 0.022904116 0.683647772 0.301779555 -0.925103498 -1.070686392 -0.451793426 0.043386981 -0.477887995 1.173300982 -1.089381470 -0.076102430 -0.412329867
8.880349230 15.669009496 32.229679154 0.358559951 0.328343008 0.158786496 0.859309304 0.370402351 1.411901236 -0.105381086 -0.339720889 -0.135212665 0.165300175 0.585747762 0.713948374 -1.094148370 -2.753014362 -3.762709794 -0.422613968 0.655061947 0.008182493 -1.315993044 0.459565073 -0.367252158 0.552596083 0.784813353 -0.261113846
14.485221767 16.957161514 23.110179983 -0.946559260 0.030054322 -0.229752241 0.224357333 1.207500456 1.168957142 0.300689767 0.285991082 2.176286889 0.683533975 0.424215170 -2.463445735 0.506262804 -0.268273686 -1.225677310 1.447906215 0.153096670 0.196563876 -1.335087150 0.418593661 -0.415046122 -0.662545343 1.755949908 0.302112004
3.212011806 12.684753575 24.825568039 -0.548598586 -0.688033107 -0.470545766 0.065090081 0.793443258 0.594402061 -0.211982172 -0.134423804 1.464987553 0.089926089 -2.108261560 1.731538997 0.754969417 -1.618393208 -0.381957588 2.505765167 -1.037075707 -0.279962556 -0.913908721 -1.126447971 -1.928326658 0.641042351 -1.221074841 0.272171613
9.111275919 24.290697503 29.687444819 -0.629282520 0.406826627 -0.219399045 -0.624787695 -1.084580389 -0.579836958 -1.385448876 0.301457386 1.089029181 0.321605263 -0.672315804 -1.726379082 -0.985172234 0.362163417 1.136559285 -2.301914390 -0.304192986 0.136462943 -0.526370477 -0.413592869 -0.505575959 1.265200109 1.234694764 1.312841621
11.268807020 14.896540842 25.583415761 -0.092382423 0.858170158 0.388693756 -0.322376537 0.060798963 -0.822493358 -0.170619322 -0.069447156 0.434501880 -1.520314075 0.812412140 -1.848596231 -0.297034292 0.001538105 1.648764005 -0.961668294 0.901586009 -0.544143162 -0.499844521 -0.067891325 -1.174294440 -2.173956942 1.205902890 -0.226287162
10.735665636 24.348475414 26.143646221 0.529285724 0.613132794 0.477288163 0.340765034 -1.084045496 -0.831953360 0.101942264 0.639882049 0.018276366 -0.456066396 -0.871630533 -0.960961082 0.598473934 0.110736706 -0.110210952 -1.301139583 0.589057721 0.132701549 -0.075047700 -0.528169192 0.403883714 -1.416018057 0.109298409 -0.990105950
2.373205851 11.485948734 35.104716299 0.787817257 -0.517775252 0.036106949 0.331585656 -1.933305465 -0.392483335 0.498850148 -1.207340377 0.104052606 0.480681845 -1.556241536 -0.095668923 0.445597490 -1.433962242 -0.283697844 1.364067896 1.519447152 -0.253018912 -1.099612226 0.168572143 -1.539964347 -0.882629079 -0.508942130 0.579140359
4.704871461 14.872422692 37.982247329 0.668602021 0.131419000 0.578492594 0.448382318 0.974625284 -0.412510150 -0.320055387 0.621503024 -0.831198394 -0.176054680 -0.068796485 -1.229840099 -1.879042384 0.180320066 -0.120105206 0.802141621 -1.264251155 0.444945754 0.349471090 0.429568633 -1.142909577 1.516045629 -1.129519802 0.608392412
6.569691898 23.937610422 34.630978962 -0.773134595 0.537061348 0.337098064 -0.013888931 -1.841119344 -1.265618937 -0.375579844 0.502446872 -1.033279559 0.908272880 -0.557031106 0.869401536 2.197267125 -1.456468893 -0.187229270 1.415017966 0.791178003 0.044000949 -1.595314869 -1.482509794 0.093541323 0.359325679 1.222007945 -0.360318286
12.069044912 15.281605165 24.064546602 -0.192420866 -0.515829256 0.018534254 0.834596232 -2.171380465 -2.059403039 1.769794433 -1.384954402 0.971808944 0.692213234 -0.570923314 1.600043557 -0.635568952 -1.728675695 0.209512497 0.585113413 -1.393321538 0.701446645 -0.948091231 -0.822866667 1.448570897 -1.744930330 0.926285679 0.995635697
1.505956495 14.856116073 30.335339856 0.018584970 -0.318447719 -0.422806328 0.848221939 -0.018700796 -0.607325580 -0.588211995 -0.753471756 1.092668612 0.263755143 -0.736563599 1.384808625 -0.915828588 -1.314418193 -0.627522477 0.752614988 -0.289608870 0.073047641 -0.524137577 0.789095693 -0.951452869 -0.118807147 -1.375491072 0.619931961
9.708381233 15.140132509 25.074349056 -0.692631655 0.261276898 -0.279994957 0.611227124 -0.281825164 1.170025086 0.340997952 0.351738182 -1.266206583 -0.189160144 2.130101440 0.897528589 0.399254637 0.376228203 0.919526761 1.529833032 1.245551120 -1.000901870 -0.069510841 0.000559102 0.055934496 -1.244138123 -1.215358366 0.087597241
15.158507960 22.894127636 34.741017255 0.554703300 -0.395953563 -0.397080881 0.614696510 -0.592746420 0.513799315 -0.088126122 1.094882257 0.727309784 0.101053497 -1.023648991 1.095600587 0.382507225 -0.649483513 1.924002519 -0.346211419 1.679357284 -1.148182324 0.416140648 0.593678327 0.733817175 0.352280791 -1.340359096 -0.386371582
2.123057323 17.899965195 30.723699916 0.744732985 -0.288585946 -0.597304540 0.072926113 0.095772271 -0.304229845 0.260459037 -1.567119719 -0.444862076 0.374015895 -0.438083932 -0.569247278 -0.130020294 0.797629311 0.157355505 -0.602467025 0.122520255 -0.420604765 0.330120935 -1.665756239 0.122808028 -1.810379414 -0.480273539 -0.673165747
12.013047346 14.475072732 39.646730634 -0.619016787 0.545075624 0.405422091 -0.394136664 1.130847568 -1.779999036 -0.856105418 -0.353854363 -0.422489353 0.154695428 0.424695312 2.359083454 1.205102299 -0.624592023 -0.198201394 0.562837015 -0.562847332 -1.071681612 -0.251062713 -0.646701815 0.808608509 -0.130796312 0.587296519 0.107793823
6.958403720 26.137200014 30.108824396 0.087660726 0.897562102 0.402601333 -0.156875863 -0.910670367 -1.233024432 0.980130149 -1.086526139 0.491100466 -2.345314288 0.673478649 0.498779271 -0.741247884 0.417172104 0.405630790 0.700522441 0.600958111 -0.094037437 -1.741869365 -0.016105802 -1.354254643 0.164893086 0.689856790 -0.261041314
15.552672529 17.370462587 30.489660607 0.859012985 0.288492619 -0.327470360 -0.267641296 0.337187031 0.416834431 -0.985359145 -0.656410345 -0.395662832 -0.374907193 0.651673859 -0.896674785 -0.686135782 -1.448876261 0.889595431 -0.375397635 0.401447433 -1.022467462 -1.163059470 2.179604512 1.066019943 -1.655166258 -1.089792163 1.066022947
11.253723541 20.953939299 30.128824624 -0.154033928 0.038776448 -0.138031078 -0.977607978 1.060865008 1.268859482 0.390782350 -0.128470246 -0.364964177 0.576071520 -0.023118620 0.563150519 -2.257355212 1.457901671 -0.441600753 -0.059785155 0.502256501 1.723163096 1.168864413 0.928543390 -0.543650603 -0.859528567 -1.137354065 1.304116627
1.391824621 16.276813691 34.954132921 0.201370264 0.462895177 0.817155927 0.278270127 -0.653205845 -0.503893361 1.125828442 -0.308121472 -0.831724154 1.427256339 -0.699992048 0.296003171 -0.231338470 0.749292031 0.981150545 0.137490454 1.642708031 -0.206866021 0.387366525 1.829970556 -0.236603177 0.880018271 0.791453665 -1.113069873
0.859677972 11.333899494 29.884172514 0.862438161 -0.498065834 0.085486718 -0.028685608 -1.847833315 1.036832937 -0.331232950 0.057627357 -0.913649476 -1.367799705 -0.548388175 1.324591273 -0.008257060 -1.039228864 0.592615994 -0.139929702 1.158320644 1.693259826 0.201482438 -0.414114887 0.162358701 0.212376443 -0.038429455 0.794286510
13.422916940 22.916449289 31.383753376 -0.385446869 0.481718434 -0.784386178 -0.064159059 0.171555880 -0.409687103 0.794113300 0.550598355 -2.175201478 -1.691602207 -0.938133787 0.577890799 1.633371182 2.673871820 -0.453700461 0.731124453 -1.424819702 -1.764735424 -1.366257117 -1.475265371 1.005732764 1.096011845 0.301569997 0.084186619
18.560640719 16.843834026 31.119872229 -0.627809170 0.734758301 0.079244947 0.244348366 0.299322495 1.414063156 -0.810982937 -1.427140590 0.511640834 1.061385446 -0.868620994 0.242278152 -1.433889768 -0.936670729 -0.759560850 0.863481339 -0.181252621 -0.127818948 -1.138023878 1.717369228 0.180434077 -0.203878039 -1.190707442 -0.979989567
6.174920866 15.042718648 21.913091801 -0.283624706 -0.451290360 0.557942155 0.636077502 -0.815403721 -1.225311039 -1.899616654 -0.414960517 -0.941443688 0.073628447 -1.325250816 0.080467320 0.703554906 -1.851953817 1.283449274 -1.045523451 -0.886276301 -0.158806165 -0.202376872 -0.998012488 1.479687914 0.494296361 -0.557614374 -0.178778625
9.038942002 20.960102395 31.368227009 0.427677103 -0.864804921 -0.103433599 0.241880622 0.890276166 0.821083380 -1.772054521 -1.027963909 0.594285120 1.719150280 0.764133231 0.682111027 0.685185683 -0.229675443 -0.647050489 -0.255715150 1.057947109 0.082809550 -0.217291801 -1.631582368 1.836278419 0.281294228 -1.294335733 -1.099164580
15.298781790 23.497490819 34.881774024 -0.402349353 0.757993438 0.274895810 0.433581872 -0.369786823 -2.029193402 0.587926669 0.636984778 0.571591964 0.955512575 -0.748447654 -0.116614029 -0.311848382 0.568107092 0.761772217 -0.838609710 0.976237232 -1.198916866 2.289136964 -0.166862770 0.909377595 -0.713862700 0.067608249 -1.390270778
8.458974689 13.040656929 27.403345186 0.491031168 -0.653840694 -0.574413947 -0.037806826 -0.127610651 -0.014551469 -1.311215890 -1.747599012 -0.189873241 -1.655454932 -0.543335967 -0.286101517 1.784184436 0.415012053 1.025040949 -1.361695373 -0.256273591 1.311128472 1.239659313 0.198323460 -0.160338777 -0.563425389 -0.906606442 0.074268151
10.411779960 23.220251235 28.928575153 -0.477971245 -0.574792226 0.574618787 -0.333122554 0.032037173 2.418138292 -0.114551580 1.719762021 -0.019715431 -1.175671421 2.073484487 0.741503793 -0.311422291 -1.092917299 0.463951400 0.034890993 -1.763651377 2.115550777 -0.091673389 -0.323996679 1.829685165 0.037923978 0.949322806 1.502286208
4.799797490 14.649407557 28.041807930 0.051387976 0.883176135 0.230189382 -0.405428218 -0.673866836 -0.122750342 -0.887635366 -0.429459348 0.991847094 1.765632206 -0.338645655 -0.468591116 -0.652422205 1.529260227 0.963941619 1.036635109 1.340901473 0.095495686 1.014353622 0.610450610 1.270029530 1.217827123 0.371675542 0.311212593
9.119576880 25.009775318 26.767213390 0.049870817 0.007239334 0.994517696 0.091624479 0.531661798 -0.779578850 -0.619437645 -0.630143224 0.490574244 1.385983326 -1.526930787 0.004508334 -0.254924228 -0.816701087 0.103260256 0.344300581 1.721790920 -1.378901663 -1.357119214 0.245633993 0.140198716 -0.303322274 0.418473316 -0.954482111
6.122719242 13.453627163 22.573850800 -0.831414539 0.155327534 0.312612313 -0.432315582 -0.471340976 -0.332596599 -0.866795780 -0.282057681 -0.347092018 1.603764696 -0.302103595 0.007944807 -0.885561057 -1.098176856 -0.212505257 0.144589199 -0.399849434 2.039868847 1.708965185 -1.398453523 1.285209610 -0.611940323 -0.157954052 0.178399930
4.872106142 12.734026623 34.394165114 0.205525334 -0.880414742 0.220184358 0.366262294 1.159217479 -1.615993048 0.657093356 -0.130860297 -0.189219154 -0.012064396 -0.840945120 -0.077894628 -0.132082872 -0.679045509 1.434173592 -0.373715710 0.645528761 0.298641129 -1.862665901 -0.627891498 0.338064680 1.103115791 0.130970961 -2.290263798
13.118384471 19.205037124 32.038686091 -0.535822433 -0.146421495 -0.738297089 0.382586559 1.864932237 0.512904883 -0.775313939 1.522784898 -0.507878454 -0.008244163 1.265104766 -1.143148634 -1.017882963 1.158520727 -1.684753631 1.084265569 0.470055508 -0.525682964 -1.210477010 1.715341976 0.203676019 0.710664495 -0.591759488 1.336316528
9.993528839 16.511590142 37.038013482 0.129973809 0.549962593 -0.823821938 -0.044332496 0.034561155 0.489700449 -0.702835727 1.615441359 1.522866594 -0.155714693 0.812536022 -0.688973871 1.022670089 -1.614695938 0.872868801 0.678875373 -0.002001907 0.449098703 1.155343472 0.034851882 -2.269190158 -0.779540899 0.367848827 1.571400899
7.678047668 11.477552368 28.969162736 0.805532910 0.531527780 0.250446983 -0.076624137 -0.777250161 0.605212322 -0.547217039 -0.525736465 -0.611902579 0.477901108 -0.641249233 0.792553490 -1.865731923 -0.716293700 -0.689007232 0.361925024 -0.454477493 -0.475451477 -0.590610118 -0.876449688 -1.493398265 -1.442540880 -1.020349574 0.671413659
5.779319444 17.144034792 25.431874491 -0.079372049 -0.036656664 0.077335701 0.993164415 0.041964993 1.805357647 -0.016547864 0.106419479 -1.808674998 0.197222687 -0.162029703 0.367988106 0.109136471 1.748073105 -0.298561303 -3.549497419 0.474229580 -0.317104188 2.085526617 -1.740814057 -1.950473034 0.436853426 -2.048505367 0.471424961
7.580003281 13.831899490 31.094927825 -0.602791387 0.679016095 -0.090997713 0.409022130 -1.151784509 0.413543657 -0.100307239 -1.655377921 -0.618933089 -1.198489500 0.459828531 0.392824533 1.919034316 0.263429720 0.788856060 -1.187396054 0.231522413 -2.583834280 -0.405768133 1.474420372 -0.397200044 1.052453682 -1.688839616 -1.274663342
9.571195577 8.672135318 33.659243528 -0.572088878 0.793688892 0.124904189 0.164836896 -1.553365216 -0.056953771 -0.170049750 0.331397514 0.693488715 -0.968127980 -0.109999789 -1.328001106 -0.468986095 -0.924422784 0.449322567 -0.278294069 0.317205942 -0.685122680 -0.642601613 -2.214339216 0.339218111 -0.965078325 0.393448190 -0.071650900
17.377692370 14.714264321 33.257434927 0.259903028 -0.169146807 0.061437724 -0.948717650 -1.168541980 -0.824098766 1.455519170 -2.712910426 0.145202093 0.542122082 -1.855971544 -0.701465080 -1.909040899 0.495636927 0.221029131 -0.635789563 -0.543524736 -1.024220100 0.438957206 0.297192485 0.062125351 1.652207310 0.592479094 -0.774707229
7.335410651 25.637741363 27.556341401 -0.282332764 0.369807315 -0.204301554 -0.861273264 0.426059163 0.121427731 0.606925019 -0.374527153 -0.922637773 1.343795921 0.384014423 -0.373670943 -0.981076720 0.312920179 0.095415696 0.075734269 -0.803316802 0.591439490 0.049668933 0.551837128 0.700767527 0.448382464 -0.082287843 -0.946285469
9.487232289 12.380543311 35.361366822 -0.393939997 0.639415560 -0.102479235 -0.652270669 -0.658206174 -1.438028822 -0.268118032 -2.372338303 1.052753429 -0.731261400 1.067282529 0.599545606 -0.951633184 -0.125661945 -0.339115813 1.335668674 0.210770014 1.422078104 -1.611654543 2.070973369 1.637546317 0.100856640 -1.453893233 -1.211124704
5.073523020 16.497909447 25.226461675 -0.445747167 -0.695518384 0.029866182 -0.562735863 0.487399713 0.480711119 -0.891067291 -1.456882471 -0.555729016 -0.410167437 0.159361597 0.864033889 -0.560463458 0.628838426 -0.891084351 -1.054438876 0.779494995 0.201692331 -0.402944228 0.272155084 -0.180502569 0.984640700 0.285814940 0.142409076
11.866099528 12.974884728 28.226894251 0.642950376 -0.573679183 0.078214245 0.501387614 -1.429881904 -1.066686911 0.227122066 0.270264785 -0.048661736 1.214046104 0.716242291 -0.193507625 1.960848455 0.616271926 0.078690561 -0.692247663 0.102356542 1.464837816 0.186054251 -1.330681512 -0.306591080 0.180543323 1.025557554 -0.601805842
7.283363850 11.400411325 37.748851900 -0.615897119 -0.740213919 0.251099829 0.098503653 0.786278769 1.672070547 -1.427170122 -0.142651739 -1.025181092 -0.766657977 -0.561909701 -0.781376885 -0.600531681 0.879332693 0.105728780 1.294382990 1.817310316 -0.941531573 2.567785542 0.072591472 -1.368819941 -2.675932808 0.988595131 -0.569473602
12.725018762 25.502795059 32.032939924 -0.589068508 0.456810787 0.607914792 0.273426047 -0.147058529 0.241241508 0.220079541 -0.518176916 1.337378057 -1.477808029 1.950322728 -0.470267139 0.274950451 0.259449655 -1.323402850 0.079022261 0.131981130 -0.348976228 -1.978906740 1.039113613 0.695834422 0.606122864 0.896158624 -1.088106815
6.703580435 12.351737193 25.306349823 -0.531262472 0.428258083 0.690136325 -0.240971063 0.496593582 -0.157435484 1.597743891 -2.157531817 0.274940317 1.232664650 -1.183918862 -0.569854758 -1.235303761 0.190366751 -1.247593379 0.053875797 0.719542833 1.208224414 0.158537547 0.576608319 -1.833301392 -1.196861624 1.725950809 -1.313866037
3.052982305 11.652581520 29.676107184 0.481619394 0.736475918 0.022485800 -0.474489589 0.843236453 -1.989524745 -1.183995504 1.040393282 -0.771084278 0.900708486 -0.240547726 0.381360384 0.806844723 -2.639885518 1.217445555 -0.656132957 0.153109288 -0.142998974 0.165634506 1.288154372 0.559309823 0.741098058 -0.706686219 1.340869365
3.068325248 15.450104404 36.596719542 0.406914613 -0.435738558 -0.111385152 -0.795075942 -1.314789494 0.390689835 0.042461581 0.391071626 0.221737475 0.557846026 1.126746162 1.049548151 -0.609331703 -0.366132136 0.461831290 1.247434543 -0.893314139 0.053209505 1.044115011 -1.158483527 1.042468598 -0.852589710 -0.275982863 -0.092251824
9.421491586 24.614697257 33.511172306 0.512883133 -0.092855509 -0.645443282 -0.558329397 0.222906932 -1.577807215 -0.553581280 -0.560656015 0.033009441 -1.182894149 1.626504065 -0.324410723 0.215752642 2.567766934 0.422343720 -0.797598171 -2.094118670 0.237229073 0.298754196 -0.165242477 1.590235212 -0.420101031 -0.581592252 0.769110258
7.096511235 9.148278365 36.612210688 -0.357501642 -0.574356446 0.734587764 -0.051846562 0.763969082 -1.353313827 0.222878684 1.861978863 0.401625213 -0.902926999 -0.072052844 -0.299490066 -0.054933745 -2.002080463 0.713155083 1.323166075 -0.493051252 0.371179382 -0.653863957 1.983397582 -0.242238174 0.080941794 1.618898302 -0.340679177
18.523825614 16.800500243 31.958107980 0.662652587 0.259602858 0.698147626 0.078024342 0.050812799 -0.599118263 -0.460851087 0.607404976 -0.297452976 0.425474449 0.380048504 0.103234502 0.497707149 -0.544278678 0.123491695 -0.537145908 -0.665859912 0.970199268 -1.139034269 -0.959514770 -0.314101790 0.351182562 -0.457994928 -0.959832919
6.912920860 8.930966080 36.917635773 0.413407241 -0.857863098 -0.270745996 0.140932479 1.055197015 0.655840563 -0.191647953 0.985085954 -0.778288885 0.133501235 1.520034670 -2.155167503 0.702566365 0.140599352 1.563857958 -0.356259072 -0.855984142 2.123275634 1.939705843 0.706072526 -0.666800807 -0.744093759 0.232853256 -1.545871922
14.845348093 17.721385234 32.451258428 -0.018460548 0.596196089 -0.437210225 -0.673094831 -1.292624800 -2.034851964 -0.733577678 -0.681873950 0.236865365 1.127472012 -2.284687873 0.309865027 -1.530135305 -0.526250352 1.234186940 1.968827827 -1.854728590 -0.781047313 -0.239460997 -1.116563128 -0.842537679 -0.423167586 1.335009825 0.998612697
5.414635341 12.136782499 35.593691482 0.743653194 0.497025001 -0.168931975 -0.414014569 -0.052642496 0.955047145 2.083909963 -1.044634469 0.346691615 0.088731226 0.059927530 1.474397209 -0.875499521 -0.404784738 -1.380457098 0.308735674 1.155066923 0.835195439 0.691766944 0.562507865 -0.871710981 0.202864252 0.160731623 0.124056063
16.536111752 17.017571128 31.687013341 0.504137666 -0.851425081 -0.041403712 0.138586714 -0.992789024 0.173013533 2.178901831 -1.253068719 0.247888990 -0.264329018 -0.707573987 -0.467629289 0.123097510 1.823499644 0.232170413 0.914059005 -1.234533144 0.410435761 -0.658911472 0.961805519 -0.194967206 -1.529282467 -0.215509469 0.590170058
12.286270846 8.084154147 34.740285977 0.057360892 -0.632873891 -0.250081561 0.730506386 -0.599402845 -1.442689315 0.859241225 1.145878817 -1.029515075 0.615938473 0.995747731 1.285153784 -0.263956802 -0.183476601 0.324908218 1.062871101 0.696509563 0.024469665 -0.388742532 -0.355242645 -1.135599667 -0.216128279 1.108731941 0.764497976
8.053013172 9.290931024 33.619026883 0.778365266 -0.492644211 -0.129882882 0.366850966 -0.346217790 2.477368116 -0.806509944 -0.988468824 -0.619971508 -0.019599328 -0.836175592 -0.902914189 -0.547743255 0.351543565 0.105074791 0.200167587 -0.723440318 0.726605764 -2.080269636 1.400215197 -0.178134059 0.182431476 -0.311130422 0.342255473
3.346645299 19.772471342 32.830600218 -0.701486747 0.535476035 -0.463468399 0.079867407 -0.183266282 -0.176605430 0.272776611 1.117151305 -0.691508051 -0.352452833 0.670140833 -1.276056438 0.233296557 -1.548254333 0.549975695 0.996002435 -0.145023726 0.147089690 -0.451489518 1.521620988 1.088552612 0.572470023 0.855709236 -0.388729181
13.271422129 11.984652778 37.202030541 0.871617763 0.350556266 -0.126335198 -0.318484217 2.124007540 -0.135294410 -0.362293436 -0.542150133 -2.293880389 0.191479791 0.691709937 -0.234668874 2.958998207 -0.886452793 0.335293160 0.109852718 0.951739895 0.772342938 -0.339292714 0.881569697 -2.047896043 0.788725293 0.168916382 -0.391539576
9.398488711 7.544345316 32.883491192 0.367585072 -0.902306563 -0.171101559 -0.146452511 1.065150372 -0.621980489 1.520867659 0.828211184 0.489788507 0.607495817 0.072294124 1.503576567 -1.045029843 -2.277038143 -0.618664876 -1.105542376 -0.199489796 -0.631238202 -0.622434935 3.723232345 0.827903074 0.687401701 -0.595694257 -0.231823375
4.565494615 17.839226170 31.683250629 0.986502469 0.107288081 -0.068485659 0.103013883 0.181593929 -0.102981988 -0.741014649 -1.066268179 -0.752993400 -0.417756227 2.489909828 -1.336319992 0.165551993 -0.211751703 -0.357775522 1.258175445 0.284985393 -1.062758380 -0.664676008 1.292249365 1.049086990 1.402446633 -0.926976081 -0.559904911
14.881424269 20.497121764 25.013452369 -0.891313004 -0.131689074 0.306118644 0.307425588 0.359009687 0.365936730 0.219378177 0.524538482 -2.137345650 -0.003091072 -0.046378040 -2.492232266 -1.086154968 -0.295576060 -0.972164079 0.056287280 1.372007116 -0.267085572 1.794007311 0.883721096 1.010802573 -1.304625609 0.381765299 0.270317540
11.882279855 15.575485683 24.190631726 -0.050891946 0.051634589 -0.902243382 0.425089119 1.326686564 -2.077042797 -0.922168103 -0.668783744 -0.919616143 -0.356725406 -0.741580873 0.374937329 -0.027147804 1.602305589 -2.519945537 -1.693166405 -1.543065076 1.199352844 -1.215955667 -0.956784090 0.092795385 -0.704810336 0.051371724 1.497902766
9.247089461 12.148996707 39.958370385 0.514830882 0.426998111 0.618467939 -0.412455069 0.187350539 -0.089381254 0.444205888 0.102112922 0.249547563 0.555689787 -0.893879236 -0.897492466 1.267873414 -0.473737628 -0.579526405 -0.604963688 1.836007250 0.105674150 0.001751451 -0.396587285 -1.875186701 0.580702298 1.706056374 1.162645622
8.185163090 24.402022155 33.066822358 -0.727111193 0.668699621 -0.109607171 0.110165319 0.339322709 -1.444090775 -0.783371024 0.583215626 -1.173149924 1.292590485 -0.042335304 1.246228013 -0.583853516 0.028990085 1.519059133 0.535065824 0.641760182 -0.396206948 0.120270719 -0.100310281 -0.198445072 0.437542930 -0.011723046 -0.678047681
6.896766885 24.793391483 26.756332302 -0.536139542 0.711427352 -0.446827449 0.082284536 -1.355485690 1.481135202 0.792646450 -2.009165889 -1.579270838 -0.769040596 -0.474178195 -1.587149405 0.115633959 -0.810853885 -0.370318570 0.028442634 0.093891226 -0.158312092 -0.625615716 -1.221987239 1.121548807 2.044058235 0.099762749 -1.658933895
12.849963119 15.150860317 23.728215241 0.015484432 0.575538281 0.454597219 0.679600830 0.480436277 -0.061249793 0.486489791 -1.177416648 1.053442456 2.232472419 1.170919711 0.090130150 1.066781286 0.608756430 -0.041691446 -1.501630624 0.965003896 1.181455812 -0.690576308 -0.205183408 1.541224510 1.757540598 -0.065625153 2.464279047
17.105011427 19.578003463 34.501402828 -0.703652289 0.146268311 -0.680224901 -0.144128837 0.377813142 0.481829394 -0.432315423 -1.546773692 -0.750689966 0.321085944 0.925850709 -0.444136176 0.142075961 -1.926144469 0.553824892 0.187967684 -0.980393924 -1.641359710 1.251168926 0.381684953 -1.816339573 -1.207788025 1.485797264 -0.004112704
14.478930657 19.918397606 30.915151369 -0.508737576 -0.707350332 -0.219732508 0.438815692 -2.426827279 1.270277197 -0.776754940 -0.927367937 -0.765334500 0.316981762 0.732042319 0.448172382 -0.324344228 0.850147224 -2.319342605 0.001587406 -0.075044288 -1.074914110 -1.855448952 -0.161072122 0.357453424 -0.461369578 0.751066547 0.850149775
2.635043222 19.237360531 29.455442301 0.442945477 0.019619257 -0.688156776 0.574329732 -0.274566311 1.055364647 1.440156514 1.479524535 1.401586914 0.240032313 2.792819990 1.622579435 -0.018743817 0.437503281 -2.113035009 1.244218809 -0.408828977 0.431593373 -0.427747316 0.380673087 1.200784304 1.565285947 0.669315952 0.292058077
7.469270057 19.066219517 28.191629106 -0.560491199 -0.100624964 0.738627179 -0.360768793 -0.599337197 -1.373728782 1.479427203 1.062778809 -1.521412706 0.894878865 -1.060450352 -1.163517618 2.139921105 0.066926718 0.240755923 -1.070728916 -0.909131403 -3.299181749 -0.778857004 -0.139436615 1.354614359 -0.052942595 1.409666970 -0.154723248
5.709246079 10.595211208 25.879873316 -0.643527973 -0.647804068 0.006359469 -0.407653278 -0.712962828 -1.320994739 -0.426518865 -0.879790550 1.521072854 -0.898159218 0.730583934 0.035433894 -0.062896404 -1.304927178 -1.344985737 -0.259650285 0.586605031 0.714969454 1.209517473 -0.103225022 1.385318261 1.033588703 -1.241366342 0.248085591
12.213865671 14.998263882 31.193092232 -0.414339045 -0.723796966 0.472034099 -0.285700746 -0.250992227 -0.687153953 -0.939211433 -1.058254792 -0.805538805 0.072835341 -0.107740624 -0.010690551 0.299976963 -1.552513795 -0.141958431 -1.212133699 -0.109784369 0.411772672 -0.850153914 -1.162756622 -0.210392705 -1.180216976 1.451871329 0.546160609
13.072492823 23.550856345 34.276897722 0.274324878 -0.538159975 -0.297795876 -0.739220751 1.715681620 -0.145868582 0.716908560 0.116682009 1.047283381 -0.091110385 1.324487425 1.413446421 -1.101280077 -1.369009726 -0.102946159 0.080519354 -1.040486116 0.370399286 -0.416399612 -1.672821015 -0.768450837 -0.136312452 0.879219872 -1.036614084
8.361242927 25.758908299 27.807981077 -0.390525400 -0.544816981 -0.740145787 -0.053372126 1.174373512 0.142615822 -0.262864650 1.795079767 -0.484154947 1.312600159 2.289954533 -0.102288961 0.002121009 2.327217329 -1.332396239 0.758221863 0.327736741 -1.224932584 -1.231178460 -0.175365235 -0.093468107 2.219688559 -1.103503558 0.906921083
12.090019883 22.551526322 27.600794703 -0.600013471 -0.710114751 -0.302615779 -0.210106081 0.554404297 -1.323912550 -0.324089189 2.167860246 -1.290476947 -0.572679449 0.382837045 -0.461390834 1.022016115 -1.633604049 -1.238849023 0.911659135 0.896611936 0.818266989 1.291219047 0.697520886 -0.061180533 -1.341883267 -1.324238717 -1.111402383
5.264780735 17.440065500 34.680250923 -0.052226449 0.488896730 0.487238328 -0.721700213 0.934813483 -0.524002022 0.062786353 -1.072559809 -0.102625912 -0.767685363 -0.368206207 -1.565912857 -0.231675313 0.136299917 0.907970957 -0.529188344 -1.467777071 -0.129328651 -0.330036642 1.145400054 0.796274349 -0.109738516 0.471067446 -1.643041363
8.813135472 10.877812687 24.925161307 -0.212598399 0.035420063 0.299521297 -0.929426884 -0.778417767 -0.196895559 0.009640286 -0.818550259 0.505124541 0.146035900 0.508836653 1.019697671 0.622531171 -0.650658849 -1.025933284 1.242558055 -0.815998574 -0.765616479 -1.055423875 -0.898444880 -0.489941825 1.991339971 -1.377876783 0.595287306
10.655078253 7.614461847 27.276739760 -0.878195400 0.294838491 -0.292915330 0.236735536 -0.301706823 -0.779234480 -0.907705905 -0.203259898 1.020017920 0.470204005 -0.505699588 -0.889908369 0.166548873 1.105336465 -0.982028900 -0.476635391 -0.925671500 0.740969295 -0.780493594 -1.626885485 -0.802583843 0.085764844 -0.963443994 -1.127917103
8.308456104 22.634849979 31.673241732 0.639395246 0.671729071 0.164761022 -0.335868397 1.385226592 -0.518807154 -0.650745258 -0.707863910 0.711808748 -1.435965835 -0.894255056 -1.598486416 -0.097769958 -0.903443139 -0.572386653 0.919491684 0.572590830 -1.557624933 0.403681179 -0.140383228 -0.846749396 0.382618986 -0.488104561 1.512665720
11.934127570 18.969918928 29.479612777 -0.312138587 0.647705535 0.689810208 -0.084905355 0.380720334 0.861646483 -0.299501981 0.194804612 -0.020477778 -0.663572511 -2.964941865 -0.772756642 -0.860278585 -0.003185393 -0.365588374 0.583391476 -0.303020219 0.003545409 -0.142833387 -1.622871141 -1.335526865 -0.013167300 1.789701866 1.477611782
8.243277643 12.985111782 23.785576775 0.887641507 -0.255217748 -0.304554493 -0.232815413 0.389891672 0.603949469 0.713078069 -0.554526775 -1.730404026 -0.435929659 1.244471999 0.550912483 -0.177491884 0.398810614 -0.022339434 -0.470274128 -1.586584263 1.000103063 0.312089752 -0.548404246 -0.736249378 -0.147097529 -0.577264377 -0.382522839
7.354644476 11.543253441 35.007207804 0.132358698 0.548081387 0.623568029 -0.541526436 1.410264016 0.924225044 0.654865070 0.977825719 0.298459909 0.516883626 -0.049816339 -0.112592516 -0.269801510 0.120698569 0.996817310 -0.517272243 -0.743339374 0.294487680 1.434915803 -0.658953326 -0.268775397 0.042490890 0.705915853 -1.786915497
12.947129923 15.431748986 33.331865251 -0.196183079 0.581044055 -0.755279345 0.231199301 -0.024603161 -0.664676079 -0.330952806 -0.491354892 -0.817675985 -0.664537015 0.158807166 0.153394078 -0.544204873 0.557310481 -0.669302369 0.974558320 -1.256412419 0.127563616 -0.027223761 -1.196718140 0.442223247 0.450704045 0.188537914 1.281086909
17.207044626 21.273149644 30.947169812 -0.223849065 0.102610998 -0.254164365 0.935287686 0.351230593 0.116413325 0.218151086 0.454113384 1.773453894 -0.688774391 -0.648859636 0.373080301 -0.829239127 -0.629994580 -1.075660674 0.909760800 -0.292858805 0.578266096 -0.035270280 0.693869573 -0.069613220 -1.018476679 -1.358429453 0.570956806
9.851324481 8.718783286 31.617268961 -0.154922150 -0.980496138 -0.008208247 -0.120660991 0.313446178 -1.516032801 0.319590316 0.062568729 -0.477722119 -1.247178434 -0.071371474 -0.106419358 -0.739470013 0.423589737 -0.631576678 -2.097848655 -0.221270265 -0.517234996 1.175656011 -1.412911521 1.832396139 0.821854526 0.800252491 -1.557801212
8.610937251 17.465277496 38.097899939 -0.281413046 0.738084832 0.562764716 -0.243584385 0.667389712 0.524242704 -0.750008883 0.429132068 0.734726155 -0.670159729 2.972405551 1.386284722 0.175640310 -0.872488700 -1.487511127 1.557929403 -0.786886791 -0.664963407 -1.736342109 -0.642459637 0.341456210 -0.338017632 -0.141405716 0.595591979
4.301016016 20.022338440 33.597267771 0.751195961 0.408287974 -0.052441586 -0.515999455 -1.767757267 0.521437627 1.217493606 1.430253315 0.778705655 0.284740654 0.021028375 -0.161843454 2.396722529 -3.106260140 0.181368073 1.290016021 0.266018155 0.298432001 0.177755282 1.138305590 0.523500524 -0.433856064 -0.804525059 1.473302186
10.269176085 10.413844116 26.102284022 0.345158408 -0.379457842 0.535380059 -0.671003436 0.282937673 0.128652713 -0.725141800 0.682698280 0.727464300 0.463991592 -0.320146932 -0.449243305 0.602368768 -0.221738196 1.065063356 0.398708697 0.402282732 0.250560376 0.337145215 -0.294591050 -2.158861372 0.822205793 1.226163490 -0.516807340
3.069482732 9.775625183 33.192316021 -0.246495537 0.378564722 0.864208526 -0.221522742 -0.977328741 0.315933747 0.235172402 0.025107069 -2.327343864 0.323431594 0.040396362 1.453672529 -0.155729761 -0.909335010 0.259141717 0.951487834 0.338545795 -0.267317985 1.729626798 -1.572075489 1.553568543 -1.116284860 0.493190791 0.578641300
7.949861314 21.833062570 23.340226704 -0.566692403 -0.693702866 0.444183824 -0.018351673 0.346315809 -0.549800059 1.226740593 0.874435065 0.536954760 0.760187890 -0.696554527 1.286959126 1.194004502 -1.002172976 -1.802002378 -0.540269883 0.134813316 0.614395818 0.660699324 -0.245788771 1.492665955 -0.412879196 -0.757861833 -0.029173871
13.339165248 13.463374725 28.559659271 -0.594080455 -0.305425891 0.279744669 0.689584192 -0.530898676 -1.218577586 0.781365280 0.204651588 -0.611231073 -1.423993423 1.256752050 0.670844812 0.816204908 -0.262906596 0.851781230 -0.952767519 -0.538931762 0.095492132 0.228183656 -0.813845357 2.322718633 -0.972285862 -0.873441493 -0.830118832
6.478305023 24.196213591 31.645406178 -0.399959040 0.451110237 -0.646712819 0.467220345 -2.332449277 -0.594850291 -1.887621742 -1.072005898 1.190559183 -0.596901041 0.580759537 -1.774655672 0.044626327 0.308901765 -1.364411830 0.218155391 0.467709208 0.863569421 0.851444209 -0.060431531 -0.403181847 -0.468455413 1.183258532 -0.718935289
6.350974861 19.748548621 23.534261342 -0.271067276 0.005868398 0.947070138 -0.171890217 -1.012948296 0.023910996 1.447620676 -0.231716441 -0.846331741 0.113720114 0.625145377 1.923937397 -0.192528050 1.942407426 0.347296489 -1.273362099 1.770096198 0.273148128 0.407129451 -0.031624076 -1.368741007 -3.175412777 -1.594568462 0.509236516
4.762418791 20.221262738 35.007766184 0.783865063 0.348503029 -0.059273659 0.510478045 -0.025002822 0.222795715 0.968994957 0.553328589 -1.330203021 -1.525635993 1.480711549 -1.297646250 0.397879069 -0.720176790 -0.553751656 -0.162323666 0.077459969 0.225832484 3.103425505 -0.575825256 -0.362650369 1.244186682 1.596569737 -0.910726457
3.591677086 18.089746648 33.207247866 0.118613295 -0.803454582 -0.583214923 0.015873705 0.350709898 -0.876910846 0.539856590 0.906497294 0.412350177 1.745720604 -1.108195812 1.209225482 -1.871222021 0.330859153 0.557275756 -0.607373808 0.283898398 1.399182403 0.178427707 0.956236213 -0.233854670 -0.569041890 -0.349077561 1.448970909
1.934474014 18.169698812 36.191137378 0.045075661 0.697351749 0.669300425 -0.252399809 1.115602292 -0.981240941 0.341732596 -1.327242309 1.302725092 2.802687914 0.419140507 0.936283756 0.419802074 -0.086646032 0.033168807 -1.144056754 -0.054325501 1.179993053 0.759556268 -0.271472322 -0.031256476 0.618946248 -0.491398773 1.663780165
16.801789084 11.153547877 33.420117392 0.318873163 0.284750774 0.837937034 0.339261596 1.013197532 -1.077340799 0.231832890 -1.121900343 0.206607130 0.528878957 1.863719628 0.718858575 -0.395178972 1.306765091 -0.134306773 0.344507037 -0.477282591 -0.145440579 -0.990521102 1.109784986 -1.662667764 -0.692273233 -0.581836088 -0.425959721
6.974086638 11.041549592 27.622820486 -0.322224390 0.682395125 0.314318622 0.575944564 -0.511559308 -0.151739482 -0.065726133 -1.042052583 1.267228729 -0.544677749 0.604642117 1.458230802 0.734754430 1.774390606 0.133891970 -0.051949058 -0.389397159 -0.161927983 0.486755451 -1.673217989 -0.043670934 0.085643107 -0.839231043 0.469589370
10.537726201 14.371537986 27.267375396 0.145015202 0.643444081 -0.652129118 0.373735092 0.286920181 1.294451496 0.466750141 0.311207593 -0.615253069 -0.225063537 -1.213771654 -0.047395660 -1.514927051 -1.862685905 1.646303190 0.545245391 -0.061552064 -2.043182435 -1.293173043 0.716415940 -1.131580327 0.411130540 -0.701589519 -1.155090968
4.758167531 16.425428186 32.873626479 -0.221405076 -0.860049418 0.116678751 0.444613158 0.071822188 0.711628980 -1.959445987 -0.517289539 0.411274695 0.091981383 2.740921116 0.380590261 0.062104547 -0.527561944 -1.703216377 1.218019595 0.669115855 -0.857328557 -2.136033635 1.301853535 -0.133436601 -0.843730426 -1.752259660 1.596671830
5.701394655 20.646803405 24.890316319 0.524593069 -0.362495143 -0.162510552 0.752987187 -0.232053212 -0.851644331 1.120483822 0.555369197 0.389915105 0.949039524 0.238780701 -0.940074549 -0.164220056 0.098744784 -1.008891641 0.456188462 0.340679054 -1.484772621 -1.931648213 -0.094979904 0.018645120 -0.337233058 -0.546082959 0.624062021
4.510044192 20.200945459 29.186904314 0.578998531 -0.766198126 0.268536092 -0.074762961 -0.987263109 0.033232145 -0.827760755 0.219349006 -0.956365442 -1.054533973 2.832964801 -1.629118910 0.774773766 -0.633244610 -1.060903325 -0.620836149 -0.335415234 -1.237327982 -0.096294781 -0.771536339 1.292162415 -0.506156678 -1.234420063 -3.114779949
9.070401440 22.310266512 36.594098504 -0.346024969 -0.665118021 -0.087128391 -0.655967516 0.563884200 -0.290207513 -0.445755954 -0.309357373 -0.696583653 -1.306341756 -0.547928296 -0.368689360 0.610166010 -1.008394024 -1.395526162 0.459196924 -0.665832528 2.090455911 -1.765055952 0.236795942 -1.100887612 0.026857549 0.521970082 -0.190887234
4.449995176 17.108228983 38.089739774 0.563602301 -0.697517227 0.437888931 -0.063839243 0.641901665 -1.144976660 1.252209847 -1.773436152 1.431120052 1.193666212 -0.557097043 1.613206438 0.569518572 -1.244539588 -0.904551020 0.677115780 1.281348286 1.151717857 0.520668700 -0.275621918 -0.782067792 2.655951011 0.794174691 -1.039670291
14.989183006 15.792142043 36.723644003 0.262271156 -0.737624996 -0.069695984 0.618276374 -0.356500584 -0.965894233 -0.265994067 -0.330141223 0.774347113 -0.357470517 -0.348761975 0.356057042 1.246905868 0.352188150 -0.198306244 -0.096386712 0.102271248 -1.792172214 -0.789223410 0.304360301 1.324639798 -1.126638752 -0.054283462 0.285013386
11.972097182 20.884666679 34.246852670 -0.067687580 -0.325837967 0.189433867 -0.923776391 0.214516886 1.219210015 0.263607852 2.276609654 0.419693994 1.063161016 -0.347283091 0.706965468 -0.434535791 0.681383089 -0.725901628 -0.444336796 1.740175963 1.414436694 1.265132363 -0.036319711 -1.340617026 1.084219005 0.317247767 0.435002371
2.428371450 18.187922703 24.387487033 0.218857938 0.958424539 -0.120585147 -0.137778184 -0.159805032 -0.087212334 1.016710262 -0.227362920 -0.551106625 -0.547296060 -0.698299555 -0.278388397 -1.147317251 -0.228119400 -1.075603972 1.665666600 1.085147243 -0.620676113 0.737255873 1.141721249 -1.850169049 -0.057618783 -1.333623319 1.413421223
14.109967503 15.031368557 27.409465064 -0.117158827 0.962316297 0.239603734 0.053020793 -0.986434146 1.217565650 0.216359495 0.002116551 -0.019092657 -1.126433857 -0.138777406 -0.729887842 -0.547538531 -0.661656176 -0.483684703 0.442272713 -0.852377066 -1.522257642 0.670250006 0.208280407 -1.344480896 1.074846664 -0.394885283 0.128383020
10.484676871 14.950691701 21.428983090 -0.517133782 0.743110098 -0.362085463 -0.221932761 0.992281294 -1.312307004 1.433983517 1.833192634 -0.303472076 -1.104500563 -0.750714358 -0.592830100 0.185624900 -1.619289092 0.116094097 -0.550491064 0.181778045 0.196511337 1.523974780 -1.586978082 0.863431024 0.048123360 1.629499752 0.140870498
8.365085726 24.080117884 28.611590562 -0.110742686 -0.651752337 -0.700689859 0.268307046 -1.208183777 -0.171314999 0.367060807 2.007665785 -0.724590919 -2.244375314 -0.329268517 1.756141007 -2.299113857 -0.131984212 -0.930225368 -1.084262385 1.974272102 -0.130294077 0.325792056 0.324901925 0.272312247 0.221788138 -1.502031380 0.394458764
7.870016415 16.272001481 29.879779242 -0.648587710 -0.610898021 -0.430890439 -0.143076973 -1.203301538 -0.888406064 -0.269596730 -1.545223422 0.576471766 0.237713828 -3.243214485 -1.152005317 0.296261847 -0.170106972 -1.941938868 -0.430318242 -0.105115727 0.524494526 0.091407295 0.662383225 0.303221333 0.667685465 0.112273390 -0.162504642
11.367110572 22.483846237 28.058955851 0.654359940 -0.152145548 0.418076615 0.611454614 -0.698823242 0.721159110 -0.635551802 -0.028368279 -0.700433869 0.601979825 0.907155177 0.349151708 0.849075198 0.104378444 0.125611418 -1.366007555 -0.848378894 0.924305855 -0.073383162 0.332393764 -0.162065928 2.162628271 -0.916320170 1.602718729
14.350847592 10.941273987 30.621248837 0.298963721 0.005048889 -0.527839360 -0.794972208 -0.307035153 0.265571475 -0.868558090 0.021669160 1.236125906 -0.999495383 0.352232775 0.134622405 -0.770289381 -0.965844586 1.925636100 -1.288851862 0.392582060 -0.187208171 -0.587842678 -1.325190455 -0.111358456 -1.175317259 -0.803346000 1.272897933
16.191635811 14.397031169 26.278967173 -0.362683064 0.842658326 0.029170979 -0.396909303 1.393650351 0.321562237 -0.039577134 -1.057015843 -1.395570994 0.413512748 0.017401174 -0.034232969 1.738587102 0.429724926 0.012390470 -0.289132486 2.003331484 1.430045111 0.789482573 -1.275914997 -0.087221101 1.142772994 -0.810912623 -0.994173961
13.766067989 11.673553883 38.269118177 0.300760015 0.684888161 0.483565263 -0.454572609 0.109775555 -0.444171769 1.134770875 -0.487698820 1.258016902 -0.384862849 1.871835547 0.787047283 0.181252799 0.547345469 0.013838349 0.872475127 0.790538164 -0.359865669 0.359963875 0.400393027 1.822986805 -1.809335019 -0.903191820 1.072781611
9.379280594 24.130825772 34.056651767 0.333841059 0.031266315 0.683367946 0.648522024 -0.965671749 -0.175107017 1.120224319 0.303144362 -0.282373134 -0.921908899 -0.656573258 -0.907477864 -0.855790848 1.155747665 1.142632603 0.543161759 -0.001499278 -0.436825912 0.409277963 0.128090800 -0.256803816 1.685489214 -0.322525215 1.321454739
6.860914943 10.443551911 28.944771790 -0.733947325 0.514093683 0.390135532 0.211715081 0.348591740 0.983845570 -1.300881436 -0.487040290 -0.569461231 -0.009224105 -1.075420784 -0.404549410 0.324685747 0.972504257 0.468045072 1.528533812 -0.384956348 1.115123810 -1.629352186 0.565192300 0.381462755 0.328634101 -0.782232191 -0.176551327
3.335381416 12.455250973 31.300643092 0.429421916 -0.125408189 0.716782676 -0.534875873 0.621849819 -0.552759902 1.353244903 -0.223171761 1.715152725 -0.697604793 2.820685166 -1.696689831 -0.303199958 0.549518242 0.427573196 0.917699281 -0.444852658 -2.645122122 -0.336956479 0.183877654 -0.390596763 -2.150788313 -1.083898566 1.283973326
7.743892690 14.746945998 35.650952339 0.646711322 0.387382462 0.030099066 -0.656348490 -1.161428364 1.399529821 0.403022013 -0.621204456 -0.512837843 0.940016804 -0.435847958 0.974338770 0.370355291 -1.483414834 2.408534708 -0.001299213 0.482436548 -0.628193243 -0.422775243 0.514194079 0.381325623 -1.134169173 0.559580213 -1.412061592
16.144683838 19.027167324 28.774837909 -0.154727015 -0.763477587 -0.429659158 -0.456677713 -0.776880632 0.145468033 0.567072712 0.164353694 -0.703575791 0.746278832 0.043336992 -0.758780444 -0.898041144 0.558971452 -2.045871870 0.954320978 0.658527181 -1.319440763 -0.756454136 -0.892050064 0.042721979 0.326846371 -0.406534889 0.731060096
7.741743353 19.010935388 32.676408137 0.246407159 0.307160199 0.294517657 0.870744207 -0.052254697 -2.146478361 0.658926842 0.319869121 -1.366223554 -0.695865939 -0.638635962 -0.443506017 0.643033931 0.054577040 2.175694166 -1.207479935 1.202281200 0.422006682 0.136428203 0.463873185 -1.744176752 0.577546169 -0.768495697 0.993597651
1.129544413 21.699599213 29.209771317 -0.671730730 -0.403349849 0.592160893 0.188234433 0.532447483 -1.062240243 0.706093197 -0.235238691 1.027138874 -0.433486700 0.211526755 1.120370118 -0.415652892 0.783173661 -1.733215775 -0.408434550 0.105492395 1.785350509 -0.107288953 0.763119122 1.582378708 1.917253582 -0.449389807 0.077095268
5.944071949 15.941248616 31.880315225 -0.939896469 -0.044985274 0.337937021 -0.019222962 -0.628355191 -1.102042942 -2.243008897 1.009730384 0.028336732 -0.483553365 0.651146324 -0.283814708 -1.009186882 -1.157719167 0.543226143 -0.675676830 -0.282312563 -0.185288321 1.689195658 -0.247898615 -2.086234295 1.225188213 -1.218835758 -0.200278609
11.300138979 13.745477075 23.963903656 -0.977988298 -0.191861725 0.078204015 -0.024740651 -0.124368625 0.248180248 2.186986922 1.142808599 -1.125318129 -0.112428886 1.028835721 1.180683021 0.579687139 1.448704458 0.411421796 0.250001723 1.312840602 0.604847373 0.459769402 0.180052061 0.849241366 -0.747615275 0.303715968 -1.146461027
1.883465044 15.290152106 28.707233516 -0.087867459 -0.261745083 0.959796835 0.050585147 0.446571608 -0.703518298 -1.083910951 -0.043810838 -0.954792352 -1.194056105 -0.886801058 -0.425692558 -0.862164205 -0.026478126 0.452703048 -0.521193015 0.845801771 0.759565207 0.192759593 -0.763405476 1.485506316 1.198576343 0.336031443 -0.514073537
9.159052681 19.128808258 36.665339415 0.324943040 0.183864665 0.927630087 -0.010403264 0.053379733 -0.256721892 -2.425081143 -0.123777465 -1.801738937 -0.284296876 -1.444192379 0.475090338 -0.560559730 0.927509155 -0.349969793 0.564159695 -0.733310510 0.262796012 0.122144541 0.447427670 -2.373833709 -1.032746969 0.936468316 1.806017225
16.196072848 18.549053370 34.798729592 0.657731357 -0.055466301 -0.020322362 -0.750932722 -1.472835960 1.377085960 0.626312026 -0.245446306 0.519967301 -1.510584905 0.633101256 -0.433098946 0.949384618 0.517402212 -0.299579911 -2.726870179 0.061744897 0.276475568 1.208369609 -0.403308279 2.497353983 0.594654739 -0.882866054 -0.184412465
10.616776828 25.521650241 33.997550400 0.814261565 0.330383317 0.145726239 0.454520440 -0.868452483 -0.417417786 0.346385369 0.447210273 -1.667392143 -1.907386475 1.371637501 -0.078363232 -0.867752446 -0.304600428 -0.434652295 0.368630199 0.341995363 -0.312675221 0.789334224 -1.339856602 -1.242532490 -1.572011565 -0.543892629 -1.340351900
6.599515736 16.265071769 40.508077695 0.869317129 0.287244967 -0.402069660 0.010864965 -1.153744137 0.556380137 -1.287413443 -0.466579515 0.190894974 -1.163267830 1.425719038 -0.603800614 -0.800684768 -0.047128176 -0.364168882 1.507932894 0.988632186 0.211779164 -1.341248250 -0.256841503 2.622390234 -1.098278978 -0.131108687 -2.433428418
7.917672742 22.397253758 27.442215563 0.177386388 0.338465941 0.662313139 0.644450295 0.531586657 0.152163729 0.297308631 -0.372573026 -1.258004218 -0.366493182 0.730275001 -0.129790500 0.282104719 -1.530861118 0.740574016 -0.972927016 0.301232385 -0.111396584 -0.933664677 -1.774366347 0.005576660 -0.310661858 0.620945254 0.451112779
10.425560026 22.211379336 36.282914482 -0.101487736 -0.781399752 0.615592712 0.012660180 0.479389157 -2.597071801 -0.683251284 1.413671246 0.226033991 -0.449046381 -0.212644159 -0.436366197 0.785911070 -1.518981163 0.601045004 -1.507646820 -0.068183200 0.157923069 0.463402951 0.755324943 0.076936900 -0.983991319 0.484899650 -4.104164571
12.758043278 19.806326623 36.058836321 0.071815206 0.495702102 -0.314435034 -0.806382422 -0.975065213 0.854311516 -1.374721497 -1.794025597 2.023328100 -0.794292377 1.145660321 1.023021379 -1.997604872 0.379170489 1.404305939 0.754044494 0.534943329 -0.874542416 -2.114625202 0.247997918 2.302456564 0.715231626 0.327875716 -0.720659038
9.558742318 13.441141602 31.790115844 -0.190181327 0.870936379 0.443734617 0.091654112 -0.082683097 0.506013399 0.282263825 -0.373037628 0.602671645 -1.587750088 -0.691789818 0.101792839 1.358095845 -0.158409984 -0.150700759 0.730847177 -0.166431700 -2.702041448 1.044106301 0.259889660 0.311145824 -0.198769589 0.339743162 -1.363587621
8.636593430 13.365842301 26.153940792 -0.302668615 -0.265864178 0.912680821 -0.068714387 -1.626395094 0.625233438 -0.223754977 -0.544769141 0.202714911 -1.540558134 -0.942028370 -1.043877786 -0.153592105 1.095164773 1.216792667 0.537060698 0.305533706 0.626133629 -0.584781092 0.433658296 0.948779966 1.544160997 0.026079933 -0.757888978
11.244326496 9.814299833 35.158481192 -0.399529243 0.897859341 -0.045733471 -0.179258021 1.321759183 1.141262214 -0.322306438 0.671042548 -1.207749258 0.752907916 0.457385579 -1.430068605 -1.671285691 -1.187014795 1.907217079 -0.007018019 -0.443070645 -1.058207213 0.103107646 -2.140316846 -0.026331114 -1.080016879 0.482331013 -0.726792285
11.697299772 11.769788422 25.714279670 -0.720709202 -0.458157860 -0.453679295 0.254646259 0.414439468 -1.608319462 1.205989601 -0.064367361 -0.180939242 -0.634926314 0.069919215 0.303075977 -1.547822297 0.217614139 0.637497989 0.324674505 0.824040862 -0.668612006 -0.720368441 -1.426109662 -2.155140593 -0.305277934 1.259256839 -1.201757895
13.009626213 16.268509884 29.085127559 0.500850116 -0.663481108 0.434646264 0.346445675 1.160697699 0.715684212 -0.567393057 -0.187738277 -1.068957843 1.154718193 -0.481239970 1.056968164 -0.504003287 -0.385767958 1.249405714 -0.588941155 0.856534167 -0.041143363 -1.779521253 0.715838903 -0.280428902 0.511658365 1.347623701 0.949738815
13.589978646 19.199243602 34.254992589 0.326891309 0.844469660 -0.391817070 -0.162765010 -0.401129139 -0.311963857 -0.737730263 2.486826819 0.970075606 -0.319699277 -0.004781994 0.946057740 1.151149636 0.891208912 -0.445311577 0.227261598 -0.081220107 -0.163126510 1.511251869 -0.332253674 -1.850024583 0.801957282 -0.511341584 0.347612603
8.503150951 9.300503727 36.924032943 -0.301029143 -0.794067677 -0.042896429 0.526305876 -0.323535277 -0.193733995 -1.302113221 -2.109652870 1.134019444 1.248330641 -0.079559478 -1.150968711 1.363659263 0.533578985 -0.944915392 0.574702062 -2.218748133 -0.427408753 1.093089950 -0.813200566 -1.535167571 1.758718116 -1.081434669 0.375872263
3.251134714 20.467999295 29.461281231 0.854902964 0.511093395 -0.073842737 -0.049716340 0.004040560 -0.310061929 0.712849709 -0.900370015 -0.581161351 -0.953521550 1.169767685 -1.373770103 0.757667635 -0.039531269 0.236748181 -0.493341464 -1.157532582 0.124485388 -0.056503677 -0.147174496 0.383510719 -1.221755229 0.691626619 0.196894173
0.817260515 21.601159506 29.249773576 0.088456774 -0.896193163 0.034251985 -0.433405141 -1.421091953 1.001078075 1.114213011 -0.992295725 0.038451708 -1.919920654 -0.033059726 1.081399530 0.053429298 -0.056597790 1.667697547 1.157234521 -0.011964757 -0.070515618 -0.394216932 -1.351904450 1.633508074 1.204685265 -0.321335848 -0.806262276
13.735265855 18.120622892 35.585491189 0.156463827 0.808365955 -0.522055317 -0.222534940 0.484712898 1.032887738 1.377117513 -0.222626812 -0.803250126 1.172887267 0.869368592 -0.208452048 2.187640982 1.600548526 -0.700828051 -1.181914654 0.117629471 -1.085493353 -0.835622560 -0.447537031 0.422862360 -0.019544594 -0.070157272 1.607533314
1.312143043 22.392426144 32.096188678 0.087420095 0.873603369 -0.436516788 0.196540008 0.090828470 1.177990576 1.492249538 0.737456100 0.468120027 0.224944079 1.577576233 -2.804754471 1.878686666 0.699559552 0.431949280 -0.557084559 1.265852206 -1.180215735 -1.597157406 -0.717905470 2.225189192 -0.053336437 -0.027731516 -0.981099388
15.853452222 19.636878301 37.561074519 0.983830179 0.083819825 -0.129101357 -0.091571045 0.956819843 0.736167552 0.710296978 0.351414372 0.635465306 -0.723185752 0.087358767 -0.023201620 0.682992989 -0.028299379 -2.210012090 1.088480899 -1.869881712 -0.661428050 -1.068814682 1.311447219 0.958277292 -1.892709637 -1.321026779 -0.948454232
15.781496859 21.501139228 31.282352698 0.282746345 0.007790471 -0.002102631 -0.959160775 -0.507914901 -0.394161446 0.322850663 -0.152392534 -0.924259678 0.843999962 -0.367987618 1.323749682 0.389338603 -0.802432611 2.150367118 0.172403905 -1.441609295 -0.121801454 -0.509151720 0.431161207 1.024288810 -1.823735439 -0.454282559 1.356324512
2.609409100 20.792374000 36.697449947 -0.171624744 0.868558147 -0.197899477 -0.420698812 -0.395721747 -0.368367885 0.140440375 -0.312266037 -1.119098617 0.309892721 1.401113426 -0.456826752 0.172405302 -0.894325977 -1.251927782 -0.662032073 1.079197900 0.383453398 1.420617790 0.821060539 0.339121969 -0.377284417 0.371845020 0.008912979
5.320157007 12.756012775 28.532411685 -0.127052753 -0.350769415 -0.250040476 -0.893475336 -0.932238313 0.488665435 -0.902948314 -0.103475545 1.264294699 -0.610803786 -1.212470524 2.204911910 -1.384765681 1.280367600 2.004161797 -0.719850321 -0.838828332 -0.378145604 0.638214431 -1.650623534 -0.517103817 -0.046936358 1.781311225 -1.239205667
18.733339448 17.018803070 30.951082218 0.506773598 0.282913176 0.150822301 0.800245768 -0.833390658 -1.397309637 0.695945018 -0.618653481 0.618762377 -0.231453606 -1.152679858 -0.743689422 0.263316134 -0.191688398 0.403469244 -2.222613026 0.257043121 -0.359917164 -1.912508161 -0.488683148 -0.587367633 -0.131618240 -0.504537830 -1.465750588
10.775027169 16.876567397 21.903577540 -0.317755186 -0.331128746 0.812761927 -0.358891970 -0.583812330 1.599889789 -1.112704100 -0.991410952 -0.046603757 -1.040924389 -0.991968120 0.807115598 -0.221273524 2.133366784 0.169646838 -0.256423953 -0.629651701 -1.377982831 1.477508496 -1.020644612 -1.929528644 0.534883305 0.996620639 -2.691749807
13.280811287 19.512851228 31.150602597 0.357092634 0.147967733 0.677357407 0.625921197 -0.399291837 -0.359387062 -0.740837215 -1.352643475 -1.181519632 -0.060477674 0.239524045 0.422131946 -0.005455494 0.871441896 0.093838259 1.052510491 1.172923064 -0.105214237 -1.158087071 0.625562026 0.143422723 1.073833798 0.237551577 0.285207111
3.426274397 17.336852964 36.203464332 0.012514230 -0.741617309 -0.667022930 0.070196665 -0.221351029 0.950675801 1.548304883 0.042780157 -1.830224156 -0.570090939 -0.959373543 1.420595861 -0.293026988 0.651583363 0.200052030 0.230711716 0.119178287 -1.186960883 0.798407408 1.618071839 -0.822969261 -1.079159145 -0.001915005 -0.512145587
11.406117744 18.390517129 38.236449469 0.569765757 0.085773467 0.553677705 -0.601207862 -0.494864084 -0.098001036 0.045552365 -1.415345145 -0.298286517 -0.799174974 1.181129774 0.712585926 -0.929518990 0.797454672 0.925082650 -1.766285764 0.481230699 -2.377528324 0.074574263 0.413656688 -0.000762536 -0.116589975 -0.955625268 -0.366798687
6.474058303 20.067377054 24.685016022 -0.538861427 -0.574979858 -0.002882417 -0.615644554 0.547118585 -1.111416443 -0.045881902 0.223427191 0.617836023 -0.277485553 -0.577841205 0.191908619 0.993634097 -0.786021710 -0.744964900 -0.859184497 -0.105155769 -0.628547117 -0.796069492 -1.714450436 2.328855059 -1.504115030 -0.890485921 -0.876950928
4.773788399 16.316761444 30.494141580 -0.336697361 0.684782721 0.498598157 -0.411226689 1.015235148 -1.725284114 -0.177495517 -0.330882417 -0.166297578 0.000383125 0.525343099 0.803897063 1.585058640 1.734640118 -0.239491407 -0.472499716 -0.492440954 0.604323906 0.660156616 -0.037886271 0.300474964 -0.536843774 -0.163442538 1.920283533
14.789531404 13.478212278 33.390691994 0.475590685 -0.827671636 -0.136591740 -0.264793994 -0.341045222 -0.898052761 2.468431924 0.426788954 -0.155212233 -1.610979565 -0.386665555 -2.464793118 0.120135039 0.880280438 -0.199788245 1.150756302 -0.216572926 -1.823589998 -0.289721167 -0.860419556 1.069934359 0.620324032 0.779778916 -0.981342525
15.051426218 13.925528552 26.590853407 0.953325707 -0.026919713 -0.165411547 -0.251166171 -1.377747201 -0.516084200 -1.558901529 0.224016628 0.268723876 1.323408952 0.325522406 0.590715607 1.424470461 0.087983725 -0.225645020 0.573877679 1.781359011 0.273872336 1.564158770 0.365860169 1.328145129 0.286330831 -0.405848477 -1.417033546
15.418965415 13.552274612 34.358541207 -0.721917180 -0.424342487 0.544632908 0.046303722 1.184019732 0.768366471 -0.376678055 -2.431400619 -0.153428718 -0.655868581 -2.009050414 -1.749697296 -1.839521428 -0.092106440 1.030735744 0.568971495 -0.116687843 -1.326593508 -0.834843916 0.293163585 2.098507123 -1.911746034 1.026510410 0.675183499
5.057967173 18.679320488 24.575902826 -0.033647579 0.654853250 -0.412869908 -0.632118264 -0.844210939 1.117076404 -0.171558011 -0.056871641 0.861255437 1.388780899 -0.812243502 0.708873170 0.124234575 1.052593248 -1.338905868 0.441605954 -1.873261920 0.837169945 -0.308024420 1.439686967 1.013577172 0.293260682 0.709364680 -0.029175062
5.182584961 11.852968369 34.343238088 0.867400726 -0.175515928 -0.438175771 -0.157518677 0.522901470 0.834384003 -0.927121558 -0.184880483 0.445052163 0.566979020 1.465432720 -0.153685512 0.876856602 0.060938945 0.793507144 -0.954636249 1.474821016 -0.685617637 1.302495800 -0.999212991 0.033373237 1.408672503 0.177576775 -1.287751500
2.031535813 16.038504646 31.178749415 -0.062746825 0.142513801 0.857057153 0.491126957 0.371647374 -1.227880966 1.038137441 -0.677087316 -0.659268316 -0.838924492 0.409158410 -0.721952621 0.955188504 -0.950996032 0.494954411 -0.497328825 0.994702304 0.304153166 0.972541940 -1.000922895 0.190781359 -0.321323323 -1.722869557 0.464853272
13.092215912 10.473888083 31.468749665 -0.781973923 0.046621582 -0.381640616 -0.490605394 0.391151059 0.095281266 0.405904375 0.361118268 -1.139611336 -0.478476755 -0.232343761 1.153882230 -0.316382754 -1.469622574 0.887362565 1.580635756 1.352103904 -0.103988458 1.178201734 0.247183266 1.433330708 0.345187515 -0.431783853 -1.389034522
15.780232919 13.055101753 36.252040048 0.066014679 0.752998936 -0.085049318 -0.649154279 0.771604810 0.318453941 -0.850121231 -0.319247541 -0.757590219 0.875896801 -0.184772139 0.205916363 -0.172527131 0.378178737 0.195719844 1.339955287 0.467745744 -1.308493221 -1.146246065 -0.094637836 -0.874312016 -1.566339979 -0.256804966 0.878440451
11.154317144 16.296291025 22.410769331 -0.166397399 -0.247139698 -0.943849627 0.142764693 0.304342783 0.042575918 0.543981444 0.359145757 0.406535792 0.184296881 -1.642339360 -0.411612836 0.678458771 -0.004199439 -0.695401838 -0.526938627 -0.490334444 -0.567465191 -0.620683724 -0.706374158 0.460651659 0.341437584 -0.187808067 1.471693872
1.254167649 15.532907511 35.529626708 -0.492408927 -0.600738032 0.104051514 -0.621144547 2.420987169 0.222285387 0.035415694 -0.730470568 -1.812402747 -0.228721572 -0.531169668 -0.896526743 -0.010824519 0.390257933 0.504947468 1.923337115 -1.183327975 -0.137910897 -0.141350084 -0.282161984 -0.022473460 1.101378047 -1.305037242 -0.594366682
4.229654094 11.024143871 31.311509844 -0.055067966 -0.958393661 -0.265019164 0.090630860 -0.254551763 -0.096734225 0.080112056 -1.400616374 -0.036480480 0.527681294 -1.385985614 -1.089225287 2.960275530 0.329433637 -0.876079572 0.098645089 1.301093532 0.324236407 0.289674232 -0.481703109 1.143271151 -0.483990332 0.171048568 -1.393550684
5.437020598 8.897056856 34.547173761 -0.526399769 -0.591138153 -0.578541370 0.196847279 1.158300892 -0.074871440 -0.109407547 0.065349542 0.565275146 0.156937879 0.440763947 -0.394174804 0.566697634 1.130883838 1.432886998 -0.303836358 -0.460573648 1.873362385 -1.122842514 0.440929614 2.156200772 1.868898011 -1.161902399 1.650377107
12.613200416 7.591196710 30.221724515 0.030419483 -0.012392615 0.533393941 -0.845228952 0.923550949 0.247997038 -1.221971336 0.196144025 -1.248994282 -0.457768521 -0.049359840 -3.492471711 0.427881139 0.955962176 1.420385527 -0.082241256 -2.371902617 -0.338245701 0.879353840 -0.162902424 0.437464426 0.792940353 2.380299312 1.838178634
17.576203591 12.429579926 32.660648234 0.964449901 -0.218106357 0.035755278 0.144870860 0.884122489 -0.901053376 1.780555517 1.505618574 0.149599206 -0.337281619 0.102042351 0.024297432 0.013721899 0.000433679 -1.074547089 1.154659262 -0.975095183 -0.436018451 -0.846133208 -0.066088094 0.150738268 0.381449280 0.061699177 -0.378041326
13.395617980 15.896473731 26.360168293 0.012723138 0.718469970 0.627639794 -0.299511793 -0.879248600 1.498973700 0.893448477 -0.234544324 0.749741939 -0.437949331 1.597188538 0.757126110 -0.053455527 0.534047519 0.173636812 0.560353559 0.942916729 -0.576673379 0.146645772 0.257957835 0.478052036 -0.262066603 -0.363824746 0.682161297
12.716629109 20.874174037 38.369778925 -0.340144585 -0.436224600 -0.302078569 -0.776375101 -0.026952508 -0.631768040 -0.841866556 -1.445391099 -0.934846463 0.928461182 -0.073818948 -0.036979223 -0.130330516 -0.350341430 0.536607578 -1.752635740 -1.076690065 -0.041344437 -1.702116969 1.359834195 -0.371444852 1.394096932 -1.397958977 -0.651481228
5.447903528 21.450066155 29.650675117 -0.926860490 0.011698175 -0.147048867 0.345209233 -0.200364718 -0.726185247 -0.802239146 1.421893617 -1.606464192 2.655121617 -1.725854191 1.048702448 -1.448483769 0.084868460 1.354850781 1.429229772 0.139271737 -1.038269413 0.584337326 1.657525789 -0.538715124 0.012539011 -1.277542581 0.810617178
6.685838011 25.038168063 27.367916927 0.649339168 0.183760343 -0.054248913 0.735967279 0.593469853 -0.952036890 -0.464328486 -0.427674222 -1.513624822 2.298356641 -1.895565755 1.920929609 0.570592929 0.985308002 -0.308864361 0.286928330 0.859497854 -0.036534112 2.100743807 -0.452712087 -0.380120690 -0.025124780 -0.684665110 1.588196918
5.422657336 10.930152673 34.257953348 -0.699028861 0.229251703 -0.522585842 0.430936591 -3.364380938 -1.712774663 -0.427562180 -0.513871637 -0.631134454 2.139788235 0.956537197 -1.203501343 -0.713562741 -0.048756417 1.281388310 -0.687433157 -0.146277746 1.380283188 -0.633197875 1.706452607 1.811938179 1.218173895 -1.185163937 -0.074767249
11.750335414 25.237515125 29.839250320 -0.049474609 -0.038505090 0.994753604 0.080838659 0.964464087 0.833549721 0.301288649 0.548031341 0.901440279 -1.650160131 0.179550799 -0.906735135 -1.504913732 -1.223227174 0.165503575 1.941181432 -0.165386853 -1.240587145 -0.445882787 0.847834980 0.470451394 -0.026218114 -0.889448388 -0.205467598
4.683016126 11.790628167 24.191442912 0.792110325 0.142329946 0.582672578 -0.113119789 -0.010948025 0.827758335 0.473628197 0.824313475 -1.780272832 -0.354317841 -0.335050737 -0.666889570 0.214657833 0.760521796 -0.000044154 0.257381464 -1.335030041 0.161014175 0.061895367 0.133485174 -0.404245352 0.124498968 0.963177487 0.334504201
8.158352885 25.869289063 34.614471938 0.388497016 -0.130286462 -0.126317297 -0.903404365 0.285349478 0.913785883 1.237493241 -0.827703245 -0.450628756 2.426422657 0.186486150 0.843586377 -1.904807293 0.984781015 -0.883309036 -1.666354585 -0.974899225 -0.400004629 -0.643263421 0.753201360 -1.401001563 -0.640536656 0.622477341 -0.646379262
12.394983768 12.505369466 28.452130043 0.573208235 -0.163477955 0.795346482 0.110141963 -0.874624244 0.748745873 -0.659176501 0.048348456 -2.051521342 0.125472229 -0.177381698 0.945933932 0.146793093 -0.068516695 0.760886197 0.484555908 1.182947424 -1.551372048 0.555123993 1.781744111 0.747050749 0.302487292 -0.490081584 1.984475596
17.586094294 13.985081801 34.389633338 -0.602640707 0.572841177 -0.011344505 0.555471391 1.495611531 -0.743246069 -0.403831938 -1.165629278 -1.164694432 0.411275176 0.079172161 1.230278421 0.483956585 1.691908262 0.158074435 1.293968266 0.133562307 0.221027187 -1.072873228 0.314971500 -0.583701860 1.246849585 0.516136897 -1.996562146
4.033452195 14.498118238 26.728527599 -0.764910768 0.537922300 -0.153472841 -0.319370010 0.409848244 0.049739280 -1.476273968 -0.696565459 -1.673099788 -0.721949582 -1.678102408 -1.146342273 1.735087259 0.396212049 -1.053715319 -0.760921131 -0.515810299 0.023702917 -0.609227013 1.540310861 1.700741792 -1.389266420 1.016735672 -1.524308167
5.779465246 20.390456171 32.792873083 0.792910366 0.231501324 0.256945964 -0.501676250 0.340697771 -3.007763803 0.549013180 -0.055041107 -0.330004525 -1.639277392 0.777269567 0.652277107 -1.310341227 -1.558802067 -0.485145764 0.854765918 -0.986528706 -0.820041882 0.898060746 1.097678408 0.682199744 -0.694319731 1.804147100 -0.315056253
13.415692978 9.930085769 32.496005889 0.367915595 0.132374002 -0.412159717 0.822945688 1.278489216 0.852203325 0.727451187 0.893849246 -1.023284322 -1.579198299 0.684173979 0.933947107 0.199045203 -1.805710652 0.460493948 -0.056646245 -0.859077159 -1.055620786 1.004973544 -1.156244598 -0.337730341 0.018256739 -0.014659953 -0.132466767
11.630231781 15.115023092 27.206520738 0.633201330 -0.129106008 0.364687897 0.670365909 0.070773542 1.691688498 -0.185396466 1.307426129 0.683378653 -1.289093033 0.778857610 0.348254212 -1.016523372 -0.690690313 2.459572537 1.407686962 -0.030137747 -0.875345464 0.412862850 -0.181450818 -0.550592126 0.009542836 -1.005584505 -1.955197086
6.122125859 15.445135181 28.628113963 0.839195540 -0.165583712 0.076248627 -0.512366107 0.846224818 -1.601524355 0.133761899 0.290409975 -0.373929417 -0.964342510 1.569803361 -1.140515689 -0.079286313 -0.192558821 0.626954414 -0.719777629 -0.861865614 -2.436243065 -2.011504845 -1.405253545 -0.269954232 0.540394437 0.034111351 0.364476097
7.621569419 8.824274993 25.714306882 -0.928033618 -0.141053054 -0.316091045 0.137637534 1.414358162 1.605350241 -0.240558026 1.133079399 -0.041036657 0.422732143 -1.228764618 0.888203023 0.862915021 -0.916052055 1.306675494 1.245920988 -1.262747166 -1.483815343 2.064688753 -0.632177941 1.248237951 0.823405064 -0.368026366 -0.102042249
5.573103673 21.986588103 33.057875163 0.888694178 -0.167628373 0.360721012 0.228043281 -0.130619460 -1.992363905 0.210482438 0.504800940 -1.336196816 -0.444928154 -1.133120248 -0.862407733 -1.019511185 -0.352420733 1.129999073 -0.607106705 0.563012794 -0.367266186 -0.114155893 -0.548536712 -0.937625650 1.247581414 2.118141657 1.447695263
15.959251641 10.629666734 28.801475056 -0.164933399 -0.151094978 0.502618206 0.835070189 -0.174738167 1.158206602 -0.390975548 2.405934883 0.668486895 -0.125319236 -1.592191950 -1.219775087 1.357984794 1.662799509 -0.281162269 0.157980259 -0.268490844 0.754287270 0.544497614 1.234749023 -0.236664530 1.503350567 -0.525540396 1.006296565
8.411935727 16.356057998 39.104694976 -0.360148235 -0.558154228 -0.743207168 0.080001318 0.305892783 0.369068946 0.002145740 0.228471342 1.716110649 -0.465206519 1.022810678 -1.464770986 -0.776709592 0.896544019 -1.982407539 1.290505097 0.689341882 0.740656936 -1.430002355 -0.468097933 -1.445906139 0.819648693 -1.128485351 -0.321680914
-0.205729835 15.865911646 33.242605969 0.234678511 0.458245655 0.478174697 -0.711537684 -1.016541421 -0.703624134 0.243115553 0.622438947 0.065666955 -0.008690153 -1.068507808 -0.113714773 0.070913834 0.346853436 -0.258720925 -0.277714914 -0.470264417 -0.005733355 0.485129854 -0.562470103 -0.917362155 -0.539517266 0.578481566 2.219108399
14.239933648 17.469117187 23.422520057 -0.886131817 0.297795216 0.092925941 0.342714431 0.679619808 0.193048523 0.380887943 -0.707812662 -0.252439722 1.319726940 0.334355491 2.755528835 -0.450623364 1.435080852 1.117790398 1.379101906 -0.158080592 0.686136105 1.170745035 -0.524751273 -0.882909369 0.372557157 0.364325161 -0.754031213
2.594350743 17.409247475 35.911404526 0.234190251 -0.295663262 0.798237380 -0.469633099 -0.101661463 0.853127369 0.041054869 -0.054801549 1.484122163 -1.322174040 0.196145601 0.003306550 -2.688492856 1.303833849 1.381401041 0.087733767 -0.737864772 0.019142120 -0.147411318 -0.623047121 1.001388373 -0.069303231 0.826638566 -0.961886692
14.338782374 18.313464144 30.374930186 -0.874954585 0.378359910 -0.298888853 -0.044313719 0.411154466 0.772702709 0.007306369 0.420030853 0.593653898 -0.299777565 1.067631335 1.036515195 0.501491741 0.041577857 -1.355192218 -0.162554463 -0.421527676 0.504970500 -0.826338422 1.605416033 -1.360684946 -0.619647816 0.123391362 -0.250586775
11.097186940 21.424342402 36.153036653 -0.524295298 -0.232375676 0.447981509 0.685877943 0.153445468 -0.166489264 0.197755884 -1.554590885 0.869294523 -0.486270241 -0.929458636 0.097149586 0.215945979 -0.431858311 1.252865125 -0.944413611 2.388670926 -0.496186783 1.009750975 1.180236970 -0.375476403 0.442922568 -0.463237152 0.545099061
15.651306889 15.782855310 38.249071524 -0.729471722 -0.550601856 0.131084158 0.384090546 2.146562833 0.045415521 1.366201761 -0.155923392 -0.730416808 0.300479606 0.103144320 2.445763487 -0.423993648 0.046600017 1.616955403 0.156128586 2.149361304 0.016012676 0.088901807 0.557481392 0.788146337 0.456476555 1.053177863 0.370372873
2.612597573 17.150073381 36.709798939 -0.908544062 -0.042548325 0.152075349 -0.386795056 -1.156922183 -0.744331788 0.317452918 -1.769625242 -0.829739993 -1.708255611 -2.600972330 0.112345943 0.133638187 1.813719792 1.124065812 -1.055600055 0.549710860 -0.635418762 1.522913970 -1.302201829 0.308643350 -0.453114913 0.135297930 -0.009276949
7.881007928 19.656500652 27.209970785 0.809251666 0.105612301 -0.508469889 -0.274620021 0.431741832 0.572673203 0.116658318 -0.017196099 -0.266074079 0.329030953 -0.253271576 0.734906219 0.991232842 0.421327387 1.609487942 0.007129881 -1.285068641 -0.281998416 -0.036429416 0.705432387 0.218689186 -0.532240753 -0.239721676 -0.060306686
5.738505548 9.505282011 36.643164001 0.075897430 0.011475697 -0.165694989 0.983185160 1.219063023 0.907764393 -0.294496184 -1.689764797 1.445311068 -0.006056127 -1.584078646 0.006828398 -1.167309114 0.623011058 -1.031049324 0.051655870 -0.348553108 0.265638973 -0.659119063 -0.032521416 -2.081654264 0.416821155 -2.786848254 0.289447262
5.513390404 13.244502418 31.849978480 0.102574946 0.388478184 -0.214366767 -0.890286454 -0.045187889 -1.607579563 1.538689995 1.138788645 0.705217943 0.006976418 0.182980567 -1.031182411 1.372540841 0.448197624 0.730506735 -1.710082258 0.195191784 -0.020329148 1.273318127 0.691468824 0.239539226 0.581795474 1.361301753 -2.411257801
5.651291738 12.928467175 30.556757623 0.636448238 0.536941551 -0.445897628 0.328333241 -0.812494652 -1.591801817 0.199519296 -0.376804667 -0.349722623 -0.370190991 -0.442951183 0.056680560 -0.601051809 -1.053084834 0.576353381 0.610327913 1.010988585 0.662545147 -1.723037532 -0.321615059 0.769192335 1.862902312 0.141333461 0.639264751
11.378357219 13.665312836 38.306798901 0.562727300 0.261701659 0.526819940 -0.580784795 0.324129391 -0.821674875 -1.133516894 0.862474392 -1.948943714 -0.522465217 -0.221291054 0.843571941 0.587225533 -1.525994245 1.797282474 -1.450375388 -0.288637336 -1.294959003 1.542277229 -1.184642320 1.652186823 0.876526134 0.635913342 -0.060732977
4.318632691 8.272732551 29.575458162 -0.423304234 -0.255762233 0.750844139 -0.437758249 2.039913611 0.292672941 -0.474235927 -0.753819735 0.113559499 1.699708158 -0.943222355 0.401848811 -0.704454386 -1.048082831 0.519057696 -2.813961404 -1.538698325 0.481873965 1.249940206 -0.349559993 -2.349290864 -0.419020146 -0.436830009 1.562493369
3.862948050 14.731184169 32.637170240 -0.710567807 0.517136023 -0.423814815 0.219191076 -0.762047571 -0.356409937 0.699387496 0.579139192 -0.074826001 -0.669256098 0.536420858 1.129058618 1.812573150 0.230241037 -0.098837517 -1.547000149 -0.829683233 -2.496217794 0.150907696 -0.278914702 0.182120468 1.504545821 -0.090810540 -0.980080768
4.733334679 19.954958923 29.045706411 0.687084386 -0.067505473 -0.553891011 -0.465363090 0.477112178 -0.194800414 -0.601558630 0.195545216 0.370823292 1.151025255 -1.021196592 -0.376091386 0.403787504 1.411802550 -0.878210810 -0.171334206 0.134389178 1.670038102 -1.568195578 0.350539215 0.199130498 -1.199881039 1.187049368 -0.039877533
6.089475654 21.058973585 35.658373343 -0.221396862 -0.731344678 0.421371786 0.488430354 2.159974928 1.250624636 -3.008009723 0.766402433 -1.550633683 0.204857883 -0.190410264 0.373128913 -0.972397957 1.756840298 -0.385543203 1.088362075 0.173650813 0.083726709 0.640397728 0.061026367 -0.348825935 -1.965806663 -0.785257128 -0.394961151
9.261963718 11.573419985 25.277607491 -0.501955126 0.756341261 0.362246855 -0.211580161 -0.868412972 1.337181829 0.318412000 -2.305384681 0.822593510 -0.813601339 -0.441348442 -2.493527244 -0.807253549 -1.071356679 -0.614759468 -0.530223617 -0.498538601 0.214241169 0.634419879 -0.549837797 -0.506938900 0.812219538 0.015471620 -1.141375870
1.322740387 17.024712641 26.128427074 0.493428103 -0.471592763 0.407904736 -0.606417925 -0.376051315 0.997998796 0.707462208 -0.040913206 -0.911922863 1.363912836 0.132696282 -0.994366930 0.902939259 -0.423473010 -0.149433082 0.593024206 0.078828478 -0.036793279 -0.981581703 0.117234692 0.351899719 -0.634724499 1.062306532 0.049791252
1.729843332 12.130583234 29.158478631 0.446520871 -0.392829545 0.094657144 0.798338327 -0.651771597 0.950073105 0.098825504 -0.112302492 0.647417277 -2.004953790 -2.121040860 -0.631975187 0.716490510 1.391116688 0.826570358 0.336756274 1.770106822 0.350282894 -0.305367800 -1.422746069 -0.795041713 -0.713163995 -1.462647287 0.197233028
5.178366567 8.419990688 29.190016642 -0.396209370 0.602847516 0.146656053 0.676819776 0.550153363 -0.764342230 -1.047604575 -0.607267560 -0.766734871 0.592820685 -0.893946085 -1.509680741 -0.292031484 0.670802807 -0.924818560 -0.059074211 0.277597781 0.257193486 -0.119907570 0.359499760 -0.070679742 0.230386471 -0.744098433 -0.935712888
3.722097040 11.197694877 32.624873821 0.598475068 0.080835780 -0.744156474 0.285524627 0.204274220 2.840911887 -0.080388138 -0.325907568 2.144341825 0.503320181 0.694398349 -2.310351725 -0.150371952 1.558686601 0.830285376 -0.457588409 -0.001306502 1.080616327 -1.125122969 0.390940801 0.374377890 0.183064546 0.801348076 -0.023500842
10.374782271 25.232953792 30.797347967 0.625379711 0.353151640 0.514110671 -0.468907618 -1.787876645 0.851894306 -0.644059025 0.660485901 -0.414490894 0.434788257 -2.012590837 -1.673594379 -0.149002761 -1.533405408 -0.454642317 1.192755754 -0.349888145 0.749507044 0.181825500 -1.968482203 -1.067796808 -0.527598703 1.544030469 -0.893173429
2.625250474 12.942038094 27.391699802 0.707330201 0.525526159 -0.259198403 -0.395376315 -0.866865952 1.733171270 -0.170830455 -1.608256631 1.849161356 1.680693111 1.772875934 -0.133633851 0.509553782 -0.957967122 0.203522844 0.503737957 1.071537027 0.690239869 0.974814039 0.887275981 0.417990972 -0.756963249 0.034566495 0.270857391
9.285301343 14.618285194 22.520659378 -0.344541162 -0.847643846 0.343239522 0.212080007 0.499209838 0.696585552 -0.078535709 0.324533468 -0.384058695 1.733149416 -1.027209226 -0.489879812 0.899554886 -0.696113262 -0.447915793 -0.331037470 -0.242240657 -0.257765828 -1.540149404 -0.062960873 1.376734909 -0.886638032 -1.010767762 -1.027692031
12.567950167 21.786979602 29.526819159 0.847676599 -0.350541109 0.330241278 -0.222499466 0.065464856 -0.502086491 0.251843519 -2.904970427 1.966901819 -0.165034493 0.623506039 -0.047060263 1.282728803 -0.347249637 -0.708031780 -0.816931300 -0.695272269 -1.942799711 0.508856834 0.906138466 0.570340381 0.221631449 -0.285015640 -1.106966755
7.902548567 17.570770230 33.675412699 0.621638076 0.305464334 -0.673807840 -0.257372567 0.732780988 1.453692526 -1.935251369 1.073428169 1.296716565 0.555562633 -0.947897577 1.312071070 -0.850553972 -1.649900926 0.423277459 -0.070851336 0.532922104 0.208074516 -0.582361030 1.913009650 -1.277742888 -0.169595756 0.482447831 0.581537707
10.012938626 24.367775351 28.470611938 -0.683956624 -0.008730405 0.231564390 -0.691740594 -1.307841716 0.232707343 1.137030942 1.015173214 -0.880170431 -0.210779193 0.031095716 -2.073185611 0.786659975 0.707547514 0.496514810 -0.708541232 0.109797106 -0.811078309 -0.817648402 -0.674360252 1.068621821 -1.903630131 -0.026619128 -0.119094482
11.459449302 9.777698881 36.647356921 0.221156326 -0.911443183 0.269589952 0.218363143 1.332584530 -0.103706660 0.220686027 -1.546860255 -0.878198629 -0.295928543 -2.102083751 -0.591976504 0.824353400 1.073559737 -1.653440831 0.803975555 -0.748950722 -1.088806038 0.756160643 2.069984718 0.991523196 -0.912972989 1.663828210 -0.239462412
2.728549683 15.742278439 33.521295779 0.228799975 -0.502510873 -0.787418718 -0.274053199 -0.405650967 -1.331404915 -0.524382799 -0.428180660 -0.383655447 0.681426115 -0.411955360 -0.263803004 1.986007065 -0.360704695 -1.786233750 -1.268994919 2.112214054 1.861588286 -1.562279220 1.489409541 0.112184132 1.117289249 0.237988165 2.169534855
17.273134890 14.463575717 35.467227613 0.862497943 -0.454051547 -0.097217198 -0.201204639 0.245086039 -0.192790352 -0.093930553 0.143492487 0.620610787 -0.184449170 -0.364795293 -0.428924965 1.295550072 0.321570239 -0.629812325 0.384764335 -1.041760422 -0.144409073 -0.285042793 2.389118792 -1.998575306 0.602270069 0.994564724 -0.156992235
0.248822233 14.526453756 34.274304891 -0.460214497 -0.243047597 0.692395146 0.499719366 -0.165324710 1.999055747 -0.021588474 0.602740414 -1.466206799 -0.348535838 -0.761741456 1.279588754 1.127538224 -0.520333180 -0.170864815 0.787519213 -0.576623042 -0.236360328 0.226625053 1.344205851 0.264762361 0.420581162 0.179019528 -1.533248171
3.185444710 14.364956750 34.744856682 -0.344051919 0.316127148 -0.171582115 0.867324323 -0.301113895 1.276105232 -1.616571680 0.129524527 -0.041417331 -0.043710750 -0.102943493 2.806922627 0.416697175 1.060565129 -0.168916744 -0.873887495 1.742101669 -0.169953818 0.141538782 0.394573532 0.213216619 0.505405062 1.491632334 0.409281782
9.449208743 24.256478059 29.462951594 0.636405787 0.156138892 0.612478536 -0.442129352 1.183477761 0.342051330 -1.310919867 -1.709204972 -0.765577431 0.540305253 2.044552416 0.300586431 -0.503823715 1.670808148 -0.371955888 -1.516656799 -0.024872497 -1.069861816 0.745281765 -1.394565905 0.762376647 0.396901670 -0.790076633 -0.663786477
17.116510467 12.940252919 34.060238544 0.789275453 0.434322135 0.147585111 -0.408199924 -0.361589943 -0.989261070 1.171457186 0.129619255 0.752880105 -0.716943621 -0.242984668 0.251372710 -2.027911090 2.093167506 -1.591066530 1.002725270 -0.580252318 -1.911358011 0.002421585 1.955849358 -0.151587230 1.114031826 0.395739350 1.725155539
16.537680383 22.331284543 32.971187243 0.268563151 0.000725199 0.886093734 -0.377771363 1.337765468 0.629309631 1.198734494 -1.307212854 -0.570389704 0.004604068 -1.155597191 0.419928308 -0.287449485 -0.889004233 1.999577614 0.270429598 0.137419940 1.370591252 0.787196586 -0.589493291 -2.226908475 -0.914003093 0.875597110 -1.917017952
9.809578113 14.985579241 23.566156085 0.312833628 0.168693017 0.616456305 -0.702609003 0.400579207 -1.436347006 -0.879339399 -0.824888890 -0.869028444 1.097216038 -0.752164257 0.977638164 0.481073224 0.031063111 1.104258263 -1.971285660 -0.063821141 1.470102100 0.249711796 0.511700378 0.851501282 -0.757788962 0.540519213 0.586946828
6.800282530 15.005224653 27.694775916 0.839256480 0.018883937 0.372292685 -0.395841022 0.042966371 -0.908261868 1.637500667 0.067353512 -1.821224305 -2.003411781 0.596374226 -2.008702717 -2.645443413 0.764659516 1.125699925 2.700696735 0.665248231 -1.264228478 0.256459743 1.323337385 1.590472666 -0.228778761 0.502714451 0.541548891
8.090893742 7.277133303 33.685921030 0.167003452 -0.304583155 0.928050155 0.134394416 -0.704699412 -0.623136187 -0.125947418 -0.454946406 -0.634239304 1.410763058 1.474286819 -0.391005021 0.065275568 -0.225022548 -0.205082265 0.220494334 1.385106155 -0.578988262 0.348548959 1.746042751 1.021781498 0.889580118 -0.224255830 -0.148801340
6.632837685 9.241844724 26.745737966 -0.892216648 -0.405001567 -0.103823865 -0.170715520 0.274796734 -0.916953961 -0.069293037 -0.086194805 0.207247064 -1.195649536 -0.286406352 0.206172220 -0.055390701 -0.208267666 1.303193126 -0.262971395 -0.309996652 -0.156564322 0.010785575 1.471339943 2.898064969 -0.160139893 0.195913809 -0.905970136
3.180702272 15.961814552 29.863892343 -0.604434706 -0.763312257 0.214691667 -0.076945254 -0.729115357 -1.383732723 1.431217863 -0.101547461 -0.950545365 0.016408884 -1.680165113 0.886471031 0.675176500 0.615896238 0.897582609 -1.220189744 0.459386613 0.649834147 -1.238455545 1.159116088 -1.756195849 -0.590823259 -0.775227514 -1.280353083
13.380302880 19.128011345 36.970591761 -0.584070023 0.695370243 0.402923175 -0.113909386 -0.408800824 -0.285508715 -0.685805144 0.855674033 -0.519593929 -1.966417934 0.593024809 1.225616630 1.700364404 0.640700012 0.168001727 -1.244743141 -0.172810616 -0.335816320 -0.221795344 -0.303252816 -0.980791127 -0.450252217 -3.027578309 -0.027052211
3.333011229 16.495837295 26.346087551 -0.537623031 -0.169825464 -0.628619176 0.535685281 -0.578120830 -0.757869000 0.952588551 1.897080916 1.290189800 -0.412821886 -1.177224708 -0.067290884 1.669979657 1.354870286 0.168127566 0.076624423 0.329886318 1.578318108 0.275951746 0.497891266 0.095073699 0.602489069 0.263683992 0.601926240
0.377168985 12.027977939 31.287367060 0.710856498 -0.201761840 0.207495866 0.641030939 -0.358848185 -0.544588666 -0.193049206 -0.019294797 -0.564017078 0.365885626 -0.045675275 0.928494470 2.293037208 0.766873695 0.184750931 -0.389060719 0.089551251 2.149267994 -0.503556978 -0.674152350 -0.988987056 -1.336034230 1.674602102 -0.965007066
12.278230831 18.988031518 26.104762069 -0.539503133 -0.677054510 -0.097107312 -0.491023147 -0.163480415 -0.421429403 1.135625965 1.187842026 -1.260031999 -1.220391201 -0.844314120 0.427797625 2.433724942 -1.978068078 1.302433364 0.189904975 0.119362175 0.284018036 1.564923910 0.416678733 -0.318342411 -0.082081274 0.247581390 -0.096763662
6.355832662 17.781192436 36.093105064 0.308899227 0.925754314 -0.074940550 0.204802664 -0.303578168 -0.349585709 -1.703575796 0.767700509 0.777751115 0.089600284 0.349459572 -0.645735806 -0.122930260 0.207705381 0.511761305 -0.811421617 0.856983632 0.245735712 -0.521266557 -0.295651126 -0.859565633 2.443170090 0.150368758 1.402593448
4.242549951 12.276053487 34.411734318 0.436284141 0.156490154 -0.172597578 -0.869124304 0.057299340 0.710696482 1.248417391 -1.007928485 0.690563338 1.270595056 -0.560571941 -1.901711344 -1.207229927 -0.412417180 0.964086832 0.432506794 0.446493373 0.775706636 1.282958631 0.046558004 0.019877015 0.030066992 0.948283175 -2.305575238
6.313578299 15.036139097 33.773096675 0.198848332 0.811396370 -0.163895863 0.524626931 0.479976643 -0.074550585 0.545889757 -0.351610329 -1.196442386 1.472020160 0.981520573 -0.893428527 -0.607067279 -0.382396883 -0.372699126 0.843399827 0.506065436 -1.475234350 -1.043412799 -0.240863983 -0.702763602 0.147045461 0.026354073 -0.473261681
7.334796539 23.280984006 24.515610204 -0.837906401 0.297970116 0.423527837 -0.172484332 -0.938985308 1.731985339 -0.326194042 0.668662358 -0.867501365 -0.281538886 -2.283698734 0.839919708 -0.665789034 0.479407267 -0.190649763 -0.541934842 -1.794643989 0.964905538 0.814195955 -1.263258380 0.430757629 -0.544626121 -2.561150293 -0.656579663
-0.641071013 18.193246189 30.423121219 0.512027999 0.528961652 0.041635919 -0.675494892 -2.077038301 0.772463057 -1.083056634 -0.676530495 0.798971956 -1.518820127 1.104948797 0.385230847 0.465105667 0.056315883 0.300256309 0.238797672 0.202826999 0.945372799 0.038771606 0.359798615 0.238911850 1.232707200 -0.564966456 -0.820028115
7.808309254 19.742284980 27.773645571 0.110631952 0.509007360 -0.838133990 -0.161874934 -0.700587941 0.463629699 1.242484722 1.011857781 0.022030644 -0.365491368 1.394195768 0.746864979 1.667203793 0.823836827 0.612591343 1.523531285 0.435526802 0.164797194 0.236941231 1.877281232 0.348075810 -0.717951170 -2.189951822 1.287876572
10.481989420 8.775687977 36.374499620 -0.347565615 0.138537672 0.924920366 -0.067288730 0.976175479 -0.622273875 -0.548927068 -2.091345107 0.410455358 0.120920626 -0.664686732 -1.183144196 -1.147688327 0.401957947 0.670621410 1.029381814 -1.006557269 1.188679091 1.414677906 0.422495633 1.949974456 0.148424486 1.070076329 1.458338200
11.961061818 10.524416589 27.075597691 0.898146465 -0.046432272 0.370415548 0.232312922 -0.014485146 -0.325582946 0.447375428 -0.860932730 -0.446460830 1.211009627 -0.397071447 1.000978193 -1.895043434 0.699432013 0.740548602 0.675587144 1.558608405 0.155784782 2.626132436 -0.852282985 0.011920590 -1.453221854 0.707052820 0.309273077
14.670011120 8.966520247 29.440659899 0.115694644 0.315488824 0.761493384 -0.554264718 -1.848291592 -0.987005908 -0.676538707 0.050256412 -1.139564225 1.079960950 -0.476856089 1.546110230 0.003320481 0.455795130 -1.313948624 -1.245541018 1.223082098 -1.202674783 0.084907436 0.133437831 0.269884240 0.432628687 -0.331548556 1.180991880
-0.156675618 16.274142564 30.278572082 -0.052221009 -0.312344095 -0.191997397 -0.928897805 -0.342905911 0.754382587 1.750506922 0.454319417 1.089258790 1.223453223 -2.330543346 -0.633952368 -0.569154579 0.224352408 -0.215321426 0.239104646 -1.453065802 -1.096022518 -0.650475818 -1.397590353 -0.916572303 0.086193535 0.513268122 0.343567003
5.571261420 25.144811750 30.939580868 0.205343138 -0.361725513 -0.904479787 -0.094367176 1.853602923 -1.044720101 0.331798767 -1.262578491 0.082881243 -1.452472192 0.440305560 0.230143371 0.033749778 -0.517420102 0.252987704 -0.083098697 0.559630457 0.236888383 -0.567801235 -0.898709092 -0.574378157 -1.403795786 -0.123467018 0.358496924
11.847574324 25.270897778 27.872500476 0.442875057 0.303257679 0.798517406 0.272518652 1.243388925 0.137979084 0.046637879 -1.017195014 0.064024202 -1.141045879 -0.393591385 0.239993153 -0.380226170 1.252967413 -0.877293488 0.816520104 0.399880134 1.130563398 -0.930062160 -1.967818022 1.946099016 -0.857438608 2.150629306 -0.568690573
9.002406981 13.284820676 23.139417076 0.258677011 0.846878145 0.414623916 0.209691727 -0.309806987 -0.261901231 2.288210895 0.072155063 0.537446363 0.664937328 1.617757186 -0.253729513 0.572370513 0.295757599 1.113132894 -0.010297208 -0.309262917 -1.006252928 -0.558488178 -0.934453023 0.840014627 0.308706578 0.716665077 -0.481840767
10.314098927 16.359598350 30.665992408 0.550520089 -0.377479478 -0.743909285 0.032184654 -0.563184156 -0.220089440 -0.852811973 -1.941279181 -0.245683173 -0.370784111 0.486123248 0.744533691 -0.989220938 -0.059822010 -0.094045822 0.940535796 0.867654095 0.095306565 -0.764066933 1.893524285 0.294063271 -1.142388905 0.456675856 0.666714980
0.821169748 15.207220841 33.475340393 0.086881309 -0.877134846 0.190864394 -0.432038057 -0.808926220 2.121533698 -0.625492916 0.767830210 0.378420664 0.587879480 0.400090632 0.224284753 -1.824659196 0.999867582 0.707864504 -0.213231528 -0.008211841 1.101961431 0.394708446 -0.034335389 1.480233884 1.342947955 -1.241502409 1.835896385
6.716944866 15.597637525 30.051290243 0.949862574 -0.122609323 0.187564395 0.218054220 -0.943936661 -0.804718921 -1.906045469 2.166618890 1.045626459 -0.176991235 -0.460910268 -0.948071390 -0.826253336 -0.277138967 -0.314072099 -1.048773687 -0.400047630 -0.186536750 -0.648445202 -0.541196193 -0.748244912 -1.721948934 1.062168076 0.665174270
17.933318761 15.221110456 35.006220023 -0.928637046 -0.179180967 0.061338846 -0.319006212 0.050751979 -1.884657781 2.004320701 0.252838426 -0.026852493 -0.902796262 -1.527211979 0.193639399 0.952345851 -0.571388560 0.196061438 -0.415713239 0.051636776 -0.635047814 -1.234514957 -1.313235447 -0.622021573 1.612771079 -2.238748684 0.918336149
12.259330161 23.557492933 30.427406021 0.358199852 -0.494902403 0.222286067 0.759837734 1.027147489 1.618626332 -1.170531946 0.092085983 -1.528518272 -0.149631909 -0.981466241 2.108961131 0.237637452 0.130962371 0.566602056 -0.830560904 -1.350645431 -1.064593287 0.071380678 0.540812110 1.118564112 0.835419475 -0.932972844 -1.354698660
11.047069425 18.164934254 34.270651959 0.366490588 0.580376477 0.682696861 0.250544987 -0.603415797 -1.103581699 -0.915900168 -0.579413698 0.481678400 1.706272753 -0.376374952 -0.501764846 0.233801244 -0.543702768 -1.005584294 -0.072042366 -1.183071042 1.064933509 -0.529241749 -2.026916849 -1.527343835 -0.926775906 0.910921021 0.697820099
